Date,Open,High,Low,Close,Volume,Adj Close
2015-10-16,35.689999,36.02,35.369999,35.779999,1754300,35.779999
2015-10-15,35.119999,35.68,34.790001,35.580002,1427300,35.580002
2015-10-14,35.639999,35.77,34.970001,35.049999,1644300,35.049999
2015-10-13,35.759998,36.240002,35.529999,35.630001,2379300,35.630001
2015-10-12,36.080002,36.18,35.860001,35.990002,1258300,35.990002
2015-10-09,35.939999,36.34,35.880001,36.23,3230000,36.23
2015-10-08,35.389999,36.07,35.34,36.009998,2597900,36.009998
2015-10-07,35.200001,35.779999,35.099998,35.540001,3085400,35.540001
2015-10-06,35.130001,35.209999,34.529999,34.900002,1828000,34.900002
2015-10-05,35.040001,35.389999,34.84,35.34,1669600,35.34
2015-10-02,33.18,34.68,33.119999,34.669998,3512400,34.669998
2015-10-01,34.32,34.48,33.48,33.740002,3011400,33.740002
2015-09-30,34.080002,34.43,33.669998,34.330002,2539800,34.330002
2015-09-29,33.360001,34.060001,33.240002,33.740002,2252400,33.740002
2015-09-28,34.130001,34.27,33.32,33.369999,2612200,33.369999
2015-09-25,34.700001,35.02,34.099998,34.450001,2727800,34.450001
2015-09-24,34.560001,34.639999,34.150002,34.549999,2028900,34.45
2015-09-23,35.099998,35.240002,34.810001,34.950001,1962600,34.848844
2015-09-22,35.189999,35.330002,34.939999,35.049999,2283300,34.948553
2015-09-21,35.959999,36.07,35.41,35.689999,2640200,35.5867
2015-09-18,35.860001,36.220001,35.59,35.740002,3352300,35.636558
2015-09-17,36.630001,36.990002,36.290001,36.400002,1819100,36.294647
2015-09-16,36.150002,36.869999,36.060001,36.52,2130100,36.414299
2015-09-15,35.75,36.299999,35.509998,36.150002,1752700,36.045371
2015-09-14,35.919998,36.09,35.32,35.549999,2223300,35.447105
2015-09-11,35.66,35.959999,35.439999,35.959999,1443300,35.855919
2015-09-10,35.610001,36.040001,35.439999,35.860001,1628700,35.75621
2015-09-09,36.50,36.799999,35.439999,35.540001,1885300,35.437136
2015-09-08,35.82,36.25,35.509998,36.209999,1787400,36.105195
2015-09-04,35.040001,35.509998,34.900002,35.060001,2819000,34.958526
2015-09-03,35.610001,36.119999,35.529999,35.75,2140400,35.646527
2015-09-02,35.330002,35.529999,34.880001,35.529999,2118300,35.427163
2015-09-01,35.299999,35.580002,34.57,34.75,2953900,34.649422
2015-08-31,36.439999,36.549999,35.950001,36.310001,2554700,36.204908
2015-08-28,36.450001,36.66,36.150002,36.509998,1783600,36.404326
2015-08-27,36.169998,36.669998,35.889999,36.639999,2406300,36.533951
2015-08-26,35.360001,35.700001,34.470001,35.619999,3233800,35.516902
2015-08-25,35.68,36.169998,34.299999,34.360001,3802700,34.260551
2015-08-24,33.869999,36.009998,33.57,34.68,4115000,34.579625
2015-08-21,37.130001,37.490002,36.169998,36.23,3827500,36.125138
2015-08-20,38.009998,38.310001,37.50,37.509998,2144600,37.401432
2015-08-19,38.689999,38.810001,38.299999,38.400002,2730400,38.288859
2015-08-18,39.110001,40.349998,39.00,39.02,6416900,38.907063
2015-08-17,38.360001,39.02,38.119999,38.82,3302100,38.707641
2015-08-14,38.619999,38.73,38.32,38.650002,2632700,38.538135
2015-08-13,38.939999,38.939999,38.459999,38.560001,2848900,38.448396
2015-08-12,39.049999,39.110001,38.27,38.889999,3431000,38.777438
2015-08-11,40.189999,40.189999,39.299999,39.419998,1575700,39.305903
2015-08-10,40.240002,40.639999,40.16,40.470001,1554500,40.352867
2015-08-07,40.139999,40.209999,39.630001,39.990002,1513100,39.874257
2015-08-06,40.950001,40.959999,39.91,40.119999,1932000,40.003878
2015-08-05,40.939999,41.189999,40.689999,40.720001,949500,40.602144
2015-08-04,40.939999,41.349998,40.549999,40.619999,1448100,40.502431
2015-08-03,40.919998,41.130001,40.580002,41.00,2104200,40.881332
2015-07-31,41.049999,41.139999,40.779999,40.950001,2247700,40.831477
2015-07-30,40.259998,41.049999,40.07,40.970001,2440400,40.85142
2015-07-29,40.50,40.73,40.240002,40.400002,2014100,40.28307
2015-07-28,40.00,40.470001,39.50,40.450001,2768200,40.332925
2015-07-27,39.040001,39.650002,38.610001,39.610001,5261300,39.495356
2015-07-24,40.110001,40.169998,39.220001,39.310001,1844900,39.196225
2015-07-23,40.369999,40.369999,40.009998,40.25,1708800,40.133503
2015-07-22,39.290001,40.419998,39.290001,40.330002,2949400,40.213273
2015-07-21,39.970001,40.009998,39.540001,39.57,1160900,39.455471
2015-07-20,40.060001,40.130001,39.950001,40.060001,1155200,39.944054
2015-07-17,40.200001,40.330002,39.84,39.950001,2412400,39.834372
2015-07-16,40.360001,40.439999,40.119999,40.34,1826300,40.223242
2015-07-15,40.419998,40.52,40.02,40.130001,2247700,40.013851
2015-07-14,40.049999,40.66,39.889999,40.490002,2800900,40.37281
2015-07-13,39.720001,40.00,39.540001,39.959999,1579700,39.844341
2015-07-10,39.290001,39.439999,39.16,39.400002,2107100,39.285964
2015-07-09,39.27,39.330002,38.91,38.919998,2237900,38.80735
2015-07-08,39.48,39.48,38.709999,38.75,3391000,38.637844
2015-07-07,39.529999,39.790001,39.139999,39.790001,2927800,39.674835
2015-07-06,39.110001,39.66,39.080002,39.360001,2509400,39.246079
2015-07-02,39.360001,39.639999,39.150002,39.580002,2160800,39.465444
2015-07-01,38.889999,39.299999,38.75,39.259998,4486400,39.146366
2015-06-30,39.080002,39.189999,38.48,38.580002,3037400,38.468338
2015-06-29,39.599998,39.799999,38.740002,38.740002,2516400,38.627875
2015-06-26,40.00,40.169998,39.779999,40.02,3350500,39.904169
2015-06-25,39.799999,40.52,39.380001,40.049999,5265800,39.834369
2015-06-24,39.470001,40.450001,39.029999,40.189999,6127700,39.973615
2015-06-23,39.889999,39.950001,39.419998,39.599998,2053600,39.386791
2015-06-22,39.810001,40.009998,39.73,39.810001,3909300,39.595663
2015-06-19,39.799999,39.939999,39.490002,39.490002,2658800,39.277386
2015-06-18,39.799999,40.060001,39.720001,39.900002,1865000,39.685179
2015-06-17,39.759998,39.799999,39.32,39.599998,1519400,39.386791
2015-06-16,39.59,39.810001,39.380001,39.790001,1422600,39.57577
2015-06-15,39.630001,39.630001,39.25,39.52,2361900,39.307224
2015-06-12,40.330002,40.490002,39.740002,39.84,2769600,39.6255
2015-06-11,40.57,40.599998,40.290001,40.529999,1577000,40.311784
2015-06-10,40.400002,40.59,40.27,40.52,1789300,40.30184
2015-06-09,39.93,40.330002,39.830002,40.119999,1439000,39.903992
2015-06-08,40.259998,40.349998,39.91,39.950001,1353000,39.734909
2015-06-05,40.540001,40.669998,40.200001,40.310001,1760300,40.092971
2015-06-04,40.889999,41.080002,40.009998,40.540001,4091900,40.321732
2015-06-03,41.310001,41.360001,40.939999,41.099998,2722100,40.878715
2015-06-02,40.939999,41.139999,40.669998,41.110001,2947500,40.888663
2015-06-01,41.43,41.43,40.849998,40.919998,2440000,40.699684
2015-05-29,41.790001,41.830002,40.82,41.189999,5022600,40.968231
2015-05-28,42.450001,42.709999,41.349998,41.75,3347400,41.525217
2015-05-27,42.27,42.93,42.099998,42.610001,2506300,42.380587
2015-05-26,42.48,42.630001,41.990002,42.060001,1919600,41.833549
2015-05-22,42.27,42.669998,42.07,42.50,1484800,42.271179
2015-05-21,42.57,42.73,42.200001,42.32,2126300,42.092148
2015-05-20,42.50,42.84,42.43,42.610001,2652300,42.380587
2015-05-19,41.57,42.830002,41.50,42.369999,5277300,42.141878
2015-05-18,42.049999,42.700001,41.98,42.630001,1966100,42.40048
2015-05-15,42.139999,42.259998,41.990002,42.040001,2147400,41.813656
2015-05-14,42.18,42.23,41.869999,42.049999,2883700,41.823601
2015-05-13,42.049999,42.389999,41.709999,41.810001,1992800,41.584895
2015-05-12,42.360001,42.50,41.50,41.91,2617800,41.684355
2015-05-11,42.389999,42.830002,42.389999,42.619999,975500,42.390532
2015-05-08,42.23,42.529999,42.209999,42.50,1033800,42.271179
2015-05-07,41.59,41.849998,41.310001,41.799999,999700,41.574947
2015-05-06,41.860001,41.860001,41.360001,41.59,934600,41.366078
2015-05-05,41.720001,41.849998,41.459999,41.59,1254800,41.366078
2015-05-04,41.880001,42.080002,41.700001,41.939999,1073800,41.714193
2015-05-01,41.41,41.93,41.240002,41.830002,1880200,41.604788
2015-04-30,41.830002,41.939999,41.110001,41.369999,1726300,41.147262
2015-04-29,42.040001,42.200001,41.439999,41.959999,2161000,41.734085
2015-04-28,41.869999,42.310001,41.57,42.18,1803500,41.952902
2015-04-27,42.740002,42.77,41.970001,41.98,2297800,41.753978
2015-04-24,42.709999,42.810001,42.419998,42.490002,2200200,42.261234
2015-04-23,42.419998,42.860001,42.240002,42.619999,3972800,42.390532
2015-04-22,42.720001,42.84,42.369999,42.709999,2726100,42.480047
2015-04-21,43.419998,43.50,42.869999,42.889999,1719700,42.659078
2015-04-20,43.330002,43.439999,43.150002,43.189999,1410600,42.957462
