Date,Open,High,Low,Close,Volume,Adj Close
2015-10-09,41.07,41.98,40.939999,41.889999,10386200,41.889999
2015-10-08,40.349998,41.220001,40.049999,41.16,9812200,41.16
2015-10-07,40.529999,40.91,40.009998,40.630001,9158500,40.630001
2015-10-06,41.25,41.34,39.279999,39.889999,11658900,39.889999
2015-10-05,41.619999,41.779999,41.02,41.389999,8784100,41.389999
2015-10-02,40.25,41.41,40.169998,41.380001,8317800,41.380001
2015-10-01,40.349998,40.799999,40.18,40.759998,7855600,40.759998
2015-09-30,39.84,40.43,39.549999,40.220001,10517200,40.220001
2015-09-29,39.259998,40.150002,39.029999,39.50,11927500,39.50
2015-09-28,40.740002,40.740002,39.00,39.060001,17111700,39.060001
2015-09-25,42.23,42.490002,40.419998,40.860001,9940200,40.860001
2015-09-24,42.00,42.150002,41.439999,41.939999,7219800,41.939999
2015-09-23,42.50,42.68,42.099998,42.200001,6052300,42.200001
2015-09-22,42.830002,42.849998,41.950001,42.48,7170000,42.48
2015-09-21,43.650002,43.82,43.00,43.299999,5032300,43.299999
2015-09-18,43.639999,44.110001,43.240002,43.330002,8944600,43.330002
2015-09-17,43.849998,45.150002,43.790001,44.240002,7026400,44.240002
2015-09-16,43.779999,44.09,43.560001,43.860001,4955600,43.860001
2015-09-15,43.279999,43.919998,43.110001,43.810001,5015800,43.810001
2015-09-14,43.599998,43.610001,42.900002,43.169998,4414800,43.169998
2015-09-11,43.130001,43.439999,42.740002,43.41,5658400,43.41
2015-09-10,43.02,43.48,42.68,43.119999,6942000,43.119999
2015-09-09,44.360001,44.509998,43.119999,43.23,5223800,43.23
2015-09-08,43.66,44.060001,43.50,44.040001,5425600,44.040001
2015-09-04,43.50,43.709999,42.720001,43.07,7057100,43.07
2015-09-03,44.52,44.779999,43.950001,44.139999,5999600,44.139999
2015-09-02,44.310001,44.439999,43.619999,44.240002,7415400,44.240002
2015-09-01,44.220001,44.50,43.369999,43.57,8895500,43.57
2015-08-31,45.91,46.630001,45.119999,45.290001,7393000,45.290001
2015-08-28,45.610001,46.110001,45.209999,46.02,9154600,46.02
2015-08-27,45.599998,46.049999,44.669998,45.639999,14237300,45.639999
2015-08-26,43.860001,44.119999,42.299999,43.98,12393000,43.98
2015-08-25,44.869999,45.099998,42.880001,42.900002,14160000,42.900002
2015-08-24,44.509998,45.810001,42.73,43.700001,18352200,43.700001
2015-08-21,48.029999,48.43,47.130001,47.130001,9063900,47.130001
2015-08-20,49.400002,49.509998,48.509998,48.529999,5856700,48.529999
2015-08-19,50.139999,50.169998,49.41,49.84,5963500,49.84
2015-08-18,50.310001,50.599998,50.25,50.439999,3055300,50.439999
2015-08-17,50.009998,50.41,49.75,50.380001,3108000,50.380001
2015-08-14,49.82,50.310001,49.720001,50.23,2810100,50.23
2015-08-13,50.02,50.110001,49.610001,49.84,4032300,49.84
2015-08-12,50.43,50.490002,49.220001,50.09,5395100,50.09
2015-08-11,50.18,50.52,49.990002,50.389999,4017700,50.389999
2015-08-10,50.419998,51.169998,50.389999,50.66,3698400,50.66
2015-08-07,50.400002,50.439999,49.369999,50.110001,4334800,50.110001
2015-08-06,50.52,51.009998,50.07,50.32,6170900,50.32
2015-08-05,50.98,51.00,50.389999,50.48,5000100,50.48
2015-08-04,50.75,50.810001,50.290001,50.509998,3485700,50.509998
2015-08-03,50.889999,50.91,50.139999,50.50,3501000,50.50
2015-07-31,51.07,51.130001,50.599998,50.689999,5528900,50.689999
2015-07-30,50.950001,51.049999,50.540001,50.77,3637500,50.77
2015-07-29,50.98,51.169998,50.759998,51.060001,3487000,51.060001
2015-07-28,51.09,51.240002,50.650002,50.939999,5649600,50.939999
2015-07-27,50.639999,50.849998,50.209999,50.689999,5479100,50.689999
2015-07-24,50.849998,51.470001,50.84,51.049999,5944000,51.049999
2015-07-23,51.330002,51.740002,50.939999,51.200001,5946400,51.200001
2015-07-22,49.869999,51.09,49.259998,50.98,10279600,50.98
2015-07-21,49.91,50.27,49.759998,49.759998,6350200,49.759998
2015-07-20,50.009998,50.330002,49.98,50.060001,5389800,50.060001
2015-07-17,49.52,49.970001,49.450001,49.900002,5402300,49.900002
2015-07-16,49.82,49.84,49.540001,49.77,3753100,49.77
2015-07-15,49.84,49.990002,49.139999,49.310001,6527600,49.310001
2015-07-14,49.810001,50.380001,49.700001,50.200001,4120800,50.200001
2015-07-13,50.00,50.110001,49.580002,49.720001,5519900,49.720001
2015-07-10,49.630001,50.119999,49.389999,49.93,5028200,49.689999
2015-07-09,49.799999,49.93,49.18,49.189999,5604800,48.953554
2015-07-08,49.740002,50.09,49.169998,49.25,5839600,49.013267
2015-07-07,49.959999,50.240002,49.099998,50.209999,6069400,49.968652
2015-07-06,49.02,50.119999,48.919998,49.740002,5783800,49.500914
2015-07-02,49.799999,49.82,49.16,49.41,2740300,49.172498
2015-07-01,49.400002,49.630001,49.080002,49.52,3378200,49.28197
2015-06-30,49.509998,49.549999,48.91,49.080002,4514700,48.844086
2015-06-29,49.540001,49.849998,48.959999,49.009998,5364300,48.774419
2015-06-26,49.470001,49.98,49.27,49.970001,6780500,49.729808
2015-06-25,49.650002,49.869999,49.279999,49.330002,3607900,49.092885
2015-06-24,49.59,49.849998,49.48,49.50,4572400,49.262066
2015-06-23,50.220001,50.470001,49.689999,49.880001,3258300,49.64024
2015-06-22,49.959999,50.369999,49.84,50.029999,4627000,49.789517
2015-06-19,49.900002,50.110001,49.740002,49.889999,9367200,49.65019
2015-06-18,48.689999,50.16,48.650002,49.939999,7971800,49.699949
2015-06-17,48.50,48.740002,48.330002,48.57,3724400,48.336536
2015-06-16,48.07,48.540001,47.900002,48.48,3919700,48.246968
2015-06-15,48.299999,48.360001,47.720001,48.07,4807100,47.838939
2015-06-12,48.91,48.959999,48.639999,48.669998,3692100,48.436053
2015-06-11,48.700001,49.25,48.509998,49.060001,7101200,48.824182
2015-06-10,48.360001,48.689999,48.299999,48.50,5614900,48.266872
2015-06-09,48.52,48.529999,48.009998,48.18,3402000,47.948411
2015-06-08,48.369999,48.57,48.200001,48.439999,4353000,48.207159
2015-06-05,48.59,48.630001,48.009998,48.450001,3542400,48.217113
2015-06-04,48.98,49.169998,48.529999,48.68,4687000,48.446007
2015-06-03,48.959999,49.130001,48.740002,48.860001,3309600,48.625142
2015-06-02,48.650002,49.189999,48.32,48.939999,5138100,48.704756
2015-06-01,48.77,49.200001,48.57,48.939999,5055100,48.704756
2015-05-29,49.18,49.259998,48.529999,48.599998,8667200,48.36639
2015-05-28,48.880001,49.380001,48.84,49.259998,5980600,49.023217
2015-05-27,48.869999,49.060001,48.59,49.009998,4348600,48.774419
2015-05-26,49.099998,49.23,48.389999,48.599998,3879600,48.36639
2015-05-22,49.099998,49.43,48.91,49.029999,3454700,48.794323
2015-05-21,49.060001,49.43,48.900002,49.34,4193700,49.102835
2015-05-20,49.080002,49.360001,48.93,49.139999,3682300,48.903795
2015-05-19,48.779999,49.150002,48.669998,49.009998,4137800,48.774419
2015-05-18,48.779999,49.09,48.77,48.84,4221400,48.605238
2015-05-15,48.560001,48.84,48.470001,48.709999,5179000,48.475862
2015-05-14,47.380001,48.790001,47.290001,48.669998,8225900,48.436053
2015-05-13,47.200001,47.369999,46.880001,47.029999,2651400,46.803937
2015-05-12,47.029999,47.290001,46.889999,47.130001,3520500,46.903459
2015-05-11,47.279999,47.740002,47.23,47.330002,3551400,47.102498
2015-05-08,47.099998,47.700001,47.029999,47.57,4296400,47.341342
2015-05-07,46.439999,46.720001,46.369999,46.50,4488900,46.276486
2015-05-06,46.849998,46.98,46.23,46.540001,3832700,46.316294
2015-05-05,47.02,47.209999,46.779999,46.849998,4377700,46.624802
2015-05-04,46.779999,47.34,46.779999,47.00,3126900,46.774082
2015-05-01,46.709999,46.93,46.400002,46.689999,3410100,46.465571
2015-04-30,46.93,47.200001,46.259998,46.419998,5963600,46.196869
2015-04-29,47.279999,47.639999,46.880001,47.169998,3566600,46.943263
2015-04-28,47.619999,47.73,47.009998,47.59,3788400,47.361247
2015-04-27,48.279999,48.400002,47.380001,47.490002,5254500,47.261729
2015-04-24,48.360001,48.52,48.09,48.32,3451000,48.087737
2015-04-23,48.349998,48.619999,47.830002,48.459999,6401900,48.227064
2015-04-22,47.25,48.400002,47.119999,48.349998,7638400,48.117592
2015-04-21,46.939999,47.279999,46.720001,47.119999,8616000,46.893505
2015-04-20,46.419998,46.709999,46.369999,46.630001,3371900,46.405862
2015-04-17,46.290001,46.450001,45.810001,46.25,4312000,46.027687
2015-04-16,46.610001,46.889999,46.380001,46.52,3769000,46.29639
2015-04-15,46.810001,46.950001,46.59,46.830002,4046600,46.604901
2015-04-14,46.509998,46.75,46.34,46.700001,3244000,46.475525
2015-04-13,46.779999,47.110001,46.50,46.529999,3064500,46.30634
