Date,Open,High,Low,Close,Volume,Adj Close
2015-10-09,38.02,38.02,37.57,37.75,748100,37.75
2015-10-08,37.669998,38.060001,37.459999,38.00,553800,38.00
2015-10-07,37.169998,37.66,37.110001,37.650002,1148700,37.650002
2015-10-06,37.110001,37.41,36.93,37.18,602300,37.18
2015-10-05,36.66,37.220001,36.450001,37.169998,640700,37.169998
2015-10-02,36.189999,36.560001,35.66,36.560001,795100,36.560001
2015-10-01,36.349998,36.400002,35.889999,36.32,903100,36.32
2015-09-30,36.950001,36.950001,36.150002,36.240002,1383100,36.240002
2015-09-29,36.25,36.900002,35.799999,36.77,1505700,36.77
2015-09-28,36.360001,36.389999,36.00,36.220001,1844300,36.220001
2015-09-25,36.580002,36.939999,36.169998,36.459999,1856700,36.459999
2015-09-24,35.959999,36.810001,35.580002,36.580002,2855700,36.580002
2015-09-23,35.23,36.009998,35.02,36.009998,1660700,36.009998
2015-09-22,35.169998,35.369999,35.00,35.099998,1455900,35.099998
2015-09-21,34.740002,35.580002,34.740002,35.369999,1166800,35.369999
2015-09-18,34.209999,35.080002,34.00,34.790001,2129700,34.790001
2015-09-17,34.209999,35.029999,33.98,34.50,1099400,34.50
2015-09-16,33.700001,34.490002,33.650002,34.189999,1129200,34.189999
2015-09-15,32.709999,33.720001,32.450001,33.650002,3251700,33.650002
2015-09-14,33.16,33.200001,32.59,32.759998,806400,32.759998
2015-09-11,32.279999,33.240002,32.18,33.02,1467900,33.02
2015-09-10,32.119999,32.619999,32.119999,32.299999,1473500,32.299999
2015-09-09,32.91,33.150002,32.189999,32.259998,960500,32.259998
2015-09-08,32.869999,33.00,32.560001,32.689999,1547800,32.689999
2015-09-04,33.23,33.23,32.439999,32.599998,802600,32.599998
2015-09-03,33.689999,33.889999,33.400002,33.490002,839900,33.490002
2015-09-02,33.849998,33.98,33.310001,33.580002,723000,33.580002
2015-09-01,33.82,34.09,33.349998,33.549999,883800,33.549999
2015-08-31,35.040001,35.040001,34.220001,34.25,1090900,34.25
2015-08-28,35.09,35.310001,34.82,35.00,822400,35.00
2015-08-27,34.450001,35.52,33.959999,35.049999,1280100,35.049999
2015-08-26,34.279999,34.470001,33.57,34.189999,1633000,34.189999
2015-08-25,35.59,35.66,33.709999,33.740002,1768600,33.740002
2015-08-24,36.209999,36.209999,35.009998,35.18,1529800,35.18
2015-08-21,37.310001,37.52,36.959999,36.959999,1235200,36.959999
2015-08-20,37.380001,37.82,37.049999,37.509998,966900,37.509998
2015-08-19,37.389999,37.700001,37.240002,37.549999,675700,37.549999
2015-08-18,37.59,37.740002,37.380001,37.610001,677000,37.610001
2015-08-17,37.419998,37.720001,37.099998,37.68,687600,37.68
2015-08-14,37.080002,37.439999,36.82,37.41,586200,37.41
2015-08-13,36.830002,37.240002,36.459999,37.080002,728600,37.080002
2015-08-12,37.080002,37.25,36.66,37.240002,1027800,36.840003
2015-08-11,36.790001,37.189999,36.73,37.16,706800,36.76086
2015-08-10,37.27,37.369999,36.66,36.82,586000,36.424512
2015-08-07,36.709999,37.189999,36.360001,37.139999,754300,36.741074
2015-08-06,36.630001,36.799999,36.110001,36.75,637000,36.355264
2015-08-05,37.18,37.299999,36.549999,36.630001,754600,36.236554
2015-08-04,37.52,37.610001,36.959999,37.099998,969800,36.701503
2015-08-03,37.389999,37.59,37.299999,37.509998,1017700,37.107099
2015-07-31,37.41,37.50,37.07,37.32,938100,36.919141
2015-07-30,37.68,37.759998,37.080002,37.09,827100,36.691612
2015-07-29,37.610001,37.82,36.93,37.810001,1268900,37.40388
2015-07-28,38.349998,38.709999,37.59,37.700001,1168600,37.295061
2015-07-27,38.799999,39.00,38.549999,38.669998,1045600,38.254639
2015-07-24,38.77,39.02,38.68,38.73,1136000,38.313996
2015-07-23,39.189999,39.27,38.66,38.860001,639300,38.442601
2015-07-22,39.16,39.57,39.16,39.27,639500,38.848197
2015-07-21,39.490002,39.669998,39.130001,39.16,659800,38.739378
2015-07-20,38.919998,39.419998,38.75,39.419998,1032200,38.996583
2015-07-17,38.970001,39.00,38.68,38.970001,1088100,38.55142
2015-07-16,39.099998,39.330002,38.799999,38.959999,1082500,38.541525
2015-07-15,38.970001,39.18,38.720001,38.98,804100,38.561311
2015-07-14,38.549999,39.240002,38.189999,39.099998,1717900,38.680021
2015-07-13,38.66,38.959999,38.23,38.459999,1249000,38.046896
2015-07-10,38.099998,38.509998,37.849998,38.369999,1497700,37.957862
2015-07-09,38.380001,38.50,37.970001,38.049999,1063600,37.6413
2015-07-08,38.130001,38.389999,38.099998,38.23,1221400,37.819367
2015-07-07,38.790001,39.119999,38.25,38.360001,3323200,37.947971
2015-07-06,38.41,38.98,38.369999,38.799999,697600,38.383244
2015-07-02,38.919998,39.290001,38.41,38.48,637300,38.066681
2015-07-01,37.689999,38.639999,37.560001,38.639999,1095600,38.224963
2015-06-30,38.209999,38.209999,37.59,37.689999,1080200,37.285166
2015-06-29,38.459999,38.790001,37.959999,37.990002,685200,37.581947
2015-06-26,38.32,38.790001,38.18,38.57,841100,38.155715
2015-06-25,38.639999,38.810001,38.330002,38.360001,730600,37.947971
2015-06-24,38.759998,39.099998,38.650002,38.66,683200,38.244748
2015-06-23,38.869999,39.00,38.59,38.759998,904200,38.343673
2015-06-22,39.630001,40.009998,39.049999,39.080002,692400,38.660239
2015-06-19,39.599998,39.75,39.290001,39.540001,1159600,39.115297
2015-06-18,39.130001,39.91,39.099998,39.709999,637700,39.283469
2015-06-17,38.900002,39.209999,38.529999,39.119999,501700,38.699807
2015-06-16,38.669998,38.990002,38.560001,38.860001,688300,38.442601
2015-06-15,38.849998,38.990002,38.560001,38.610001,420500,38.195286
2015-06-12,39.18,39.389999,38.790001,38.849998,678600,38.432706
2015-06-11,39.02,39.419998,38.810001,39.240002,884700,38.81852
2015-06-10,38.380001,38.959999,38.220001,38.740002,782600,38.323891
2015-06-09,38.540001,38.73,38.240002,38.369999,543100,37.957862
2015-06-08,38.669998,38.98,38.380001,38.66,572900,38.244748
2015-06-05,38.310001,39.02,37.869999,38.669998,755800,38.254639
2015-06-04,38.810001,39.099998,38.59,38.810001,505500,38.393139
2015-06-03,39.48,39.580002,38.799999,38.849998,954500,38.432706
2015-06-02,39.75,39.799999,39.110001,39.59,799100,39.164759
2015-06-01,39.040001,39.860001,38.91,39.830002,1062500,39.402183
2015-05-29,39.50,39.84,38.970001,39.009998,4520700,38.590987
2015-05-28,39.299999,39.490002,38.970001,39.23,915500,38.808626
2015-05-27,38.84,39.389999,38.700001,39.330002,641200,38.907554
2015-05-26,39.110001,39.209999,38.66,38.77,888000,38.353567
2015-05-22,39.060001,39.400002,38.84,39.169998,517300,38.749269
2015-05-21,39.200001,39.43,38.950001,39.119999,464700,38.699807
2015-05-20,39.32,39.43,39.049999,39.200001,559600,38.778949
2015-05-19,39.16,39.490002,39.130001,39.220001,448000,38.798735
2015-05-18,39.389999,39.759998,39.200001,39.299999,514000,38.877873
2015-05-15,39.439999,39.900002,39.439999,39.540001,634400,39.115297
2015-05-14,38.799999,39.470001,38.779999,39.459999,477500,39.036155
2015-05-13,39.66,39.970001,38.799999,38.919998,705000,38.10625
2015-05-12,39.32,39.630001,38.900002,39.509998,591000,38.683914
2015-05-11,40.169998,40.419998,39.529999,39.580002,676300,38.752454
2015-05-08,40.669998,41.040001,40.310001,40.349998,724900,39.506351
2015-05-07,39.599998,40.330002,39.450001,40.169998,682800,39.330114
2015-05-06,39.32,39.509998,39.119999,39.470001,727200,38.644753
2015-05-05,40.400002,40.470001,39.259998,39.349998,757900,38.527259
2015-05-04,40.52,40.830002,40.439999,40.509998,634300,39.663006
2015-05-01,40.139999,40.669998,40.07,40.349998,540900,39.506351
2015-04-30,41.209999,41.279999,39.91,40.139999,930700,39.300743
2015-04-29,41.91,42.25,41.099998,41.279999,506900,40.416907
2015-04-28,42.139999,42.619999,41.860001,42.290001,406300,41.405792
2015-04-27,42.290001,42.52,42.220001,42.349998,1019000,41.464535
2015-04-24,42.169998,42.369999,41.900002,42.209999,512000,41.327462
2015-04-23,41.700001,42.099998,41.650002,42.080002,480800,41.200183
2015-04-22,41.240002,41.740002,41.169998,41.740002,787700,40.867292
2015-04-21,41.349998,41.50,41.09,41.27,301300,40.407118
2015-04-20,41.139999,41.290001,40.98,41.16,505100,40.299417
2015-04-17,41.200001,41.360001,40.810001,41.09,447000,40.230881
2015-04-16,41.029999,41.560001,40.830002,41.389999,490600,40.524607
2015-04-15,41.619999,41.630001,41.139999,41.18,486300,40.318999
2015-04-14,41.68,41.84,41.490002,41.540001,505300,40.671473
2015-04-13,41.790001,41.93,41.50,41.509998,411100,40.642097
