Date,Open,High,Low,Close,Volume,Adj Close
2015-10-15,21.32,21.76,21.219999,21.719999,208700,21.719999
2015-10-14,21.559999,21.67,21.23,21.280001,272900,21.280001
2015-10-13,21.52,21.75,21.459999,21.49,378700,21.49
2015-10-12,21.450001,21.700001,21.41,21.57,202600,21.57
2015-10-09,21.870001,22.08,21.280001,21.530001,355900,21.530001
2015-10-08,21.389999,21.75,21.360001,21.73,369000,21.73
2015-10-07,20.73,21.43,20.73,21.40,413800,21.40
2015-10-06,20.940001,21.07,20.49,20.58,349700,20.58
2015-10-05,20.040001,20.91,20.040001,20.879999,470600,20.879999
2015-10-02,19.51,19.98,19.389999,19.98,287700,19.98
2015-10-01,19.76,19.870001,19.32,19.68,451000,19.68
2015-09-30,19.76,19.92,19.65,19.76,394300,19.76
2015-09-29,19.700001,19.719999,19.309999,19.50,352100,19.50
2015-09-28,19.709999,19.879999,19.60,19.690001,337500,19.690001
2015-09-25,20.209999,20.27,19.690001,19.719999,402300,19.719999
2015-09-24,19.91,20.09,19.73,19.99,274900,19.99
2015-09-23,20.33,20.33,19.950001,20.09,240500,20.09
2015-09-22,20.25,20.43,20.07,20.23,293300,20.23
2015-09-21,20.450001,20.82,20.280001,20.440001,249200,20.440001
2015-09-18,20.25,20.639999,20.219999,20.27,495000,20.27
2015-09-17,20.48,20.940001,20.48,20.57,318200,20.57
2015-09-16,20.469999,20.719999,20.41,20.549999,266500,20.549999
2015-09-15,20.379999,20.59,20.15,20.52,371000,20.52
2015-09-14,20.280001,20.40,20.10,20.27,246900,20.27
2015-09-11,20.01,20.25,19.860001,20.23,430800,20.23
2015-09-10,20.18,20.59,20.059999,20.15,612900,20.15
2015-09-09,20.98,21.25,20.290001,20.33,671900,20.33
2015-09-08,20.77,20.959999,20.530001,20.90,228400,20.90
2015-09-04,20.42,20.690001,20.299999,20.43,267400,20.43
2015-09-03,20.639999,20.889999,20.42,20.719999,253100,20.719999
2015-09-02,20.68,20.690001,20.219999,20.690001,397400,20.690001
2015-09-01,20.610001,20.870001,20.27,20.43,381500,20.43
2015-08-31,21.139999,21.24,20.950001,20.959999,423000,20.959999
2015-08-28,20.860001,21.17,20.68,21.15,361600,21.15
2015-08-27,20.51,20.950001,20.40,20.879999,464000,20.879999
2015-08-26,20.01,20.440001,19.879999,20.370001,468600,20.370001
2015-08-25,20.10,20.190001,19.66,19.68,740100,19.68
2015-08-24,19.27,20.33,19.24,19.52,844000,19.52
2015-08-21,20.059999,20.59,20.059999,20.129999,414800,20.129999
2015-08-20,20.52,20.780001,20.34,20.360001,338200,20.360001
2015-08-19,21.059999,21.059999,20.60,20.74,350700,20.74
2015-08-18,21.18,21.469999,21.00,21.10,366500,21.10
2015-08-17,21.190001,21.35,20.93,21.299999,472000,21.299999
2015-08-14,20.790001,21.200001,20.700001,21.16,256500,21.16
2015-08-13,21.00,21.23,20.65,20.84,450900,20.84
2015-08-12,20.50,20.98,20.50,20.959999,468700,20.959999
2015-08-11,20.389999,20.99,20.059999,20.719999,601400,20.719999
2015-08-10,20.389999,20.790001,20.08,20.73,580600,20.73
2015-08-07,19.790001,20.299999,19.549999,20.16,556400,20.16
2015-08-06,18.50,20.43,18.50,19.98,1124700,19.98
2015-08-05,17.90,18.459999,17.879999,18.35,519000,18.35
2015-08-04,17.76,18.00,17.74,18.00,358800,18.00
2015-08-03,17.68,18.02,17.549999,17.700001,391300,17.700001
2015-07-31,17.940001,18.00,17.75,17.91,343500,17.91
2015-07-30,17.719999,17.92,17.57,17.85,302800,17.85
2015-07-29,17.65,17.90,17.629999,17.82,305600,17.82
2015-07-28,17.50,17.700001,17.33,17.639999,391600,17.639999
2015-07-27,17.41,17.559999,17.280001,17.42,492200,17.42
2015-07-24,17.799999,17.84,17.50,17.58,489100,17.58
2015-07-23,17.809999,17.889999,17.709999,17.860001,633900,17.860001
2015-07-22,17.559999,17.84,17.50,17.83,415800,17.83
2015-07-21,17.299999,17.58,17.190001,17.58,731500,17.58
2015-07-20,17.26,17.34,17.049999,17.24,547700,17.24
2015-07-17,17.469999,17.469999,17.139999,17.26,340200,17.26
2015-07-16,17.309999,17.440001,17.18,17.40,404600,17.40
2015-07-15,17.23,17.280001,16.93,17.139999,524900,17.139999
2015-07-14,17.02,17.26,17.02,17.209999,322800,17.209999
2015-07-13,17.02,17.15,16.940001,17.01,253300,17.01
2015-07-10,17.09,17.200001,16.799999,16.950001,327100,16.950001
2015-07-09,17.049999,17.23,16.73,16.83,404900,16.83
2015-07-08,16.959999,17.200001,16.67,16.870001,454900,16.870001
2015-07-07,17.27,17.33,16.75,17.15,684300,17.15
2015-07-06,16.99,17.27,16.969999,17.27,475000,17.27
2015-07-02,17.360001,17.41,16.93,17.10,485500,17.10
2015-07-01,17.68,17.780001,17.280001,17.559999,488300,17.559999
2015-06-30,17.98,17.98,17.459999,17.58,439600,17.58
2015-06-29,18.35,18.469999,17.77,17.790001,431700,17.790001
2015-06-26,18.709999,18.82,18.33,18.389999,867800,18.389999
2015-06-25,19.25,19.25,18.459999,18.610001,653500,18.610001
2015-06-24,19.309999,19.33,19.00,19.120001,426300,19.120001
2015-06-23,19.01,19.360001,18.940001,19.34,344300,19.34
2015-06-22,18.940001,19.07,18.83,19.01,301800,19.01
2015-06-19,19.00,19.09,18.57,18.799999,694200,18.799999
2015-06-18,18.889999,19.049999,18.780001,18.99,611500,18.99
2015-06-17,18.99,19.01,18.67,18.83,634300,18.83
2015-06-16,18.059999,19.09,18.02,18.91,891100,18.91
2015-06-15,17.889999,18.23,17.66,18.129999,616600,18.129999
2015-06-12,18.370001,18.370001,17.969999,18.10,503100,18.10
2015-06-11,18.41,18.49,18.110001,18.41,736400,18.41
2015-06-10,17.799999,18.440001,17.639999,18.309999,816100,18.309999
2015-06-09,17.450001,17.77,17.200001,17.620001,772500,17.620001
2015-06-08,17.67,17.700001,17.379999,17.43,461300,17.43
2015-06-05,17.530001,17.76,17.360001,17.66,537400,17.66
2015-06-04,17.440001,17.68,17.17,17.620001,729500,17.620001
2015-06-03,16.809999,17.639999,16.75,17.540001,964300,17.540001
2015-06-02,16.540001,17.26,16.48,16.83,886800,16.83
2015-06-01,16.73,16.799999,16.280001,16.629999,972400,16.629999
2015-05-29,16.129999,16.809999,15.97,16.57,860100,16.57
2015-05-28,16.639999,16.639999,16.049999,16.17,958800,16.17
2015-05-27,16.00,16.280001,15.98,16.25,599800,16.25
2015-05-26,16.959999,17.040001,15.78,16.040001,676900,16.040001
2015-05-22,16.23,17.68,16.17,17.00,1246600,17.00
2015-05-21,16.129999,16.92,16.02,16.58,1303800,16.58
2015-05-20,17.43,17.60,17.209999,17.49,276100,17.49
2015-05-19,17.35,17.59,17.110001,17.389999,343200,17.389999
2015-05-18,17.049999,17.450001,17.049999,17.370001,484400,17.370001
2015-05-15,17.17,17.25,17.00,17.10,216600,17.10
2015-05-14,17.139999,17.370001,17.049999,17.200001,265900,17.200001
2015-05-13,17.16,17.290001,16.959999,17.049999,234800,17.049999
2015-05-12,17.26,17.360001,16.75,17.15,278900,17.15
2015-05-11,17.35,17.700001,17.34,17.360001,275700,17.360001
2015-05-08,17.610001,17.610001,17.309999,17.379999,199200,17.379999
2015-05-07,17.41,17.58,17.23,17.40,181600,17.40
2015-05-06,17.58,17.58,17.200001,17.49,296700,17.49
2015-05-05,17.309999,17.469999,17.129999,17.459999,483400,17.459999
2015-05-04,17.42,17.66,17.32,17.360001,273500,17.360001
2015-05-01,17.51,17.610001,17.00,17.370001,607000,17.370001
2015-04-30,17.99,18.309999,17.42,17.459999,469900,17.459999
2015-04-29,18.35,18.549999,18.17,18.18,292000,18.18
2015-04-28,18.24,18.540001,18.09,18.52,485500,18.52
2015-04-27,18.360001,18.530001,18.049999,18.18,480600,18.18
2015-04-24,18.48,18.51,18.190001,18.33,339100,18.33
2015-04-23,18.18,18.51,18.040001,18.41,537700,18.41
2015-04-22,18.35,18.370001,17.950001,18.299999,232200,18.299999
2015-04-21,18.690001,18.799999,18.27,18.370001,235300,18.370001
2015-04-20,18.379999,18.780001,18.379999,18.559999,197900,18.559999
