Date,Open,High,Low,Close,Volume,Adj Close
2015-10-09,82.410004,83.900002,81.989998,83.82,3758800,83.82
2015-10-08,80.449997,82.480003,80.199997,82.260002,4568600,82.260002
2015-10-07,82.199997,83.099998,79.019997,80.650002,14453700,80.650002
2015-10-06,85.599998,86.00,84.839996,85.150002,3662900,85.150002
2015-10-05,84.800003,86.309998,84.489998,85.839996,4167500,85.839996
2015-10-02,82.209999,84.010002,81.290001,83.989998,3398000,83.989998
2015-10-01,82.419998,83.769997,81.57,83.75,3393700,83.75
2015-09-30,80.879997,82.370003,80.379997,82.220001,3626300,82.220001
2015-09-29,80.519997,80.580002,79.089996,79.830002,3101600,79.830002
2015-09-28,82.879997,83.00,80.029999,80.519997,3418300,80.519997
2015-09-25,84.709999,84.720001,82.580002,83.129997,3721900,83.129997
2015-09-24,85.07,85.370003,83.360001,83.910004,4441900,83.910004
2015-09-23,84.919998,85.989998,84.050003,85.50,4005600,85.50
2015-09-22,81.980003,84.830002,81.769997,84.660004,6242600,84.660004
2015-09-21,81.419998,83.690002,81.419998,83.32,4906800,83.32
2015-09-18,78.540001,84.949997,78.160004,81.25,16350700,81.25
2015-09-17,80.449997,81.879997,79.699997,80.309998,4717600,80.309998
2015-09-16,79.510002,80.669998,79.32,80.529999,2501600,80.529999
2015-09-15,78.610001,80.110001,78.300003,79.529999,3085200,79.529999
2015-09-14,79.349998,79.410004,78.279999,78.459999,2537400,78.459999
2015-09-11,78.440002,79.230003,77.940002,79.190002,2899800,79.190002
2015-09-10,78.629997,78.970001,78.010002,78.699997,3518000,78.699997
2015-09-09,80.790001,81.510002,78.230003,78.519997,2448600,78.519997
2015-09-08,78.639999,79.910004,78.129997,79.779999,2655000,79.779999
2015-09-04,76.989998,78.269997,76.389999,76.889999,2326500,76.889999
2015-09-03,77.599998,79.550003,77.360001,78.32,3458200,78.32
2015-09-02,77.00,77.330002,75.540001,77.25,3528700,77.25
2015-09-01,77.07,77.82,75.629997,75.989998,3167000,75.989998
2015-08-31,79.379997,79.699997,78.300003,78.57,2294300,78.57
2015-08-28,78.419998,79.449997,77.75,79.400002,3310800,79.400002
2015-08-27,78.410004,79.279999,77.389999,78.910004,5181700,78.910004
2015-08-26,76.139999,77.610001,74.559998,77.330002,4221400,77.330002
2015-08-25,77.019997,78.330002,74.470001,74.57,7436200,74.57
2015-08-24,75.00,77.82,71.330002,74.269997,6758600,74.269997
2015-08-21,81.940002,82.160004,78.870003,78.870003,6759200,78.870003
2015-08-20,84.660004,84.900002,82.690002,82.690002,3062600,82.690002
2015-08-19,86.120003,86.470001,85.209999,85.480003,2460800,85.480003
2015-08-18,86.980003,87.25,86.029999,86.449997,1463900,86.449997
2015-08-17,86.00,86.779999,84.900002,86.769997,1783900,86.769997
2015-08-14,83.959999,86.379997,83.959999,86.120003,2600700,86.120003
2015-08-13,83.82,84.830002,83.00,84.309998,1963400,84.309998
2015-08-12,83.160004,84.139999,82.080002,83.82,2218500,83.82
2015-08-11,84.059998,84.860001,83.050003,83.900002,3045900,83.900002
2015-08-10,83.389999,83.919998,83.190002,83.620003,1992800,83.620003
2015-08-07,81.870003,82.919998,81.480003,82.690002,1989700,82.690002
2015-08-06,83.470001,83.629997,82.07,82.190002,2255100,82.190002
2015-08-05,82.779999,84.120003,82.169998,83.379997,1773000,83.379997
2015-08-04,81.43,82.18,81.169998,82.059998,1367100,82.059998
2015-08-03,82.18,82.260002,80.699997,81.400002,2069400,81.400002
2015-07-31,81.800003,82.82,81.370003,81.989998,2893400,81.989998
2015-07-30,79.900002,81.800003,79.199997,81.290001,2063000,81.290001
2015-07-29,80.07,80.540001,79.559998,80.25,2130000,80.25
2015-07-28,80.07,80.650002,79.129997,80.589996,2673800,80.589996
2015-07-27,80.529999,80.699997,79.730003,79.93,2748800,79.93
2015-07-24,81.00,81.360001,80.540001,80.980003,3565600,80.980003
2015-07-23,80.800003,81.400002,80.480003,80.639999,2577400,80.639999
2015-07-22,81.379997,81.75,80.650002,80.730003,2582300,80.730003
2015-07-21,81.800003,82.099998,81.010002,81.190002,3902200,81.190002
2015-07-20,82.00,82.190002,81.449997,82.089996,1944200,82.089996
2015-07-17,82.169998,82.730003,81.480003,82.099998,2391200,82.099998
2015-07-16,82.650002,82.669998,82.199997,82.519997,1943800,82.519997
2015-07-15,82.199997,82.32,81.709999,82.120003,2922400,82.120003
2015-07-14,81.669998,82.349998,81.239998,81.889999,4346800,81.889999
2015-07-13,81.089996,81.660004,80.82,81.440002,4594500,81.440002
2015-07-10,81.50,81.50,80.470001,80.589996,3025100,80.589996
2015-07-09,80.739998,81.669998,80.410004,80.470001,3067900,80.470001
2015-07-08,79.949997,80.519997,79.400002,79.989998,4154200,79.989998
2015-07-07,80.769997,81.00,78.940002,80.589996,2781900,80.589996
2015-07-06,80.019997,81.190002,80.00,80.50,2587100,80.50
2015-07-02,81.190002,81.290001,80.379997,80.75,2199400,80.75
2015-07-01,81.57,81.919998,80.709999,80.940002,2944300,80.940002
2015-06-30,82.190002,82.339996,80.949997,81.010002,4061800,81.010002
2015-06-29,81.220001,82.059998,81.150002,81.279999,4039400,81.279999
2015-06-26,84.220001,84.220001,82.269997,82.739998,5412000,82.739998
2015-06-25,83.82,84.269997,83.489998,83.940002,3051500,83.940002
2015-06-24,83.220001,84.360001,82.970001,83.400002,4308000,83.400002
2015-06-23,82.169998,83.769997,82.099998,83.550003,4944400,83.550003
2015-06-22,80.00,82.660004,79.849998,82.279999,5827500,82.279999
2015-06-19,79.410004,79.940002,79.059998,79.699997,3146100,79.699997
2015-06-18,77.82,79.940002,77.82,79.389999,3850800,79.389999
2015-06-17,79.50,80.00,77.739998,77.910004,6463400,77.910004
2015-06-16,78.93,80.43,78.830002,79.940002,3452600,79.940002
2015-06-15,79.169998,79.25,78.349998,78.900002,2456500,78.900002
2015-06-12,79.330002,80.260002,79.059998,79.860001,1792200,79.860001
2015-06-11,79.809998,80.290001,79.419998,79.650002,1911900,79.650002
2015-06-10,78.18,79.699997,77.989998,79.559998,1772100,79.559998
2015-06-09,77.879997,78.050003,76.949997,77.900002,2084300,77.900002
2015-06-08,78.900002,79.18,77.900002,78.160004,1621300,78.160004
2015-06-05,78.639999,79.389999,78.379997,78.860001,1325500,78.860001
2015-06-04,79.860001,80.379997,78.639999,78.75,1654000,78.75
2015-06-03,79.93,80.339996,79.440002,80.129997,1965100,80.129997
2015-06-02,79.699997,80.220001,79.349998,79.82,1533100,79.82
2015-06-01,79.50,80.00,78.589996,79.870003,2288400,79.870003
2015-05-29,79.889999,79.989998,78.940002,79.089996,3281200,79.089996
2015-05-28,80.169998,80.419998,79.75,80.019997,1245200,80.019997
2015-05-27,79.550003,80.32,79.269997,80.160004,1667200,80.160004
2015-05-26,79.910004,80.120003,78.839996,79.360001,2077900,79.360001
2015-05-22,80.339996,80.699997,79.970001,80.040001,1824800,80.040001
2015-05-21,79.540001,80.739998,79.190002,80.559998,2761200,80.559998
2015-05-20,79.57,79.900002,78.910004,79.610001,2637100,79.610001
2015-05-19,79.75,79.93,79.370003,79.620003,2059400,79.620003
2015-05-18,78.690002,79.529999,78.400002,79.410004,1433200,79.410004
2015-05-15,80.00,80.00,78.629997,78.919998,2673500,78.919998
2015-05-14,77.639999,79.809998,77.099998,79.43,3065500,79.43
2015-05-13,76.599998,77.480003,76.529999,77.080002,1820400,77.080002
2015-05-12,76.260002,76.900002,75.300003,76.57,2069400,76.57
2015-05-11,76.32,77.339996,76.07,76.790001,2139400,76.790001
2015-05-08,75.279999,76.519997,75.050003,76.309998,1557600,76.309998
2015-05-07,74.400002,74.839996,74.169998,74.730003,2009500,74.730003
2015-05-06,75.080002,75.470001,73.959999,74.480003,1983600,74.480003
2015-05-05,75.349998,75.629997,74.75,75.00,2037400,75.00
2015-05-04,76.43,76.989998,75.82,75.849998,1652400,75.849998
2015-05-01,76.290001,76.669998,75.660004,76.43,1745400,76.43
2015-04-30,76.400002,77.239998,75.309998,76.059998,2093400,76.059998
2015-04-29,75.610001,77.260002,75.470001,76.650002,2417900,76.650002
2015-04-28,76.339996,77.089996,75.870003,76.019997,1698200,76.019997
2015-04-27,76.839996,77.290001,76.360001,76.550003,1648100,76.550003
2015-04-24,76.410004,77.209999,75.839996,76.540001,1827300,76.540001
2015-04-23,75.080002,76.800003,75.00,76.519997,1712500,76.519997
2015-04-22,74.68,75.519997,74.629997,75.50,1521300,75.50
2015-04-21,74.309998,74.879997,74.209999,74.620003,1887500,74.620003
2015-04-20,73.419998,74.300003,73.419998,73.919998,1688300,73.919998
2015-04-17,74.379997,74.550003,72.779999,73.150002,3847700,73.150002
2015-04-16,75.410004,75.690002,75.099998,75.150002,2054900,75.150002
2015-04-15,76.089996,76.50,75.900002,76.029999,1353200,76.029999
2015-04-14,76.019997,76.599998,75.589996,75.949997,1924800,75.949997
2015-04-13,76.440002,77.00,75.889999,76.019997,1230000,76.019997
