Date,Open,High,Low,Close,Volume,Adj Close
2015-10-09,57.57,57.970001,56.50,56.689999,3673600,56.689999
2015-10-08,57.950001,57.990002,56.59,57.720001,2299300,57.720001
2015-10-07,57.599998,58.060001,56.639999,57.869999,3325400,57.869999
2015-10-06,57.380001,57.720001,56.32,56.889999,2504700,56.889999
2015-10-05,56.18,57.810001,55.919998,57.43,2759100,57.43
2015-10-02,54.00,55.689999,53.700001,55.689999,3276500,55.689999
2015-10-01,56.349998,56.540001,53.709999,54.939999,4093600,54.939999
2015-09-30,55.02,56.540001,54.830002,56.41,3312400,56.41
2015-09-29,53.48,54.310001,53.130001,54.049999,2368500,54.049999
2015-09-28,54.27,54.939999,53.459999,53.470001,2252600,53.470001
2015-09-25,54.529999,55.290001,53.880001,54.439999,2140200,54.439999
2015-09-24,54.529999,54.700001,52.48,54.00,3535800,54.00
2015-09-23,55.580002,56.00,55.029999,55.200001,1792300,55.200001
2015-09-22,55.900002,56.380001,55.029999,55.18,2886800,55.18
2015-09-21,56.880001,57.380001,56.16,56.630001,2856500,56.630001
2015-09-18,57.119999,57.330002,56.209999,56.669998,3907700,56.669998
2015-09-17,58.380001,58.959999,57.860001,57.93,2506900,57.93
2015-09-16,58.540001,58.549999,57.75,58.450001,2085300,58.450001
2015-09-15,57.560001,58.599998,57.560001,58.299999,2939700,58.299999
2015-09-14,57.279999,57.599998,56.830002,57.560001,3124700,57.560001
2015-09-11,55.599998,56.459999,55.330002,56.349998,1735300,56.349998
2015-09-10,55.990002,56.549999,55.310001,56.009998,3362400,56.009998
2015-09-09,57.939999,58.650002,56.119999,56.27,2809300,56.27
2015-09-08,55.990002,57.82,55.459999,57.77,4106000,57.77
2015-09-04,54.080002,54.66,53.700001,53.959999,1693700,53.959999
2015-09-03,55.25,55.880001,54.700001,55.169998,2313200,55.169998
2015-09-02,54.68,54.68,53.59,54.59,2072000,54.59
2015-09-01,54.25,54.880001,53.23,53.549999,3521600,53.549999
2015-08-31,56.32,56.41,55.509998,55.860001,2629800,55.860001
2015-08-28,56.099998,56.990002,55.689999,56.450001,3323600,56.450001
2015-08-27,54.75,56.509998,54.619999,56.48,5323200,56.48
2015-08-26,51.889999,54.290001,50.959999,54.220001,5216300,54.220001
2015-08-25,53.299999,53.639999,50.560001,50.610001,3945500,50.210001
2015-08-24,51.490002,54.00,50.860001,51.669998,6843300,51.26162
2015-08-21,53.349998,55.25,53.029999,53.779999,5870900,53.354944
2015-08-20,57.259998,57.400002,53.799999,53.82,5913900,53.394629
2015-08-19,60.73,60.82,57.75,58.380001,9485000,57.91859
2015-08-18,58.990002,59.419998,57.330002,57.900002,4584900,57.442384
2015-08-17,58.470001,59.52,58.299999,59.50,1408700,59.029737
2015-08-14,58.849998,59.27,58.529999,58.84,1612100,58.374954
2015-08-13,59.66,59.889999,58.869999,59.00,1895700,58.533689
2015-08-12,58.779999,60.009998,58.27,59.740002,2127000,59.267842
2015-08-11,60.610001,60.849998,59.16,59.380001,2065800,58.910687
2015-08-10,59.950001,61.23,59.950001,61.09,1957500,60.607171
2015-08-07,58.810001,59.75,58.00,59.610001,2469300,59.138868
2015-08-06,60.32,60.790001,58.73,58.869999,2922600,58.404715
2015-08-05,59.139999,60.84,58.869999,60.700001,3227900,60.220254
2015-08-04,58.529999,59.200001,58.049999,58.48,1620800,58.017798
2015-08-03,58.43,59.040001,58.349998,58.669998,2262300,58.206295
2015-07-31,59.049999,59.049999,58.209999,58.330002,1930700,57.868986
2015-07-30,58.66,59.060001,57.98,58.82,2131900,58.355111
2015-07-29,58.869999,59.009998,58.25,58.790001,2355100,58.32535
2015-07-28,58.27,59.560001,57.619999,58.990002,2581500,58.52377
2015-07-27,58.220001,58.400002,57.529999,57.889999,2084700,57.432461
2015-07-24,60.369999,60.59,58.360001,58.490002,2506600,58.027722
2015-07-23,58.990002,61.220001,58.75,60.049999,3235500,59.57539
2015-07-22,58.73,58.950001,57.16,58.650002,5695500,58.186457
2015-07-21,61.900002,62.470001,60.599998,62.080002,1655900,61.589348
2015-07-20,62.610001,62.73,61.950001,61.990002,1395300,61.500059
2015-07-17,62.82,62.830002,62.060001,62.459999,1574400,61.966342
2015-07-16,62.509998,63.25,62.240002,62.830002,1782600,62.33342
2015-07-15,62.240002,63.150002,62.139999,62.919998,2252400,62.422705
2015-07-14,62.00,62.77,61.900002,62.619999,1968300,62.125077
2015-07-13,62.060001,62.150002,61.650002,61.869999,1589200,61.381005
2015-07-10,61.400002,62.049999,61.09,61.509998,1777300,61.023849
2015-07-09,62.82,63.220001,60.880001,60.889999,3328900,60.408751
2015-07-08,62.799999,62.98,61.389999,61.939999,2945200,61.450451
2015-07-07,63.470001,63.66,61.689999,63.380001,2417800,62.879072
2015-07-06,63.849998,64.309998,63.369999,63.59,2055500,63.087412
2015-07-02,64.580002,64.900002,63.900002,64.379997,1860000,63.871165
2015-07-01,65.080002,66.279999,64.379997,64.57,2100300,64.059666
2015-06-30,64.339996,64.68,63.82,64.190002,1927600,63.682672
2015-06-29,65.410004,65.599998,63.830002,63.990002,2736500,63.484252
2015-06-26,66.370003,67.169998,65.260002,65.800003,5640200,65.279948
2015-06-25,67.059998,67.330002,66.300003,66.589996,1589300,66.063697
2015-06-24,67.459999,67.650002,66.75,66.839996,1361900,66.311721
2015-06-23,68.040001,68.260002,67.389999,67.529999,1391800,66.99627
2015-06-22,68.339996,68.599998,67.410004,68.019997,1999900,67.482395
2015-06-19,68.339996,68.550003,67.290001,67.910004,3150800,67.373272
2015-06-18,67.599998,68.629997,67.510002,68.300003,1988400,67.760189
2015-06-17,66.82,67.610001,66.82,67.230003,2190600,66.698646
2015-06-16,66.550003,66.940002,66.339996,66.629997,1384800,66.103382
2015-06-15,65.75,66.769997,65.370003,66.699997,1701900,66.172828
2015-06-12,66.75,66.919998,66.07,66.260002,1241500,65.736311
2015-06-11,67.739998,67.849998,67.129997,67.220001,1384200,66.688723
2015-06-10,66.080002,67.879997,65.739998,67.720001,2998100,67.184771
2015-06-09,66.07,66.389999,65.269997,65.690002,2278400,65.170817
2015-06-08,67.43,67.519997,65.720001,65.949997,2311900,65.428756
2015-06-05,66.949997,67.610001,66.410004,67.370003,1769500,66.837539
2015-06-04,66.919998,67.43,66.620003,66.940002,2167500,66.410937
2015-06-03,68.080002,68.080002,67.190002,67.290001,1227200,66.758169
2015-06-02,68.690002,68.699997,67.510002,67.709999,1853100,67.174848
2015-06-01,68.410004,68.970001,67.800003,68.75,2453000,68.206629
2015-05-29,68.50,68.510002,67.589996,67.959999,2371200,67.422872
2015-05-28,68.349998,68.75,67.68,68.309998,1722500,67.770104
2015-05-27,66.57,68.440002,66.480003,68.290001,2995700,67.750266
2015-05-26,66.949997,67.150002,65.940002,66.849998,2970000,65.924805
2015-05-22,65.540001,67.470001,65.470001,67.099998,3560300,66.171345
2015-05-21,66.00,66.019997,65.050003,65.489998,3560700,64.583627
2015-05-20,64.199997,66.849998,64.00,66.18,7012400,65.26408
2015-05-19,63.799999,64.339996,63.299999,63.450001,4538900,62.571863
2015-05-18,63.23,63.709999,63.029999,63.360001,3453600,62.483108
2015-05-15,63.889999,63.93,62.959999,63.18,2333200,62.305599
2015-05-14,62.970001,63.830002,62.709999,63.400002,1918800,62.522556
2015-05-13,62.25,62.869999,62.029999,62.240002,1659000,61.37861
2015-05-12,62.240002,62.490002,61.59,62.080002,1614400,61.220824
2015-05-11,62.75,63.00,62.630001,62.639999,1396700,61.773072
2015-05-08,62.75,63.439999,62.400002,62.720001,2026900,61.851966
2015-05-07,61.830002,62.619999,61.57,62.040001,1760100,61.181377
2015-05-06,62.07,62.27,61.259998,61.639999,1673100,60.786912
2015-05-05,63.040001,63.040001,61.720001,61.77,1630200,60.915113
2015-05-04,63.630001,63.900002,63.150002,63.25,1436400,62.37463
2015-05-01,62.349998,63.57,62.34,63.27,3636800,62.394354
2015-04-30,62.549999,62.669998,61.290001,61.84,2985900,60.984144
2015-04-29,63.049999,63.650002,62.310001,62.82,1547500,61.950581
2015-04-28,62.68,63.459999,62.50,63.220001,1912300,62.345046
2015-04-27,62.02,63.27,62.02,62.669998,1689400,61.802655
2015-04-24,63.580002,63.599998,61.849998,62.529999,3916500,61.664594
2015-04-23,63.040001,63.82,62.799999,63.59,2707700,62.709925
2015-04-22,64.739998,64.739998,63.669998,64.489998,1021800,63.597467
2015-04-21,64.150002,64.540001,63.790001,64.370003,1435900,63.479132
2015-04-20,63.669998,64.410004,63.619999,63.720001,1508900,62.838127
2015-04-17,63.360001,63.759998,63.07,63.419998,2449500,62.542275
2015-04-16,63.52,64.230003,63.490002,64.110001,1453700,63.222728
2015-04-15,62.93,64.059998,62.860001,63.93,1557000,63.045219
2015-04-14,63.630001,63.860001,62.459999,62.57,2292600,61.704041
2015-04-13,64.25,64.650002,63.610001,63.75,1475200,62.86771
