Date,Open,High,Low,Close,Volume,Adj Close
2015-10-09,279.369995,281.850006,278.00,280.119995,238300,280.119995
2015-10-08,277.279999,280.480011,275.089996,279.410004,361000,279.410004
2015-10-07,277.470001,280.98999,275.779999,278.269989,457400,278.269989
2015-10-06,274.899994,277.25,274.100006,275.609985,487700,275.609985
2015-10-05,270.970001,276.179993,270.049988,275.769989,483400,275.769989
2015-10-02,258.76001,269.75,256.23999,269.350006,613000,269.350006
2015-10-01,260.450012,263.690002,258.399994,262.350006,633300,262.350006
2015-09-30,254.440002,259.839996,254.440002,258.980011,602000,258.980011
2015-09-29,249.309998,252.110001,247.520004,251.199997,552100,251.199997
2015-09-28,256.549988,256.970001,249.270004,249.470001,627100,249.470001
2015-09-25,256.940002,261.359985,255.289993,259.299988,605600,259.299988
2015-09-24,252.350006,254.550003,250.220001,254.020004,576300,254.020004
2015-09-23,252.770004,255.669998,250.419998,254.839996,296200,254.839996
2015-09-22,253.160004,254.619995,248.830002,252.380005,435900,252.380005
2015-09-21,253.470001,256.980011,252.089996,255.990005,283800,255.990005
2015-09-18,254.990005,254.990005,250.889999,251.660004,567800,251.660004
2015-09-17,254.350006,258.290009,251.449997,255.350006,374100,255.350006
2015-09-16,256.609985,257.549988,253.589996,254.399994,318200,254.399994
2015-09-15,253.059998,258.290009,251.139999,256.429993,352800,256.429993
2015-09-14,253.720001,255.479996,250.830002,251.910004,311300,251.910004
2015-09-11,251.160004,253.649994,249.020004,253.630005,365800,253.630005
2015-09-10,250.070007,253.979996,249.720001,251.740005,382800,251.740005
2015-09-09,258.730011,259.50,251.229996,251.699997,345000,251.699997
2015-09-08,255.600006,257.679993,253.690002,257.519989,526800,257.519989
2015-09-04,253.089996,254.889999,249.470001,250.50,436200,250.50
2015-09-03,256.920013,259.940002,256.00,256.76001,351900,256.76001
2015-09-02,256.299988,256.299988,252.169998,255.509995,430400,255.509995
2015-09-01,251.130005,257.130005,250.619995,252.399994,511400,252.399994
2015-08-31,261.390015,262.00,257.01001,257.190002,479600,257.190002
2015-08-28,262.730011,263.609985,259.359985,262.25,405500,262.25
2015-08-27,260.200012,265.00,259.079987,263.829987,620400,263.829987
2015-08-26,253.149994,258.130005,249.029999,257.809998,604500,257.809998
2015-08-25,253.300003,258.480011,247.059998,247.399994,671600,247.399994
2015-08-24,245.570007,255.00,241.910004,247.050003,788400,247.050003
2015-08-21,264.630005,266.079987,258.970001,259.220001,547500,259.220001
2015-08-20,268.50,270.829987,266.540009,266.630005,375000,266.630005
2015-08-19,271.609985,273.290009,268.160004,268.570007,294900,268.570007
2015-08-18,270.940002,275.130005,270.76001,273.48999,296400,273.48999
2015-08-17,272.23999,273.190002,269.459991,271.320007,455500,271.320007
2015-08-14,270.529999,275.209991,269.299988,273.779999,486400,273.779999
2015-08-13,270.119995,270.880005,268.089996,268.920013,296200,268.920013
2015-08-12,267.070007,270.359985,264.75,269.529999,528400,269.529999
2015-08-11,268.390015,271.029999,265.00,267.98999,639900,267.98999
2015-08-10,272.720001,274.119995,270.109985,270.23999,414700,270.23999
2015-08-07,269.140015,272.609985,267.149994,270.160004,372200,270.160004
2015-08-06,275.600006,275.600006,268.709991,269.470001,306000,269.470001
2015-08-05,277.670013,280.799988,275.220001,275.559998,264600,275.559998
2015-08-04,273.559998,276.019989,271.649994,275.799988,436700,275.799988
2015-08-03,275.279999,276.720001,271.309998,273.399994,420000,273.399994
2015-07-31,273.320007,275.23999,270.309998,275.040009,425900,275.040009
2015-07-30,271.200012,273.339996,267.149994,272.51001,472300,272.51001
2015-07-29,272.049988,275.220001,271.50,272.850006,946700,272.850006
2015-07-28,267.519989,272.570007,264.959991,270.809998,649600,270.809998
2015-07-27,273.070007,273.660004,266.279999,267.00,597700,267.00
2015-07-24,284.649994,285.00,268.709991,274.109985,1555200,274.109985
2015-07-23,298.670013,298.980011,283.720001,284.339996,1405800,284.339996
2015-07-22,298.700012,302.859985,298.700012,301.690002,456100,301.690002
2015-07-21,303.950012,304.98999,298.709991,299.570007,295400,299.570007
2015-07-20,302.23999,304.76001,301.820007,302.660004,275000,302.660004
2015-07-17,301.700012,304.380005,299.929993,302.369995,333600,302.369995
2015-07-16,302.420013,306.26001,300.440002,302.149994,476200,302.149994
2015-07-15,305.220001,305.220001,299.220001,300.029999,467400,300.029999
2015-07-14,304.600006,307.779999,303.390015,304.899994,236400,304.899994
2015-07-13,304.950012,305.50,302.209991,304.160004,231300,304.160004
2015-07-10,300.459991,302.390015,296.579987,301.929993,384200,301.929993
2015-07-09,296.779999,298.170013,294.790009,295.440002,461900,295.440002
2015-07-08,296.029999,298.480011,293.149994,293.690002,475600,293.690002
2015-07-07,296.079987,299.730011,292.799988,298.959991,394000,298.959991
2015-07-06,293.679993,297.709991,291.100006,295.899994,373900,295.899994
2015-07-02,294.809998,296.269989,291.869995,295.720001,274800,295.720001
2015-07-01,294.070007,295.50,291.279999,292.859985,326100,292.859985
2015-06-30,294.049988,294.700012,289.380005,291.940002,467900,291.940002
2015-06-29,301.75,301.75,291.329987,291.450012,479600,291.450012
2015-06-26,304.25,304.25,301.48999,302.950012,738500,302.950012
2015-06-25,303.950012,306.100006,302.399994,303.970001,457500,303.970001
2015-06-24,304.200012,305.50,301.23999,303.390015,336800,303.390015
2015-06-23,306.26001,306.869995,302.679993,304.179993,322500,304.179993
2015-06-22,303.959991,307.100006,301.679993,305.50,410400,305.50
2015-06-19,300.619995,303.269989,298.809998,302.709991,412000,302.709991
2015-06-18,298.850006,301.950012,297.279999,301.269989,397500,301.269989
2015-06-17,297.540009,299.75,296.609985,297.700012,275500,297.700012
2015-06-16,299.660004,301.019989,297.160004,297.420013,307400,297.420013
2015-06-15,298.589996,300.809998,295.640015,299.459991,269200,299.459991
2015-06-12,300.00,303.00,299.470001,301.549988,324300,301.549988
2015-06-11,300.980011,302.820007,299.399994,300.630005,283800,300.630005
2015-06-10,294.230011,301.600006,293.480011,299.709991,382500,299.709991
2015-06-09,295.470001,297.579987,290.869995,293.529999,478300,293.529999
2015-06-08,295.809998,297.230011,292.440002,295.51001,498800,295.51001
2015-06-05,294.709991,297.670013,294.070007,295.420013,202900,295.420013
2015-06-04,297.399994,299.100006,294.670013,295.190002,320800,295.190002
2015-06-03,299.609985,301.26001,296.850006,299.00,519200,299.00
2015-06-02,297.00,299.769989,294.369995,298.220001,418100,298.220001
2015-06-01,298.829987,299.549988,296.049988,297.140015,350600,297.140015
2015-05-29,299.450012,301.269989,297.290009,298.029999,407400,298.029999
2015-05-28,301.01001,304.019989,299.429993,300.070007,405300,300.070007
2015-05-27,297.980011,302.459991,297.029999,302.279999,563600,302.279999
2015-05-26,300.209991,300.399994,296.100006,297.75,405900,297.75
2015-05-22,296.980011,301.690002,296.540009,300.309998,339600,300.309998
2015-05-21,299.190002,300.970001,296.179993,297.200012,461700,297.200012
2015-05-20,301.390015,301.390015,298.390015,300.00,302400,300.00
2015-05-19,301.00,303.029999,298.839996,300.910004,226300,300.910004
2015-05-18,297.00,301.070007,296.529999,300.480011,326200,300.480011
2015-05-15,299.690002,301.359985,296.480011,297.480011,295900,297.480011
2015-05-14,299.230011,301.00,297.790009,298.799988,314400,298.799988
2015-05-13,298.540009,301.320007,296.950012,297.73999,356600,297.73999
2015-05-12,299.51001,299.51001,293.869995,296.670013,397700,296.670013
2015-05-11,302.339996,305.209991,301.160004,301.380005,378700,301.380005
2015-05-08,301.619995,305.679993,301.00,303.299988,503000,303.299988
2015-05-07,297.720001,300.670013,294.609985,298.109985,327700,298.109985
2015-05-06,302.00,302.00,294.890015,296.660004,400900,296.660004
2015-05-05,300.00,301.279999,297.980011,300.690002,333100,300.690002
2015-05-04,299.769989,302.390015,297.369995,300.559998,443600,300.559998
2015-05-01,300.059998,301.26001,297.540009,298.589996,312200,298.589996
2015-04-30,299.540009,304.070007,295.149994,297.309998,405500,297.309998
2015-04-29,301.269989,303.119995,295.51001,300.630005,362600,300.630005
2015-04-28,303.00,306.209991,300.98999,302.380005,378300,302.380005
2015-04-27,308.209991,308.779999,304.019989,304.690002,338900,304.690002
2015-04-24,309.929993,309.929993,305.940002,307.440002,258600,307.440002
2015-04-23,306.600006,312.00,305.649994,309.910004,434300,309.910004
2015-04-22,304.75,309.109985,302.720001,308.329987,428400,308.329987
2015-04-21,300.269989,305.690002,298.959991,304.859985,539700,304.859985
2015-04-20,295.660004,300.410004,294.850006,299.619995,561400,299.619995
2015-04-17,298.320007,300.679993,292.269989,294.670013,524200,294.670013
2015-04-16,305.899994,307.980011,298.790009,299.929993,737200,299.929993
2015-04-15,301.220001,303.390015,298.890015,302.200012,410800,302.200012
2015-04-14,301.040009,301.970001,297.23999,301.070007,444800,301.070007
2015-04-13,299.660004,302.470001,299.01001,300.700012,388800,300.700012
