Date,Open,High,Low,Close,Volume,Adj Close
2015-10-15,43.599998,44.060001,43.389999,43.939999,927400,43.939999
2015-10-14,43.720001,43.959999,43.34,43.389999,1508600,43.389999
2015-10-13,43.610001,43.799999,43.32,43.650002,2276200,43.650002
2015-10-12,43.200001,43.740002,43.139999,43.720001,1433100,43.720001
2015-10-09,43.130001,43.240002,42.779999,43.119999,2143400,43.119999
2015-10-08,42.099998,43.209999,42.00,43.119999,1970400,43.119999
2015-10-07,42.439999,42.509998,42.07,42.209999,1025900,42.209999
2015-10-06,42.540001,42.669998,42.080002,42.310001,912900,42.310001
2015-10-05,42.450001,42.740002,42.040001,42.619999,1146500,42.619999
2015-10-02,42.200001,42.32,41.650002,42.32,1027100,42.32
2015-10-01,42.310001,42.439999,41.459999,41.779999,1964900,41.779999
2015-09-30,41.900002,42.290001,41.630001,42.27,1503300,42.27
2015-09-29,41.549999,41.790001,41.25,41.689999,1309700,41.689999
2015-09-28,41.389999,41.810001,41.240002,41.540001,1740100,41.540001
2015-09-25,41.169998,41.830002,40.810001,41.369999,1715200,41.369999
2015-09-24,40.700001,41.189999,40.43,41.049999,1675600,41.049999
2015-09-23,40.50,40.880001,40.360001,40.799999,1121800,40.799999
2015-09-22,40.52,40.790001,40.41,40.50,1590200,40.50
2015-09-21,40.52,41.060001,40.389999,40.82,1704100,40.82
2015-09-18,40.23,40.73,40.16,40.369999,2885200,40.369999
2015-09-17,39.700001,41.07,39.619999,40.540001,2613700,40.540001
2015-09-16,39.220001,39.740002,39.110001,39.689999,1345900,39.689999
2015-09-15,38.98,39.34,38.700001,39.200001,1378800,39.200001
2015-09-14,38.84,39.220001,38.790001,38.98,1440000,38.98
2015-09-11,38.34,38.82,38.259998,38.82,1472200,38.82
2015-09-10,38.290001,38.91,38.150002,38.43,1238300,38.43
2015-09-09,38.98,39.119999,38.389999,38.459999,1654600,38.459999
2015-09-08,38.689999,39.009998,38.48,38.98,1680500,38.98
2015-09-04,38.860001,38.91,38.349998,38.560001,1571700,38.150002
2015-09-03,39.23,39.41,39.029999,39.25,1135000,38.832664
2015-09-02,39.560001,39.599998,38.639999,39.080002,1759300,38.664474
2015-09-01,39.389999,39.959999,38.889999,39.119999,2420200,38.704046
2015-08-31,40.939999,41.009998,39.889999,40.290001,2572400,39.861607
2015-08-28,41.009998,41.209999,40.509998,41.07,1577100,40.633313
2015-08-27,40.75,41.040001,40.259998,41.02,2447600,40.583845
2015-08-26,40.290001,40.650002,39.66,40.549999,2825400,40.118841
2015-08-25,41.450001,41.450001,39.75,39.77,2749600,39.347136
2015-08-24,41.07,41.98,40.48,40.68,3089700,40.24746
2015-08-21,43.189999,43.360001,42.509998,42.509998,2201100,42.058
2015-08-20,43.220001,43.849998,43.189999,43.310001,1384100,42.849497
2015-08-19,43.02,43.650002,42.779999,43.549999,1757300,43.086943
2015-08-18,43.240002,43.459999,43.00,43.200001,1931100,42.740666
2015-08-17,42.779999,43.610001,42.619999,43.400002,1778400,42.93854
2015-08-14,42.52,42.82,42.310001,42.740002,2406000,42.285558
2015-08-13,40.990002,42.740002,40.990002,42.619999,1688200,42.166831
2015-08-12,42.209999,42.720001,41.849998,42.650002,3641100,42.196515
2015-08-11,41.810001,42.299999,41.630001,42.099998,2162700,41.65236
2015-08-10,42.130001,42.400002,41.720001,41.82,1322200,41.375338
2015-08-07,41.599998,42.330002,41.349998,42.119999,978300,41.672147
2015-08-06,41.380001,41.740002,40.990002,41.689999,1087500,41.246719
2015-08-05,41.169998,41.560001,41.02,41.360001,1315800,40.92023
2015-08-04,41.439999,41.490002,40.93,41.009998,1840800,40.573949
2015-08-03,41.259998,41.93,41.23,41.59,2296200,41.147784
2015-07-31,40.119999,41.34,39.779999,41.080002,2768600,40.643208
2015-07-30,39.540001,39.990002,39.349998,39.77,1336100,39.347136
2015-07-29,39.27,39.68,39.009998,39.650002,1241500,39.228413
2015-07-28,39.330002,39.43,38.98,39.34,1824400,38.921708
2015-07-27,38.59,39.169998,38.459999,39.02,851900,38.60511
2015-07-24,38.310001,38.610001,38.130001,38.529999,1115000,38.120319
2015-07-23,38.549999,38.59,37.919998,38.27,1403700,37.863085
2015-07-22,38.73,39.040001,38.610001,38.66,1354700,38.248938
2015-07-21,39.049999,39.119999,38.50,38.700001,821100,38.288513
2015-07-20,39.330002,39.330002,38.810001,39.119999,980700,38.704046
2015-07-17,39.490002,39.689999,39.279999,39.389999,1619400,38.971175
2015-07-16,38.990002,39.779999,38.990002,39.66,1079800,39.238305
2015-07-15,38.860001,39.009998,38.619999,38.990002,693000,38.575431
2015-07-14,38.939999,39.119999,38.740002,38.860001,961100,38.446812
2015-07-13,39.150002,39.259998,38.669998,38.91,1111700,38.496279
2015-07-10,38.669998,39.330002,38.509998,39.02,1208200,38.60511
2015-07-09,39.34,39.529999,38.50,38.68,1186800,38.268725
2015-07-08,39.400002,39.68,39.150002,39.279999,1129000,38.862344
2015-07-07,38.77,39.669998,38.709999,39.599998,1903500,39.178941
2015-07-06,38.41,38.650002,38.169998,38.560001,1173100,38.150002
2015-07-02,38.310001,38.669998,38.189999,38.50,1341500,38.090639
2015-07-01,37.75,38.009998,37.549999,37.98,1356900,37.576168
2015-06-30,37.84,37.970001,37.59,37.68,2036600,37.279358
2015-06-29,37.720001,38.209999,37.52,37.540001,1599100,37.140847
2015-06-26,37.459999,37.790001,37.259998,37.73,991300,37.328826
2015-06-25,37.970001,37.990002,37.50,37.509998,1398400,37.111164
2015-06-24,37.779999,37.970001,37.740002,37.779999,1865400,37.378293
2015-06-23,38.200001,38.34,37.75,37.759998,1107100,37.358506
2015-06-22,38.119999,38.50,38.099998,38.310001,1123600,37.902661
2015-06-19,38.540001,38.759998,38.25,38.259998,1249100,37.853189
2015-06-18,38.18,38.73,38.130001,38.540001,1154500,38.130215
2015-06-17,37.810001,38.209999,37.700001,38.09,1068900,37.684999
2015-06-16,37.610001,37.82,37.400002,37.810001,1262700,37.407977
2015-06-15,37.75,37.970001,37.59,37.73,1210200,37.328826
2015-06-12,38.049999,38.240002,37.75,37.77,1020600,37.368401
2015-06-11,38.049999,38.360001,37.990002,38.299999,1215600,37.892765
2015-06-10,37.98,38.32,37.799999,37.810001,2190200,37.407977
2015-06-09,37.889999,38.18,37.830002,37.869999,1342400,37.467337
2015-06-08,38.02,38.18,37.900002,37.93,1106300,37.5267
2015-06-05,38.740002,38.740002,38.279999,38.369999,1390900,37.556379
2015-06-04,39.130001,39.509998,39.02,39.09,1146400,38.261113
2015-06-03,39.509998,39.700001,38.860001,39.310001,1605900,38.476449
2015-06-02,40.00,40.009998,39.259998,39.619999,1480700,38.779873
2015-06-01,40.25,40.490002,40.080002,40.220001,1027300,39.367153
2015-05-29,40.450001,40.580002,40.040001,40.23,1189400,39.376939
2015-05-28,40.400002,40.580002,40.130001,40.439999,996100,39.582485
2015-05-27,40.360001,40.439999,40.099998,40.389999,1091500,39.533546
2015-05-26,40.669998,40.669998,40.009998,40.32,1103900,39.465031
2015-05-22,40.59,40.779999,40.27,40.650002,744200,39.788035
2015-05-21,40.889999,40.98,40.529999,40.669998,1156600,39.807608
2015-05-20,40.75,41.209999,40.66,40.919998,1163200,40.052306
2015-05-19,40.560001,40.889999,40.439999,40.740002,1094600,39.876127
2015-05-18,40.34,40.919998,40.34,40.779999,1083100,39.915276
2015-05-15,40.380001,40.740002,40.27,40.540001,955200,39.680367
2015-05-14,40.07,40.32,39.93,40.259998,1392700,39.406302
2015-05-13,40.41,40.57,39.66,39.830002,1127000,38.985423
2015-05-12,40.029999,40.32,39.84,40.259998,1562900,39.406302
2015-05-11,40.290001,40.799999,40.169998,40.299999,1811400,39.445454
2015-05-08,40.869999,41.200001,40.150002,40.389999,1967300,39.533546
2015-05-07,40.18,41.049999,39.700001,40.400002,3481700,39.543336
2015-05-06,40.549999,40.790001,39.849998,40.369999,1633900,39.51397
2015-05-05,41.43,41.529999,40.560001,40.59,1413000,39.729306
2015-05-04,41.240002,41.93,41.240002,41.59,859400,40.708101
2015-05-01,41.049999,41.310001,40.669998,41.200001,1066200,40.326372
2015-04-30,41.709999,41.82,40.68,40.939999,2005400,40.071883
2015-04-29,41.889999,42.209999,41.650002,41.84,1307800,40.9528
2015-04-28,41.73,42.400002,41.619999,42.299999,1184800,41.403045
2015-04-27,42.73,42.84,41.889999,41.919998,1882400,41.031102
2015-04-24,41.889999,42.73,41.759998,42.32,819500,41.422621
2015-04-23,41.709999,42.25,41.619999,41.91,1181300,41.021315
2015-04-22,41.68,41.880001,41.43,41.68,1717300,40.796193
2015-04-21,41.669998,42.02,41.439999,41.549999,1495200,40.668949
2015-04-20,41.25,42.209999,41.25,41.650002,1104900,40.76683
