Date,Open,High,Low,Close,Volume,Adj Close
2015-10-16,15.89,16.09,15.75,15.91,2753900,15.91
2015-10-15,15.66,15.90,15.43,15.89,2717700,15.89
2015-10-14,15.77,15.97,15.57,15.63,2885100,15.63
2015-10-13,16.00,16.15,15.73,15.79,2061700,15.79
2015-10-12,16.190001,16.32,15.95,16.049999,2897400,16.049999
2015-10-09,15.94,16.200001,15.80,16.190001,3626500,16.190001
2015-10-08,15.50,16.190001,15.46,16.049999,7478400,16.049999
2015-10-07,15.42,15.60,15.18,15.38,9286900,15.38
2015-10-06,15.82,16.02,15.44,15.45,3688400,15.45
2015-10-05,15.63,16.030001,15.63,15.81,4333000,15.81
2015-10-02,15.33,15.71,15.22,15.71,3870400,15.585
2015-10-01,15.58,15.77,15.38,15.52,4869100,15.396512
2015-09-30,15.59,15.74,15.45,15.63,4329800,15.505636
2015-09-29,15.25,15.58,15.22,15.52,4451600,15.396512
2015-09-28,15.92,15.95,15.07,15.21,6049400,15.088978
2015-09-25,16.389999,16.40,15.96,15.99,3723700,15.862771
2015-09-24,16.120001,16.440001,16.10,16.32,4212400,16.190146
2015-09-23,16.25,16.40,16.049999,16.26,3185600,16.130624
2015-09-22,16.32,16.459999,16.110001,16.280001,5204500,16.150465
2015-09-21,16.18,16.75,16.18,16.51,8675200,16.378634
2015-09-18,16.120001,16.34,15.91,16.16,5808400,16.031419
2015-09-17,16.26,16.48,16.120001,16.26,10512800,16.130624
2015-09-16,15.20,15.75,14.94,15.71,12489500,15.585
2015-09-15,15.65,15.73,15.15,15.25,11202200,15.12866
2015-09-14,16.08,16.299999,15.57,15.66,7007700,15.535397
2015-09-11,16.120001,16.17,15.55,16.01,7530600,15.882613
2015-09-10,16.43,16.700001,16.16,16.23,4855900,16.100862
2015-09-09,17.00,17.040001,16.530001,16.549999,4011900,16.418315
2015-09-08,17.129999,17.129999,16.799999,16.98,3649700,16.844894
2015-09-04,16.68,17.01,16.559999,16.940001,3543900,16.805213
2015-09-03,17.18,17.18,16.90,16.940001,4132600,16.805213
2015-09-02,17.139999,17.139999,16.809999,17.10,3257900,16.96394
2015-09-01,16.67,17.120001,16.559999,16.969999,5527800,16.834973
2015-08-31,16.77,17.18,16.65,17.02,6545200,16.884577
2015-08-28,16.60,16.84,16.540001,16.75,5390100,16.616725
2015-08-27,17.10,17.15,16.450001,16.719999,10523000,16.586963
2015-08-26,16.280001,16.76,16.01,16.73,7694400,16.596883
2015-08-25,16.51,16.540001,15.85,15.97,6331100,15.842931
2015-08-24,15.00,15.94,14.17,15.65,10361500,15.525477
2015-08-21,16.190001,16.309999,15.82,15.82,7795600,15.694124
2015-08-20,16.620001,16.82,16.219999,16.42,11078100,16.28935
2015-08-19,17.549999,17.700001,16.35,16.90,29474200,16.765531
2015-08-18,18.41,18.49,18.07,18.27,8336500,18.124631
2015-08-17,17.98,18.379999,17.870001,18.35,4937600,18.203994
2015-08-14,17.969999,18.110001,17.870001,17.98,2855700,17.836937
2015-08-13,17.67,18.09,17.59,17.870001,3451300,17.727814
2015-08-12,17.709999,17.780001,17.190001,17.629999,4059500,17.489722
2015-08-11,17.68,17.93,17.540001,17.870001,3607200,17.727814
2015-08-10,17.74,17.950001,17.559999,17.73,2447700,17.588926
2015-08-07,17.280001,17.75,17.280001,17.68,3633400,17.539325
2015-08-06,17.77,17.84,17.15,17.34,4115100,17.20203
2015-08-05,18.02,18.32,17.73,17.77,3507200,17.628609
2015-08-04,17.780001,18.219999,17.74,18.00,3026400,17.856779
2015-08-03,17.77,17.799999,17.60,17.75,3024700,17.608768
2015-07-31,17.379999,17.860001,17.299999,17.75,3673400,17.608768
2015-07-30,17.40,17.469999,17.219999,17.360001,3427000,17.221872
2015-07-29,17.530001,17.700001,17.370001,17.42,4651300,17.281394
2015-07-28,17.780001,17.799999,17.450001,17.58,3231600,17.44012
2015-07-27,17.42,17.85,17.360001,17.780001,3186300,17.63853
2015-07-24,17.75,17.950001,17.469999,17.530001,2835800,17.390519
2015-07-23,18.16,18.16,17.66,17.75,3206100,17.608768
2015-07-22,17.950001,18.139999,17.83,18.10,2293100,17.955983
2015-07-21,17.99,18.110001,17.82,18.040001,3182900,17.896461
2015-07-20,18.01,18.139999,17.85,18.01,2986400,17.866699
2015-07-17,18.25,18.25,17.969999,18.030001,1519300,17.886541
2015-07-16,18.15,18.41,18.02,18.309999,2552600,18.164312
2015-07-15,18.23,18.299999,18.08,18.10,3082800,17.955983
2015-07-14,18.209999,18.27,17.90,18.209999,4100200,18.065107
2015-07-13,17.93,18.290001,17.799999,18.280001,4867600,18.134551
2015-07-10,17.84,17.91,17.59,17.870001,2319200,17.727814
2015-07-09,17.76,17.879999,17.450001,17.73,4391600,17.588926
2015-07-08,17.690001,17.719999,17.389999,17.639999,3540200,17.499642
2015-07-07,17.33,17.870001,16.98,17.77,6819800,17.628609
2015-07-06,17.00,17.40,16.950001,17.290001,2840700,17.152429
2015-07-02,17.40,17.52,17.08,17.120001,3008200,16.983781
2015-07-01,17.24,17.389999,17.059999,17.379999,4110300,17.241711
2015-06-30,17.379999,17.379999,17.00,17.219999,5616900,16.95898
2015-06-29,17.360001,17.639999,17.27,17.309999,4357800,17.047616
2015-06-26,17.620001,17.77,17.40,17.450001,7825000,17.185495
2015-06-25,17.60,17.68,17.469999,17.52,2968000,17.254433
2015-06-24,17.77,17.879999,17.549999,17.58,3592800,17.313523
2015-06-23,17.549999,17.83,17.549999,17.77,3790000,17.500644
2015-06-22,17.67,17.68,17.379999,17.530001,3909300,17.264282
2015-06-19,17.450001,17.549999,17.290001,17.51,4189900,17.244585
2015-06-18,17.25,17.43,17.200001,17.389999,3267400,17.126403
2015-06-17,17.219999,17.549999,17.219999,17.26,5764100,16.998374
2015-06-16,16.940001,17.27,16.889999,17.200001,5679900,16.939284
2015-06-15,17.049999,17.07,16.799999,16.92,3658200,16.663528
2015-06-12,17.040001,17.16,16.799999,17.15,3763800,16.890041
2015-06-11,17.110001,17.50,16.99,17.07,7387500,16.811254
2015-06-10,16.48,16.98,16.440001,16.90,6540000,16.64383
2015-06-09,16.620001,16.75,16.360001,16.450001,3224500,16.200653
2015-06-08,16.639999,16.799999,16.57,16.610001,3100300,16.358227
2015-06-05,16.969999,16.99,16.540001,16.57,4865700,16.318833
2015-06-04,16.469999,16.98,16.40,16.91,6665000,16.653679
2015-06-03,16.24,16.48,16.190001,16.469999,3458400,16.220348
2015-06-02,16.23,16.43,16.17,16.24,3899000,15.993835
2015-06-01,16.40,16.459999,16.110001,16.23,4103900,15.983986
2015-05-29,16.190001,16.41,16.08,16.370001,6262700,16.121865
2015-05-28,16.200001,16.26,15.92,16.120001,5956800,15.875655
2015-05-27,16.25,16.440001,16.030001,16.15,5987700,15.905199
2015-05-26,16.469999,16.49,16.059999,16.190001,7062100,15.944594
2015-05-22,16.559999,16.629999,16.41,16.469999,3777700,16.220348
2015-05-21,16.65,16.879999,16.43,16.469999,7431900,16.220348
2015-05-20,16.84,17.059999,16.10,16.610001,17566200,16.358227
2015-05-19,16.02,16.190001,15.47,15.74,12345900,15.501414
2015-05-18,16.10,16.18,15.87,16.00,5332000,15.757473
2015-05-15,15.96,16.120001,15.94,16.01,5450600,15.767322
2015-05-14,16.60,16.60,15.90,15.91,6824100,15.668837
2015-05-13,16.469999,16.639999,16.139999,16.540001,6263600,16.289289
2015-05-12,16.34,16.379999,16.07,16.219999,3351700,15.974138
2015-05-11,16.57,16.709999,16.40,16.450001,4571400,16.200653
2015-05-08,16.860001,16.950001,16.49,16.540001,4599200,16.289289
2015-05-07,16.690001,16.870001,16.43,16.73,3943200,16.476407
2015-05-06,16.51,16.73,16.309999,16.67,4257400,16.417317
2015-05-05,16.49,16.52,16.27,16.440001,3815200,16.190804
2015-05-04,16.08,16.709999,16.040001,16.51,5310900,16.259743
2015-05-01,15.95,16.23,15.93,15.95,6309200,15.708231
2015-04-30,15.90,16.129999,15.80,15.91,6216100,15.668837
2015-04-29,16.540001,16.67,15.97,15.97,6183900,15.727928
2015-04-28,16.690001,16.879999,16.559999,16.60,3595900,16.348379
2015-04-27,17.23,17.26,16.709999,16.74,3328300,16.486256
2015-04-24,17.18,17.360001,17.07,17.15,2250600,16.890041
2015-04-23,16.90,17.299999,16.879999,17.10,3494000,16.8408
2015-04-22,16.940001,17.02,16.690001,16.93,3120100,16.673376
2015-04-21,17.02,17.16,16.879999,16.93,3408800,16.673376
2015-04-20,17.09,17.09,16.799999,16.92,3015100,16.663528
