Date,Open,High,Low,Close,Volume,Adj Close
2015-10-16,59.00,59.040001,58.27,58.540001,3033700,58.540001
2015-10-15,58.349998,58.810001,57.889999,58.720001,2752600,58.720001
2015-10-14,57.669998,58.400002,57.599998,58.150002,3867200,58.150002
2015-10-13,57.459999,57.860001,57.259998,57.650002,2136500,57.650002
2015-10-12,56.799999,57.740002,56.799999,57.560001,2264100,57.560001
2015-10-09,56.900002,57.040001,56.509998,56.740002,2036900,56.740002
2015-10-08,56.009998,56.959999,55.939999,56.869999,3397500,56.869999
2015-10-07,56.759998,56.799999,55.950001,56.040001,4452000,56.040001
2015-10-06,57.23,57.439999,56.43,56.619999,3093200,56.619999
2015-10-05,56.669998,57.59,56.439999,57.459999,3007300,57.459999
2015-10-02,56.73,56.759998,55.689999,56.32,5166000,56.32
2015-10-01,56.919998,57.00,55.790001,56.139999,4212300,56.139999
2015-09-30,56.349998,56.970001,56.009998,56.860001,2778100,56.860001
2015-09-29,55.990002,56.389999,55.740002,56.130001,2617100,56.130001
2015-09-28,55.939999,56.52,55.459999,55.860001,2360600,55.860001
2015-09-25,55.59,56.549999,55.189999,55.990002,2661700,55.990002
2015-09-24,54.849998,55.599998,54.740002,55.459999,3732400,55.459999
2015-09-23,54.810001,55.110001,54.509998,55.02,1863700,55.02
2015-09-22,55.380001,55.650002,54.599998,54.720001,3535100,54.720001
2015-09-21,55.73,55.939999,55.349998,55.599998,2823100,55.599998
2015-09-18,55.50,56.330002,55.34,55.48,3782900,55.48
2015-09-17,54.669998,56.439999,54.540001,55.869999,5213500,55.869999
2015-09-16,53.98,54.720001,53.84,54.630001,4544500,54.630001
2015-09-15,53.779999,54.02,53.389999,53.849998,2421600,53.849998
2015-09-14,53.869999,54.240002,53.599998,53.68,2057300,53.68
2015-09-11,53.290001,53.810001,53.040001,53.779999,1804500,53.779999
2015-09-10,53.41,53.869999,53.18,53.389999,2170300,53.389999
2015-09-09,54.360001,54.48,53.27,53.369999,2593300,53.369999
2015-09-08,53.23,54.09,53.23,54.080002,3135200,54.080002
2015-09-04,52.959999,53.07,52.290001,52.540001,2595300,52.540001
2015-09-03,53.049999,53.529999,53.00,53.349998,2339600,53.349998
2015-09-02,53.380001,53.41,52.459999,53.009998,2459000,53.009998
2015-09-01,53.740002,53.93,52.650002,52.990002,3281700,52.990002
2015-08-31,54.549999,54.689999,53.82,54.290001,3581600,54.290001
2015-08-28,54.849998,55.380001,54.07,54.900002,2105500,54.900002
2015-08-27,54.580002,54.93,54.110001,54.91,2895400,54.91
2015-08-26,53.529999,54.209999,52.799999,54.009998,4401100,54.009998
2015-08-25,55.02,55.650002,53.00,53.02,4959600,53.02
2015-08-24,55.290001,56.77,53.029999,54.830002,5634700,54.830002
2015-08-21,57.970001,58.360001,57.220001,57.290001,3929400,57.290001
2015-08-20,58.419998,59.18,58.119999,58.369999,1854700,58.369999
2015-08-19,58.009998,58.959999,57.82,58.799999,2319000,58.799999
2015-08-18,58.200001,58.369999,57.959999,58.27,1954000,58.27
2015-08-17,58.189999,58.669998,57.990002,58.349998,2192300,58.349998
2015-08-14,57.57,58.209999,57.09,58.200001,1933500,58.200001
2015-08-13,57.330002,57.740002,56.880001,57.549999,1873100,57.549999
2015-08-12,56.849998,57.77,56.599998,57.57,2444800,57.57
2015-08-11,56.700001,57.380001,56.459999,56.849998,2379900,56.849998
2015-08-10,56.810001,57.07,56.540001,56.709999,2508800,56.709999
2015-08-07,56.150002,57.080002,55.779999,56.77,2036900,56.77
2015-08-06,56.029999,56.32,55.34,56.259998,2204900,56.259998
2015-08-05,56.59,56.849998,56.240002,56.650002,2305200,56.120003
2015-08-04,57.029999,57.139999,56.279999,56.389999,2200000,55.862433
2015-08-03,56.779999,57.25,56.650002,57.060001,2458600,56.526167
2015-07-31,56.790001,57.220001,56.48,56.57,2414600,56.04075
2015-07-30,55.66,56.610001,55.57,56.32,1994100,55.793089
2015-07-29,55.75,56.00,55.380001,55.939999,2497200,55.416643
2015-07-28,55.639999,56.029999,55.52,55.889999,2687100,55.367111
2015-07-27,54.66,56.029999,54.619999,55.740002,2789900,55.218517
2015-07-24,54.509998,54.779999,54.169998,54.599998,3025400,54.089179
2015-07-23,55.330002,55.330002,54.220001,54.59,3534300,54.079274
2015-07-22,54.970001,55.549999,54.889999,55.209999,3186400,54.693473
2015-07-21,55.50,55.580002,54.650002,54.889999,2201300,54.376467
2015-07-20,55.580002,55.700001,55.049999,55.540001,2747500,55.020387
2015-07-17,56.110001,56.360001,55.709999,55.720001,2824500,55.198704
2015-07-16,55.720001,56.450001,55.619999,56.360001,2497000,55.832715
2015-07-15,55.200001,55.68,54.990002,55.68,2418800,55.159077
2015-07-14,55.389999,55.669998,54.990002,55.189999,1929500,54.67366
2015-07-13,55.669998,55.900002,54.880001,55.34,2215500,54.822258
2015-07-10,55.450001,55.990002,55.209999,55.560001,2806400,55.040201
2015-07-09,56.099998,56.330002,55.23,55.52,3339400,55.000574
2015-07-08,55.799999,56.369999,55.75,56.029999,2975000,55.505801
2015-07-07,54.799999,56.50,54.740002,56.080002,4446500,55.555336
2015-07-06,54.09,54.549999,54.02,54.529999,3266700,54.019834
2015-07-02,53.52,54.330002,53.509998,54.23,2125300,53.722642
2015-07-01,53.00,53.369999,52.759998,53.290001,2664500,52.791438
2015-06-30,52.950001,53.25,52.759998,52.970001,3239300,52.474432
2015-06-29,52.93,53.66,52.77,52.799999,2368300,52.30602
2015-06-26,52.59,53.040001,52.32,52.91,2194200,52.414992
2015-06-25,52.98,53.200001,52.619999,52.619999,1958800,52.127704
2015-06-24,53.369999,53.560001,52.919998,52.959999,2866000,52.464523
2015-06-23,54.209999,54.299999,53.279999,53.34,2565400,52.840969
2015-06-22,54.580002,54.580002,54.099998,54.240002,1568200,53.73255
2015-06-19,54.860001,54.939999,54.450001,54.470001,2629400,53.960398
2015-06-18,54.110001,54.990002,54.110001,54.830002,2069300,54.317031
2015-06-17,53.669998,54.150002,53.450001,54.060001,2032200,53.554234
2015-06-16,53.549999,53.84,53.34,53.73,2673200,53.22732
2015-06-15,53.799999,54.00,53.57,53.650002,1814900,53.14807
2015-06-12,54.080002,54.23,53.860001,53.93,1884300,53.425449
2015-06-11,54.360001,54.509998,54.119999,54.310001,2495900,53.801895
2015-06-10,54.52,54.810001,53.869999,53.889999,3021900,53.385823
2015-06-09,53.400002,53.919998,53.25,53.459999,2862100,52.959845
2015-06-08,53.509998,53.59,53.200001,53.459999,2791700,52.959845
2015-06-05,53.77,53.790001,53.119999,53.439999,3394300,52.940032
2015-06-04,54.150002,54.66,54.119999,54.290001,3265500,53.782082
2015-06-03,55.099998,55.259998,54.099998,54.380001,2655600,53.87124
2015-06-02,55.630001,55.669998,54.82,55.169998,2221200,54.653846
2015-06-01,56.07,56.41,55.75,56.009998,2128500,55.485988
2015-05-29,56.240002,56.450001,55.790001,56.290001,3676900,55.763371
2015-05-28,56.009998,56.330002,55.619999,56.099998,2135800,55.575146
2015-05-27,55.490002,56.139999,55.290001,56.060001,2492900,55.535523
2015-05-26,55.599998,55.639999,54.919998,55.330002,2031900,54.812353
2015-05-22,55.610001,55.810001,55.259998,55.650002,1617900,55.129359
2015-05-21,55.91,56.049999,55.540001,55.810001,2026200,55.287862
2015-05-20,55.759998,56.27,55.720001,55.919998,1748800,55.396829
2015-05-19,55.599998,56.099998,55.43,55.799999,1766600,55.277953
2015-05-18,55.360001,56.040001,55.34,55.880001,1974500,55.357207
2015-05-15,55.32,55.740002,55.130001,55.599998,2144400,55.079824
2015-05-14,54.560001,55.310001,54.549999,55.099998,2306400,54.584501
2015-05-13,55.049999,55.369999,54.060001,54.279999,2949200,53.772173
2015-05-12,55.080002,55.16,54.57,54.950001,2906700,54.435907
2015-05-11,55.630001,56.169998,55.290001,55.43,1606900,54.911416
2015-05-08,55.799999,56.27,55.540001,55.799999,2179300,55.277953
2015-05-07,55.240002,55.720001,55.029999,55.259998,2180200,54.743004
2015-05-06,55.48,55.689999,54.360001,54.959999,2998700,54.445812
2015-05-05,57.130001,57.169998,55.830002,55.900002,4733200,54.851976
2015-05-04,57.040001,57.720001,56.919998,57.360001,2231000,56.284602
2015-05-01,56.849998,57.18,56.529999,57.029999,2385700,55.960788
2015-04-30,57.540001,57.610001,56.419998,56.869999,3815700,55.803787
2015-04-29,57.509998,58.029999,57.209999,57.790001,4065000,56.706541
2015-04-28,57.389999,58.110001,57.18,58.080002,3114200,56.991105
2015-04-27,58.07,58.110001,57.650002,57.709999,3458100,56.628039
2015-04-24,57.150002,58.349998,57.040001,57.880001,4012500,56.794854
2015-04-23,56.84,57.119999,56.330002,56.900002,2776200,55.833228
2015-04-22,56.18,56.25,55.669998,56.139999,2305100,55.087474
2015-04-21,56.669998,57.07,55.77,55.970001,1958900,54.920663
2015-04-20,55.849998,57.09,55.84,56.630001,2408500,55.568289
