Date,Open,High,Low,Close,Volume,Adj Close
2015-10-09,108.970001,110.959999,108.849998,109.18,1995000,109.18
2015-10-08,109.540001,109.93,107.989998,109.610001,1458900,109.610001
2015-10-07,109.050003,109.790001,107.019997,109.559998,2760400,109.559998
2015-10-06,113.360001,113.470001,107.839996,108.830002,3279400,108.830002
2015-10-05,113.959999,114.730003,111.699997,113.040001,1828500,113.040001
2015-10-02,108.809998,113.18,107.650002,113.110001,2706500,113.110001
2015-10-01,109.209999,110.419998,107.00,109.940002,2695400,109.940002
2015-09-30,107.980003,110.480003,107.50,109.410004,3942200,109.410004
2015-09-29,105.360001,107.93,103.790001,106.309998,3945500,106.309998
2015-09-28,111.889999,111.919998,104.300003,105.300003,5725400,105.300003
2015-09-25,117.459999,117.459999,111.129997,112.019997,3570200,112.019997
2015-09-24,118.080002,118.25,114.459999,116.440002,2396300,116.440002
2015-09-23,118.099998,119.489998,117.209999,118.82,1996700,118.82
2015-09-22,117.139999,119.370003,116.029999,118.120003,2369300,118.120003
2015-09-21,117.209999,119.75,116.349998,118.82,2426900,118.82
2015-09-18,117.019997,118.18,115.900002,116.150002,2708500,116.150002
2015-09-17,117.650002,119.540001,116.730003,117.760002,1706100,117.760002
2015-09-16,117.790001,118.360001,116.139999,117.580002,1771300,117.580002
2015-09-15,116.900002,117.93,115.849998,117.57,1384000,117.57
2015-09-14,118.809998,118.860001,115.989998,116.389999,1812400,116.389999
2015-09-11,115.410004,117.93,115.269997,117.889999,1826300,117.889999
2015-09-10,116.730003,118.980003,115.879997,116.190002,2785100,116.190002
2015-09-09,119.599998,119.849998,116.879997,117.230003,2289500,117.230003
2015-09-08,116.239998,118.370003,115.449997,118.139999,3096500,118.139999
2015-09-04,113.599998,114.419998,112.790001,113.470001,2175400,113.470001
2015-09-03,114.080002,116.550003,113.760002,115.18,2563700,115.18
2015-09-02,112.75,113.599998,111.18,113.559998,2239900,113.559998
2015-09-01,112.199997,114.209999,110.889999,111.550003,2920100,111.550003
2015-08-31,116.669998,118.160004,114.360001,114.519997,2591400,114.519997
2015-08-28,117.610001,118.110001,116.019997,116.860001,1681700,116.860001
2015-08-27,115.75,117.889999,114.410004,117.779999,3640200,117.779999
2015-08-26,112.879997,115.739998,112.349998,115.419998,4357400,115.419998
2015-08-25,114.190002,115.949997,110.50,110.50,4448000,110.50
2015-08-24,108.029999,112.00,93.510002,110.510002,4981600,110.510002
2015-08-21,117.949997,118.779999,115.489998,115.510002,3103900,115.510002
2015-08-20,121.139999,121.910004,118.18,118.529999,3395400,118.529999
2015-08-19,123.43,123.50,120.82,122.18,3382600,122.18
2015-08-18,123.029999,125.470001,122.800003,124.209999,2837300,124.209999
2015-08-17,120.059998,123.790001,119.889999,123.040001,3113300,123.040001
2015-08-14,117.93,120.959999,117.82,120.660004,3096400,120.660004
2015-08-13,117.620003,118.669998,117.00,118.25,1855600,118.25
2015-08-12,117.50,118.00,115.419998,117.300003,2828500,117.300003
2015-08-11,116.25,119.489998,116.18,118.349998,3416000,118.349998
2015-08-10,116.910004,117.489998,116.260002,117.089996,1647900,117.089996
2015-08-07,116.080002,116.809998,115.050003,116.389999,1565800,116.389999
2015-08-06,118.199997,118.589996,115.940002,116.400002,2710100,116.400002
2015-08-05,116.589996,118.760002,115.440002,118.07,4294100,118.07
2015-08-04,115.989998,117.099998,112.239998,115.190002,4230700,115.190002
2015-08-03,113.550003,114.720001,112.50,113.790001,3014100,113.790001
2015-07-31,114.629997,114.980003,112.690002,112.970001,2874200,112.970001
2015-07-30,114.360001,114.639999,112.360001,114.150002,2650200,114.150002
2015-07-29,112.519997,112.940002,111.120003,112.599998,2665400,112.599998
2015-07-28,110.809998,112.370003,109.900002,112.309998,3173000,112.309998
2015-07-27,109.269997,110.550003,107.949997,110.230003,3781000,110.230003
2015-07-24,111.620003,111.949997,109.730003,110.00,3223400,110.00
2015-07-23,114.160004,114.239998,111.57,112.050003,2854000,112.050003
2015-07-22,111.50,114.230003,111.019997,113.879997,4433900,113.879997
2015-07-21,111.50,112.559998,109.110001,111.550003,3933700,111.550003
2015-07-20,113.129997,113.139999,111.040001,111.599998,2890400,111.599998
2015-07-17,112.760002,113.480003,111.260002,112.919998,4297700,112.919998
2015-07-16,115.660004,115.959999,112.809998,112.910004,4819400,112.910004
2015-07-15,115.790001,117.010002,114.919998,115.480003,2915600,115.480003
2015-07-14,113.300003,115.970001,113.209999,115.75,3266700,115.75
2015-07-13,115.900002,116.269997,112.370003,114.019997,5353900,113.769995
2015-07-10,114.019997,114.800003,112.57,114.599998,4734700,114.348725
2015-07-09,115.730003,116.510002,112.559998,112.669998,5282400,112.422956
2015-07-08,114.879997,115.93,112.669998,112.669998,5307900,112.422956
2015-07-07,117.720001,118.199997,112.639999,115.330002,9847000,115.077127
2015-07-06,117.809998,120.760002,115.559998,117.43,16434100,117.172521
2015-07-02,129.410004,129.740005,125.449997,125.510002,3168500,125.234807
2015-07-01,128.949997,129.360001,127.25,128.899994,2452300,128.617366
2015-06-30,128.320007,128.710007,127.25,127.459999,2397500,127.180528
2015-06-29,128.589996,129.479996,127.040001,127.279999,3185600,127.000923
2015-06-26,132.830002,134.399994,130.050003,130.050003,5583300,129.764853
2015-06-25,127.660004,133.050003,126.730003,132.600006,8858700,132.309265
2015-06-24,127.099998,128.639999,125.900002,127.510002,8226400,127.230422
2015-06-23,128.289993,128.75,126.470001,128.199997,6173300,127.918904
2015-06-22,127.910004,130.169998,127.599998,128.050003,7391400,127.769239
2015-06-19,124.370003,124.669998,123.849998,124.07,2070300,123.797962
2015-06-18,124.059998,125.389999,124.019997,124.50,2122900,124.227019
2015-06-17,125.769997,126.839996,123.449997,123.860001,2797600,123.588423
2015-06-16,124.879997,128.649994,123.120003,124.970001,6827900,124.69599
2015-06-15,115.309998,124.199997,114.75,121.010002,6380900,120.744674
2015-06-12,117.230003,117.449997,115.760002,115.870003,1746000,115.615944
2015-06-11,118.209999,118.589996,117.730003,117.949997,1674900,117.691378
2015-06-10,117.080002,118.529999,116.980003,117.940002,1590200,117.681405
2015-06-09,116.349998,117.489998,115.940002,117.239998,2060400,116.982936
2015-06-08,117.00,117.800003,115.980003,116.00,1350100,115.745656
2015-06-05,115.580002,117.160004,115.010002,116.860001,1441400,116.603771
2015-06-04,116.010002,116.949997,115.449997,115.980003,1908800,115.725704
2015-06-03,117.870003,118.139999,115.760002,116.949997,3102200,116.69357
2015-06-02,119.239998,119.50,116.889999,117.330002,2630000,117.072742
2015-06-01,118.059998,120.190002,117.910004,119.620003,3900700,119.357722
2015-05-29,116.470001,120.150002,114.470001,117.970001,5255400,117.711338
2015-05-28,115.349998,116.559998,114.980003,116.389999,1903100,116.134801
2015-05-27,115.00,115.839996,114.040001,115.209999,1481500,114.957388
2015-05-26,114.699997,114.839996,113.730003,113.879997,1698700,113.630302
2015-05-22,114.309998,115.760002,113.889999,114.519997,1740100,114.268898
2015-05-21,114.00,114.860001,113.800003,114.690002,1089900,114.438531
2015-05-20,114.120003,114.760002,113.720001,114.400002,1753200,114.149166
2015-05-19,113.989998,114.620003,113.809998,114.089996,1272900,113.839841
2015-05-18,112.610001,113.889999,112.150002,113.730003,1516900,113.480637
2015-05-15,111.970001,112.75,111.57,112.739998,1641100,112.492802
2015-05-14,110.889999,111.559998,110.599998,111.480003,1203900,111.23557
2015-05-13,110.169998,111.00,109.660004,109.790001,1589200,109.549274
2015-05-12,108.730003,111.120003,108.660004,110.080002,1638600,109.838639
2015-05-11,109.150002,110.279999,109.010002,109.300003,1090600,109.06035
2015-05-08,108.849998,109.830002,108.620003,109.260002,1279500,109.020437
2015-05-07,107.00,108.720001,107.00,107.889999,1415100,107.653438
2015-05-06,107.989998,108.339996,106.629997,107.370003,1210200,107.134582
2015-05-05,108.599998,108.849998,106.870003,107.199997,1922600,106.964948
2015-05-04,108.68,109.82,108.550003,109.190002,1819000,108.950591
2015-05-01,107.860001,108.550003,107.150002,108.470001,1885800,108.232168
2015-04-30,108.00,108.709999,106.68,106.870003,3162900,106.635678
2015-04-29,109.949997,110.50,106.730003,108.010002,2771600,107.773178
2015-04-28,108.809998,111.080002,106.720001,110.379997,3546800,110.137976
2015-04-27,109.059998,109.360001,106.790001,106.919998,2134400,106.685564
2015-04-24,108.599998,109.010002,108.230003,108.82,1267500,108.581399
2015-04-23,107.800003,109.099998,107.519997,108.900002,1150600,108.661226
2015-04-22,108.330002,108.75,107.239998,107.949997,2347100,107.713304
2015-04-21,107.690002,108.629997,107.57,108.360001,1537500,108.122409
2015-04-20,108.160004,108.68,107.190002,107.25,1381700,107.014842
2015-04-17,108.519997,108.790001,106.769997,107.720001,1766800,107.483813
2015-04-16,108.220001,109.650002,108.220001,109.43,2874200,109.190062
2015-04-15,108.559998,108.57,105.440002,106.080002,2528600,105.847409
2015-04-14,107.919998,108.230003,107.00,107.879997,1025600,107.643458
2015-04-13,108.129997,109.139999,107.660004,107.690002,1247400,107.45388
