Date,Open,High,Low,Close,Volume,Adj Close
2015-10-15,70.510002,71.169998,70.309998,71.169998,179500,71.169998
2015-10-14,71.129997,71.400002,70.099998,70.169998,182600,70.169998
2015-10-13,71.089996,71.790001,70.959999,71.00,192400,71.00
2015-10-12,71.209999,71.669998,71.00,71.449997,165400,71.169997
2015-10-09,71.00,71.360001,70.870003,71.139999,287500,70.861214
2015-10-08,69.970001,71.040001,69.970001,70.919998,470200,70.642075
2015-10-07,70.300003,70.580002,69.900002,69.989998,454300,69.715719
2015-10-06,70.110001,70.349998,69.830002,69.980003,183800,69.705764
2015-10-05,69.720001,70.360001,69.480003,70.260002,334300,69.984665
2015-10-02,67.849998,69.279999,67.389999,69.279999,326800,69.008502
2015-10-01,68.779999,69.050003,68.18,68.650002,330400,68.380974
2015-09-30,69.379997,69.68,68.620003,68.910004,323400,68.639957
2015-09-29,68.739998,68.870003,68.470001,68.739998,258600,68.470618
2015-09-28,69.089996,69.239998,68.540001,68.730003,259300,68.460662
2015-09-25,69.769997,69.949997,69.18,69.519997,433400,69.24756
2015-09-24,68.860001,69.449997,68.790001,69.279999,214000,69.008502
2015-09-23,69.209999,69.459999,68.910004,69.199997,211500,68.928814
2015-09-22,69.00,69.309998,68.68,68.980003,227900,68.709683
2015-09-21,69.580002,70.050003,69.440002,69.709999,210300,69.436818
2015-09-18,68.949997,69.470001,68.75,68.889999,831500,68.620031
2015-09-17,70.110001,70.470001,69.57,69.660004,353300,69.387018
2015-09-16,69.919998,70.139999,69.57,70.050003,399100,69.775489
2015-09-15,69.550003,70.010002,69.43,69.709999,239200,69.436818
2015-09-14,69.610001,69.610001,69.230003,69.360001,171000,69.088191
2015-09-11,68.980003,69.730003,68.82,69.57,265700,69.297367
2015-09-10,69.230003,69.879997,69.029999,69.220001,281200,68.94874
2015-09-09,70.220001,70.330002,69.07,69.25,317800,68.978621
2015-09-08,69.260002,69.809998,68.900002,69.709999,431600,69.436818
2015-09-04,68.169998,68.599998,67.900002,68.339996,409500,68.072184
2015-09-03,68.830002,69.25,68.519997,68.959999,223200,68.689757
2015-09-02,68.459999,68.669998,67.910004,68.650002,261400,68.380974
2015-09-01,67.879997,68.470001,67.690002,67.709999,379600,67.444655
2015-08-31,69.120003,69.269997,68.809998,69.059998,192100,68.789363
2015-08-28,69.190002,69.50,68.239998,69.379997,213100,69.108109
2015-08-27,68.849998,69.870003,68.199997,69.739998,498300,69.466699
2015-08-26,68.769997,68.769997,67.370003,68.220001,583400,67.952659
2015-08-25,69.599998,69.800003,67.379997,67.449997,425700,67.185672
2015-08-24,67.660004,68.790001,66.199997,68.290001,769100,68.022384
2015-08-21,71.279999,71.720001,70.599998,70.629997,406200,70.353211
2015-08-20,72.940002,73.18,71.949997,71.970001,377700,71.687963
2015-08-19,73.239998,73.650002,72.690002,73.370003,518000,73.082478
2015-08-18,73.209999,73.290001,72.830002,73.120003,165100,72.833458
2015-08-17,72.699997,73.220001,72.199997,73.220001,199100,72.933065
2015-08-14,72.360001,73.00,72.190002,72.949997,276700,72.664119
2015-08-13,71.900002,72.589996,71.769997,72.290001,235200,72.006709
2015-08-12,71.260002,72.010002,70.93,72.010002,294400,71.727807
2015-08-11,71.519997,71.889999,71.419998,71.800003,260200,71.518631
2015-08-10,71.599998,72.010002,71.599998,71.790001,284600,71.508668
2015-08-07,70.690002,71.290001,70.440002,71.290001,309300,71.010628
2015-08-06,70.760002,70.949997,70.260002,70.809998,469900,70.532505
2015-08-05,69.720001,70.760002,68.900002,70.629997,586600,70.353211
2015-08-04,69.00,69.32,68.889999,69.120003,222300,68.849133
2015-08-03,69.029999,69.300003,68.68,69.129997,222500,68.859089
2015-07-31,69.620003,69.760002,68.910004,68.949997,195800,68.679794
2015-07-30,68.919998,69.550003,68.620003,69.349998,205200,69.078228
2015-07-29,67.809998,69.389999,67.809998,69.18,523200,68.908896
2015-07-28,67.599998,67.940002,67.330002,67.830002,402000,67.564188
2015-07-27,67.150002,67.790001,66.970001,67.400002,234700,67.135873
2015-07-24,67.440002,67.910004,67.339996,67.580002,275200,67.315168
2015-07-23,68.099998,68.18,67.339996,67.459999,245700,67.195635
2015-07-22,68.099998,68.540001,67.870003,68.00,166000,67.73352
2015-07-21,67.93,68.559998,67.760002,68.099998,255000,67.833126
2015-07-20,68.040001,68.129997,67.599998,67.809998,184700,67.544262
2015-07-17,68.239998,68.239998,67.639999,68.010002,133800,67.743483
2015-07-16,68.230003,68.279999,67.900002,68.18,210900,67.912815
2015-07-15,67.839996,67.989998,67.059998,67.860001,192700,67.594069
2015-07-14,67.610001,67.889999,67.290001,67.75,241300,67.484499
2015-07-13,67.82,68.169998,67.080002,67.599998,352900,67.335086
2015-07-10,67.25,67.650002,66.93,67.57,382900,67.056185
2015-07-09,67.199997,67.199997,66.349998,66.589996,306200,66.083634
2015-07-08,66.410004,66.989998,66.019997,66.400002,349400,65.895084
2015-07-07,66.540001,67.080002,66.220001,67.080002,374000,66.569913
2015-07-06,65.760002,66.589996,65.43,66.559998,371900,66.053863
2015-07-02,66.669998,66.790001,66.220001,66.239998,289100,65.736297
2015-07-01,67.900002,67.900002,65.830002,66.639999,568700,66.133257
2015-06-30,65.43,65.739998,64.980003,65.040001,477900,64.545425
2015-06-29,65.07,65.650002,64.809998,64.870003,407900,64.376719
2015-06-26,65.839996,66.209999,65.730003,65.769997,771600,65.26987
2015-06-25,66.150002,66.449997,65.690002,65.760002,310200,65.259951
2015-06-24,66.410004,66.720001,66.080002,66.099998,296200,65.597362
2015-06-23,66.25,66.519997,66.220001,66.510002,420000,66.004248
2015-06-22,66.290001,66.379997,65.839996,66.18,374300,65.676756
2015-06-19,66.150002,66.650002,65.830002,65.830002,513500,65.329419
2015-06-18,66.18,66.699997,65.940002,66.379997,322100,65.875232
2015-06-17,66.099998,66.309998,65.779999,65.970001,281700,65.468353
2015-06-16,65.080002,66.120003,65.080002,65.919998,292300,65.418731
2015-06-15,64.720001,65.32,64.540001,65.239998,290700,64.743901
2015-06-12,65.269997,65.330002,64.879997,65.25,145800,64.753827
2015-06-11,64.739998,65.470001,64.739998,65.470001,246200,64.972155
2015-06-10,63.700001,64.900002,63.689999,64.639999,444000,64.148465
2015-06-09,63.419998,63.75,63.380001,63.529999,351500,63.046905
2015-06-08,63.959999,64.169998,63.529999,63.560001,239000,63.07668
2015-06-05,64.080002,64.230003,63.549999,63.889999,232400,63.404168
2015-06-04,64.089996,64.279999,63.580002,63.889999,188800,63.404168
2015-06-03,63.900002,64.519997,63.720001,64.339996,212500,63.850743
2015-06-02,63.380001,64.120003,62.990002,63.900002,296700,63.414094
2015-06-01,63.619999,63.900002,63.360001,63.57,231100,63.086602
2015-05-29,63.790001,63.790001,63.32,63.50,253800,63.017134
2015-05-28,63.529999,63.889999,63.48,63.880001,154300,63.394246
2015-05-27,63.139999,63.740002,63.09,63.68,284300,63.195766
2015-05-26,63.419998,63.650002,63.029999,63.130001,317700,62.649949
2015-05-22,64.040001,64.309998,63.869999,63.869999,125500,63.38432
2015-05-21,64.43,64.769997,64.199997,64.269997,156700,63.781276
2015-05-20,64.519997,64.809998,64.099998,64.620003,148600,64.12862
2015-05-19,64.269997,64.730003,64.010002,64.510002,162300,64.019456
2015-05-18,63.720001,64.400002,63.560001,64.309998,132100,63.820973
2015-05-15,64.220001,64.220001,63.77,63.869999,160500,63.38432
2015-05-14,64.00,64.18,63.50,64.139999,161600,63.652267
2015-05-13,63.599998,63.880001,63.349998,63.57,165700,63.086602
2015-05-12,63.389999,63.650002,63.049999,63.419998,235900,62.937741
2015-05-11,64.00,64.139999,63.580002,63.73,257000,63.245385
2015-05-08,64.080002,64.129997,63.68,64.050003,161600,63.562955
2015-05-07,63.509998,63.860001,62.990002,63.779999,220000,63.295004
2015-05-06,63.450001,63.52,62.98,63.470001,200000,62.987364
2015-05-05,63.470001,63.959999,63.16,63.299999,287100,62.818655
2015-05-04,63.880001,63.880001,63.540001,63.68,256800,63.195766
2015-05-01,63.459999,63.759998,63.16,63.549999,221100,63.066753
2015-04-30,63.77,63.990002,63.110001,63.200001,344400,62.719416
2015-04-29,64.139999,64.400002,63.759998,63.779999,275500,63.295004
2015-04-28,63.959999,64.650002,63.529999,64.599998,306000,64.108768
2015-04-27,64.93,65.32,63.91,64.110001,278600,63.622497
2015-04-24,64.730003,65.129997,64.419998,64.93,188500,64.436261
2015-04-23,64.489998,64.940002,64.330002,64.720001,159300,64.227859
2015-04-22,64.470001,64.540001,63.799999,64.510002,192500,64.019456
2015-04-21,65.139999,65.290001,64.379997,64.529999,288200,64.039301
2015-04-20,64.989998,65.239998,64.800003,65.00,198000,64.505728
