Date,Open,High,Low,Close,Volume,Adj Close
2015-10-16,44.849998,44.849998,43.880001,44.240002,1043200,44.240002
2015-10-15,45.330002,45.43,43.869999,44.709999,1396800,44.709999
2015-10-14,45.529999,45.93,44.959999,45.450001,933500,45.450001
2015-10-13,45.950001,46.07,45.07,45.610001,1637900,45.610001
2015-10-12,47.049999,47.34,45.98,46.310001,864200,46.310001
2015-10-09,47.720001,47.98,46.779999,47.009998,910200,47.009998
2015-10-08,46.080002,47.709999,46.07,47.580002,850600,47.580002
2015-10-07,46.48,47.009998,45.220001,46.299999,1328800,46.299999
2015-10-06,45.700001,46.459999,45.48,46.259998,1654700,46.259998
2015-10-05,44.349998,45.860001,44.18,45.779999,1631700,45.779999
2015-10-02,42.490002,44.040001,41.91,44.02,1612100,44.02
2015-10-01,44.950001,45.389999,43.110001,43.830002,3221800,43.830002
2015-09-30,46.830002,47.139999,46.150002,46.630001,1771600,46.630001
2015-09-29,45.669998,46.41,45.50,46.360001,1188900,46.360001
2015-09-28,45.619999,45.869999,45.00,45.599998,1424700,45.599998
2015-09-25,45.009998,46.689999,44.959999,45.889999,1912800,45.889999
2015-09-24,43.77,45.200001,43.209999,44.950001,2119400,44.950001
2015-09-23,45.68,45.75,44.790001,44.84,1245400,44.84
2015-09-22,45.18,45.799999,44.650002,45.66,1362200,45.66
2015-09-21,45.959999,46.16,45.380001,45.790001,914500,45.790001
2015-09-18,46.130001,46.220001,45.25,45.66,2410400,45.66
2015-09-17,47.25,47.360001,46.57,46.689999,1187800,46.689999
2015-09-16,48.27,48.470001,47.150002,47.459999,1391600,47.459999
2015-09-15,47.50,48.23,47.25,48.139999,859000,48.139999
2015-09-14,47.41,47.700001,46.849998,47.34,730800,47.34
2015-09-11,48.029999,48.279999,47.18,47.400002,969300,47.400002
2015-09-10,48.349998,48.650002,47.880001,48.459999,1054000,48.459999
2015-09-09,48.779999,49.490002,48.330002,48.439999,970900,48.439999
2015-09-08,48.41,48.599998,47.939999,48.459999,919000,48.459999
2015-09-04,48.110001,48.330002,47.529999,47.57,872800,47.57
2015-09-03,47.689999,48.700001,47.450001,48.560001,1041000,48.560001
2015-09-02,47.720001,47.91,47.119999,47.91,1079900,47.91
2015-09-01,48.029999,48.200001,46.950001,47.259998,1575300,47.259998
2015-08-31,48.73,49.68,48.310001,49.040001,914500,49.040001
2015-08-28,48.32,49.080002,48.290001,48.900002,914400,48.900002
2015-08-27,47.59,48.98,47.369999,48.66,1108400,48.66
2015-08-26,47.25,47.389999,46.419998,47.09,1108800,47.09
2015-08-25,47.98,48.080002,46.259998,46.290001,1589700,46.290001
2015-08-24,46.23,48.720001,45.279999,46.82,1965200,46.82
2015-08-21,50.759998,51.040001,48.82,48.84,2116200,48.84
2015-08-20,51.880001,52.360001,51.66,51.66,1662800,51.66
2015-08-19,53.00,53.009998,51.740002,52.040001,1111700,52.040001
2015-08-18,53.540001,53.77,52.900002,53.220001,860800,53.220001
2015-08-17,54.310001,54.330002,53.060001,53.720001,1171200,53.720001
2015-08-14,54.490002,54.740002,54.029999,54.66,1043500,54.66
2015-08-13,54.75,54.919998,53.84,54.310001,1049300,54.310001
2015-08-12,56.810001,56.810001,54.139999,54.93,1638100,54.93
2015-08-11,57.18,57.630001,56.720001,57.080002,556800,56.960002
2015-08-10,57.139999,57.900002,56.830002,57.869999,874500,57.748338
2015-08-07,56.18,57.150002,56.029999,56.93,1281100,56.810315
2015-08-06,55.740002,56.349998,55.209999,56.240002,1015900,56.121767
2015-08-05,54.849998,56.00,54.849998,55.740002,929500,55.622819
2015-08-04,54.669998,55.150002,54.200001,54.470001,554600,54.355488
2015-08-03,54.970001,55.040001,54.040001,54.599998,831400,54.485212
2015-07-31,55.049999,55.110001,54.560001,55.009998,868300,54.89435
2015-07-30,54.52,55.040001,53.970001,54.880001,1041600,54.764626
2015-07-29,52.32,55.02,52.32,54.889999,2345600,54.774603
2015-07-28,53.50,54.189999,50.259998,52.240002,3723400,52.130177
2015-07-27,52.209999,52.450001,51.529999,51.759998,1395100,51.651182
2015-07-24,53.18,53.18,52.259998,52.299999,1296700,52.190048
2015-07-23,53.560001,53.82,52.419998,53.200001,1274300,53.088158
2015-07-22,53.27,54.02,52.93,53.740002,757100,53.627023
2015-07-21,53.77,54.349998,53.330002,53.48,844300,53.367568
2015-07-20,54.220001,54.400002,53.700001,54.009998,505600,53.896452
2015-07-17,54.91,54.91,53.810001,54.200001,996000,54.086055
2015-07-16,55.02,55.18,54.650002,54.939999,1152000,54.824497
2015-07-15,54.919998,55.400002,54.439999,54.560001,1021400,54.445299
2015-07-14,54.700001,54.84,54.169998,54.59,691400,54.475235
2015-07-13,54.709999,55.00,54.189999,54.650002,814400,54.53511
2015-07-10,54.380001,54.43,53.52,53.970001,740000,53.856539
2015-07-09,54.23,54.50,53.439999,53.439999,760600,53.327651
2015-07-08,53.91,54.00,53.32,53.599998,1095500,53.487314
2015-07-07,54.349998,54.349998,53.470001,54.25,1341200,54.135949
2015-07-06,54.779999,55.290001,54.310001,54.52,1299000,54.405382
2015-07-02,55.470001,55.959999,54.98,55.23,954600,55.113889
2015-07-01,56.919998,56.939999,54.860001,55.25,2019200,55.133847
2015-06-30,55.959999,57.259998,55.470001,56.779999,1927100,56.660629
2015-06-29,55.509998,56.689999,55.419998,55.610001,1274900,55.493091
2015-06-26,54.540001,56.619999,54.279999,56.330002,2577300,56.211578
2015-06-25,54.599998,54.84,54.23,54.380001,1030300,54.265677
2015-06-24,54.830002,55.18,54.490002,54.75,1017500,54.634898
2015-06-23,54.98,56.07,54.970001,55.07,959500,54.954225
2015-06-22,53.799999,55.040001,53.790001,54.970001,2041500,54.854437
2015-06-19,52.630001,53.68,52.34,52.68,1924900,52.56925
2015-06-18,51.439999,51.990002,51.169998,51.700001,586200,51.591311
2015-06-17,51.650002,52.040001,51.279999,51.450001,699800,51.341837
2015-06-16,51.16,51.400002,51.00,51.349998,715900,51.242045
2015-06-15,50.790001,51.34,50.400002,51.139999,801300,51.032487
2015-06-12,51.290001,51.57,50.939999,51.130001,650000,51.02251
2015-06-11,51.57,51.810001,51.169998,51.41,783100,51.30192
2015-06-10,51.50,52.040001,51.34,51.549999,625600,51.441625
2015-06-09,51.16,51.91,50.849998,51.189999,1063100,51.082381
2015-06-08,51.00,51.25,51.00,51.02,542500,50.91274
2015-06-05,50.66,51.110001,50.169998,51.09,458400,50.982593
2015-06-04,50.59,51.119999,50.27,50.880001,621400,50.773035
2015-06-03,50.759998,51.200001,50.50,50.889999,515300,50.783013
2015-06-02,50.32,50.84,50.09,50.599998,960100,50.493621
2015-06-01,50.990002,51.02,49.860001,50.349998,968000,50.244147
2015-05-29,51.450001,51.470001,50.669998,50.779999,994700,50.673243
2015-05-28,51.610001,51.669998,51.080002,51.57,758900,51.461583
2015-05-27,51.599998,52.029999,51.43,51.830002,610300,51.721039
2015-05-26,51.509998,51.549999,51.029999,51.459999,785600,51.351814
2015-05-22,52.00,52.41,51.68,51.860001,626700,51.750975
2015-05-21,51.25,52.130001,51.25,51.93,909300,51.820827
2015-05-20,51.139999,51.330002,50.709999,51.150002,820500,51.042468
2015-05-19,50.939999,51.200001,50.34,51.16,969700,51.052445
2015-05-18,51.00,51.200001,50.490002,50.990002,804900,50.882805
2015-05-15,51.77,51.77,50.720001,51.139999,1349800,51.032487
2015-05-14,51.650002,52.169998,51.310001,51.939999,572000,51.830804
2015-05-13,51.029999,51.709999,50.91,51.43,710600,51.321878
2015-05-12,51.139999,51.369999,50.790001,51.00,648400,50.773034
2015-05-11,51.00,51.470001,50.939999,51.290001,942000,51.061744
2015-05-08,51.310001,51.41,50.869999,50.959999,1407200,50.733211
2015-05-07,51.02,51.02,50.330002,50.889999,1215600,50.663523
2015-05-06,51.439999,51.459999,50.860001,51.23,737300,51.00201
2015-05-05,51.450001,51.970001,50.91,51.07,927400,50.842722
2015-05-04,51.650002,51.889999,51.389999,51.549999,877500,51.320585
2015-05-01,51.900002,52.419998,51.34,51.759998,1226600,51.52965
2015-04-30,51.50,51.900002,51.080002,51.509998,1630000,51.280762
2015-04-29,49.900002,51.84,49.779999,51.580002,2411000,51.350454
2015-04-28,49.040001,50.419998,47.619999,50.00,4233400,49.777484
2015-04-27,48.369999,48.98,48.23,48.43,2049100,48.214471
2015-04-24,48.389999,48.91,48.119999,48.310001,1323500,48.095006
2015-04-23,48.57,49.209999,48.450001,48.869999,1101400,48.652512
2015-04-22,48.369999,48.52,47.970001,48.16,1039900,47.945672
2015-04-21,48.959999,49.07,47.889999,48.32,916600,48.10496
2015-04-20,48.23,48.82,47.880001,48.740002,1265100,48.523093
