Date,Open,High,Low,Close,Volume,Adj Close
2015-10-16,277.00,278.859985,273.769989,278.130005,2841500,278.130005
2015-10-15,262.899994,274.130005,261.170013,274.079987,3959200,274.079987
2015-10-14,265.769989,273.00,262.339996,269.309998,4045300,269.309998
2015-10-13,271.480011,277.950012,261.630005,262.049988,3682800,262.049988
2015-10-12,273.75,274.769989,269.00,273.399994,2306100,273.399994
2015-10-09,276.809998,280.670013,272.50,274.839996,3789900,274.839996
2015-10-08,268.670013,277.869995,265.51001,276.160004,3983200,276.160004
2015-10-07,269.660004,277.149994,266.690002,268.98999,5721800,268.98999
2015-10-06,276.640015,282.00,262.790009,272.880005,5948500,272.880005
2015-10-05,288.880005,289.50,272.640015,278.579987,4972500,278.579987
2015-10-02,278.119995,288.769989,275.01001,288.00,4789800,288.00
2015-10-01,270.600006,282.980011,266.089996,282.350006,4727600,282.350006
2015-09-30,258.470001,273.059998,256.709991,271.809998,6868000,271.809998
2015-09-29,254.50,263.799988,245.320007,252.100006,8738500,252.100006
2015-09-28,274.140015,276.450012,247.740005,254.869995,10330300,254.869995
2015-09-25,292.070007,293.559998,273.649994,279.029999,4921000,279.029999
2015-09-24,286.450012,291.380005,279.600006,290.559998,3576400,290.559998
2015-09-23,287.76001,294.00,285.549988,286.609985,2496000,286.609985
2015-09-22,282.829987,292.50,281.50,287.76001,4928700,287.76001
2015-09-21,297.50,300.980011,282.76001,285.619995,4203100,285.619995
2015-09-18,296.480011,299.320007,292.549988,295.290009,4206800,295.290009
2015-09-17,303.73999,306.649994,295.019989,301.049988,3967100,301.049988
2015-09-16,302.589996,304.959991,300.00,303.73999,1930500,303.73999
2015-09-15,298.429993,304.299988,294.940002,303.73999,1668200,303.73999
2015-09-14,295.98999,296.029999,292.519989,295.959991,1370000,295.959991
2015-09-11,293.600006,295.410004,289.820007,295.23999,1930900,295.23999
2015-09-10,293.75,299.470001,292.880005,293.600006,1684900,293.600006
2015-09-09,303.730011,303.730011,293.769989,294.920013,1401300,294.920013
2015-09-08,298.100006,300.950012,293.75,300.179993,1639400,300.179993
2015-09-04,294.359985,299.869995,290.140015,293.73999,1866200,293.73999
2015-09-03,301.799988,306.23999,296.00,297.440002,1642200,297.440002
2015-09-02,298.839996,302.00,293.00,299.609985,2296800,299.609985
2015-09-01,299.029999,302.98999,292.540009,294.209991,3470200,294.209991
2015-08-31,310.850006,312.640015,301.019989,303.73999,2248800,303.73999
2015-08-28,311.51001,312.420013,305.019989,308.01001,2182900,308.01001
2015-08-27,310.00,315.00,305.48999,312.00,2729900,312.00
2015-08-26,299.769989,306.070007,291.26001,305.980011,2953500,305.980011
2015-08-25,291.820007,308.160004,290.00,290.630005,3473500,290.630005
2015-08-24,280.98999,298.809998,277.829987,291.820007,5229100,291.820007
2015-08-21,301.700012,305.839996,292.040009,298.570007,4658000,298.570007
2015-08-20,316.130005,318.98999,307.390015,307.390015,2631300,307.390015
2015-08-19,317.73999,320.589996,315.00,318.859985,1393800,318.859985
2015-08-18,320.25,325.00,318.429993,320.299988,1458500,320.299988
2015-08-17,315.00,321.600006,312.049988,321.25,1320200,321.25
2015-08-14,315.299988,316.390015,310.109985,314.50,1470700,314.50
2015-08-13,314.00,320.190002,313.149994,315.649994,1729300,315.649994
2015-08-12,316.00,317.329987,305.049988,315.809998,3804300,315.809998
2015-08-11,320.00,321.519989,316.660004,317.48999,1499600,317.48999
2015-08-10,323.630005,325.269989,318.970001,321.910004,1665900,321.910004
2015-08-07,320.200012,321.470001,313.51001,321.049988,3191600,321.049988
2015-08-06,337.00,339.00,319.350006,319.470001,3960500,319.470001
2015-08-05,334.519989,337.089996,332.769989,336.640015,2064400,336.640015
2015-08-04,334.619995,337.950012,330.880005,331.00,2210300,331.00
2015-08-03,334.170013,336.399994,331.200012,334.920013,2469400,334.920013
2015-07-31,328.50,332.480011,326.290009,331.149994,2866600,331.149994
2015-07-30,337.079987,337.48999,328.809998,328.869995,2790300,328.869995
2015-07-29,335.209991,340.339996,335.059998,337.98999,2918800,337.98999
2015-07-28,328.119995,340.00,327.809998,339.50,4074900,339.50
2015-07-27,330.98999,334.380005,324.00,326.980011,9622000,326.980011
2015-07-24,315.619995,315.619995,307.51001,308.209991,1773900,308.209991
2015-07-23,316.130005,317.079987,314.070007,314.950012,1135400,314.950012
2015-07-22,315.00,316.799988,313.700012,315.350006,1003500,315.350006
2015-07-21,317.75,319.059998,312.950012,317.00,1815200,317.00
2015-07-20,316.899994,319.290009,316.320007,317.75,1193700,317.75
2015-07-17,316.839996,316.959991,312.850006,316.209991,1896500,316.209991
2015-07-16,320.130005,322.00,315.50,317.369995,1604600,317.369995
2015-07-15,321.609985,322.440002,317.799988,320.130005,1799500,320.130005
2015-07-14,318.230011,322.049988,316.48999,321.130005,1898300,321.130005
2015-07-13,314.950012,318.459991,314.709991,318.350006,2128600,318.350006
2015-07-10,306.079987,313.070007,305.839996,312.130005,2164300,312.130005
2015-07-09,303.00,305.829987,301.880005,304.100006,1789300,304.100006
2015-07-08,304.940002,305.049988,298.880005,299.670013,1686800,299.670013
2015-07-07,307.579987,308.75,301.869995,307.00,1701200,307.00
2015-07-06,304.170013,308.850006,304.029999,306.700012,1538200,306.700012
2015-07-02,309.190002,309.790009,305.01001,307.51001,1073700,307.51001
2015-07-01,306.859985,310.50,304.399994,306.910004,1709200,306.910004
2015-06-30,301.290009,304.570007,298.799988,303.459991,2006500,303.459991
2015-06-29,302.809998,305.880005,298.149994,299.25,1751800,299.25
2015-06-26,310.23999,310.50,304.130005,306.600006,3346500,306.600006
2015-06-25,309.25,312.00,307.980011,309.149994,1344400,309.149994
2015-06-24,311.980011,314.690002,308.529999,308.660004,1648000,308.660004
2015-06-23,308.200012,312.839996,308.070007,312.320007,2025400,312.320007
2015-06-22,305.00,307.529999,302.019989,307.25,1646300,307.25
2015-06-19,302.00,304.959991,301.320007,302.369995,2169600,302.369995
2015-06-18,299.779999,304.809998,299.220001,302.470001,2120600,302.470001
2015-06-17,299.50,301.399994,296.190002,298.790009,1865300,298.790009
2015-06-16,298.059998,300.899994,297.429993,298.019989,1343900,298.019989
2015-06-15,297.829987,301.980011,295.940002,301.350006,1079500,301.350006
2015-06-12,301.269989,301.559998,297.859985,298.980011,1370800,298.980011
2015-06-11,302.23999,303.119995,300.320007,301.920013,1606100,301.920013
2015-06-10,298.730011,301.869995,296.019989,301.290009,1439300,301.290009
2015-06-09,297.890015,298.679993,294.720001,296.869995,1811700,296.869995
2015-06-08,302.940002,303.26001,298.029999,298.660004,1962300,298.660004
2015-06-05,303.410004,305.899994,301.049988,302.299988,1744100,302.299988
2015-06-04,306.209991,308.23999,301.390015,303.380005,1701200,303.380005
2015-06-03,306.920013,307.399994,303.779999,306.420013,1988100,306.420013
2015-06-02,307.880005,309.899994,305.660004,305.709991,1569400,305.709991
2015-06-01,310.00,311.200012,305.529999,309.160004,1989100,309.160004
2015-05-29,313.700012,314.179993,306.350006,306.809998,2460900,306.809998
2015-05-28,308.459991,315.00,308.410004,313.079987,3942700,313.079987
2015-05-27,300.220001,307.029999,299.869995,306.790009,2983600,306.790009
2015-05-26,301.00,302.559998,299.170013,300.070007,2023000,300.070007
2015-05-22,300.519989,303.709991,299.98999,301.350006,2245700,301.350006
2015-05-21,298.160004,301.769989,296.160004,301.220001,2214800,301.220001
2015-05-20,299.450012,299.579987,297.029999,297.50,1831800,297.50
2015-05-19,295.410004,299.880005,294.809998,298.429993,2446800,298.429993
2015-05-18,297.179993,297.48999,295.00,295.76001,1850800,295.76001
2015-05-15,297.459991,298.980011,295.790009,296.600006,1556400,296.600006
2015-05-14,298.149994,298.309998,294.809998,297.459991,1515500,297.459991
2015-05-13,298.179993,299.440002,294.790009,295.690002,1618000,295.690002
2015-05-12,300.00,301.410004,296.160004,296.790009,2423100,296.790009
2015-05-11,305.769989,305.769989,300.390015,301.73999,4247500,301.73999
2015-05-08,291.880005,295.899994,290.119995,292.820007,2816600,292.820007
2015-05-07,284.00,290.829987,283.51001,287.299988,2389300,287.299988
2015-05-06,287.049988,287.049988,279.73999,283.309998,2439600,283.309998
2015-05-05,290.450012,290.98999,285.00,285.75,1901000,285.75
2015-05-04,290.190002,292.48999,289.089996,289.809998,1732800,289.809998
2015-05-01,285.170013,290.01001,284.679993,289.73999,2628500,289.73999
2015-04-30,287.269989,289.600006,280.140015,282.859985,2818800,282.859985
2015-04-29,286.350006,289.820007,285.00,288.230011,2192800,288.230011
2015-04-28,281.899994,290.160004,280.059998,288.100006,3282000,288.100006
2015-04-27,296.950012,296.980011,284.880005,285.190002,3989600,285.190002
2015-04-24,298.339996,298.76001,295.220001,295.410004,1983500,295.410004
2015-04-23,294.160004,299.209991,294.119995,298.359985,2218000,298.359985
2015-04-22,294.619995,296.029999,291.98999,295.220001,2127700,295.220001
2015-04-21,296.890015,299.519989,294.100006,294.529999,2376200,294.529999
2015-04-20,297.769989,298.940002,293.700012,295.369995,2626700,295.369995
