Date,Open,High,Low,Close,Volume,Adj Close
2015-10-15,42.669998,42.77,42.209999,42.490002,1082500,42.490002
2015-10-14,42.25,42.549999,41.639999,42.450001,1098500,42.450001
2015-10-13,42.490002,42.68,42.240002,42.259998,495600,42.259998
2015-10-12,42.509998,42.720001,42.439999,42.689999,664000,42.689999
2015-10-09,42.540001,42.689999,42.470001,42.560001,763600,42.560001
2015-10-08,42.110001,42.630001,41.919998,42.549999,840500,42.549999
2015-10-07,42.419998,42.619999,41.68,42.189999,1472500,42.189999
2015-10-06,41.919998,42.220001,41.919998,42.130001,1121700,42.130001
2015-10-05,41.91,42.209999,41.799999,42.110001,1399300,42.110001
2015-10-02,40.540001,41.810001,40.540001,41.810001,853800,41.810001
2015-10-01,41.189999,41.349998,40.669998,41.240002,891400,41.240002
2015-09-30,40.91,41.34,40.700001,41.279999,1233700,41.279999
2015-09-29,40.91,41.099998,40.50,40.779999,1419100,40.779999
2015-09-28,41.799999,41.900002,41.040001,41.139999,1226400,41.139999
2015-09-25,42.23,42.41,41.880001,41.990002,1259400,41.990002
2015-09-24,41.849998,41.959999,41.57,41.880001,1266700,41.880001
2015-09-23,42.299999,42.419998,41.919998,42.110001,852600,42.110001
2015-09-22,41.810001,42.330002,41.669998,42.279999,1939800,42.279999
2015-09-21,42.290001,42.439999,42.07,42.330002,1411000,42.330002
2015-09-18,42.02,42.32,41.619999,41.849998,2957600,41.849998
2015-09-17,42.509998,42.91,42.25,42.470001,1199200,42.470001
2015-09-16,42.32,42.610001,42.110001,42.48,909800,42.48
2015-09-15,42.080002,42.360001,41.98,42.259998,882800,42.259998
2015-09-14,41.98,42.16,41.869999,42.009998,1094000,42.009998
2015-09-11,42.009998,42.119999,41.759998,42.00,1087700,42.00
2015-09-10,42.009998,42.43,41.990002,42.099998,952900,42.099998
2015-09-09,42.77,42.990002,42.169998,42.220001,1291900,42.220001
2015-09-08,42.25,42.68,42.00,42.459999,2074300,42.459999
2015-09-04,41.98,42.200001,41.580002,41.669998,1336200,41.669998
2015-09-03,42.470001,42.650002,42.34,42.400002,1585800,42.400002
2015-09-02,42.560001,42.560001,41.880001,42.41,685500,42.41
2015-09-01,42.830002,43.09,42.18,42.330002,1059800,41.960002
2015-08-31,43.790001,43.880001,43.57,43.720001,829700,43.337852
2015-08-28,43.950001,44.209999,43.77,43.869999,999400,43.486538
2015-08-27,43.849998,44.34,43.57,44.240002,882600,43.853307
2015-08-26,43.759998,43.759998,42.549999,43.299999,1458500,42.921521
2015-08-25,43.939999,43.98,42.610001,42.619999,1213600,42.247464
2015-08-24,42.709999,43.990002,39.990002,43.09,1035300,42.713357
2015-08-21,45.889999,46.119999,44.810001,44.810001,1227200,44.418324
2015-08-20,46.75,46.830002,46.330002,46.330002,600500,45.925039
2015-08-19,47.43,47.459999,46.919998,47.119999,421800,46.70813
2015-08-18,47.630001,47.779999,47.52,47.669998,473600,47.253322
2015-08-17,47.07,47.709999,46.869999,47.709999,829400,47.292974
2015-08-14,46.970001,47.310001,46.860001,47.299999,656700,46.886557
2015-08-13,47.099998,47.43,46.889999,47.029999,989100,46.618917
2015-08-12,47.380001,47.439999,46.830002,47.169998,1009000,46.757693
2015-08-11,47.610001,47.84,47.34,47.720001,537600,47.302888
2015-08-10,48.049999,48.220001,47.860001,47.919998,570000,47.501137
2015-08-07,47.369999,47.619999,47.130001,47.599998,446100,47.183934
2015-08-06,47.91,48.119999,47.330002,47.459999,641200,47.045159
2015-08-05,48.060001,48.290001,47.84,47.860001,718400,47.441664
2015-08-04,47.84,48.290001,47.630001,47.84,931800,47.421838
2015-08-03,47.389999,47.91,47.279999,47.91,887400,47.491226
2015-07-31,47.799999,47.830002,47.400002,47.43,990400,47.015422
2015-07-30,47.740002,47.860001,47.560001,47.66,781000,47.243411
2015-07-29,47.119999,48.27,47.119999,47.900002,1510200,47.481315
2015-07-28,47.52,47.529999,47.119999,47.189999,1187600,46.777518
2015-07-27,47.25,47.540001,47.119999,47.349998,684000,46.93612
2015-07-24,47.66,47.860001,47.43,47.43,522100,47.015422
2015-07-23,47.709999,48.040001,47.59,47.669998,755500,47.253322
2015-07-22,47.740002,48.189999,47.709999,47.75,519300,47.332625
2015-07-21,48.200001,48.330002,47.59,47.860001,828100,47.441664
2015-07-20,48.18,48.32,47.959999,48.150002,562000,47.72913
2015-07-17,48.23,48.259998,47.950001,48.220001,848900,47.798518
2015-07-16,48.16,48.189999,47.84,48.189999,677300,47.768777
2015-07-15,48.099998,48.189999,47.860001,47.950001,594900,47.530877
2015-07-14,47.759998,48.139999,47.720001,48.110001,623000,47.689479
2015-07-13,47.860001,47.93,47.700001,47.860001,597300,47.441664
2015-07-10,47.669998,47.73,47.470001,47.580002,510400,47.164113
2015-07-09,47.490002,47.540001,47.200001,47.32,691200,46.906383
2015-07-08,47.110001,47.419998,46.849998,47.099998,1157400,46.688305
2015-07-07,47.419998,47.529999,46.990002,47.50,1025800,47.08481
2015-07-06,47.16,47.50,47.07,47.439999,900400,47.025333
2015-07-02,47.779999,47.799999,47.330002,47.580002,668600,47.164113
2015-07-01,47.889999,47.93,47.580002,47.799999,1068100,47.382187
2015-06-30,47.709999,47.91,47.119999,47.299999,1321700,46.886557
2015-06-29,47.799999,48.009998,47.23,47.259998,944700,46.846906
2015-06-26,48.43,48.619999,48.09,48.169998,2044000,47.748952
2015-06-25,48.860001,48.860001,48.310001,48.43,538700,48.006681
2015-06-24,48.93,49.09,48.639999,48.669998,626000,48.244581
2015-06-23,49.16,49.290001,48.880001,49.060001,887000,48.631176
2015-06-22,49.200001,49.34,48.91,49.040001,610500,48.61135
2015-06-19,49.110001,49.330002,48.950001,49.029999,1482800,48.601435
2015-06-18,49.330002,49.50,49.09,49.220001,1256300,48.789777
2015-06-17,49.099998,49.450001,48.990002,49.330002,751200,48.898816
2015-06-16,48.580002,49.080002,48.139999,49.080002,974900,48.651001
2015-06-15,47.990002,48.610001,47.98,48.580002,979000,48.155372
2015-06-12,48.509998,48.709999,48.400002,48.509998,752800,48.08598
2015-06-11,48.139999,48.639999,48.00,48.639999,1311800,48.214845
2015-06-10,47.700001,48.099998,47.50,48.080002,843600,47.659742
2015-06-09,47.580002,47.650002,47.279999,47.50,797400,47.08481
2015-06-08,47.93,48.080002,47.549999,47.700001,815300,47.283063
2015-06-05,48.040001,48.299999,47.669998,47.889999,858300,47.4714
2015-06-04,48.07,48.299999,47.779999,47.860001,615400,47.441664
2015-06-03,48.18,48.439999,47.860001,48.25,687700,47.828254
2015-06-02,48.490002,48.549999,48.240002,48.360001,702700,47.570527
2015-06-01,48.66,48.91,48.220001,48.549999,896300,47.757424
2015-05-29,48.84,48.849998,48.25,48.450001,5613700,47.659058
2015-05-28,49.080002,49.18,48.610001,48.799999,1061900,48.003342
2015-05-27,49.130001,49.23,48.82,49.09,1133700,48.288609
2015-05-26,49.02,49.200001,48.77,49.09,1492800,48.288609
2015-05-22,49.09,49.34,49.00,49.220001,625900,48.416488
2015-05-21,49.380001,49.459999,49.110001,49.18,870900,48.37714
2015-05-20,48.799999,49.59,48.66,49.50,1490000,48.691916
2015-05-19,48.50,48.830002,48.32,48.700001,1620400,47.904976
2015-05-18,48.060001,48.549999,47.98,48.349998,1652200,47.560688
2015-05-15,48.380001,48.470001,48.009998,48.02,1186400,47.236077
2015-05-14,48.549999,48.549999,48.220001,48.360001,1626400,47.570527
2015-05-13,47.849998,48.400002,47.549999,48.290001,1828100,47.50167
2015-05-12,47.549999,47.959999,47.189999,47.790001,539500,47.009832
2015-05-11,47.68,48.139999,47.650002,47.830002,893100,47.04918
2015-05-08,48.16,48.259998,47.849998,47.860001,801000,47.078689
2015-05-07,47.619999,47.889999,47.389999,47.740002,757100,46.960649
2015-05-06,47.189999,47.52,46.869999,47.50,829900,46.724565
2015-05-05,47.50,47.75,46.849998,47.189999,1714900,46.419625
2015-05-04,47.98,48.110001,47.650002,47.709999,627800,46.931136
2015-05-01,48.009998,48.330002,47.880001,47.919998,608200,47.137707
2015-04-30,48.43,48.470001,47.709999,47.830002,1145100,47.04918
2015-04-29,48.34,48.740002,48.189999,48.549999,1145500,47.757424
2015-04-28,48.450001,48.959999,48.330002,48.669998,1390800,47.875463
2015-04-27,49.060001,49.080002,48.43,48.529999,1211900,47.73775
2015-04-24,47.580002,49.110001,47.540001,49.060001,1855200,48.2591
2015-04-23,47.48,48.02,47.48,47.759998,1004500,46.980319
2015-04-22,47.66,47.709999,47.209999,47.709999,465900,46.931136
2015-04-21,47.98,48.139999,47.400002,47.66,910800,46.881953
2015-04-20,47.75,48.029999,47.709999,47.91,821700,47.127872
