Date,Open,High,Low,Close,Volume,Adj Close
2015-10-09,51.369999,51.880001,50.549999,50.720001,1921700,50.720001
2015-10-08,48.740002,50.990002,48.630001,50.57,1726100,50.57
2015-10-07,47.900002,49.110001,47.669998,48.91,1903300,48.91
2015-10-06,47.810001,48.84,47.540001,47.610001,1637200,47.610001
2015-10-05,46.48,47.610001,46.380001,47.43,1023500,47.43
2015-10-02,44.540001,46.150002,44.32,46.150002,1229300,46.150002
2015-10-01,44.290001,45.23,44.099998,45.169998,1621200,45.169998
2015-09-30,43.029999,44.389999,42.970001,44.099998,1363500,44.099998
2015-09-29,41.52,42.700001,41.50,42.529999,1479700,42.529999
2015-09-28,44.82,44.889999,41.650002,41.779999,1738200,41.779999
2015-09-25,45.48,46.040001,44.799999,45.130001,1426700,45.130001
2015-09-24,44.57,45.529999,43.459999,45.220001,1622000,45.220001
2015-09-23,45.549999,46.189999,45.18,45.310001,1409000,45.310001
2015-09-22,45.880001,46.00,45.110001,45.709999,1777900,45.709999
2015-09-21,46.09,47.189999,45.599998,46.400002,2045500,46.400002
2015-09-18,44.419998,45.75,44.360001,45.709999,2980200,45.709999
2015-09-17,44.59,45.740002,44.560001,45.049999,1665400,45.049999
2015-09-16,44.529999,45.139999,44.150002,44.740002,1408200,44.740002
2015-09-15,42.240002,44.529999,42.240002,44.27,4852000,44.27
2015-09-14,41.740002,42.23,41.369999,41.880001,1203300,41.880001
2015-09-11,42.48,42.830002,41.599998,42.00,873900,41.709999
2015-09-10,42.98,43.25,42.490002,42.799999,1659400,42.504475
2015-09-09,43.490002,44.029999,42.91,43.029999,1483200,42.732886
2015-09-08,43.27,43.27,42.77,43.02,2991800,42.722957
2015-09-04,42.169998,42.52,41.889999,42.43,1528800,42.13703
2015-09-03,43.060001,43.060001,42.279999,42.869999,2688500,42.573991
2015-09-02,43.50,43.650002,42.400002,42.73,1618600,42.434958
2015-09-01,44.139999,44.549999,42.599998,42.849998,2076100,42.554129
2015-08-31,44.950001,45.52,43.98,45.209999,1430200,44.897834
2015-08-28,44.939999,46.580002,44.77,45.299999,1459800,44.987213
2015-08-27,43.740002,46.200001,43.599998,45.130001,2054100,44.818388
2015-08-26,43.57,43.66,42.310001,43.07,3192700,42.772611
2015-08-25,45.610001,45.720001,42.779999,42.799999,1288400,42.504475
2015-08-24,44.27,45.830002,42.389999,44.34,2099600,44.033842
2015-08-21,48.830002,48.849998,46.669998,46.810001,1381200,46.486789
2015-08-20,49.41,49.939999,49.009998,49.32,831300,48.979456
2015-08-19,50.830002,51.25,49.41,49.880001,946600,49.535591
2015-08-18,51.619999,51.73,50.990002,51.110001,807200,50.757097
2015-08-17,50.82,51.950001,50.450001,51.77,1194100,51.41254
2015-08-14,50.450001,51.279999,50.290001,51.110001,600700,50.757097
2015-08-13,51.040001,51.330002,50.119999,50.419998,966800,50.071859
2015-08-12,51.450001,51.830002,50.290001,51.119999,979600,50.767027
2015-08-11,51.98,52.119999,51.41,52.00,785400,51.640951
2015-08-10,51.240002,52.73,51.16,52.689999,849100,52.326186
2015-08-07,51.93,53.029999,51.049999,51.240002,955900,50.886201
2015-08-06,53.68,53.68,49.549999,51.77,3863700,51.41254
2015-08-05,54.240002,54.25,52.529999,53.259998,1484800,52.89225
2015-08-04,53.41,54.209999,53.299999,53.630001,985200,53.259698
2015-08-03,54.099998,54.310001,53.00,53.290001,889900,52.922045
2015-07-31,53.830002,54.810001,53.34,54.200001,2140100,53.825762
2015-07-30,51.939999,53.540001,51.50,53.400002,1830700,53.031286
2015-07-29,50.919998,52.009998,50.549999,51.91,1146400,51.551573
2015-07-28,49.900002,50.970001,49.59,50.779999,893700,50.429374
2015-07-27,49.41,50.110001,49.029999,49.810001,842700,49.466074
2015-07-24,51.209999,51.310001,49.400002,49.810001,800700,49.466074
2015-07-23,51.84,52.080002,51.290001,51.32,694000,50.965646
2015-07-22,51.990002,52.209999,51.490002,51.709999,592900,51.352953
2015-07-21,52.779999,53.369999,51.970001,52.09,557400,51.73033
2015-07-20,52.889999,53.119999,52.419998,52.75,809900,52.385773
2015-07-17,54.23,54.23,52.970001,53.009998,668000,52.643976
2015-07-16,54.32,54.68,53.619999,54.419998,977500,54.04424
2015-07-15,55.220001,55.290001,54.040001,54.27,571700,53.895278
2015-07-14,55.259998,55.41,54.82,55.330002,692200,54.94796
2015-07-13,54.330002,55.650002,54.189999,55.380001,878900,54.997614
2015-07-10,54.18,54.41,53.82,54.00,528500,53.627142
2015-07-09,53.889999,54.16,53.419998,53.439999,918500,53.071007
2015-07-08,53.869999,54.23,52.959999,53.07,986600,52.703563
2015-07-07,54.220001,54.439999,52.970001,54.25,1092100,53.875416
2015-07-06,54.259998,54.91,54.00,54.25,1247700,53.875416
2015-07-02,54.540001,55.130001,54.299999,55.029999,1462100,54.650029
2015-07-01,55.459999,55.830002,53.82,54.459999,1871900,54.083965
2015-06-30,56.720001,56.84,54.91,55.27,1213900,54.888373
2015-06-29,58.669998,59.00,56.110001,56.240002,1295800,55.851677
2015-06-26,58.549999,59.200001,58.290001,59.099998,1577700,58.691926
2015-06-25,57.849998,58.470001,57.669998,58.27,805900,57.867659
2015-06-24,59.150002,59.290001,57.619999,57.639999,881200,57.242008
2015-06-23,59.119999,59.209999,58.400002,58.959999,489000,58.552893
2015-06-22,58.84,59.09,58.41,59.009998,649200,58.602547
2015-06-19,59.599998,59.630001,58.549999,58.599998,918400,58.195378
2015-06-18,58.540001,59.700001,58.23,59.639999,1274000,59.228198
2015-06-17,58.419998,58.91,57.84,58.450001,805000,58.046416
2015-06-16,57.919998,58.41,57.639999,57.98,997100,57.57966
2015-06-15,59.529999,59.529999,57.529999,57.919998,1206000,57.520073
2015-06-12,61.060001,61.060001,59.580002,59.779999,857600,59.367231
2015-06-11,61.299999,61.68,61.189999,61.459999,600400,60.747633
2015-06-10,61.07,61.41,60.700001,61.169998,758700,60.460994
2015-06-09,60.73,61.119999,60.470001,60.599998,499100,59.897601
2015-06-08,61.169998,61.509998,60.630001,60.689999,647300,59.986558
2015-06-05,61.040001,61.360001,60.549999,61.130001,688800,60.42146
2015-06-04,61.049999,61.700001,60.869999,61.27,1100600,60.559837
2015-06-03,60.91,61.950001,60.869999,61.450001,617800,60.737751
2015-06-02,59.84,60.860001,59.77,60.66,840600,59.956907
2015-06-01,60.380001,60.720001,59.790001,59.849998,1272000,59.156294
2015-05-29,60.599998,60.66,59.900002,60.150002,1374100,59.45282
2015-05-28,61.310001,61.560001,60.27,60.59,867500,59.887718
2015-05-27,61.16,61.57,60.959999,61.32,642900,60.609257
2015-05-26,61.450001,61.650002,60.790001,61.16,825400,60.451111
2015-05-22,62.279999,62.50,61.66,61.869999,1022300,61.152881
2015-05-21,62.23,62.810001,62.049999,62.709999,669900,61.983145
2015-05-20,62.790001,62.880001,62.34,62.540001,909500,61.815117
2015-05-19,63.23,63.349998,62.169998,62.700001,1140500,61.973263
2015-05-18,64.239998,64.239998,63.110001,63.259998,1318800,62.526769
2015-05-15,63.330002,64.800003,62.919998,64.379997,1142500,63.633787
2015-05-14,62.810001,63.860001,62.610001,63.630001,1085300,62.892484
2015-05-13,62.73,62.959999,62.439999,62.540001,860700,61.815117
2015-05-12,63.07,63.209999,62.009998,62.68,1059900,61.953494
2015-05-11,63.16,63.599998,62.709999,63.25,1268200,62.516887
2015-05-08,63.720001,64.989998,63.119999,63.16,1781800,62.42793
2015-05-07,62.279999,64.540001,61.439999,62.830002,3725400,62.101757
2015-05-06,60.529999,60.73,59.759998,60.00,1487400,59.304557
2015-05-05,60.130001,60.700001,59.59,60.00,1174000,59.304557
2015-05-04,60.689999,60.889999,59.990002,60.119999,885900,59.423165
2015-05-01,60.139999,60.77,59.810001,60.439999,735100,59.739456
2015-04-30,60.25,60.779999,59.470001,59.700001,1485500,59.008035
2015-04-29,58.77,60.299999,58.740002,60.25,852700,59.551659
2015-04-28,58.450001,59.50,57.950001,59.450001,756600,58.760932
2015-04-27,59.080002,59.389999,58.400002,58.52,805500,57.841712
2015-04-24,59.07,59.66,58.720001,59.00,709600,58.316148
2015-04-23,58.650002,59.07,58.549999,58.950001,755500,58.266728
2015-04-22,58.779999,59.290001,58.509998,58.939999,815300,58.256842
2015-04-21,59.310001,59.41,58.169998,58.75,974800,58.069045
2015-04-20,59.259998,59.470001,58.790001,59.189999,594300,58.503944
2015-04-17,58.419998,59.07,58.139999,59.049999,890400,58.365567
2015-04-16,59.240002,59.259998,58.540001,58.740002,1291700,58.059163
2015-04-15,59.099998,59.68,58.459999,59.310001,1122100,58.622556
2015-04-14,58.529999,58.970001,58.07,58.970001,830300,58.286496
2015-04-13,58.610001,58.939999,58.290001,58.380001,766600,57.703335
