Date,Open,High,Low,Close,Volume,Adj Close
2015-10-15,57.130001,60.93,56.98,60.650002,1555900,60.650002
2015-10-14,56.52,57.049999,55.32,56.50,742500,56.50
2015-10-13,56.830002,57.529999,56.16,56.209999,747400,56.209999
2015-10-12,56.450001,57.66,56.380001,57.259998,355600,57.259998
2015-10-09,56.330002,56.630001,55.68,56.389999,689300,56.389999
2015-10-08,56.59,56.959999,55.43,56.23,450100,56.23
2015-10-07,56.049999,56.830002,55.369999,56.549999,671300,56.549999
2015-10-06,58.549999,58.959999,55.529999,55.75,721000,55.75
2015-10-05,57.299999,58.59,57.299999,58.470001,744700,58.470001
2015-10-02,54.91,56.970001,54.689999,56.91,693300,56.91
2015-10-01,56.580002,56.790001,55.00,55.439999,882300,55.439999
2015-09-30,56.240002,56.939999,55.509998,56.759998,847200,56.759998
2015-09-29,55.509998,56.799999,55.150002,55.91,742600,55.91
2015-09-28,56.169998,56.470001,54.639999,55.330002,881200,55.330002
2015-09-25,57.369999,57.790001,55.91,56.650002,702200,56.650002
2015-09-24,56.810001,57.099998,56.09,56.959999,355900,56.959999
2015-09-23,56.849998,57.540001,56.709999,57.209999,323800,57.209999
2015-09-22,56.450001,56.98,56.119999,56.869999,560600,56.869999
2015-09-21,57.50,58.07,56.68,57.009998,421300,57.009998
2015-09-18,57.740002,58.540001,57.240002,57.419998,677800,57.419998
2015-09-17,56.73,59.470001,56.450001,58.450001,755700,58.450001
2015-09-16,56.330002,56.790001,56.119999,56.599998,447100,56.599998
2015-09-15,55.84,56.66,55.029999,56.52,484800,56.52
2015-09-14,55.66,55.880001,55.380001,55.610001,563000,55.610001
2015-09-11,55.529999,56.900002,55.09,55.549999,631300,55.549999
2015-09-10,54.689999,55.84,54.34,55.189999,369700,55.189999
2015-09-09,56.029999,56.209999,54.849998,54.970001,332500,54.970001
2015-09-08,55.209999,55.52,54.700001,55.400002,474800,55.400002
2015-09-04,54.439999,54.869999,53.75,54.279999,510000,54.279999
2015-09-03,55.169998,55.860001,54.880001,55.130001,633000,55.130001
2015-09-02,54.490002,55.130001,53.57,55.099998,806800,55.099998
2015-09-01,55.619999,56.439999,53.849998,53.939999,926800,53.939999
2015-08-31,57.07,57.84,56.549999,56.599998,595700,56.599998
2015-08-28,57.02,57.360001,56.360001,57.27,375000,57.27
2015-08-27,56.830002,57.490002,55.82,56.82,426800,56.82
2015-08-26,55.529999,56.220001,54.709999,55.950001,912600,55.950001
2015-08-25,56.380001,56.470001,54.150002,54.23,774500,54.23
2015-08-24,53.389999,56.41,52.009998,54.549999,874200,54.549999
2015-08-21,57.639999,57.990002,56.389999,56.450001,669400,56.450001
2015-08-20,59.50,59.50,57.959999,58.02,538200,58.02
2015-08-19,60.07,60.43,59.439999,59.73,717600,59.73
2015-08-18,60.810001,61.32,60.32,60.52,385200,60.52
2015-08-17,60.48,60.990002,60.049999,60.880001,701000,60.880001
2015-08-14,60.00,60.669998,59.68,60.57,341500,60.57
2015-08-13,60.630001,61.27,60.139999,60.200001,509500,60.200001
2015-08-12,60.330002,60.950001,59.669998,60.830002,431300,60.830002
2015-08-11,61.130001,61.779999,60.77,61.150002,491300,61.150002
2015-08-10,61.049999,61.970001,61.049999,61.700001,486300,61.700001
2015-08-07,60.939999,61.209999,60.16,60.73,530000,60.73
2015-08-06,61.950001,62.040001,60.549999,60.939999,390800,60.939999
2015-08-05,61.869999,62.599998,61.50,62.07,511600,62.07
2015-08-04,62.330002,62.830002,61.389999,61.439999,694700,61.439999
2015-08-03,62.48,63.060001,61.50,62.610001,820200,62.610001
2015-07-31,62.59,63.529999,62.080002,62.700001,628800,62.700001
2015-07-30,62.799999,62.93,62.139999,62.360001,663600,62.360001
2015-07-29,61.48,62.700001,60.73,62.599998,1435400,62.599998
2015-07-28,61.200001,61.610001,60.18,61.200001,1102100,61.200001
2015-07-27,59.59,60.98,58.860001,60.98,1459300,60.98
2015-07-24,63.50,64.599998,60.049999,60.400002,3805400,60.400002
2015-07-23,65.739998,66.529999,65.169998,65.589996,1356800,65.589996
2015-07-22,64.830002,65.529999,64.730003,65.230003,727900,65.230003
2015-07-21,66.449997,66.449997,64.739998,65.160004,848600,65.160004
2015-07-20,65.080002,66.459999,64.949997,66.040001,645900,66.040001
2015-07-17,65.459999,65.629997,64.720001,64.93,605400,64.93
2015-07-16,65.050003,65.580002,64.709999,65.370003,561800,65.370003
2015-07-15,64.50,65.040001,63.970001,64.629997,812100,64.629997
2015-07-14,63.529999,64.510002,63.529999,64.309998,423700,64.309998
2015-07-13,63.259998,63.82,62.68,63.610001,471000,63.610001
2015-07-10,62.84,63.150002,62.259998,62.939999,571900,62.939999
2015-07-09,63.360001,63.369999,62.009998,62.200001,567200,62.200001
2015-07-08,63.240002,63.709999,62.099998,62.740002,746900,62.740002
2015-07-07,62.790001,63.66,61.779999,63.50,640800,63.50
2015-07-06,62.720001,64.18,62.290001,62.50,2088900,62.50
2015-07-02,63.369999,64.00,62.799999,63.290001,1005900,63.290001
2015-07-01,63.18,63.75,62.619999,63.220001,786000,63.220001
2015-06-30,62.34,63.110001,61.650002,62.709999,843600,62.709999
2015-06-29,62.259998,62.740002,61.540001,61.650002,862800,61.650002
2015-06-26,61.880001,62.66,61.689999,62.630001,721300,62.630001
2015-06-25,61.25,62.169998,61.169998,61.57,790700,61.57
2015-06-24,63.00,63.169998,60.93,61.119999,959100,61.119999
2015-06-23,63.310001,63.599998,62.52,62.98,664500,62.98
2015-06-22,63.709999,63.709999,62.799999,63.310001,497100,63.310001
2015-06-19,62.400002,63.48,62.209999,63.240002,991100,63.240002
2015-06-18,62.290001,63.48,62.00,62.150002,783900,62.150002
2015-06-17,64.540001,64.989998,59.560001,62.290001,3296500,62.290001
2015-06-16,63.040001,64.309998,62.75,64.290001,668500,64.290001
2015-06-15,62.66,63.400002,61.759998,63.220001,640600,63.220001
2015-06-12,62.830002,63.369999,62.389999,63.02,678700,63.02
2015-06-11,62.59,63.049999,62.200001,62.959999,406400,62.959999
2015-06-10,61.919998,62.650002,61.040001,62.52,286500,62.52
2015-06-09,62.110001,62.360001,61.32,61.580002,251300,61.580002
2015-06-08,63.049999,63.23,61.73,61.990002,344900,61.990002
2015-06-05,62.73,62.98,61.810001,62.91,478300,62.91
2015-06-04,63.110001,63.360001,62.389999,62.790001,1197000,62.790001
2015-06-03,62.75,63.93,62.400002,63.400002,1144200,63.400002
2015-06-02,61.389999,62.41,61.099998,62.369999,792700,62.369999
2015-06-01,61.080002,62.720001,61.080002,61.740002,844200,61.740002
2015-05-29,61.34,61.419998,60.419998,60.669998,644300,60.669998
2015-05-28,59.50,61.330002,59.310001,61.18,1059900,61.18
2015-05-27,59.209999,59.779999,58.900002,59.700001,327700,59.700001
2015-05-26,59.080002,59.639999,58.799999,59.27,459500,59.27
2015-05-22,59.200001,59.959999,58.779999,59.290001,320100,59.290001
2015-05-21,59.07,59.689999,58.82,59.380001,418900,59.380001
2015-05-20,59.349998,59.790001,59.060001,59.220001,336300,59.220001
2015-05-19,59.860001,60.009998,59.060001,59.240002,566200,59.240002
2015-05-18,59.25,60.00,59.060001,59.860001,490300,59.860001
2015-05-15,59.310001,59.580002,59.110001,59.279999,279600,59.279999
2015-05-14,59.02,59.689999,58.549999,59.310001,439600,59.310001
2015-05-13,58.860001,59.119999,58.299999,58.75,525300,58.75
2015-05-12,59.130001,59.130001,57.889999,58.639999,489300,58.639999
2015-05-11,59.490002,59.91,59.23,59.349998,351400,59.349998
2015-05-08,59.419998,60.400002,59.23,59.709999,468400,59.709999
2015-05-07,58.66,59.349998,58.66,58.869999,483200,58.869999
2015-05-06,59.48,59.580002,58.639999,58.91,719600,58.91
2015-05-05,60.369999,60.450001,58.77,59.509998,859900,59.509998
2015-05-04,59.34,60.610001,59.110001,60.349998,651500,60.349998
2015-05-01,58.740002,59.759998,58.549999,59.18,1084500,59.18
2015-04-30,59.599998,60.130001,58.759998,58.84,1237400,58.84
2015-04-29,59.32,60.740002,59.060001,60.18,1431900,60.18
2015-04-28,58.439999,59.560001,57.720001,59.450001,1110200,59.450001
2015-04-27,59.18,59.889999,58.369999,58.59,1176900,58.59
2015-04-24,60.93,61.240002,58.880001,59.18,3776100,59.18
2015-04-23,55.900002,56.73,55.50,56.009998,1353700,56.009998
2015-04-22,56.18,56.259998,55.41,55.939999,955100,55.939999
2015-04-21,58.09,58.09,55.990002,56.150002,1637500,56.150002
2015-04-20,53.57,54.27,53.369999,54.209999,597800,54.209999
