Date,Open,High,Low,Close,Volume,Adj Close
2015-10-16,75.900002,75.949997,74.529999,75.830002,1657700,75.830002
2015-10-15,74.059998,76.269997,73.150002,75.980003,2057000,75.980003
2015-10-14,74.830002,75.400002,73.110001,73.449997,1813200,73.449997
2015-10-13,76.769997,77.379997,73.889999,73.919998,2340100,73.919998
2015-10-12,76.279999,78.550003,75.610001,77.989998,1639700,77.989998
2015-10-09,75.160004,77.769997,75.160004,75.919998,2182200,75.919998
2015-10-08,75.730003,77.209999,74.919998,75.760002,1413900,75.760002
2015-10-07,74.690002,77.309998,72.889999,75.970001,2894600,75.970001
2015-10-06,80.550003,80.82,74.440002,74.529999,2871600,74.529999
2015-10-05,79.730003,81.699997,79.029999,80.910004,1406200,80.910004
2015-10-02,79.019997,79.370003,77.209999,79.260002,1207900,79.260002
2015-10-01,78.879997,80.489998,78.00,80.230003,1230100,80.230003
2015-09-30,79.07,80.150002,78.32,79.449997,1450500,79.449997
2015-09-29,78.080002,78.970001,76.760002,78.379997,1082000,78.379997
2015-09-28,80.410004,80.580002,77.449997,78.110001,1580400,78.110001
2015-09-25,79.839996,81.279999,79.260002,80.699997,1116700,80.699997
2015-09-24,79.480003,79.919998,78.360001,78.980003,1183400,78.980003
2015-09-23,78.650002,80.279999,78.650002,80.07,1104000,80.07
2015-09-22,80.839996,81.760002,78.050003,78.650002,1439300,78.650002
2015-09-21,79.209999,82.169998,79.099998,82.089996,1931800,82.089996
2015-09-18,78.82,79.82,78.489998,78.739998,3665400,78.739998
2015-09-17,79.610001,80.599998,78.57,79.690002,1294200,79.690002
2015-09-16,79.599998,80.639999,78.389999,79.129997,1431400,79.129997
2015-09-15,81.050003,81.199997,79.269997,79.739998,1589700,79.739998
2015-09-14,81.809998,82.43,80.550003,80.739998,1400400,80.739998
2015-09-11,80.849998,82.00,80.75,81.870003,878900,81.870003
2015-09-10,82.089996,82.779999,80.989998,81.290001,1143700,81.290001
2015-09-09,82.00,82.43,80.57,81.769997,1424900,81.769997
2015-09-08,79.949997,81.309998,79.669998,81.239998,1350900,81.239998
2015-09-04,77.160004,79.849998,77.040001,78.580002,1058200,78.580002
2015-09-03,79.00,80.00,77.809998,78.07,1248200,78.07
2015-09-02,76.089996,78.839996,75.620003,78.830002,1378800,78.830002
2015-09-01,73.650002,75.410004,73.650002,74.800003,1367000,74.800003
2015-08-31,75.889999,76.82,74.610001,74.860001,1337400,74.860001
2015-08-28,76.199997,76.849998,75.279999,75.809998,1262100,75.809998
2015-08-27,77.169998,77.690002,74.870003,76.239998,1352100,76.239998
2015-08-26,76.080002,76.669998,73.129997,76.32,1473100,76.32
2015-08-25,75.870003,77.879997,74.309998,74.550003,1705700,74.550003
2015-08-24,70.029999,75.800003,58.919998,73.099998,2472500,73.099998
2015-08-21,77.650002,79.089996,76.129997,76.139999,1751700,76.139999
2015-08-20,80.040001,80.559998,78.699997,79.010002,1287700,79.010002
2015-08-19,80.75,82.00,80.50,80.989998,1350500,80.989998
2015-08-18,81.559998,82.150002,80.269997,81.510002,1108300,81.510002
2015-08-17,79.610001,81.75,79.099998,81.510002,1041500,81.510002
2015-08-14,78.580002,79.82,78.580002,79.599998,527200,79.599998
2015-08-13,78.480003,80.239998,78.029999,79.290001,1076700,79.089999
2015-08-12,79.269997,79.410004,76.440002,78.540001,1165300,78.341891
2015-08-11,78.239998,80.279999,78.169998,79.959999,1257200,79.758307
2015-08-10,78.629997,79.620003,78.220001,78.629997,928300,78.43166
2015-08-07,77.599998,78.370003,77.019997,77.989998,667900,77.793275
2015-08-06,80.089996,80.529999,76.879997,77.75,1061900,77.553883
2015-08-05,78.160004,79.610001,77.790001,79.029999,1438800,78.830653
2015-08-04,78.120003,78.419998,77.00,77.769997,930000,77.573829
2015-08-03,76.139999,78.32,76.010002,78.019997,1290500,77.823198
2015-07-31,75.360001,75.870003,74.410004,75.75,1186000,75.558928
2015-07-30,74.400002,75.279999,73.889999,75.160004,870000,74.970419
2015-07-29,74.360001,75.00,73.360001,74.779999,1310300,74.591373
2015-07-28,73.389999,74.470001,72.779999,74.32,1540200,74.132534
2015-07-27,73.389999,73.550003,72.550003,73.019997,1226900,72.83581
2015-07-24,74.489998,75.239998,73.449997,74.099998,1551600,73.913088
2015-07-23,76.879997,77.800003,72.610001,73.790001,2246900,73.603872
2015-07-22,74.459999,75.879997,74.459999,75.830002,1630700,75.638728
2015-07-21,74.220001,75.029999,73.970001,74.949997,1155700,74.760942
2015-07-20,75.040001,75.25,73.699997,74.139999,1355700,73.952988
2015-07-17,74.989998,75.349998,74.32,74.769997,1111500,74.581396
2015-07-16,73.989998,75.470001,73.879997,74.690002,1555800,74.501604
2015-07-15,73.489998,74.540001,72.129997,73.720001,1741500,73.534049
2015-07-14,71.959999,73.699997,71.459999,73.620003,1782500,73.434303
2015-07-13,71.510002,72.650002,71.510002,72.25,1438200,72.067756
2015-07-10,68.010002,70.690002,67.800003,70.550003,2292100,70.372047
2015-07-09,67.07,67.220001,66.440002,66.540001,922700,66.37216
2015-07-08,67.040001,67.089996,65.50,66.120003,1324600,65.953221
2015-07-07,66.25,67.629997,65.699997,67.440002,1464900,67.269891
2015-07-06,64.610001,66.389999,64.540001,66.160004,1331400,65.993121
2015-07-02,64.660004,65.309998,63.82,65.010002,1109000,64.84602
2015-07-01,65.550003,65.639999,62.59,64.300003,1956600,64.137812
2015-06-30,64.550003,65.480003,64.199997,64.43,1332400,64.267481
2015-06-29,64.290001,65.599998,63.799999,63.860001,1066600,63.69892
2015-06-26,65.800003,65.900002,64.50,64.75,1872000,64.586674
2015-06-25,66.669998,67.150002,65.419998,65.43,1273500,65.264959
2015-06-24,66.580002,67.239998,66.019997,66.199997,1153500,66.033013
2015-06-23,67.07,67.480003,66.43,66.519997,1560400,66.352206
2015-06-22,65.620003,66.260002,65.120003,66.220001,1732000,66.052967
2015-06-19,64.309998,65.419998,63.91,64.650002,4167400,64.486928
2015-06-18,62.610001,64.370003,62.610001,63.990002,1461200,63.828593
2015-06-17,62.150002,62.669998,61.650002,62.029999,1232900,61.873534
2015-06-16,62.68,63.34,61.889999,62.279999,780400,62.122903
2015-06-15,62.860001,63.240002,62.080002,62.66,1128900,62.501946
2015-06-12,61.709999,63.77,61.610001,63.50,1568300,63.339827
2015-06-11,60.889999,62.119999,60.759998,61.82,1426700,61.664064
2015-06-10,60.150002,61.689999,59.860001,60.759998,1568900,60.606737
2015-06-09,61.880001,61.880001,58.150002,60.650002,3734600,60.497017
2015-06-08,65.019997,65.690002,62.310001,62.529999,1519800,62.372273
2015-06-05,65.480003,65.970001,64.860001,65.660004,946100,65.494382
2015-06-04,65.809998,66.660004,65.029999,65.510002,966300,65.344759
2015-06-03,65.949997,66.339996,65.360001,65.860001,794700,65.693875
2015-06-02,65.099998,66.309998,64.790001,65.720001,941200,65.554229
2015-06-01,65.010002,66.300003,64.50,66.089996,1808500,65.92329
2015-05-29,63.700001,64.849998,63.380001,64.639999,1489500,64.476951
2015-05-28,63.490002,64.050003,63.119999,63.740002,1044000,63.579223
2015-05-27,62.720001,63.48,62.57,63.400002,1224500,63.240081
2015-05-26,64.440002,64.830002,62.189999,62.369999,1295500,62.212676
2015-05-22,64.889999,65.239998,64.00,64.400002,850700,64.237558
2015-05-21,64.089996,64.830002,63.50,64.690002,1277800,64.526828
2015-05-20,66.739998,66.970001,63.41,63.959999,2179700,63.798666
2015-05-19,67.870003,68.269997,66.650002,66.989998,1386800,66.821022
2015-05-18,66.389999,68.00,66.110001,67.580002,1247100,67.210043
2015-05-15,66.360001,66.959999,66.089996,66.50,937900,66.135953
2015-05-14,65.239998,66.169998,64.779999,66.129997,974800,65.767976
2015-05-13,65.720001,66.209999,64.57,64.709999,684400,64.355751
2015-05-12,65.889999,66.010002,65.139999,65.18,767400,64.82318
2015-05-11,65.959999,66.830002,65.68,66.330002,969600,65.966886
2015-05-08,65.860001,66.790001,65.730003,66.269997,1088100,65.907209
2015-05-07,63.27,65.550003,63.27,64.959999,1049700,64.604383
2015-05-06,62.50,63.740002,62.150002,63.240002,1155200,62.893801
2015-05-05,63.400002,63.82,62.900002,62.970001,999700,62.625279
2015-05-04,65.550003,66.120003,64.419998,64.529999,1118000,64.176736
2015-05-01,64.480003,65.860001,64.190002,65.300003,795800,64.942525
2015-04-30,64.910004,65.650002,63.84,64.059998,1147700,63.709308
2015-04-29,66.150002,66.519997,63.970001,65.339996,1193000,64.9823
2015-04-28,67.00,67.190002,65.580002,66.470001,816500,66.106119
2015-04-27,68.220001,68.68,67.150002,67.400002,1179800,67.031028
2015-04-24,66.940002,68.660004,66.940002,68.300003,1530700,67.926102
2015-04-23,63.650002,66.860001,63.299999,66.339996,1998800,65.976825
2015-04-22,64.940002,65.00,63.66,64.309998,1280600,63.95794
2015-04-21,63.75,65.00,63.599998,64.93,990800,64.574548
2015-04-20,63.369999,63.59,62.509998,63.400002,1115900,63.052925
