Date,Open,High,Low,Close,Volume,Adj Close
2015-10-09,61.169998,61.330002,60.310001,60.439999,2433800,60.439999
2015-10-08,59.880001,61.23,59.740002,61.119999,2474000,61.119999
2015-10-07,60.200001,60.700001,59.82,60.040001,2419300,60.040001
2015-10-06,59.740002,60.27,59.59,59.880001,2144500,59.880001
2015-10-05,59.459999,60.139999,59.419998,59.900002,2173200,59.900002
2015-10-02,57.139999,59.150002,56.970001,59.150002,3167300,59.150002
2015-10-01,58.25,58.439999,57.330002,57.970001,3853100,57.970001
2015-09-30,58.869999,58.970001,57.790001,58.240002,3891200,58.240002
2015-09-29,57.73,58.439999,57.470001,58.360001,3909600,58.360001
2015-09-28,58.529999,58.77,57.459999,57.740002,3516400,57.740002
2015-09-25,59.119999,59.919998,58.869999,58.990002,3893400,58.990002
2015-09-24,58.119999,58.810001,57.77,58.59,2541300,58.59
2015-09-23,58.040001,58.669998,58.029999,58.509998,2406100,58.509998
2015-09-22,58.16,58.209999,57.689999,58.099998,2403500,58.099998
2015-09-21,58.150002,58.880001,57.950001,58.560001,2513600,58.560001
2015-09-18,58.040001,58.529999,57.439999,57.57,5184200,57.57
2015-09-17,59.25,59.810001,58.830002,58.990002,4716900,58.990002
2015-09-16,59.040001,59.34,58.810001,59.200001,3589900,59.200001
2015-09-15,58.389999,59.259998,58.23,58.98,3459900,58.98
2015-09-14,58.290001,58.310001,58.00,58.240002,2066400,58.240002
2015-09-11,57.41,58.209999,57.310001,58.139999,2727000,58.139999
2015-09-10,57.240002,58.040001,57.009998,57.669998,2593600,57.669998
2015-09-09,58.66,58.84,57.240002,57.349998,2554100,57.349998
2015-09-08,57.84,58.240002,57.669998,58.200001,2224400,58.200001
2015-09-04,57.450001,57.689999,56.77,57.040001,2341900,57.040001
2015-09-03,58.009998,58.549999,57.82,57.98,2176700,57.98
2015-09-02,57.720001,57.939999,57.299999,57.93,2776500,57.93
2015-09-01,57.009998,57.459999,56.799999,57.139999,3470800,57.139999
2015-08-31,58.330002,58.50,58.080002,58.279999,2828100,58.279999
2015-08-28,58.549999,58.950001,58.259998,58.630001,2976800,58.630001
2015-08-27,57.639999,59.02,57.509998,58.740002,4787100,58.740002
2015-08-26,58.16,58.59,56.68,57.400002,7043400,57.100001
2015-08-25,59.919998,59.919998,56.990002,56.990002,4644300,56.692144
2015-08-24,60.110001,60.110001,54.119999,58.389999,4385000,58.084824
2015-08-21,62.310001,62.48,61.23,61.25,3651500,60.929877
2015-08-20,63.139999,63.139999,62.66,62.700001,2536500,62.3723
2015-08-19,63.41,64.029999,63.07,63.66,2990400,63.327281
2015-08-18,63.740002,63.93,63.470001,63.57,2503500,63.237752
2015-08-17,63.75,64.120003,63.43,63.849998,2068100,63.516287
2015-08-14,63.32,63.869999,63.209999,63.860001,2221600,63.526237
2015-08-13,63.619999,64.040001,63.439999,63.490002,2261500,63.158172
2015-08-12,62.93,63.779999,62.740002,63.610001,2928600,63.277543
2015-08-11,62.759998,63.540001,62.759998,63.470001,2719500,63.138276
2015-08-10,63.130001,63.599998,62.849998,63.099998,3748300,62.770207
2015-08-07,61.799999,62.59,61.650002,62.540001,3561000,62.213136
2015-08-06,62.860001,63.07,61.59,61.970001,3843300,61.646115
2015-08-05,62.900002,63.279999,62.330002,62.50,6668700,62.173344
2015-08-04,64.059998,64.669998,61.00,62.34,13215000,62.014181
2015-08-03,69.120003,69.400002,68.730003,69.379997,2101100,69.017383
2015-07-31,69.309998,69.480003,68.860001,68.949997,1643700,68.58963
2015-07-30,68.849998,69.279999,68.720001,69.160004,1371900,68.798539
2015-07-29,68.50,69.059998,68.470001,69.040001,2191600,68.679164
2015-07-28,68.790001,68.809998,68.279999,68.580002,1855500,68.221569
2015-07-27,67.959999,68.629997,67.940002,68.400002,2622800,68.042509
2015-07-24,68.25,68.639999,68.18,68.32,1855800,67.962926
2015-07-23,68.400002,68.660004,68.199997,68.360001,2112800,68.002718
2015-07-22,67.699997,68.459999,67.50,68.370003,2524300,68.012667
2015-07-21,67.760002,68.110001,67.370003,67.699997,1963300,67.346163
2015-07-20,67.470001,67.940002,67.110001,67.709999,2345500,67.356113
2015-07-17,67.839996,67.870003,67.169998,67.589996,2628500,67.236738
2015-07-16,68.339996,68.489998,67.639999,67.980003,1977800,67.624706
2015-07-15,67.599998,68.07,67.440002,68.059998,2423900,67.704282
2015-07-14,66.949997,67.720001,66.949997,67.589996,2256700,67.236738
2015-07-13,67.18,67.349998,66.769997,67.25,2421400,66.898518
2015-07-10,66.050003,66.349998,65.760002,66.190002,2231400,65.844061
2015-07-09,65.760002,65.769997,65.25,65.410004,2358900,65.068139
2015-07-08,65.25,65.639999,64.849998,64.919998,2631900,64.580694
2015-07-07,64.790001,65.769997,64.440002,65.739998,2943300,65.396408
2015-07-06,64.300003,64.910004,64.239998,64.809998,2782900,64.471269
2015-07-02,65.480003,65.699997,64.889999,64.989998,2818100,64.650328
2015-07-01,65.800003,66.529999,65.220001,65.489998,4657600,65.147715
2015-06-30,65.349998,65.610001,64.830002,64.870003,3121200,64.53096
2015-06-29,65.25,65.540001,64.620003,64.68,2718300,64.341951
2015-06-26,65.419998,66.07,65.239998,65.830002,3079300,65.485942
2015-06-25,66.190002,66.279999,65.029999,65.029999,3805800,64.69012
2015-06-24,66.360001,66.410004,65.93,65.949997,2683700,65.60531
2015-06-23,66.410004,66.519997,66.18,66.360001,2484200,66.013171
2015-06-22,66.010002,66.900002,66.010002,66.279999,4124700,65.933587
2015-06-19,68.150002,68.290001,66.449997,66.449997,5049100,66.102697
2015-06-18,67.379997,68.470001,67.330002,68.349998,2905900,67.992768
2015-06-17,67.459999,67.57,66.949997,67.18,1511200,66.828885
2015-06-16,66.57,67.440002,66.440002,67.330002,1690100,66.978102
2015-06-15,66.860001,67.220001,66.650002,66.669998,1940400,66.321548
2015-06-12,67.18,67.489998,67.07,67.370003,1819800,67.017894
2015-06-11,67.050003,67.489998,66.919998,67.489998,2069600,67.137262
2015-06-10,65.919998,67.019997,65.900002,66.910004,2420000,66.560299
2015-06-09,65.82,66.25,65.599998,65.709999,2205900,65.366566
2015-06-08,66.550003,66.790001,65.800003,65.82,1990900,65.475992
2015-06-05,67.410004,67.650002,66.459999,66.480003,1851300,66.132546
2015-06-04,67.379997,67.68,66.959999,67.050003,2392400,66.699567
2015-06-03,67.339996,67.809998,67.129997,67.720001,1773200,67.366063
2015-06-02,66.919998,67.419998,66.800003,67.129997,2332700,66.779143
2015-06-01,67.650002,67.980003,66.900002,66.919998,2633200,66.570241
2015-05-29,67.690002,67.82,67.309998,67.32,1990200,66.968152
2015-05-28,67.400002,67.940002,67.400002,67.800003,2044200,67.445647
2015-05-27,67.43,67.82,67.099998,67.610001,2057000,67.256637
2015-05-26,67.410004,67.519997,67.139999,67.379997,2563700,66.729403
2015-05-22,68.029999,68.089996,67.580002,67.599998,1807400,66.94728
2015-05-21,68.419998,68.610001,67.879997,68.099998,2538900,67.442452
2015-05-20,68.650002,68.849998,68.129997,68.730003,2607400,68.066374
2015-05-19,68.279999,68.849998,68.040001,68.75,2560700,68.086178
2015-05-18,67.650002,68.199997,67.610001,68.089996,1444000,67.432547
2015-05-15,67.629997,68.019997,67.470001,67.599998,1683600,66.94728
2015-05-14,67.209999,67.669998,67.190002,67.639999,2061800,66.986895
2015-05-13,66.690002,67.050003,66.559998,66.989998,2458300,66.34317
2015-05-12,66.730003,67.099998,66.620003,66.910004,2510500,66.263948
2015-05-11,67.269997,67.400002,66.690002,66.870003,3425300,66.224333
2015-05-08,68.400002,68.50,67.089996,67.269997,3631500,66.620465
2015-05-07,67.230003,67.860001,66.980003,67.720001,4320100,67.066124
2015-05-06,68.879997,69.25,66.900002,67.309998,9737600,66.660079
2015-05-05,69.620003,70.330002,69.620003,70.00,2513100,69.324108
2015-05-04,70.00,70.18,69.660004,69.82,4123000,69.145846
2015-05-01,70.129997,70.349998,69.800003,69.949997,2423200,69.274588
2015-04-30,70.139999,70.379997,69.330002,69.660004,3440800,68.987395
2015-04-29,70.25,70.739998,69.75,70.25,2132400,69.571694
2015-04-28,70.239998,70.980003,70.089996,70.690002,1745000,70.007448
2015-04-27,71.279999,71.300003,70.220001,70.309998,2185500,69.631113
2015-04-24,70.629997,71.120003,70.480003,70.949997,1592400,70.264933
2015-04-23,70.68,71.279999,70.599998,70.809998,1916900,70.126285
2015-04-22,70.769997,71.019997,70.400002,70.879997,1718600,70.195609
2015-04-21,71.330002,71.540001,70.720001,70.82,1566500,70.13619
2015-04-20,71.32,71.669998,71.239998,71.349998,1571200,70.661072
2015-04-17,71.480003,71.57,70.580002,70.870003,3084300,70.185711
2015-04-16,71.860001,72.309998,71.510002,72.040001,1490100,71.344412
2015-04-15,71.610001,72.269997,71.610001,71.940002,1810300,71.245379
2015-04-14,71.910004,72.099998,71.379997,71.50,2263200,70.809625
2015-04-13,71.669998,72.389999,71.669998,71.980003,1465800,71.284994
