Date,Open,High,Low,Close,Volume,Adj Close
2015-10-16,75.849998,75.849998,73.870003,73.949997,767500,73.949997
2015-10-15,73.260002,75.610001,72.879997,75.599998,852900,75.599998
2015-10-14,74.059998,75.150002,72.620003,72.830002,909900,72.830002
2015-10-13,77.690002,78.599998,73.080002,74.269997,1996600,74.269997
2015-10-12,78.309998,78.730003,77.57,78.25,285400,78.25
2015-10-09,77.110001,78.730003,75.910004,78.139999,591900,78.139999
2015-10-08,77.040001,77.300003,75.449997,76.790001,682800,76.790001
2015-10-07,75.089996,77.25,74.760002,77.150002,730300,77.150002
2015-10-06,75.540001,76.449997,74.18,74.650002,461700,74.650002
2015-10-05,74.720001,75.970001,74.510002,75.830002,691700,75.830002
2015-10-02,71.800003,74.860001,71.650002,74.639999,648400,74.639999
2015-10-01,73.25,74.410004,71.730003,72.830002,774400,72.830002
2015-09-30,71.150002,73.610001,71.150002,73.169998,672600,73.169998
2015-09-29,70.790001,71.220001,69.410004,70.330002,902900,70.330002
2015-09-28,73.860001,74.110001,70.650002,70.720001,606600,70.720001
2015-09-25,74.279999,74.440002,72.57,74.279999,653600,74.279999
2015-09-24,74.199997,74.800003,71.650002,73.519997,564400,73.519997
2015-09-23,74.82,75.07,73.75,73.879997,357000,73.879997
2015-09-22,75.019997,76.110001,74.360001,74.889999,489000,74.889999
2015-09-21,75.269997,76.50,75.010002,75.949997,663800,75.949997
2015-09-18,74.809998,76.800003,74.699997,74.989998,1324500,74.989998
2015-09-17,74.43,76.739998,74.019997,75.720001,525500,75.720001
2015-09-16,74.370003,74.370003,73.050003,74.129997,659200,74.129997
2015-09-15,72.989998,74.370003,72.269997,74.139999,390600,74.139999
2015-09-14,73.129997,73.139999,71.93,72.339996,369900,72.339996
2015-09-11,72.879997,73.160004,72.110001,73.089996,264100,73.089996
2015-09-10,72.769997,73.669998,71.68,73.209999,486300,73.209999
2015-09-09,75.449997,75.529999,72.919998,73.089996,706000,73.089996
2015-09-08,73.870003,74.610001,72.769997,74.540001,847200,74.540001
2015-09-04,70.699997,72.400002,70.440002,72.129997,710500,72.129997
2015-09-03,69.809998,71.989998,69.809998,71.589996,541300,71.589996
2015-09-02,70.32,70.82,68.629997,69.790001,947000,69.790001
2015-09-01,70.730003,71.650002,69.400002,69.650002,687500,69.650002
2015-08-31,72.75,73.900002,72.00,72.379997,524200,72.379997
2015-08-28,72.660004,73.660004,71.910004,73.599998,617400,73.599998
2015-08-27,70.440002,72.860001,70.150002,72.790001,1012900,72.790001
2015-08-26,70.720001,70.720001,68.809998,69.720001,1290600,69.720001
2015-08-25,66.760002,70.349998,66.760002,69.260002,1866900,69.260002
2015-08-24,65.860001,68.18,63.369999,65.620003,1125200,65.620003
2015-08-21,69.059998,69.360001,67.279999,67.720001,1166500,67.720001
2015-08-20,71.849998,71.989998,69.389999,69.650002,1188800,69.650002
2015-08-19,73.730003,74.169998,72.629997,72.940002,729900,72.940002
2015-08-18,76.099998,76.099998,73.349998,73.779999,893800,73.779999
2015-08-17,74.940002,76.610001,73.959999,76.550003,739200,76.550003
2015-08-14,74.699997,75.190002,74.099998,74.870003,439200,74.870003
2015-08-13,73.919998,75.480003,73.019997,74.989998,475500,74.989998
2015-08-12,72.870003,74.540001,72.50,74.07,744800,74.07
2015-08-11,75.870003,76.940002,74.089996,74.18,761400,74.18
2015-08-10,77.279999,77.790001,76.300003,76.639999,1338000,76.639999
2015-08-07,74.580002,76.160004,73.629997,76.040001,1368900,76.040001
2015-08-06,76.959999,77.00,67.660004,75.010002,3838600,75.010002
2015-08-05,84.300003,84.629997,78.110001,78.510002,1887600,78.510002
2015-08-04,85.32,85.989998,84.120003,84.629997,543300,84.629997
2015-08-03,87.00,87.18,83.860001,85.019997,923100,85.019997
2015-07-31,83.970001,85.040001,83.68,84.220001,338200,84.220001
2015-07-30,83.040001,84.209999,82.25,83.720001,358000,83.720001
2015-07-29,83.330002,83.540001,82.620003,83.440002,448800,83.440002
2015-07-28,83.57,83.730003,82.230003,83.50,512700,83.50
2015-07-27,82.160004,82.940002,81.029999,82.629997,351700,82.629997
2015-07-24,84.099998,84.839996,82.769997,82.839996,325000,82.839996
2015-07-23,85.379997,85.489998,83.860001,83.949997,246500,83.949997
2015-07-22,83.239998,85.290001,83.239998,85.00,313400,85.00
2015-07-21,85.50,85.589996,83.50,83.760002,592800,83.760002
2015-07-20,85.910004,86.010002,85.129997,85.639999,372900,85.639999
2015-07-17,86.489998,86.57,85.00,85.779999,403100,85.779999
2015-07-16,85.870003,86.389999,85.330002,86.269997,346700,86.269997
2015-07-15,85.68,85.830002,84.599998,85.610001,398100,85.610001
2015-07-14,85.779999,85.809998,84.550003,85.440002,597700,85.440002
2015-07-13,85.040001,86.260002,84.349998,85.970001,562500,85.970001
2015-07-10,83.25,84.230003,82.440002,83.940002,642500,83.940002
2015-07-09,82.760002,83.68,81.620003,82.239998,630800,82.239998
2015-07-08,83.18,83.610001,81.669998,82.300003,496400,82.300003
2015-07-07,83.489998,83.68,81.370003,83.660004,732800,83.660004
2015-07-06,82.769997,84.489998,82.400002,83.57,573100,83.57
2015-07-02,83.019997,84.379997,82.660004,83.160004,566700,83.160004
2015-07-01,81.93,83.019997,81.919998,82.760002,602500,82.760002
2015-06-30,81.650002,82.709999,81.300003,81.849998,647000,81.849998
2015-06-29,83.190002,83.779999,80.919998,81.139999,642600,81.139999
2015-06-26,82.389999,83.769997,82.199997,83.690002,811300,83.690002
2015-06-25,80.610001,83.150002,80.489998,82.010002,1213600,82.010002
2015-06-24,80.82,80.970001,79.580002,80.529999,729900,80.529999
2015-06-23,81.739998,81.959999,80.739998,81.129997,475500,81.129997
2015-06-22,81.019997,82.07,80.849998,82.019997,447800,82.019997
2015-06-19,81.589996,81.589996,80.459999,80.690002,566600,80.690002
2015-06-18,80.300003,81.839996,80.18,81.779999,433800,81.779999
2015-06-17,79.949997,80.599998,79.400002,80.309998,428300,80.309998
2015-06-16,78.580002,79.739998,78.239998,79.739998,598400,79.739998
2015-06-15,77.540001,78.269997,76.860001,78.160004,378100,78.160004
2015-06-12,78.209999,78.339996,77.690002,78.190002,315000,78.190002
2015-06-11,78.709999,79.099998,78.059998,78.260002,436900,78.260002
2015-06-10,78.300003,79.139999,77.910004,78.389999,402800,78.389999
2015-06-09,79.209999,79.32,77.93,78.00,620900,78.00
2015-06-08,79.50,79.980003,79.029999,79.150002,576200,79.150002
2015-06-05,78.510002,79.940002,77.949997,79.93,409400,79.93
2015-06-04,78.50,79.019997,78.099998,78.709999,369100,78.709999
2015-06-03,78.739998,79.18,77.809998,78.839996,424800,78.839996
2015-06-02,78.470001,78.959999,78.029999,78.400002,397600,78.400002
2015-06-01,79.089996,79.309998,78.32,78.720001,401500,78.720001
2015-05-29,78.50,79.089996,78.029999,78.589996,496700,78.589996
2015-05-28,78.25,79.110001,78.239998,78.68,446800,78.68
2015-05-27,77.760002,78.790001,77.110001,78.639999,363200,78.639999
2015-05-26,77.440002,77.720001,76.43,77.709999,448400,77.709999
2015-05-22,77.489998,78.419998,77.110001,77.50,303600,77.50
2015-05-21,77.290001,77.940002,76.519997,77.50,405000,77.50
2015-05-20,76.260002,77.699997,76.029999,77.150002,586600,77.150002
2015-05-19,77.32,77.550003,76.129997,76.260002,660900,76.260002
2015-05-18,76.489998,77.169998,75.82,76.910004,454000,76.910004
2015-05-15,75.529999,76.830002,75.300003,76.57,631600,76.57
2015-05-14,75.139999,75.480003,74.709999,75.029999,478400,75.029999
2015-05-13,75.150002,75.75,74.080002,74.699997,490800,74.699997
2015-05-12,75.440002,75.940002,74.639999,74.949997,533900,74.949997
2015-05-11,76.489998,76.980003,75.410004,75.580002,620200,75.580002
2015-05-08,77.330002,77.459999,75.389999,76.25,716900,76.25
2015-05-07,79.029999,79.029999,76.519997,76.75,955400,76.75
2015-05-06,80.470001,80.839996,78.449997,78.879997,731400,78.879997
2015-05-05,80.550003,81.139999,79.300003,79.82,1141300,79.82
2015-05-04,80.00,80.699997,76.779999,80.019997,1957200,80.019997
2015-05-01,76.029999,76.849998,75.459999,76.300003,796400,76.300003
2015-04-30,76.209999,76.639999,75.279999,75.440002,632100,75.440002
2015-04-29,76.129997,77.160004,75.959999,76.660004,401700,76.660004
2015-04-28,76.669998,76.989998,75.370003,76.629997,396100,76.629997
2015-04-27,77.150002,77.769997,75.699997,75.760002,381000,75.760002
2015-04-24,76.970001,77.519997,76.529999,76.75,311800,76.75
2015-04-23,75.370003,77.25,75.339996,76.620003,568300,76.620003
2015-04-22,75.82,75.82,75.019997,75.419998,480400,75.419998
2015-04-21,75.809998,76.260002,75.440002,75.540001,411300,75.540001
2015-04-20,75.239998,76.309998,75.239998,75.379997,385200,75.379997
