Date,Open,High,Low,Close,Volume,Adj Close
2015-10-16,2.00,2.00,1.89,1.94,21251600,1.94
2015-10-15,1.97,2.06,1.95,1.97,27090300,1.97
2015-10-14,1.92,1.96,1.92,1.95,10179800,1.95
2015-10-13,1.87,1.94,1.86,1.92,6631700,1.92
2015-10-12,1.96,1.96,1.85,1.87,7686600,1.87
2015-10-09,1.92,1.96,1.89,1.96,8610000,1.96
2015-10-08,1.87,1.95,1.85,1.93,9145900,1.93
2015-10-07,1.82,1.87,1.82,1.86,7844700,1.86
2015-10-06,1.80,1.86,1.80,1.83,8558400,1.83
2015-10-05,1.82,1.87,1.77,1.80,7584800,1.80
2015-10-02,1.76,1.83,1.72,1.83,7009400,1.83
2015-10-01,1.77,1.77,1.72,1.74,5409900,1.74
2015-09-30,1.70,1.72,1.68,1.72,5708000,1.72
2015-09-29,1.67,1.69,1.65,1.67,6972300,1.67
2015-09-28,1.69,1.70,1.66,1.66,5467300,1.66
2015-09-25,1.75,1.75,1.68,1.71,5582700,1.71
2015-09-24,1.68,1.73,1.66,1.72,11190200,1.72
2015-09-23,1.76,1.78,1.69,1.70,9641200,1.70
2015-09-22,1.80,1.84,1.72,1.73,9865100,1.73
2015-09-21,1.87,1.90,1.81,1.81,5352800,1.81
2015-09-18,1.87,1.92,1.85,1.87,11713900,1.87
2015-09-17,1.90,1.94,1.87,1.89,5824600,1.89
2015-09-16,1.87,1.90,1.85,1.89,4925500,1.89
2015-09-15,1.84,1.87,1.81,1.86,6519400,1.86
2015-09-14,2.00,2.00,1.81,1.82,16264600,1.82
2015-09-11,1.88,2.14,1.81,2.01,30693200,2.01
2015-09-10,1.84,1.88,1.83,1.84,4272800,1.84
2015-09-09,1.90,1.97,1.83,1.85,12547100,1.85
2015-09-08,1.85,1.88,1.83,1.88,5941000,1.88
2015-09-04,1.76,1.84,1.76,1.82,6723800,1.82
2015-09-03,1.76,1.85,1.76,1.79,7154200,1.79
2015-09-02,1.75,1.77,1.72,1.77,6177300,1.77
2015-09-01,1.77,1.82,1.71,1.71,8286500,1.71
2015-08-31,1.82,1.87,1.79,1.81,6503500,1.81
2015-08-28,1.75,1.87,1.75,1.85,10921500,1.85
2015-08-27,1.74,1.84,1.74,1.78,11825700,1.78
2015-08-26,1.69,1.73,1.66,1.72,10647600,1.72
2015-08-25,1.82,1.82,1.66,1.66,12047200,1.66
2015-08-24,1.69,1.83,1.65,1.75,17191500,1.75
2015-08-21,1.68,1.80,1.68,1.78,12480100,1.78
2015-08-20,1.79,1.80,1.70,1.70,13657500,1.70
2015-08-19,1.80,1.81,1.76,1.80,7419200,1.80
2015-08-18,1.79,1.82,1.75,1.80,9746200,1.80
2015-08-17,1.82,1.88,1.80,1.80,9003400,1.80
2015-08-14,1.80,1.85,1.79,1.84,6182100,1.84
2015-08-13,1.90,1.91,1.79,1.79,7835000,1.79
2015-08-12,1.88,1.93,1.84,1.90,8521200,1.90
2015-08-11,1.91,1.93,1.88,1.90,7453700,1.90
2015-08-10,1.92,1.98,1.82,1.93,29709600,1.93
2015-08-07,2.10,2.14,2.06,2.09,7666600,2.09
2015-08-06,2.15,2.17,2.10,2.11,9475000,2.11
2015-08-05,2.11,2.21,2.10,2.16,13223500,2.16
2015-08-04,2.18,2.18,2.05,2.13,14268700,2.13
2015-08-03,1.93,2.20,1.90,2.20,25923600,2.20
2015-07-31,1.94,1.99,1.92,1.93,7730600,1.93
2015-07-30,1.94,1.99,1.88,1.93,15837400,1.93
2015-07-29,1.77,1.99,1.76,1.96,25410800,1.96
2015-07-28,1.62,1.77,1.62,1.77,14556400,1.77
2015-07-27,1.67,1.70,1.61,1.62,11904300,1.62
2015-07-24,1.76,1.77,1.65,1.67,16032200,1.67
2015-07-23,1.80,1.81,1.75,1.76,10612700,1.76
2015-07-22,1.80,1.81,1.76,1.79,15921900,1.79
2015-07-21,1.82,1.83,1.78,1.80,14975200,1.80
2015-07-20,1.82,1.84,1.77,1.80,12105200,1.80
2015-07-17,1.87,1.90,1.74,1.79,28102700,1.79
2015-07-16,1.97,2.00,1.87,1.87,20356000,1.87
2015-07-15,2.07,2.09,1.95,1.96,13495500,1.96
2015-07-14,2.03,2.06,1.97,2.05,15791000,2.05
2015-07-13,1.97,1.99,1.95,1.96,9027700,1.96
2015-07-10,2.00,2.03,1.95,1.96,17476100,1.96
2015-07-09,2.04,2.06,1.93,1.98,23359700,1.98
2015-07-08,2.07,2.07,2.01,2.01,15066400,2.01
2015-07-07,2.04,2.14,2.02,2.09,46318700,2.09
2015-07-06,2.46,2.54,2.44,2.47,19095500,2.47
2015-07-02,2.43,2.63,2.39,2.53,31165300,2.53
2015-07-01,2.47,2.48,2.36,2.42,19351800,2.42
2015-06-30,2.43,2.43,2.35,2.40,19283100,2.40
2015-06-29,2.41,2.42,2.31,2.34,22722100,2.34
2015-06-26,2.54,2.55,2.37,2.47,79441200,2.47
2015-06-25,2.62,2.66,2.57,2.58,18328100,2.58
2015-06-24,2.60,2.66,2.57,2.62,17511700,2.62
2015-06-23,2.62,2.64,2.55,2.61,17869900,2.61
2015-06-22,2.61,2.67,2.58,2.62,19398000,2.62
2015-06-19,2.53,2.59,2.46,2.58,25463000,2.58
2015-06-18,2.50,2.59,2.48,2.52,25380700,2.52
2015-06-17,2.37,2.54,2.35,2.47,27449500,2.47
2015-06-16,2.32,2.37,2.32,2.35,9752700,2.35
2015-06-15,2.32,2.35,2.29,2.32,8619500,2.32
2015-06-12,2.31,2.33,2.30,2.31,4552800,2.31
2015-06-11,2.34,2.35,2.31,2.32,7669600,2.32
2015-06-10,2.31,2.35,2.30,2.32,8158300,2.32
2015-06-09,2.35,2.36,2.28,2.29,12273900,2.29
2015-06-08,2.31,2.33,2.29,2.31,6207600,2.31
2015-06-05,2.31,2.34,2.29,2.33,7347900,2.33
2015-06-04,2.28,2.33,2.26,2.33,11482600,2.33
2015-06-03,2.30,2.32,2.28,2.28,8041800,2.28
2015-06-02,2.26,2.30,2.25,2.30,7101100,2.30
2015-06-01,2.29,2.30,2.25,2.25,6778000,2.25
2015-05-29,2.27,2.32,2.25,2.28,7726200,2.28
2015-05-28,2.28,2.33,2.27,2.27,11913700,2.27
2015-05-27,2.24,2.28,2.20,2.28,17413600,2.28
2015-05-26,2.27,2.28,2.22,2.22,10000900,2.22
2015-05-22,2.30,2.31,2.27,2.28,12814600,2.28
2015-05-21,2.31,2.35,2.28,2.28,7105400,2.28
2015-05-20,2.30,2.33,2.28,2.32,6800100,2.32
2015-05-19,2.36,2.37,2.28,2.28,9582100,2.28
2015-05-18,2.35,2.36,2.33,2.35,4671500,2.35
2015-05-15,2.33,2.38,2.32,2.32,8036500,2.32
2015-05-14,2.38,2.39,2.33,2.33,8851100,2.33
2015-05-13,2.36,2.38,2.35,2.37,7247700,2.37
2015-05-12,2.32,2.35,2.30,2.35,9999100,2.35
2015-05-11,2.31,2.35,2.31,2.32,10042700,2.32
2015-05-08,2.33,2.36,2.30,2.31,9744400,2.31
2015-05-07,2.32,2.32,2.26,2.32,15009100,2.32
2015-05-06,2.29,2.31,2.24,2.29,18467000,2.29
2015-05-05,2.34,2.34,2.25,2.28,12363500,2.28
2015-05-04,2.31,2.36,2.30,2.31,9653000,2.31
2015-05-01,2.26,2.31,2.25,2.31,11652500,2.31
2015-04-30,2.28,2.31,2.26,2.26,11426300,2.26
2015-04-29,2.30,2.33,2.27,2.28,11864800,2.28
2015-04-28,2.36,2.37,2.31,2.31,11425800,2.31
2015-04-27,2.30,2.36,2.29,2.34,13470300,2.34
2015-04-24,2.36,2.38,2.30,2.30,14988800,2.30
2015-04-23,2.28,2.36,2.26,2.33,15121800,2.33
2015-04-22,2.35,2.36,2.25,2.28,27581000,2.28
2015-04-21,2.53,2.53,2.35,2.35,31230600,2.35
2015-04-20,2.56,2.57,2.45,2.49,29164300,2.49
