Date,Open,High,Low,Close,Volume,Adj Close
2015-10-16,110.839996,111.82,110.029999,111.57,982800,111.57
2015-10-15,108.699997,110.699997,108.099998,110.620003,871800,110.620003
2015-10-14,108.099998,108.639999,107.18,107.57,1202200,107.57
2015-10-13,108.940002,109.589996,107.82,107.989998,1121500,107.989998
2015-10-12,110.900002,111.160004,109.379997,109.830002,991400,109.830002
2015-10-09,112.07,112.690002,110.199997,111.099998,1176400,111.099998
2015-10-08,111.43,112.32,110.889999,112.050003,1587000,112.050003
2015-10-07,112.050003,113.059998,110.32,111.860001,1155800,111.860001
2015-10-06,111.349998,111.699997,110.099998,111.019997,931900,111.019997
2015-10-05,109.879997,112.169998,107.57,111.879997,919000,111.879997
2015-10-02,105.82,108.730003,104.589996,108.589996,1503100,108.589996
2015-10-01,109.059998,109.720001,107.580002,109.610001,1269600,109.610001
2015-09-30,107.650002,109.300003,107.099998,109.129997,1598800,109.129997
2015-09-29,104.379997,106.730003,103.43,106.449997,1648200,106.449997
2015-09-28,107.010002,108.50,103.440002,103.790001,1985800,103.790001
2015-09-25,108.099998,108.699997,107.330002,108.059998,848800,108.059998
2015-09-24,105.699997,107.190002,105.370003,106.889999,1178700,106.889999
2015-09-23,107.599998,108.010002,106.290001,106.919998,911400,106.919998
2015-09-22,106.940002,107.769997,105.839996,107.50,1150800,107.50
2015-09-21,108.419998,109.620003,108.129997,108.790001,814600,108.790001
2015-09-18,108.07,109.190002,106.949997,107.410004,1937600,107.410004
2015-09-17,110.279999,112.339996,109.230003,109.519997,1452800,109.519997
2015-09-16,109.709999,110.809998,109.00,110.629997,960100,110.629997
2015-09-15,108.980003,110.360001,108.459999,109.839996,1016400,109.839996
2015-09-14,109.910004,109.940002,108.550003,108.919998,640500,108.919998
2015-09-11,108.980003,109.800003,108.330002,109.720001,1112800,109.720001
2015-09-10,108.589996,110.620003,108.279999,109.559998,1267500,109.559998
2015-09-09,112.230003,113.010002,108.580002,108.889999,936700,108.889999
2015-09-08,110.989998,111.18,109.330002,111.07,889900,111.07
2015-09-04,109.07,110.480003,107.730003,108.519997,1162200,108.519997
2015-09-03,109.610001,110.849998,109.209999,109.620003,1538600,109.620003
2015-09-02,110.279999,111.480003,108.279999,109.559998,1321000,109.559998
2015-09-01,110.00,110.559998,108.199997,109.099998,1856300,109.099998
2015-08-31,113.779999,114.970001,112.489998,112.669998,1024400,112.669998
2015-08-28,114.199997,114.830002,113.220001,114.139999,1127700,114.139999
2015-08-27,113.730003,115.379997,112.400002,114.959999,1437400,114.959999
2015-08-26,109.260002,112.440002,108.239998,112.050003,2323600,112.050003
2015-08-25,113.449997,113.879997,107.279999,107.279999,2332600,107.279999
2015-08-24,114.809998,114.879997,95.519997,109.129997,2531400,109.129997
2015-08-21,117.290001,118.199997,114.709999,114.839996,2390700,114.839996
2015-08-20,120.18,120.18,118.599998,118.879997,1435800,118.879997
2015-08-19,121.690002,122.120003,120.660004,120.970001,877900,120.970001
2015-08-18,123.849998,124.339996,122.129997,122.470001,1034900,122.470001
2015-08-17,122.599998,124.230003,121.650002,124.139999,875900,124.139999
2015-08-14,121.760002,123.059998,121.290001,122.959999,1340300,122.959999
2015-08-13,121.809998,122.690002,121.190002,121.620003,1363400,121.620003
2015-08-12,122.220001,122.370003,119.550003,121.849998,1674700,121.849998
2015-08-11,123.889999,124.110001,122.879997,123.419998,959100,123.419998
2015-08-10,124.300003,125.459999,124.18,125.139999,837300,125.139999
2015-08-07,123.690002,124.300003,122.18,123.050003,582700,123.050003
2015-08-06,125.230003,125.529999,123.099998,123.699997,838000,123.699997
2015-08-05,126.18,127.32,124.800003,125.169998,831000,125.169998
2015-08-04,125.709999,126.360001,124.699997,125.139999,716600,125.139999
2015-08-03,125.57,125.830002,124.540001,125.589996,1070700,125.589996
2015-07-31,126.660004,126.669998,125.519997,125.669998,793800,125.669998
2015-07-30,125.910004,126.75,125.43,126.580002,962700,126.580002
2015-07-29,125.449997,126.760002,124.739998,126.720001,1439700,126.050003
2015-07-28,124.279999,125.349998,123.230003,125.260002,2056800,124.597724
2015-07-27,123.650002,123.669998,122.089996,122.959999,1138900,122.309881
2015-07-24,126.18,126.660004,123.43,124.040001,1299100,123.384173
2015-07-23,128.679993,129.220001,125.959999,126.209999,1879800,125.542698
2015-07-22,127.50,127.900002,126.669998,126.809998,1648500,126.139524
2015-07-21,128.600006,129.190002,127.339996,127.639999,1320600,126.965137
2015-07-20,128.190002,128.850006,127.389999,128.289993,860200,127.611695
2015-07-17,127.510002,127.900002,126.870003,127.629997,1038300,126.955188
2015-07-16,127.809998,128.350006,127.239998,127.889999,1209800,127.213816
2015-07-15,126.050003,126.809998,125.199997,125.93,1042300,125.264179
2015-07-14,125.019997,125.959999,124.349998,125.669998,901100,125.005552
2015-07-13,125.050003,125.589996,124.519997,125.449997,717200,124.786714
2015-07-10,122.00,123.949997,121.730003,123.68,1599100,123.026076
2015-07-09,123.870003,124.900002,122.449997,123.089996,935800,122.439191
2015-07-08,122.760002,123.480003,121.550003,121.970001,1647000,121.325118
2015-07-07,123.629997,123.970001,121.160004,123.830002,1341900,123.175284
2015-07-06,123.449997,124.769997,122.830002,123.68,1441500,123.026076
2015-07-02,125.980003,126.57,124.610001,125.230003,1237900,124.567884
2015-07-01,126.989998,127.629997,125.440002,126.150002,1030700,125.483017
2015-06-30,125.080002,125.739998,124.089996,124.93,1545200,124.269467
2015-06-29,126.769997,126.959999,123.669998,123.790001,1574700,123.135495
2015-06-26,128.899994,128.929993,127.75,128.419998,2627000,127.741012
2015-06-25,129.220001,129.220001,127.769997,127.860001,1259600,127.183975
2015-06-24,128.860001,129.699997,128.199997,128.380005,1387800,127.70123
2015-06-23,129.229996,129.990005,128.800003,129.759995,1376300,129.073924
2015-06-22,129.339996,129.75,128.470001,129.350006,1039900,128.666103
2015-06-19,128.889999,129.789993,127.68,127.839996,1278400,127.164077
2015-06-18,128.910004,129.779999,128.270004,129.479996,812900,128.795405
2015-06-17,128.899994,129.320007,127.970001,128.350006,950400,127.67139
2015-06-16,127.169998,128.630005,127.169998,128.470001,615600,127.790751
2015-06-15,126.889999,128.389999,126.480003,127.889999,921900,127.213816
2015-06-12,129.130005,129.259995,128.009995,128.330002,821600,127.651492
2015-06-11,130.039993,130.690002,129.279999,129.630005,1136300,128.944621
2015-06-10,127.279999,130.119995,127.279999,129.860001,1692500,129.173401
2015-06-09,125.940002,126.690002,125.459999,126.330002,1069600,125.662066
2015-06-08,126.959999,127.480003,126.080002,126.129997,1148600,125.463119
2015-06-05,126.580002,127.339996,125.660004,126.610001,1487300,125.940584
2015-06-04,124.519997,126.830002,124.519997,125.330002,1124200,124.667353
2015-06-03,126.769997,128.330002,126.080002,127.360001,1410900,126.686619
2015-06-02,124.589996,127.110001,124.410004,126.080002,1617000,125.413388
2015-06-01,124.650002,125.339996,123.82,124.589996,1254000,123.93126
2015-05-29,126.68,127.150002,124.57,124.589996,1674500,123.93126
2015-05-28,126.669998,127.139999,125.949997,127.010002,1101500,126.338471
2015-05-27,127.00,127.449997,126.599998,126.879997,1381900,126.209154
2015-05-26,127.860001,128.389999,126.690002,126.809998,1436200,126.139524
2015-05-22,128.149994,129.039993,127.769997,128.270004,730400,127.591811
2015-05-21,127.980003,128.639999,127.949997,128.289993,755700,127.611695
2015-05-20,128.820007,129.130005,128.00,128.460007,1248400,127.780809
2015-05-19,129.309998,129.800003,128.490005,128.970001,882000,128.288107
2015-05-18,127.580002,129.009995,127.389999,128.970001,1094200,128.288107
2015-05-15,128.380005,128.440002,127.099998,128.00,1115800,127.323235
2015-05-14,127.480003,128.320007,126.730003,128.300003,956700,127.621651
2015-05-13,124.650002,126.889999,124.559998,126.50,1819600,125.831165
2015-05-12,124.519997,125.25,123.410004,124.730003,975800,124.070527
2015-05-11,126.169998,127.010002,125.349998,125.419998,1106700,124.756874
2015-05-08,126.089996,126.959999,125.110001,126.349998,1468600,125.681957
2015-05-07,123.120003,125.00,123.010002,124.559998,1494400,123.90142
2015-05-06,125.269997,125.440002,122.349998,123.489998,1628900,122.837078
2015-05-05,125.709999,126.50,124.410004,124.620003,1120300,123.961108
2015-05-04,125.68,126.349998,125.010002,125.989998,1011200,125.32386
2015-05-01,126.099998,126.690002,124.339996,125.410004,1191100,124.746932
2015-04-30,126.629997,127.489998,125.059998,125.279999,1419600,124.617615
2015-04-29,126.57,128.410004,126.529999,127.489998,1466800,126.149467
2015-04-28,126.00,127.279999,125.650002,127.139999,1351500,125.803148
2015-04-27,128.130005,128.710007,126.449997,126.690002,1528900,125.357883
2015-04-24,126.68,128.110001,126.410004,127.75,1522800,126.406735
2015-04-23,127.260002,128.029999,125.290001,127.169998,4336400,125.832832
2015-04-22,130.470001,131.759995,128.75,131.619995,1615300,130.236038
2015-04-21,130.789993,130.990005,129.800003,130.330002,1570400,128.959608
2015-04-20,129.970001,130.929993,129.570007,130.550003,1123300,129.177296
