Date,Open,High,Low,Close,Volume,Adj Close
2015-10-16,565.27002,570.940002,560.309998,570.76001,4218100,570.76001
2015-10-15,547.75,563.00,547.00,562.440002,4914600,562.440002
2015-10-14,551.340027,552.25,539.679993,544.830017,3561100,544.830017
2015-10-13,546.26001,553.200012,543.099976,548.900024,2737100,548.900024
2015-10-12,539.960022,550.820007,539.799988,550.190002,2761100,550.190002
2015-10-09,534.47998,541.789978,530.27002,539.799988,3527200,539.799988
2015-10-08,536.710022,539.390015,519.890015,533.159973,4649000,533.159973
2015-10-07,541.789978,542.00,529.00,541.940002,3788800,541.940002
2015-10-06,545.50,551.50,533.330017,537.47998,4502800,537.47998
2015-10-05,536.98999,545.909973,536.00,543.679993,3352400,543.679993
2015-10-02,512.98999,532.599976,508.100006,532.539978,4576600,532.539978
2015-10-01,511.00,520.799988,506.00,520.719971,3741100,520.719971
2015-09-30,505.440002,512.799988,501.670013,511.890015,3990400,511.890015
2015-09-29,506.00,511.480011,490.50,496.070007,4443200,496.070007
2015-09-28,520.02002,520.280029,494.329987,504.059998,5383200,504.059998
2015-09-25,542.570007,542.799988,521.400024,524.25,3910300,524.25
2015-09-24,530.549988,534.559998,522.869995,533.75,3481800,533.75
2015-09-23,538.299988,541.210022,534.00,536.070007,2228100,536.070007
2015-09-22,539.710022,543.549988,532.659973,538.400024,3824200,538.400024
2015-09-21,544.330017,549.780029,539.590027,548.390015,3265300,548.390015
2015-09-18,534.619995,546.23999,531.349976,540.26001,6125600,540.26001
2015-09-17,526.97998,546.969971,526.570007,538.869995,4124900,538.869995
2015-09-16,521.97998,528.299988,518.52002,527.390015,2248000,527.390015
2015-09-15,523.25,527.919983,517.200012,522.369995,2845600,522.369995
2015-09-14,529.440002,532.450012,518.580017,521.380005,3127100,521.380005
2015-09-11,521.070007,529.440002,520.609985,529.440002,3218600,529.440002
2015-09-10,515.150024,526.130005,514.780029,522.23999,2562800,522.23999
2015-09-09,524.00,529.950012,515.059998,516.890015,4338700,516.890015
2015-09-08,508.690002,518.349976,508.51001,517.539978,3777500,517.539978
2015-09-04,497.649994,502.850006,495.640015,499.00,2690200,499.00
2015-09-03,514.50,515.840027,502.570007,504.720001,3098900,504.720001
2015-09-02,505.089996,510.859985,497.720001,510.549988,3689600,510.549988
2015-09-01,499.140015,510.00,493.429993,496.540009,3824000,496.540009
2015-08-31,516.440002,519.409973,509.070007,512.890015,2983000,512.890015
2015-08-28,517.50,521.50,513.039978,518.01001,2733800,518.01001
2015-08-27,513.710022,522.690002,507.26001,518.369995,6064900,518.369995
2015-08-26,484.019989,503.720001,478.76001,500.769989,6323600,500.769989
2015-08-25,487.48999,489.440002,466.25,466.369995,5644000,466.369995
2015-08-24,463.579987,476.579987,451.00,463.369995,10063900,463.369995
2015-08-21,507.359985,512.330017,494.470001,494.470001,6636400,494.470001
2015-08-20,530.390015,533.25,515.77002,515.780029,4374900,515.780029
2015-08-19,533.73999,537.25,529.00,532.919983,2313500,532.919983
2015-08-18,535.039978,539.48999,533.00,535.02002,2066100,535.02002
2015-08-17,531.289978,538.73999,527.119995,535.219971,2571200,535.219971
2015-08-14,528.25,534.109985,528.25,531.52002,1983200,531.52002
2015-08-13,527.369995,534.659973,525.48999,529.659973,2887800,529.659973
2015-08-12,523.75,527.50,513.059998,525.909973,3962300,525.909973
2015-08-11,523.650024,528.97998,522.00,527.460022,2657900,527.460022
2015-08-10,528.52002,532.280029,523.00,524.00,2598600,524.00
2015-08-07,529.159973,529.460022,518.210022,522.619995,3958300,522.619995
2015-08-06,539.299988,542.73999,527.52002,529.460022,3795500,529.460022
2015-08-05,538.799988,539.140015,534.119995,537.01001,2885000,537.01001
2015-08-04,529.690002,536.950012,529.159973,531.900024,2916700,531.900024
2015-08-03,537.450012,540.440002,529.359985,535.030029,2997500,535.030029
2015-07-31,539.090027,542.840027,534.52002,536.150024,2976200,536.150024
2015-07-30,527.650024,539.200012,524.289978,536.76001,3724100,536.76001
2015-07-29,530.919983,532.969971,525.02002,529.00,3721400,529.00
2015-07-28,536.00,536.390015,523.119995,526.030029,5250800,526.030029
2015-07-27,527.75,544.950012,526.599976,531.409973,7478400,531.409973
2015-07-24,578.98999,580.570007,529.349976,529.419983,21767500,529.419983
2015-07-23,491.660004,491.660004,475.700012,482.179993,7912900,482.179993
2015-07-22,485.98999,492.50,484.899994,488.269989,3074000,488.269989
2015-07-21,487.899994,488.880005,482.549988,488.00,3138100,488.00
2015-07-20,492.570007,493.200012,485.399994,488.100006,4715800,488.100006
2015-07-17,477.700012,485.420013,477.25,483.01001,4900900,483.01001
2015-07-16,465.50,475.880005,464.799988,475.480011,4065900,475.480011
2015-07-15,463.040009,464.700012,460.200012,461.190002,2973300,461.190002
2015-07-14,462.320007,469.600006,458.160004,465.570007,4722500,465.570007
2015-07-13,448.290009,457.869995,447.540009,455.570007,3935600,455.570007
2015-07-10,440.48999,444.720001,439.00,443.51001,2397200,443.51001
2015-07-09,434.899994,438.720001,434.149994,434.390015,2262900,434.390015
2015-07-08,434.350006,435.98999,428.829987,429.700012,2375300,429.700012
2015-07-07,435.679993,437.730011,425.570007,436.720001,3102300,436.720001
2015-07-06,435.230011,439.730011,433.519989,436.040009,1899200,436.040009
2015-07-02,437.00,438.200012,433.480011,437.709991,1337200,437.709991
2015-07-01,439.350006,440.00,435.579987,437.390015,1973400,437.390015
2015-06-30,434.200012,435.570007,430.459991,434.089996,2574200,434.089996
2015-06-29,434.980011,437.00,429.00,429.859985,2709400,429.859985
2015-06-26,441.76001,443.48999,435.059998,438.100006,2529500,438.100006
2015-06-25,438.070007,443.470001,436.390015,440.100006,2235600,440.100006
2015-06-24,444.970001,446.470001,440.230011,440.839996,2614400,440.839996
2015-06-23,435.589996,447.040009,433.690002,445.98999,3209400,445.98999
2015-06-22,437.00,439.23999,434.179993,436.290009,1765500,436.290009
2015-06-19,440.26001,444.98999,433.23999,434.920013,4481100,434.920013
2015-06-18,430.299988,439.730011,429.410004,439.390015,3369700,439.390015
2015-06-17,428.359985,431.350006,424.75,427.809998,2184100,427.809998
2015-06-16,424.149994,427.970001,422.670013,427.26001,2296400,427.26001
2015-06-15,427.660004,428.049988,422.640015,423.670013,2041900,423.670013
2015-06-12,431.25,432.359985,428.26001,429.920013,2050200,429.920013
2015-06-11,432.290009,438.890015,431.470001,432.970001,2917100,432.970001
2015-06-10,426.459991,432.200012,425.660004,430.769989,2166500,430.769989
2015-06-09,422.959991,427.48999,419.140015,425.480011,2274600,425.480011
2015-06-08,425.619995,426.799988,421.429993,423.50,2166900,423.50
2015-06-05,429.660004,430.799988,426.50,426.950012,1903100,426.950012
2015-06-04,434.399994,436.76001,429.26001,430.779999,2499700,430.779999
2015-06-03,434.399994,438.390015,432.75,436.589996,2720800,436.589996
2015-06-02,430.070007,433.230011,426.25,430.98999,1668900,430.98999
2015-06-01,430.399994,433.160004,426.200012,430.920013,2250000,430.920013
2015-05-29,427.230011,432.50,427.230011,429.230011,3008600,429.230011
2015-05-28,429.709991,431.350006,425.470001,426.570007,1907800,426.570007
2015-05-27,427.450012,431.850006,425.01001,431.420013,2221400,431.420013
2015-05-26,426.200012,427.00,422.00,425.470001,2238200,425.470001
2015-05-22,431.549988,432.440002,427.609985,427.630005,2018600,427.630005
2015-05-21,428.00,436.899994,428.00,431.630005,4113200,431.630005
2015-05-20,420.600006,427.100006,418.359985,423.859985,2191000,423.859985
2015-05-19,424.869995,428.23999,420.630005,421.709991,2464200,421.709991
2015-05-18,426.00,427.269989,421.459991,425.23999,2268700,425.23999
2015-05-15,428.00,430.399994,424.299988,426.00,4226200,426.00
2015-05-14,429.450012,433.00,427.01001,432.279999,1883300,432.279999
2015-05-13,429.980011,433.529999,425.799988,426.869995,1994000,426.869995
2015-05-12,431.079987,433.25,426.709991,431.019989,1935900,431.019989
2015-05-11,432.51001,439.00,431.369995,432.850006,2389200,432.850006
2015-05-08,430.75,435.200012,430.170013,433.690002,2887200,433.690002
2015-05-07,424.149994,428.50,422.850006,426.880005,2757800,426.880005
2015-05-06,421.429993,422.720001,414.549988,419.100006,2534900,419.100006
2015-05-05,422.850006,427.51001,421.019989,421.190002,2844700,421.190002
2015-05-04,424.799988,429.769989,422.420013,423.040009,2266200,423.040009
2015-05-01,423.820007,425.640015,416.00,422.869995,3427600,422.869995
2015-04-30,427.109985,431.75,419.23999,421.779999,3609700,421.779999
2015-04-29,426.75,434.23999,426.029999,429.369995,3613300,429.369995
2015-04-28,438.51001,439.00,428.040009,429.309998,4129800,429.309998
2015-04-27,443.859985,446.98999,437.410004,438.559998,5420600,438.559998
2015-04-24,439.00,452.649994,439.00,445.100006,17031400,445.100006
2015-04-23,390.209991,391.880005,386.149994,389.98999,6640600,389.98999
2015-04-22,391.910004,394.279999,388.00,389.799988,3447200,389.799988
2015-04-21,391.309998,394.600006,386.799988,391.179993,4634500,391.179993
2015-04-20,378.549988,391.940002,377.00,389.51001,5016100,389.51001
