Date,Open,High,Low,Close,Volume,Adj Close
2015-10-09,20.719999,20.99,20.040001,20.83,2180400,20.83
2015-10-08,20.309999,21.209999,20.200001,20.809999,2241900,20.809999
2015-10-07,20.370001,20.52,19.959999,20.41,2383700,20.41
2015-10-06,20.57,20.690001,19.99,20.139999,1825800,20.139999
2015-10-05,20.549999,20.85,20.42,20.709999,1679300,20.709999
2015-10-02,19.799999,20.35,19.440001,20.35,2616300,20.35
2015-10-01,21.26,21.34,19.84,20.01,3241200,20.01
2015-09-30,21.32,21.379999,20.67,21.190001,2098200,21.190001
2015-09-29,20.85,21.290001,20.790001,21.120001,1913700,21.120001
2015-09-28,21.790001,21.940001,20.65,20.83,2569100,20.83
2015-09-25,22.129999,22.25,21.82,21.969999,1857500,21.969999
2015-09-24,21.610001,22.059999,21.43,21.940001,2104800,21.940001
2015-09-23,21.91,22.200001,21.48,21.83,1902200,21.83
2015-09-22,21.610001,21.83,21.49,21.809999,1657300,21.809999
2015-09-21,21.24,22.09,21.200001,21.83,2784600,21.83
2015-09-18,21.030001,21.48,20.950001,21.139999,2294800,21.139999
2015-09-17,21.379999,21.719999,21.110001,21.33,2476200,21.33
2015-09-16,20.549999,21.50,20.450001,21.42,2610000,21.42
2015-09-15,19.940001,20.60,19.92,20.51,2483100,20.51
2015-09-14,19.50,20.49,19.50,19.98,3321900,19.98
2015-09-11,19.76,20.02,19.110001,19.50,3945200,19.50
2015-09-10,21.030001,21.23,19.860001,20.00,3244300,20.00
2015-09-09,21.10,21.68,21.01,21.190001,3459200,21.190001
2015-09-08,20.799999,20.92,20.43,20.90,2431000,20.90
2015-09-04,20.07,20.629999,20.02,20.450001,1979800,20.450001
2015-09-03,20.43,20.75,20.129999,20.40,2136000,20.40
2015-09-02,20.23,20.66,20.00,20.43,2086000,20.43
2015-09-01,19.42,20.43,19.309999,20.049999,3822000,20.049999
2015-08-31,19.389999,20.049999,19.280001,19.860001,3525900,19.860001
2015-08-28,18.809999,19.959999,18.809999,19.18,5717200,19.18
2015-08-27,19.299999,19.860001,18.15,18.860001,8445500,18.660001
2015-08-26,19.73,19.99,18.43,18.91,13510100,18.70947
2015-08-25,17.65,18.059999,16.559999,17.27,5701800,17.086862
2015-08-24,15.56,17.299999,15.42,17.299999,7033500,17.116542
2015-08-21,16.82,17.24,16.360001,16.450001,4287200,16.275558
2015-08-20,17.41,17.60,17.07,17.09,2778300,16.90877
2015-08-19,17.879999,17.950001,17.309999,17.549999,3777200,17.363891
2015-08-18,19.15,19.15,17.709999,17.969999,6087300,17.779438
2015-08-17,19.02,19.360001,18.719999,19.17,1677000,18.966713
2015-08-14,18.870001,19.209999,18.75,19.02,1876700,18.818304
2015-08-13,19.67,19.860001,18.85,18.92,2575200,18.719364
2015-08-12,20.17,20.18,19.25,19.77,2097800,19.560351
2015-08-11,20.27,20.48,19.950001,20.309999,1514600,20.094623
2015-08-10,19.719999,20.33,19.629999,20.309999,1634700,20.094623
2015-08-07,19.780001,20.219999,19.58,19.620001,1790500,19.411942
2015-08-06,19.440001,19.790001,19.25,19.75,2936900,19.540562
2015-08-05,19.360001,20.25,19.10,19.440001,2173600,19.23385
2015-08-04,19.50,19.629999,19.049999,19.129999,1968200,18.927136
2015-08-03,20.10,20.280001,19.309999,19.440001,1964700,19.23385
2015-07-31,19.92,20.17,19.790001,20.09,1413700,19.876957
2015-07-30,19.91,20.09,19.75,19.90,1642900,19.688971
2015-07-29,19.75,20.18,19.65,19.91,1835400,19.698865
2015-07-28,19.99,20.00,19.360001,19.709999,2275300,19.500986
2015-07-27,20.09,20.370001,19.870001,19.959999,1883900,19.748334
2015-07-24,20.950001,21.049999,20.00,20.309999,1962500,20.094623
2015-07-23,21.25,21.549999,20.90,20.940001,1389800,20.717944
2015-07-22,20.799999,21.049999,20.67,21.030001,1827300,20.806989
2015-07-21,21.42,21.76,20.73,20.959999,2005100,20.73773
2015-07-20,21.799999,21.870001,21.370001,21.540001,1555900,21.311581
2015-07-17,22.309999,22.35,21.690001,21.74,1603500,21.509459
2015-07-16,22.049999,22.42,21.98,22.379999,1793000,22.142672
2015-07-15,22.65,22.77,21.940001,22.040001,2234700,21.806279
2015-07-14,22.18,22.709999,22.02,22.620001,2347100,22.380128
2015-07-13,21.98,22.33,21.82,22.25,1967600,22.014051
2015-07-10,21.809999,22.00,21.209999,21.82,1712400,21.588611
2015-07-09,21.530001,21.799999,21.26,21.559999,2025700,21.331368
2015-07-08,21.459999,21.60,21.120001,21.370001,2243800,21.143384
2015-07-07,21.219999,21.629999,20.74,21.549999,1682400,21.321474
2015-07-06,20.90,21.299999,20.75,21.17,3738900,20.945504
2015-07-02,21.52,21.780001,20.91,21.120001,1865900,20.896035
2015-07-01,21.73,21.92,21.440001,21.620001,2154000,21.390733
2015-06-30,21.959999,22.02,21.200001,21.51,3262500,21.281899
2015-06-29,23.280001,23.43,22.059999,22.139999,3308900,21.905217
2015-06-26,23.48,23.610001,23.200001,23.610001,7419600,23.35963
2015-06-25,23.10,23.49,22.84,23.40,2547300,23.151856
2015-06-24,23.200001,23.440001,22.969999,23.00,1943900,22.756098
2015-06-23,22.75,23.42,22.74,23.309999,2357600,23.06281
2015-06-22,22.379999,22.709999,22.24,22.57,1758900,22.330657
2015-06-19,22.299999,22.48,21.85,22.34,1958400,22.103097
2015-06-18,22.200001,22.40,22.02,22.26,1425200,22.023945
2015-06-17,22.18,22.389999,22.040001,22.24,1711100,22.004157
2015-06-16,21.68,22.02,21.66,21.98,1818100,21.746914
2015-06-15,22.32,22.32,21.639999,21.73,3220000,21.499565
2015-06-12,22.58,22.67,22.26,22.549999,1739500,22.310869
2015-06-11,22.85,23.00,22.530001,22.639999,1936500,22.399915
2015-06-10,22.690001,23.719999,22.52,22.85,4051800,22.607689
2015-06-09,22.309999,22.530001,22.01,22.200001,2561000,21.964582
2015-06-08,22.57,22.98,22.190001,22.290001,2373900,22.053628
2015-06-05,22.84,23.059999,22.42,22.450001,3428000,22.211931
2015-06-04,22.15,23.110001,21.870001,22.98,4147400,22.736309
2015-06-03,21.33,22.200001,21.299999,22.18,4064400,21.944794
2015-06-02,20.389999,21.65,20.379999,21.16,3609800,20.93561
2015-06-01,20.42,20.90,20.32,20.40,3555900,20.183669
2015-05-29,21.690001,21.700001,20.360001,20.469999,7626200,20.252926
2015-05-28,21.15,22.469999,20.77,22.299999,11539600,21.865641
2015-05-27,20.049999,20.139999,19.60,19.65,4693000,19.267258
2015-05-26,20.59,20.790001,19.90,20.110001,3996000,19.718299
2015-05-22,20.60,20.93,20.50,20.82,1236500,20.414469
2015-05-21,20.870001,21.18,20.73,20.76,1631100,20.355638
2015-05-20,20.799999,21.15,20.65,20.809999,2412100,20.404663
2015-05-19,21.610001,21.73,20.540001,20.74,3353800,20.336027
2015-05-18,21.549999,21.77,21.299999,21.68,1550200,21.257718
2015-05-15,21.27,21.549999,21.17,21.42,1245400,21.002782
2015-05-14,21.889999,21.92,21.190001,21.25,1329400,20.836093
2015-05-13,21.52,21.879999,21.290001,21.84,1002200,21.414601
2015-05-12,21.92,21.92,21.450001,21.549999,1319300,21.130249
2015-05-11,21.889999,22.49,21.860001,22.07,1203600,21.640121
2015-05-08,22.309999,22.40,21.780001,21.90,1474300,21.473432
2015-05-07,21.809999,22.35,21.57,22.18,1782400,21.747979
2015-05-06,21.83,21.879999,21.370001,21.76,1137500,21.33616
2015-05-05,21.639999,21.98,21.42,21.719999,1531400,21.296938
2015-05-04,22.18,22.40,21.57,21.780001,2753000,21.355771
2015-05-01,22.58,22.629999,21.969999,22.51,1666000,22.071551
2015-04-30,21.950001,22.67,21.870001,22.48,3000800,22.042135
2015-04-29,22.610001,22.719999,21.76,22.10,2312900,21.669537
2015-04-28,22.620001,22.77,22.23,22.719999,2806000,22.27746
2015-04-27,22.90,23.370001,22.530001,22.65,2598100,22.208824
2015-04-24,22.99,23.00,22.639999,22.860001,2040700,22.414734
2015-04-23,22.129999,23.190001,22.09,22.889999,2590500,22.444149
2015-04-22,22.120001,22.190001,21.799999,22.15,1000800,21.718563
2015-04-21,22.40,22.469999,21.719999,22.040001,2003700,21.610707
2015-04-20,22.35,22.469999,21.799999,22.309999,2338400,21.875446
2015-04-17,22.77,22.790001,21.969999,22.110001,2832200,21.679343
2015-04-16,22.57,23.559999,22.549999,22.889999,3286400,22.444149
2015-04-15,21.360001,22.82,21.23,22.75,3803400,22.306876
2015-04-14,21.950001,22.049999,21.26,21.35,2773300,20.934146
2015-04-13,21.77,22.08,21.66,21.860001,1696000,21.434212
