Date,Open,High,Low,Close,Volume,Adj Close
2015-10-16,69.349998,69.940002,68.370003,69.82,742600,69.82
2015-10-15,68.620003,69.489998,67.610001,69.440002,723900,69.440002
2015-10-14,68.709999,69.120003,68.230003,68.43,604200,68.43
2015-10-13,69.720001,70.739998,68.800003,68.82,741100,68.82
2015-10-12,70.919998,71.199997,69.949997,70.43,563400,70.43
2015-10-09,71.620003,71.809998,70.32,70.75,687200,70.75
2015-10-08,68.059998,71.709999,67.879997,71.589996,839400,71.589996
2015-10-07,67.849998,68.339996,67.099998,68.300003,904700,68.300003
2015-10-06,67.779999,68.620003,66.849998,67.209999,559800,67.209999
2015-10-05,66.410004,68.230003,66.410004,68.040001,719300,68.040001
2015-10-02,64.699997,65.790001,64.230003,65.779999,877800,65.779999
2015-10-01,65.389999,66.449997,64.610001,65.43,772600,65.43
2015-09-30,64.139999,65.379997,63.57,65.190002,1370700,65.190002
2015-09-29,66.489998,66.980003,63.380001,63.889999,1220900,63.889999
2015-09-28,67.599998,68.300003,66.32,66.550003,680000,66.550003
2015-09-25,67.809998,68.949997,67.43,67.919998,468600,67.919998
2015-09-24,67.550003,67.629997,66.419998,67.290001,456100,67.290001
2015-09-23,68.120003,69.150002,67.059998,68.160004,619700,68.160004
2015-09-22,67.989998,68.610001,67.019997,67.550003,378700,67.550003
2015-09-21,69.389999,70.269997,68.68,69.010002,526900,69.010002
2015-09-18,69.059998,70.279999,68.68,68.839996,1000700,68.839996
2015-09-17,70.129997,71.209999,69.879997,70.050003,647400,70.050003
2015-09-16,69.599998,70.25,69.379997,70.099998,550100,70.099998
2015-09-15,69.139999,69.860001,68.660004,69.739998,717200,69.739998
2015-09-14,68.949997,69.459999,68.440002,68.769997,451300,68.769997
2015-09-11,68.370003,69.360001,67.889999,68.900002,632600,68.900002
2015-09-10,67.349998,68.620003,66.949997,68.330002,947700,68.330002
2015-09-09,67.459999,68.379997,67.190002,67.449997,1200700,67.449997
2015-09-08,65.879997,67.230003,65.82,67.160004,695900,67.160004
2015-09-04,64.940002,65.529999,64.379997,65.080002,791000,65.080002
2015-09-03,64.230003,66.050003,63.889999,65.830002,1147900,65.830002
2015-09-02,63.459999,64.029999,62.110001,64.029999,840500,64.029999
2015-09-01,62.700001,63.720001,62.450001,62.84,1069000,62.84
2015-08-31,64.169998,65.57,64.110001,64.510002,777900,64.510002
2015-08-28,63.860001,64.959999,63.630001,64.639999,912400,64.639999
2015-08-27,63.82,64.059998,62.389999,63.900002,779900,63.900002
2015-08-26,61.970001,63.669998,61.209999,63.23,1215500,63.23
2015-08-25,65.50,65.50,60.41,60.48,1205100,60.48
2015-08-24,57.880001,60.919998,50.09,60.919998,1832300,60.919998
2015-08-21,66.910004,67.519997,65.209999,65.339996,838100,65.339996
2015-08-20,68.970001,69.330002,67.669998,67.720001,749300,67.720001
2015-08-19,70.589996,70.980003,69.669998,69.830002,425800,69.830002
2015-08-18,71.029999,71.459999,70.860001,71.089996,491400,71.089996
2015-08-17,70.099998,71.059998,69.489998,71.050003,443400,71.050003
2015-08-14,69.550003,70.459999,69.230003,70.290001,470300,70.290001
2015-08-13,68.940002,69.910004,68.830002,69.580002,814200,69.580002
2015-08-12,69.300003,69.449997,67.970001,68.889999,1037400,68.889999
2015-08-11,70.940002,71.879997,69.480003,70.00,1023000,70.00
2015-08-10,71.669998,72.720001,71.389999,72.169998,483800,72.169998
2015-08-07,70.870003,71.110001,70.209999,70.980003,477900,70.980003
2015-08-06,72.099998,72.480003,70.510002,71.050003,449000,71.050003
2015-08-05,72.00,72.480003,71.879997,72.099998,597800,72.099998
2015-08-04,71.980003,72.489998,71.550003,71.709999,589200,71.709999
2015-08-03,71.779999,72.199997,71.059998,71.629997,405500,71.629997
2015-07-31,72.080002,72.50,71.699997,71.82,949300,71.82
2015-07-30,70.860001,71.879997,70.50,71.660004,488700,71.660004
2015-07-29,70.589996,71.169998,69.550003,70.949997,735000,70.949997
2015-07-28,70.650002,70.739998,69.57,70.470001,653000,70.280003
2015-07-27,71.559998,71.690002,69.389999,69.970001,955900,69.781351
2015-07-24,73.089996,73.330002,71.419998,72.309998,955100,72.115038
2015-07-23,75.00,77.43,70.889999,72.339996,1907000,72.144956
2015-07-22,68.110001,69.00,67.330002,68.510002,697700,68.325288
2015-07-21,69.160004,69.620003,67.849998,68.370003,881800,68.185667
2015-07-20,68.440002,69.669998,68.139999,69.370003,595600,69.18297
2015-07-17,68.07,68.379997,67.650002,68.120003,542500,67.936341
2015-07-16,68.230003,68.610001,67.919998,68.099998,405900,67.91639
2015-07-15,68.00,68.410004,67.480003,67.959999,717800,67.776768
2015-07-14,67.510002,68.110001,67.279999,67.980003,441600,67.796719
2015-07-13,66.800003,67.75,66.669998,67.519997,858700,67.337952
2015-07-10,66.00,66.470001,65.690002,66.360001,832700,66.181084
2015-07-09,65.559998,66.940002,65.25,65.349998,1564000,65.173805
2015-07-08,69.419998,69.440002,64.510002,64.800003,3027900,64.625292
2015-07-07,72.690002,72.690002,69.68,70.330002,1250400,70.140381
2015-07-06,72.18,73.080002,72.010002,72.50,330800,72.304529
2015-07-02,73.760002,73.900002,72.379997,72.760002,321000,72.56383
2015-07-01,72.68,73.699997,72.410004,73.379997,515400,73.182153
2015-06-30,72.379997,72.720001,71.870003,71.980003,561300,71.785934
2015-06-29,72.580002,73.040001,71.540001,71.580002,415800,71.387011
2015-06-26,73.410004,73.68,72.769997,73.419998,896900,73.222046
2015-06-25,73.410004,73.730003,72.830002,73.230003,303500,73.032564
2015-06-24,73.830002,74.190002,72.949997,73.089996,241000,72.892934
2015-06-23,74.32,74.400002,73.629997,73.959999,403700,73.760591
2015-06-22,74.209999,74.269997,73.709999,73.940002,479200,73.740649
2015-06-19,73.589996,73.949997,73.260002,73.650002,718800,73.45143
2015-06-18,73.650002,74.239998,73.449997,73.669998,619600,73.471372
2015-06-17,73.190002,73.690002,72.970001,73.360001,326600,73.162211
2015-06-16,72.639999,73.419998,72.32,73.230003,347800,73.032564
2015-06-15,72.559998,72.830002,72.029999,72.779999,458000,72.583773
2015-06-12,72.900002,73.50,72.559998,73.190002,503400,72.992671
2015-06-11,71.160004,72.959999,71.019997,72.940002,647900,72.743345
2015-06-10,70.599998,71.339996,70.230003,71.040001,550900,70.848466
2015-06-09,70.580002,70.75,70.050003,70.449997,418800,70.260053
2015-06-08,71.419998,71.779999,70.300003,70.529999,663900,70.339839
2015-06-05,71.480003,71.650002,70.860001,71.470001,312200,71.277307
2015-06-04,71.989998,72.110001,71.199997,71.459999,187300,71.267332
2015-06-03,71.410004,72.650002,70.910004,72.300003,360500,72.105071
2015-06-02,71.760002,71.970001,70.959999,71.18,351600,70.988088
2015-06-01,71.709999,72.260002,70.989998,71.82,341200,71.626362
2015-05-29,71.459999,71.75,70.910004,71.379997,336900,71.187546
2015-05-28,71.480003,71.75,70.860001,71.610001,412300,71.416929
2015-05-27,70.470001,71.50,70.279999,71.370003,501400,71.177578
2015-05-26,70.269997,70.629997,69.599998,70.290001,465200,70.100488
2015-05-22,69.940002,70.720001,69.57,70.300003,766900,70.110463
2015-05-21,69.809998,70.089996,69.410004,69.709999,506100,69.52205
2015-05-20,70.269997,70.269997,69.75,69.989998,320400,69.801294
2015-05-19,69.989998,70.239998,69.690002,70.129997,409700,69.940916
2015-05-18,69.410004,70.110001,69.349998,69.849998,351500,69.661672
2015-05-15,69.300003,69.82,69.120003,69.760002,514800,69.571918
2015-05-14,69.470001,69.970001,68.980003,69.489998,428100,69.302642
2015-05-13,68.199997,69.330002,68.199997,68.980003,562600,68.794022
2015-05-12,67.620003,68.50,67.209999,68.220001,266200,68.036069
2015-05-11,68.089996,68.459999,67.800003,68.18,415400,67.996176
2015-05-08,67.800003,68.440002,67.510002,68.160004,759600,67.976234
2015-05-07,66.050003,67.489998,65.739998,67.080002,918100,66.899144
2015-05-06,65.870003,66.199997,65.199997,66.019997,467800,65.841996
2015-05-05,66.040001,66.809998,65.519997,65.720001,469600,65.54281
2015-05-04,65.529999,66.25,65.379997,66.029999,423500,65.851972
2015-05-01,64.25,65.75,64.209999,65.559998,548700,65.383238
2015-04-30,64.019997,64.730003,63.619999,63.900002,1016800,63.727717
2015-04-29,64.730003,64.860001,64.019997,64.269997,617800,64.096715
2015-04-28,66.230003,66.25,64.839996,65.00,835100,64.82475
2015-04-27,67.019997,67.080002,65.860001,66.07,677000,65.702376
2015-04-24,66.510002,66.730003,63.529999,66.589996,1187300,66.219479
2015-04-23,66.080002,66.099998,65.220001,65.650002,752300,65.284715
2015-04-22,65.489998,65.879997,65.029999,65.830002,551500,65.463714
2015-04-21,65.220001,65.959999,65.220001,65.419998,473300,65.055991
2015-04-20,64.599998,65.120003,64.50,65.029999,270300,64.668162
