Date,Open,High,Low,Close,Volume,Adj Close
2015-10-15,71.419998,72.989998,70.779999,72.959999,4076800,72.959999
2015-10-14,70.639999,72.260002,70.489998,71.57,4418300,71.57
2015-10-13,70.529999,72.120003,69.779999,70.580002,2924400,70.580002
2015-10-12,72.459999,72.739998,69.970001,71.089996,4110400,71.089996
2015-10-09,72.470001,72.849998,70.910004,72.400002,5311900,72.400002
2015-10-08,69.010002,72.730003,68.760002,72.330002,7068400,72.330002
2015-10-07,70.00,70.50,67.449997,69.139999,5285300,69.139999
2015-10-06,66.720001,68.779999,66.290001,68.650002,4924300,68.650002
2015-10-05,65.080002,66.989998,64.440002,66.489998,5309100,66.489998
2015-10-02,60.34,64.269997,60.099998,64.110001,5195800,64.110001
2015-10-01,61.34,62.330002,59.75,60.950001,4083500,60.950001
2015-09-30,59.740002,60.48,59.07,60.389999,3953200,60.389999
2015-09-29,59.040001,59.84,58.290001,59.040001,4397900,59.040001
2015-09-28,61.869999,61.970001,59.310001,59.43,6295900,59.43
2015-09-25,64.440002,64.739998,62.029999,62.669998,4227600,62.669998
2015-09-24,63.099998,64.239998,62.509998,63.700001,3397200,63.700001
2015-09-23,65.07,65.480003,63.18,63.18,4714600,63.18
2015-09-22,64.510002,66.379997,64.330002,64.809998,2702000,64.809998
2015-09-21,66.269997,66.730003,65.059998,65.860001,2498000,65.860001
2015-09-18,67.370003,67.699997,65.00,65.470001,6728000,65.470001
2015-09-17,69.07,70.040001,68.199997,68.57,6168900,68.57
2015-09-16,66.43,69.260002,66.400002,69.139999,4622000,69.139999
2015-09-15,65.349998,66.489998,65.209999,65.720001,2499800,65.720001
2015-09-14,65.599998,65.639999,64.480003,65.00,3566300,65.00
2015-09-11,66.199997,66.389999,64.760002,65.650002,4526900,65.650002
2015-09-10,67.330002,67.75,66.059998,67.209999,3920200,67.209999
2015-09-09,69.699997,70.730003,67.059998,67.199997,3980700,67.199997
2015-09-08,69.120003,69.790001,67.690002,69.699997,3519700,69.699997
2015-09-04,68.349998,69.07,67.610001,68.339996,3386000,68.339996
2015-09-03,69.849998,71.32,68.739998,69.510002,4016700,69.240003
2015-09-02,69.290001,69.580002,67.07,69.529999,4221800,69.259922
2015-09-01,69.639999,70.300003,67.650002,68.290001,5283600,68.024741
2015-08-31,69.639999,72.25,67.849998,71.580002,7077100,71.301963
2015-08-28,68.660004,72.309998,68.519997,70.940002,6647100,70.664449
2015-08-27,66.879997,70.199997,66.50,69.010002,9018000,68.741946
2015-08-26,65.510002,65.93,63.59,65.160004,6274900,64.906902
2015-08-25,67.980003,68.239998,63.970001,63.990002,5022600,63.741444
2015-08-24,60.400002,67.940002,58.099998,65.550003,11059400,65.295386
2015-08-21,70.459999,71.230003,68.779999,68.779999,6927000,68.512836
2015-08-20,72.419998,73.139999,70.730003,71.050003,6733200,70.774022
2015-08-19,75.870003,76.489998,71.959999,72.379997,7351800,72.098851
2015-08-18,75.989998,77.260002,75.970001,76.639999,2545000,76.342305
2015-08-17,76.00,77.150002,75.620003,76.540001,2399800,76.242695
2015-08-14,76.260002,77.25,75.93,76.25,4219100,75.953821
2015-08-13,77.190002,77.75,76.089996,76.239998,4298700,75.943858
2015-08-12,75.330002,78.589996,74.440002,78.099998,6121400,77.796633
2015-08-11,74.110001,75.669998,73.360001,75.470001,3653900,75.176852
2015-08-10,73.32,75.730003,73.029999,75.699997,3446800,75.405954
2015-08-07,75.849998,76.760002,72.650002,73.050003,4695100,72.766254
2015-08-06,73.669998,76.389999,73.150002,76.150002,5069400,75.854211
2015-08-05,75.400002,76.290001,73.910004,74.010002,3898500,73.722524
2015-08-04,73.940002,74.57,73.629997,74.300003,4208700,74.011398
2015-08-03,73.610001,74.639999,72.800003,73.220001,3829000,72.935592
2015-07-31,76.099998,76.160004,74.099998,74.349998,4025800,74.0612
2015-07-30,76.199997,77.269997,75.519997,76.629997,3999800,76.332342
2015-07-29,74.949997,77.50,73.75,76.279999,7818100,75.983703
2015-07-28,70.209999,73.400002,69.400002,72.849998,6230000,72.567026
2015-07-27,70.559998,71.510002,69.720001,69.989998,4734200,69.718135
2015-07-24,72.400002,72.540001,71.029999,71.610001,3418800,71.331845
2015-07-23,72.800003,73.07,71.650002,72.540001,3054200,72.258233
2015-07-22,72.830002,73.610001,72.349998,72.660004,5267000,72.377769
2015-07-21,73.150002,74.120003,72.879997,73.370003,4907600,73.085011
2015-07-20,73.610001,73.650002,72.290001,72.620003,4795600,72.337924
2015-07-17,74.529999,74.629997,73.349998,73.879997,4012800,73.593024
2015-07-16,76.150002,76.150002,74.330002,74.690002,4296600,74.399883
2015-07-15,75.620003,76.709999,74.839996,75.199997,4723600,74.907896
2015-07-14,75.50,76.639999,75.339996,76.370003,5639100,76.073358
2015-07-13,75.629997,76.489998,75.379997,75.699997,3480900,75.405954
2015-07-10,76.75,77.389999,75.389999,75.709999,3381000,75.415918
2015-07-09,76.839996,77.32,76.00,76.080002,3703200,75.784483
2015-07-08,77.529999,77.620003,75.110001,75.470001,3653100,75.176852
2015-07-07,76.650002,78.330002,75.290001,77.919998,5979100,77.617332
2015-07-06,75.599998,77.449997,75.169998,76.379997,3967700,76.083313
2015-07-02,77.379997,77.989998,76.720001,76.779999,3474400,76.481761
2015-07-01,78.260002,78.699997,76.559998,77.18,5155200,76.880209
2015-06-30,79.110001,79.300003,77.75,78.059998,4270800,77.756788
2015-06-29,80.089996,80.790001,78.50,78.589996,3931900,78.284728
2015-06-26,80.669998,81.389999,79.82,81.360001,3973800,81.043973
2015-06-25,81.699997,81.82,80.68,80.730003,3039700,80.416423
2015-06-24,82.059998,82.629997,81.260002,81.449997,3847400,81.133619
2015-06-23,82.239998,82.690002,81.660004,82.220001,1941000,81.900633
2015-06-22,82.419998,82.440002,81.269997,81.970001,2007300,81.651604
2015-06-19,82.110001,83.07,81.669998,81.82,4028900,81.502185
2015-06-18,83.580002,83.690002,82.730003,82.889999,2408400,82.568028
2015-06-17,84.419998,84.709999,82.639999,83.029999,2008800,82.707484
2015-06-16,82.519997,83.839996,82.519997,83.610001,1515200,83.285233
2015-06-15,82.449997,83.360001,82.360001,82.669998,1892500,82.348882
2015-06-12,83.43,83.50,82.75,83.120003,3578600,82.797138
2015-06-11,84.550003,84.949997,83.720001,83.93,1845100,83.60399
2015-06-10,84.550003,84.790001,83.809998,84.610001,2120100,84.281349
2015-06-09,83.839996,84.699997,83.099998,83.220001,4515600,82.896748
2015-06-08,83.779999,84.699997,82.690002,82.959999,3846800,82.637756
2015-06-05,83.010002,85.199997,82.82,84.489998,3000100,83.89286
2015-06-04,83.110001,83.849998,82.68,83.400002,2285000,82.810567
2015-06-03,84.550003,85.360001,83.870003,83.919998,4360200,83.326888
2015-06-02,84.480003,85.43,82.889999,84.790001,2995100,84.190742
2015-06-01,83.959999,84.139999,83.25,83.839996,2830500,83.247452
2015-05-29,84.239998,84.529999,83.370003,83.610001,4045200,83.019082
2015-05-28,84.309998,84.739998,82.830002,83.919998,3087900,83.326888
2015-05-27,84.50,85.32,83.50,84.150002,3492100,83.555266
2015-05-26,85.269997,85.720001,83.809998,84.18,3598700,83.585053
2015-05-22,84.529999,86.550003,84.339996,86.169998,4026800,85.560986
2015-05-21,83.769997,85.660004,83.50,85.599998,3907100,84.995015
2015-05-20,83.519997,84.050003,82.889999,83.400002,2630000,82.810567
2015-05-19,84.230003,84.559998,83.400002,83.559998,4105900,82.969432
2015-05-18,84.440002,85.059998,83.730003,84.980003,3168500,84.379402
2015-05-15,83.949997,85.290001,83.089996,84.669998,4536700,84.071588
2015-05-14,85.309998,86.050003,84.360001,84.489998,3154900,83.89286
2015-05-13,87.529999,87.529999,84.620003,85.110001,4199000,84.50848
2015-05-12,86.32,87.040001,85.50,86.190002,4337100,85.580849
2015-05-11,88.870003,88.870003,86.209999,86.32,4053900,85.709928
2015-05-08,89.639999,89.709999,87.410004,88.559998,5394300,87.934094
2015-05-07,89.690002,89.75,87.68,88.769997,5234300,88.142609
2015-05-06,90.620003,91.75,89.139999,89.660004,4731400,89.026326
2015-05-05,93.669998,95.75,89.059998,89.32,9411400,88.688725
2015-05-04,94.43,95.199997,92.790001,93.730003,5065500,93.067561
2015-05-01,93.93,94.300003,92.82,93.919998,2211900,93.256213
2015-04-30,94.199997,94.720001,92.760002,94.099998,5498400,93.434941
2015-04-29,93.300003,95.00,92.839996,93.900002,3339200,93.236358
2015-04-28,93.00,94.349998,92.730003,93.660004,2250700,92.998056
2015-04-27,93.690002,94.019997,92.800003,93.160004,2424100,92.50159
2015-04-24,92.940002,93.339996,92.199997,92.650002,3426500,91.995192
2015-04-23,93.099998,94.720001,92.959999,93.459999,2639300,92.799465
2015-04-22,93.089996,93.620003,91.900002,93.040001,2651500,92.382435
2015-04-21,93.309998,94.220001,92.120003,92.559998,3091900,91.905824
2015-04-20,93.900002,95.940002,93.339996,93.660004,7866600,92.998056
