Date,Open,High,Low,Close,Volume,Adj Close
2015-10-15,139.460007,140.00,138.279999,139.759995,791000,139.759995
2015-10-14,138.229996,139.059998,137.679993,138.529999,613200,138.529999
2015-10-13,137.649994,139.350006,136.779999,138.289993,1256400,138.289993
2015-10-12,139.660004,140.119995,138.009995,138.809998,603700,138.809998
2015-10-09,138.380005,140.639999,137.649994,139.949997,1516900,139.949997
2015-10-08,135.529999,138.199997,134.440002,137.910004,1547400,137.910004
2015-10-07,133.169998,134.399994,131.949997,134.169998,1318300,134.169998
2015-10-06,132.839996,133.960007,132.509995,132.789993,914400,132.789993
2015-10-05,131.929993,132.990005,131.410004,132.919998,1866100,132.919998
2015-10-02,127.949997,130.550003,126.82,130.520004,1464900,130.520004
2015-10-01,127.629997,129.449997,126.650002,129.270004,2224300,129.270004
2015-09-30,127.279999,128.220001,125.989998,127.580002,1708800,127.580002
2015-09-29,124.419998,126.120003,123.660004,125.82,1493900,125.82
2015-09-28,126.639999,126.809998,124.510002,125.25,1476400,124.440003
2015-09-25,130.539993,130.679993,127.00,127.629997,1715700,126.804608
2015-09-24,129.190002,130.020004,127.230003,129.460007,1293300,128.622783
2015-09-23,132.649994,132.949997,130.240005,130.479996,1074400,129.636176
2015-09-22,133.720001,133.800003,131.429993,132.619995,1638000,131.762336
2015-09-21,135.330002,136.119995,133.860001,134.869995,1059100,133.997785
2015-09-18,136.830002,137.550003,134.399994,134.600006,1719300,133.729542
2015-09-17,139.259995,141.50,137.570007,139.029999,2203200,138.130886
2015-09-16,135.600006,138.800003,135.410004,138.679993,1095800,137.783143
2015-09-15,136.130005,136.130005,134.699997,135.619995,935600,134.742935
2015-09-14,136.559998,136.559998,135.210007,135.479996,790700,134.603841
2015-09-11,135.690002,136.75,135.050003,136.419998,1408700,135.537764
2015-09-10,135.360001,138.139999,135.360001,136.509995,2101900,135.627178
2015-09-09,140.369995,140.869995,137.020004,137.220001,1187400,136.332593
2015-09-08,137.770004,139.389999,137.259995,139.25,930900,138.349464
2015-09-04,137.440002,138.070007,135.520004,135.899994,993000,135.021123
2015-09-03,139.779999,140.779999,139.059998,139.600006,880000,138.697207
2015-09-02,137.429993,138.949997,136.320007,138.949997,1340100,138.051401
2015-09-01,136.679993,137.529999,135.020004,135.919998,1218600,135.040998
2015-08-31,139.520004,140.419998,138.229996,139.529999,661500,138.627652
2015-08-28,139.710007,141.389999,139.020004,140.669998,1024800,139.760279
2015-08-27,139.210007,141.369995,137.589996,140.649994,1195400,139.740404
2015-08-26,137.929993,138.710007,134.529999,137.789993,1598100,136.898899
2015-08-25,137.169998,138.100006,134.669998,134.809998,2643600,133.938175
2015-08-24,130.009995,136.600006,125.00,132.320007,2526700,131.464288
2015-08-21,139.550003,139.820007,136.940002,137.490005,1769600,136.600852
2015-08-20,143.440002,144.160004,140.279999,140.380005,1348300,139.472161
2015-08-19,145.289993,145.710007,144.259995,144.649994,1000700,143.714536
2015-08-18,146.389999,146.899994,145.710007,146.029999,849300,145.085616
2015-08-17,146.679993,147.149994,145.830002,146.759995,420900,145.810891
2015-08-14,146.00,147.080002,145.630005,146.740005,506700,145.791031
2015-08-13,144.940002,146.429993,144.50,145.740005,773600,144.797498
2015-08-12,145.949997,146.190002,143.630005,145.380005,1362400,144.439826
2015-08-11,146.740005,147.130005,145.419998,146.699997,1163700,145.751282
2015-08-10,147.630005,148.360001,147.089996,148.350006,1004400,147.39062
2015-08-07,146.690002,147.619995,145.529999,146.190002,1728900,145.244585
2015-08-06,147.470001,148.350006,146.509995,147.020004,2335600,146.069219
2015-08-05,147.75,148.559998,145.360001,147.449997,1331200,146.496431
2015-08-04,146.199997,147.759995,145.690002,146.089996,1198700,145.145226
2015-08-03,142.179993,147.289993,141.910004,145.880005,2816200,144.936592
2015-07-31,143.229996,144.110001,141.429993,142.509995,2348900,141.588376
2015-07-30,142.50,144.00,140.50,142.339996,3569700,141.419477
2015-07-29,132.50,134.600006,131.619995,134.139999,1712800,133.27251
2015-07-28,129.509995,133.789993,128.509995,132.820007,1862300,131.961054
2015-07-27,129.009995,129.669998,128.389999,128.820007,1615600,127.986923
2015-07-24,132.380005,132.710007,129.440002,130.059998,1541600,129.218894
2015-07-23,132.970001,132.970001,131.220001,132.710007,1951500,131.851765
2015-07-22,133.240005,134.070007,132.619995,132.800003,1576400,131.94118
2015-07-21,135.460007,135.649994,132.710007,133.440002,897000,132.57704
2015-07-20,136.080002,136.160004,135.050003,135.240005,728300,134.365402
2015-07-17,137.070007,137.080002,135.460007,136.210007,670400,135.329131
2015-07-16,137.820007,138.130005,136.339996,137.070007,2509900,136.18357
2015-07-15,136.979996,138.429993,136.520004,137.50,1130600,136.610781
2015-07-14,136.360001,137.839996,136.229996,137.190002,773300,136.302789
2015-07-13,137.050003,137.490005,136.089996,136.490005,720600,135.607319
2015-07-10,134.020004,136.289993,133.649994,135.929993,1034200,135.050927
2015-07-09,134.589996,135.309998,132.220001,132.259995,1638700,131.404663
2015-07-08,135.470001,136.029999,132.940002,132.990005,1549900,132.129953
2015-07-07,136.179993,137.259995,134.919998,136.919998,1134200,136.03453
2015-07-06,136.119995,137.179993,135.50,136.110001,861400,135.229771
2015-07-02,139.210007,139.389999,136.169998,137.380005,1360900,136.491562
2015-07-01,137.039993,138.679993,137.039993,138.520004,1166800,137.624189
2015-06-30,137.869995,138.429993,136.690002,136.830002,1190800,135.945116
2015-06-29,140.610001,141.100006,136.899994,137.130005,1752900,136.243179
2015-06-26,143.160004,143.610001,141.479996,142.080002,2587700,140.356399
2015-06-25,144.449997,144.789993,142.179993,142.830002,857600,141.0973
2015-06-24,144.300003,144.350006,142.940002,143.720001,866900,141.976503
2015-06-23,145.789993,146.580002,144.610001,144.869995,1015800,143.112546
2015-06-22,145.960007,146.600006,145.130005,145.850006,897100,144.080668
2015-06-19,146.559998,147.110001,145.080002,145.169998,841900,143.40891
2015-06-18,146.899994,147.710007,146.610001,146.940002,895500,145.157442
2015-06-17,146.240005,146.770004,145.220001,146.169998,755900,144.396779
2015-06-16,144.199997,146.110001,144.199997,145.710007,646900,143.942367
2015-06-15,144.160004,145.169998,143.139999,144.130005,779100,142.381533
2015-06-12,145.679993,146.399994,144.699997,144.949997,605400,143.191577
2015-06-11,146.149994,147.490005,145.979996,146.199997,655000,144.426413
2015-06-10,145.470001,146.350006,144.940002,145.940002,658900,144.169573
2015-06-09,145.119995,145.580002,143.660004,144.429993,925800,142.677882
2015-06-08,145.460007,145.770004,144.520004,144.539993,567800,142.786548
2015-06-05,145.350006,145.970001,144.589996,145.580002,846900,143.81394
2015-06-04,145.070007,147.210007,144.669998,145.929993,1407300,144.159685
2015-06-03,148.139999,149.089996,148.009995,148.339996,1194400,146.540452
2015-06-02,147.139999,148.75,146.270004,148.149994,1002000,146.352755
2015-06-01,147.649994,148.100006,146.289993,147.449997,660400,145.661249
2015-05-29,147.850006,148.410004,146.410004,146.759995,1066800,144.979618
2015-05-28,146.970001,148.309998,146.850006,148.199997,520200,146.402151
2015-05-27,146.00,148.050003,145.550003,147.539993,616800,145.750154
2015-05-26,146.029999,146.419998,145.300003,146.039993,669600,144.268351
2015-05-22,147.520004,148.070007,146.369995,146.770004,749400,144.989506
2015-05-21,146.710007,148.410004,146.589996,147.990005,608600,146.194707
2015-05-20,147.720001,148.009995,146.809998,147.119995,640700,145.335251
2015-05-19,147.979996,149.369995,147.149994,147.509995,760600,145.720519
2015-05-18,148.410004,148.589996,147.350006,147.929993,527000,146.135422
2015-05-15,147.949997,148.960007,147.179993,148.479996,908000,146.678753
2015-05-14,146.00,147.729996,144.830002,147.619995,996100,145.829185
2015-05-13,144.660004,146.050003,143.630005,144.949997,1913000,143.191577
2015-05-12,144.949997,145.729996,144.149994,144.479996,762600,142.727278
2015-05-11,147.389999,148.279999,145.960007,146.009995,908300,144.238716
2015-05-08,147.869995,149.020004,147.589996,147.970001,920600,146.174945
2015-05-07,145.279999,146.570007,144.389999,146.190002,790500,144.41654
2015-05-06,146.389999,147.130005,144.710007,145.550003,730600,143.784305
2015-05-05,148.190002,148.990005,144.960007,145.410004,1018400,143.646004
2015-05-04,147.929993,149.080002,147.110001,147.580002,1122200,145.789677
2015-05-01,143.75,147.899994,143.509995,146.600006,1949100,144.82157
2015-04-30,153.350006,153.350006,142.270004,143.429993,4796500,141.690013
2015-04-29,151.820007,152.990005,151.369995,151.869995,1391000,150.027628
2015-04-28,150.850006,153.580002,149.809998,152.960007,2480000,151.104416
2015-04-27,149.949997,152.179993,148.690002,151.059998,2014700,149.227456
2015-04-24,150.660004,151.080002,149.369995,150.059998,1071800,148.239588
2015-04-23,151.220001,151.490005,150.029999,150.600006,618700,148.773045
2015-04-22,151.809998,152.119995,150.360001,151.470001,538800,149.632486
2015-04-21,152.00,152.389999,151.070007,151.929993,675900,150.086897
2015-04-20,150.50,151.589996,149.860001,151.369995,662000,149.533693
