Date,Open,High,Low,Close,Volume,Adj Close
2015-10-16,53.00,53.470001,52.830002,53.310001,1487800,53.310001
2015-10-15,52.27,52.990002,51.91,52.82,1208000,52.82
2015-10-14,51.700001,52.299999,51.490002,51.900002,1037900,51.900002
2015-10-13,51.66,52.119999,51.610001,51.689999,607200,51.689999
2015-10-12,51.869999,52.09,51.52,52.029999,736200,52.029999
2015-10-09,52.080002,52.400002,51.759998,51.93,681400,51.93
2015-10-08,51.57,52.150002,51.25,52.110001,962800,52.110001
2015-10-07,51.509998,52.25,51.189999,51.66,1392700,51.66
2015-10-06,51.860001,52.00,51.09,51.240002,967500,51.240002
2015-10-05,50.919998,51.860001,50.709999,51.779999,948500,51.779999
2015-10-02,49.389999,50.509998,49.150002,50.509998,1910000,50.509998
2015-10-01,50.860001,51.02,49.48,50.029999,1723500,50.029999
2015-09-30,50.549999,51.060001,50.099998,50.959999,1547100,50.959999
2015-09-29,49.50,49.959999,49.34,49.720001,973700,49.720001
2015-09-28,50.200001,50.380001,49.259998,49.470001,1279400,49.470001
2015-09-25,50.549999,51.060001,50.34,50.619999,958000,50.619999
2015-09-24,49.98,50.220001,49.299999,50.060001,1339900,50.060001
2015-09-23,50.619999,50.939999,50.18,50.48,722500,50.48
2015-09-22,51.139999,51.41,50.48,50.689999,1026300,50.689999
2015-09-21,52.080002,52.509998,51.57,52.009998,899900,52.009998
2015-09-18,52.099998,52.599998,51.82,51.939999,2087600,51.939999
2015-09-17,52.790001,53.740002,52.689999,52.849998,1556300,52.849998
2015-09-16,52.139999,52.759998,51.990002,52.709999,1287400,52.709999
2015-09-15,51.889999,52.48,51.610001,52.279999,1200500,52.279999
2015-09-14,51.59,51.790001,51.16,51.509998,1350600,51.509998
2015-09-11,51.00,51.560001,50.939999,51.549999,1718900,51.549999
2015-09-10,50.310001,51.73,50.119999,51.400002,1696400,51.400002
2015-09-09,52.169998,52.34,50.48,50.610001,1840800,50.610001
2015-09-08,51.610001,52.009998,51.049999,51.610001,1948200,51.610001
2015-09-04,51.259998,51.369999,50.41,50.75,1320400,50.75
2015-09-03,51.98,52.740002,51.790001,51.98,1345300,51.839999
2015-09-02,51.060001,51.939999,50.540001,51.939999,1669000,51.800106
2015-09-01,51.099998,51.400002,50.130001,50.380001,2216500,50.24431
2015-08-31,52.560001,53.130001,52.240002,52.360001,1079600,52.218977
2015-08-28,53.029999,53.650002,52.509998,52.880001,1550000,52.737576
2015-08-27,51.200001,53.23,51.110001,53.220001,2675800,53.076661
2015-08-26,50.959999,51.119999,48.91,50.59,1823300,50.453743
2015-08-25,50.779999,51.09,49.560001,49.59,3373500,49.456437
2015-08-24,48.759998,54.139999,47.439999,49.060001,2208600,48.927865
2015-08-21,53.68,53.77,51.810001,51.84,1714800,51.700377
2015-08-20,54.700001,55.07,54.119999,54.119999,1135100,53.974235
2015-08-19,54.84,55.360001,54.360001,55.23,943300,55.081246
2015-08-18,55.790001,55.869999,55.110001,55.200001,545800,55.051328
2015-08-17,55.220001,55.790001,55.07,55.790001,684400,55.639739
2015-08-14,55.369999,55.610001,55.110001,55.57,540100,55.42033
2015-08-13,55.799999,56.130001,55.439999,55.450001,692100,55.300654
2015-08-12,55.529999,55.880001,54.77,55.75,782200,55.599845
2015-08-11,56.07,56.25,55.66,55.919998,932300,55.769386
2015-08-10,56.619999,56.990002,55.959999,56.630001,797500,56.477476
2015-08-07,55.599998,55.77,55.09,55.560001,556300,55.410359
2015-08-06,55.98,56.50,55.66,55.740002,497300,55.589874
2015-08-05,55.990002,56.419998,55.77,56.09,605300,55.93893
2015-08-04,55.91,56.07,55.459999,55.599998,564400,55.450248
2015-08-03,56.209999,56.450001,55.529999,55.939999,660400,55.789332
2015-07-31,57.099998,57.41,56.299999,56.41,643700,56.258068
2015-07-30,57.060001,57.200001,56.689999,56.91,760400,56.756721
2015-07-29,56.48,57.150002,55.91,57.049999,1439700,56.896343
2015-07-28,54.93,56.639999,54.82,56.549999,1706900,56.39769
2015-07-27,55.68,55.869999,54.59,54.75,1307100,54.602539
2015-07-24,56.209999,56.639999,55.720001,55.860001,962800,55.70955
2015-07-23,56.990002,57.400002,56.25,56.259998,1082100,56.10847
2015-07-22,55.150002,56.880001,54.75,56.779999,2663200,56.62707
2015-07-21,54.389999,54.77,53.990002,54.09,1761200,53.944317
2015-07-20,54.459999,54.549999,54.080002,54.349998,1299700,54.203615
2015-07-17,55.02,55.080002,53.98,54.32,1687400,54.173697
2015-07-16,55.360001,55.540001,54.84,54.950001,910300,54.802001
2015-07-15,55.220001,55.560001,54.919998,55.00,1458300,54.851865
2015-07-14,55.279999,55.470001,55.07,55.150002,850400,55.001463
2015-07-13,54.919998,55.41,54.720001,55.380001,981400,55.230843
2015-07-10,55.00,55.110001,54.23,54.509998,1070700,54.363184
2015-07-09,55.060001,55.09,54.18,54.290001,915400,54.143779
2015-07-08,55.330002,55.450001,54.189999,54.200001,1323200,54.054021
2015-07-07,56.009998,56.25,55.119999,55.889999,1866200,55.739468
2015-07-06,56.41,56.900002,55.790001,56.02,1765400,55.869119
2015-07-02,57.400002,57.759998,56.759998,56.990002,1440000,56.836507
2015-07-01,58.50,58.509998,57.220001,57.450001,1591000,57.295268
2015-06-30,57.48,58.639999,57.48,57.970001,2770500,57.813867
2015-06-29,55.630001,58.169998,55.50,56.84,5048300,56.68691
2015-06-26,56.240002,56.48,55.580002,55.68,1414700,55.530034
2015-06-25,56.900002,56.990002,56.110001,56.18,680400,56.028688
2015-06-24,57.740002,57.849998,56.720001,56.790001,935800,56.637045
2015-06-23,57.91,57.959999,57.50,57.73,665000,57.574512
2015-06-22,58.09,58.169998,57.700001,57.93,481000,57.773974
2015-06-19,57.919998,58.09,57.669998,57.689999,963800,57.534619
2015-06-18,57.220001,58.25,57.119999,58.200001,794200,58.043247
2015-06-17,57.330002,57.509998,56.700001,57.029999,673500,56.876397
2015-06-16,57.00,57.459999,56.84,57.150002,686500,56.996076
2015-06-15,57.27,57.27,56.66,56.990002,707500,56.836507
2015-06-12,57.150002,57.790001,56.939999,57.689999,1024700,57.534619
2015-06-11,57.50,57.630001,57.27,57.50,531400,57.345132
2015-06-10,56.869999,57.48,56.82,57.389999,451500,57.235428
2015-06-09,56.59,56.959999,56.52,56.689999,560200,56.537312
2015-06-08,57.09,57.220001,56.709999,56.860001,713200,56.706856
2015-06-05,56.790001,57.27,56.57,57.139999,525400,56.861438
2015-06-04,57.630001,57.630001,56.869999,56.950001,845200,56.672366
2015-06-03,57.669998,58.16,57.41,57.880001,732900,57.597832
2015-06-02,56.990002,57.919998,56.59,57.66,963300,57.378904
2015-06-01,57.110001,57.330002,56.610001,57.200001,1081100,56.921147
2015-05-29,57.59,57.75,57.029999,57.049999,830300,56.771877
2015-05-28,57.59,57.759998,57.419998,57.630001,769000,57.349051
2015-05-27,57.369999,57.720001,56.689999,57.650002,1065900,57.368954
2015-05-26,57.369999,57.869999,57.00,57.18,963800,56.901244
2015-05-22,57.779999,58.07,57.540001,57.93,841300,57.647588
2015-05-21,58.419998,58.490002,57.779999,57.970001,667200,57.687394
2015-05-20,58.00,58.439999,57.900002,58.27,704300,57.98593
2015-05-19,58.330002,58.400002,57.990002,58.060001,520700,57.776955
2015-05-18,57.580002,58.169998,57.580002,58.16,506300,57.876466
2015-05-15,57.860001,58.169998,57.619999,57.779999,578700,57.498318
2015-05-14,57.43,58.130001,57.16,58.080002,733900,57.796858
2015-05-13,56.98,57.599998,56.810001,56.950001,826000,56.672366
2015-05-12,56.799999,57.110001,56.599998,56.77,853200,56.493243
2015-05-11,56.59,57.279999,56.32,57.150002,1319800,56.871392
2015-05-08,56.240002,56.849998,56.189999,56.810001,637300,56.533049
2015-05-07,55.84,55.939999,55.59,55.75,595500,55.478215
2015-05-06,56.220001,56.220001,55.419998,55.700001,776200,55.42846
2015-05-05,56.689999,56.900002,55.830002,55.919998,884700,55.647385
2015-05-04,56.529999,56.990002,56.529999,56.830002,837600,56.552952
2015-05-01,55.77,56.52,55.57,56.490002,1163900,56.214609
2015-04-30,55.43,55.779999,54.950001,55.369999,1218100,55.100067
2015-04-29,55.580002,55.900002,55.419998,55.790001,883000,55.518021
2015-04-28,56.060001,56.240002,55.610001,55.990002,1330600,55.717047
2015-04-27,56.150002,56.360001,55.889999,56.220001,1202000,55.945925
2015-04-24,56.68,56.68,56.099998,56.169998,1271700,55.896166
2015-04-23,56.360001,57.02,56.080002,56.700001,1173500,56.423585
2015-04-22,56.639999,57.689999,55.529999,56.810001,2147300,56.533049
2015-04-21,58.700001,58.970001,58.16,58.16,1593800,57.876466
2015-04-20,58.369999,58.709999,58.349998,58.439999,882200,58.1551
