Date,Open,High,Low,Close,Volume,Adj Close
2015-10-09,12.34,12.34,10.91,11.29,3398900,11.29
2015-10-08,11.72,12.43,11.72,12.36,1825500,12.36
2015-10-07,11.48,11.80,11.37,11.78,1638600,11.78
2015-10-06,11.30,11.52,11.20,11.35,1257400,11.35
2015-10-05,11.10,11.64,11.10,11.38,1289700,11.38
2015-10-02,10.75,11.02,10.52,11.01,1093600,11.01
2015-10-01,11.01,11.15,10.66,10.87,1007900,10.87
2015-09-30,11.23,11.35,10.93,11.06,874700,11.06
2015-09-29,10.91,11.07,10.89,11.03,1020200,11.03
2015-09-28,11.28,11.30,10.92,10.96,1084700,10.96
2015-09-25,11.63,11.63,11.30,11.33,889500,11.33
2015-09-24,11.50,11.61,11.39,11.49,888400,11.49
2015-09-23,11.90,11.90,11.55,11.58,592400,11.58
2015-09-22,11.97,12.09,11.78,11.84,945900,11.84
2015-09-21,12.01,12.22,12.00,12.16,1231100,12.16
2015-09-18,11.70,12.08,11.50,11.97,2102100,11.97
2015-09-17,12.08,12.11,11.82,11.90,936400,11.90
2015-09-16,11.73,12.11,11.69,12.04,978100,12.04
2015-09-15,11.51,11.92,11.04,11.76,1096400,11.76
2015-09-14,11.78,11.78,11.24,11.45,1457500,11.45
2015-09-11,11.58,11.81,11.26,11.78,1103000,11.78
2015-09-10,11.68,11.89,11.41,11.70,1317400,11.70
2015-09-09,11.49,11.84,11.40,11.51,1340400,11.51
2015-09-08,11.04,11.63,10.90,11.44,1345200,11.44
2015-09-04,10.87,10.99,10.80,10.90,838400,10.90
2015-09-03,10.98,11.11,10.70,11.03,1171200,11.03
2015-09-02,10.93,11.05,10.83,10.94,1094900,10.94
2015-09-01,10.89,11.17,10.79,10.81,1579400,10.81
2015-08-31,11.44,11.69,11.09,11.11,1641000,11.11
2015-08-28,11.14,11.60,11.14,11.47,1216500,11.47
2015-08-27,10.96,11.31,10.84,11.19,1464200,11.19
2015-08-26,10.67,10.88,10.46,10.84,1956300,10.84
2015-08-25,11.06,11.06,10.38,10.40,1756500,10.40
2015-08-24,10.52,11.19,10.20,10.67,2218700,10.67
2015-08-21,11.02,11.31,10.94,10.98,1643200,10.98
2015-08-20,11.07,11.28,10.87,11.20,1494500,11.20
2015-08-19,11.47,11.78,11.25,11.27,1305300,11.27
2015-08-18,11.93,11.93,11.59,11.62,915500,11.62
2015-08-17,11.78,12.00,11.59,11.83,1348500,11.83
2015-08-14,11.98,12.03,11.73,11.77,1177600,11.77
2015-08-13,12.49,12.98,12.04,12.04,770300,12.04
2015-08-12,12.24,12.46,12.02,12.41,1111400,12.41
2015-08-11,12.74,12.95,12.34,12.40,1231700,12.40
2015-08-10,12.38,12.74,12.26,12.74,1642300,12.74
2015-08-07,12.42,12.69,12.31,12.43,1002100,12.43
2015-08-06,12.94,12.97,12.46,12.51,1276300,12.51
2015-08-05,12.75,13.04,12.66,12.71,1607700,12.71
2015-08-04,12.59,12.82,12.48,12.71,1781100,12.71
2015-08-03,12.83,12.95,12.55,12.62,1599900,12.62
2015-07-31,13.29,13.38,12.80,12.81,1647900,12.81
2015-07-30,13.15,13.32,13.01,13.29,1736100,13.29
2015-07-29,12.71,13.46,12.12,13.15,2851100,13.15
2015-07-28,13.36,13.54,13.12,13.38,1139400,13.38
2015-07-27,13.38,13.71,13.20,13.35,1361900,13.35
2015-07-24,13.74,13.74,13.40,13.42,1042300,13.42
2015-07-23,13.84,14.00,13.64,13.81,804900,13.81
2015-07-22,13.69,13.87,13.61,13.86,744000,13.86
2015-07-21,14.00,14.10,13.68,13.75,1061600,13.75
2015-07-20,13.68,14.15,13.59,14.04,1992300,14.04
2015-07-17,13.88,13.90,13.55,13.69,1115900,13.69
2015-07-16,13.99,14.25,13.89,13.92,1064400,13.92
2015-07-15,14.21,14.32,13.88,13.99,1299600,13.99
2015-07-14,14.03,14.24,13.95,14.21,1596300,14.21
2015-07-13,14.03,14.14,13.87,14.03,1957900,14.03
2015-07-10,13.72,14.24,13.72,14.01,3370800,14.01
2015-07-09,12.87,13.63,12.77,13.58,3216500,13.58
2015-07-08,12.98,13.14,12.38,12.66,3506600,12.66
2015-07-07,13.04,13.24,12.74,13.07,2800400,13.07
2015-07-06,12.91,13.25,12.80,13.04,4807800,13.04
2015-07-02,12.39,12.98,12.38,12.93,3803600,12.93
2015-07-01,12.91,13.00,12.39,12.45,5336300,12.45
2015-06-30,13.62,13.74,12.72,12.88,12847400,12.88
2015-06-29,16.33,16.459999,15.51,15.54,3823300,15.54
2015-06-26,16.24,16.50,16.08,16.35,9171300,16.35
2015-06-25,16.43,16.440001,16.15,16.25,1479200,16.25
2015-06-24,16.639999,16.66,16.26,16.32,1330000,16.32
2015-06-23,16.799999,16.969999,16.549999,16.67,873700,16.67
2015-06-22,16.860001,16.940001,16.65,16.870001,937600,16.870001
2015-06-19,16.280001,16.73,16.24,16.700001,1431500,16.700001
2015-06-18,16.209999,16.49,16.10,16.290001,1486600,16.290001
2015-06-17,16.15,16.51,16.15,16.18,1378600,16.18
2015-06-16,16.139999,16.24,16.00,16.24,1706500,16.24
2015-06-15,16.66,16.66,16.040001,16.209999,1687100,16.209999
2015-06-12,16.780001,16.940001,16.709999,16.719999,1063300,16.719999
2015-06-11,16.629999,16.82,16.57,16.74,1239800,16.74
2015-06-10,16.620001,16.76,16.52,16.530001,1213100,16.530001
2015-06-09,16.50,16.799999,16.379999,16.58,1360700,16.58
2015-06-08,16.700001,16.860001,16.51,16.51,1584500,16.51
2015-06-05,16.629999,16.74,16.34,16.68,1127300,16.68
2015-06-04,17.059999,17.09,16.51,16.60,1753300,16.60
2015-06-03,17.139999,17.360001,17.049999,17.16,1026500,17.16
2015-06-02,17.040001,17.139999,16.90,17.00,861500,17.00
2015-06-01,16.700001,17.299999,16.49,17.07,1481300,17.07
2015-05-29,16.530001,16.799999,16.450001,16.58,1390700,16.58
2015-05-28,16.58,16.709999,16.32,16.610001,926100,16.610001
2015-05-27,16.24,16.620001,16.07,16.540001,1018700,16.540001
2015-05-26,16.440001,16.469999,16.049999,16.23,1166300,16.23
2015-05-22,16.469999,16.639999,16.40,16.459999,901200,16.459999
2015-05-21,16.209999,16.65,16.15,16.469999,1215800,16.469999
2015-05-20,16.49,16.51,16.209999,16.24,1233700,16.24
2015-05-19,16.549999,16.60,16.389999,16.49,916200,16.49
2015-05-18,16.68,16.709999,16.40,16.57,1681200,16.57
2015-05-15,16.799999,16.99,16.690001,16.709999,1192300,16.709999
2015-05-14,16.98,17.040001,16.629999,16.77,1300200,16.77
2015-05-13,16.889999,17.07,16.82,16.82,1086300,16.82
2015-05-12,17.219999,17.219999,16.74,16.889999,1750100,16.889999
2015-05-11,17.09,17.40,17.00,17.25,2070300,17.25
2015-05-08,17.24,17.379999,17.08,17.08,1374300,17.08
2015-05-07,16.719999,17.129999,16.66,17.129999,1271900,17.129999
2015-05-06,16.75,16.93,16.59,16.77,974500,16.77
2015-05-05,17.040001,17.15,16.610001,16.74,1097500,16.74
2015-05-04,16.90,17.129999,16.82,17.129999,981600,17.129999
2015-05-01,16.92,17.129999,16.809999,16.84,927500,16.84
2015-04-30,17.18,17.32,16.74,16.790001,1530700,16.790001
2015-04-29,17.34,17.559999,17.16,17.200001,1042300,17.200001
2015-04-28,17.290001,17.59,17.10,17.450001,1291400,17.450001
2015-04-27,17.540001,17.68,17.200001,17.26,1602200,17.26
2015-04-24,17.889999,17.93,17.440001,17.51,1738700,17.51
2015-04-23,17.58,17.950001,17.57,17.91,1007200,17.91
2015-04-22,17.549999,17.700001,17.360001,17.639999,666000,17.639999
2015-04-21,17.639999,17.75,17.370001,17.530001,1089100,17.530001
2015-04-20,17.85,17.889999,17.559999,17.610001,1668200,17.610001
2015-04-17,17.540001,17.959999,17.33,17.82,3143000,17.82
2015-04-16,17.809999,18.00,17.540001,17.60,1758800,17.60
2015-04-15,17.68,17.950001,17.34,17.889999,3893700,17.889999
2015-04-14,16.66,17.280001,16.58,17.219999,3443300,17.219999
2015-04-13,16.969999,17.07,16.629999,16.690001,3784700,16.690001
