Date,Open,High,Low,Close,Volume,Adj Close
2015-10-09,90.889999,91.779999,89.400002,89.940002,359100,89.940002
2015-10-08,89.589996,91.260002,89.25,90.730003,931100,90.730003
2015-10-07,87.589996,88.75,87.589996,88.379997,471300,88.379997
2015-10-06,87.480003,88.110001,87.07,87.629997,298600,87.629997
2015-10-05,86.290001,87.75,84.120003,87.660004,292000,87.660004
2015-10-02,84.199997,85.660004,83.919998,85.660004,455100,85.660004
2015-10-01,84.989998,85.199997,83.949997,84.489998,652700,84.489998
2015-09-30,86.059998,86.279999,84.230003,84.669998,697300,84.669998
2015-09-29,85.459999,86.040001,84.769997,85.620003,653400,85.620003
2015-09-28,87.059998,87.970001,84.690002,85.449997,421200,85.449997
2015-09-25,88.480003,89.779999,87.809998,87.910004,414000,87.140003
2015-09-24,89.440002,89.900002,88.139999,88.739998,379600,87.962728
2015-09-23,87.760002,90.209999,87.709999,89.550003,853700,88.765638
2015-09-22,88.709999,89.300003,87.260002,87.309998,401000,86.545253
2015-09-21,88.860001,90.239998,88.860001,89.349998,357000,88.567385
2015-09-18,88.68,90.230003,88.480003,88.919998,504500,88.141151
2015-09-17,88.879997,90.830002,87.910004,89.550003,265100,88.765638
2015-09-16,87.529999,89.169998,87.529999,88.790001,263600,88.012293
2015-09-15,86.669998,87.739998,86.019997,87.660004,247800,86.892193
2015-09-14,86.529999,86.669998,85.720001,86.580002,225200,85.821651
2015-09-11,84.330002,86.260002,84.00,86.230003,351300,85.474718
2015-09-10,84.050003,85.290001,83.830002,84.379997,356500,83.640916
2015-09-09,85.309998,85.309998,83.93,84.220001,366100,83.482321
2015-09-08,84.519997,85.059998,83.410004,84.449997,402800,83.710303
2015-09-04,84.620003,84.620003,82.910004,83.400002,179400,82.669504
2015-09-03,85.589996,86.400002,85.07,85.400002,156600,84.651986
2015-09-02,84.849998,85.449997,84.330002,85.339996,254900,84.592507
2015-09-01,84.82,85.50,83.709999,84.239998,396500,83.502143
2015-08-31,88.400002,88.610001,85.860001,85.989998,763600,85.236815
2015-08-28,88.379997,88.93,87.519997,88.440002,273000,87.66536
2015-08-27,88.50,89.080002,87.089996,88.279999,454500,87.506758
2015-08-26,87.440002,87.879997,85.830002,87.550003,373500,86.783156
2015-08-25,89.970001,90.400002,85.57,85.870003,606900,85.117871
2015-08-24,89.910004,90.339996,88.120003,88.18,650900,87.407635
2015-08-21,93.870003,94.110001,92.220001,92.230003,379600,91.422164
2015-08-20,94.339996,95.209999,93.339996,94.459999,349500,93.632628
2015-08-19,94.099998,95.050003,93.760002,94.559998,155600,93.73175
2015-08-18,94.449997,95.129997,94.059998,94.870003,121600,94.03904
2015-08-17,93.760002,94.800003,93.290001,94.790001,380000,93.959739
2015-08-14,91.949997,93.860001,91.529999,93.760002,311400,92.938762
2015-08-13,91.660004,92.809998,90.790001,92.269997,231400,91.461807
2015-08-12,92.190002,92.330002,91.040001,92.199997,228000,91.392421
2015-08-11,92.029999,93.540001,91.32,92.440002,249700,91.630324
2015-08-10,92.879997,92.989998,91.730003,92.160004,187300,91.352778
2015-08-07,92.220001,92.699997,91.449997,92.610001,221200,91.798833
2015-08-06,92.550003,92.809998,90.830002,92.220001,265100,91.41225
2015-08-05,93.540001,94.129997,91.980003,92.550003,291300,91.739361
2015-08-04,93.589996,94.43,93.129997,93.360001,208400,92.542264
2015-08-03,92.870003,94.209999,92.870003,94.190002,264200,93.364996
2015-07-31,93.339996,93.970001,92.620003,92.709999,357400,91.897956
2015-07-30,93.43,93.800003,92.230003,92.599998,326000,91.788919
2015-07-29,92.639999,93.769997,91.910004,93.589996,367700,92.770245
2015-07-28,91.510002,93.50,91.00,92.639999,328700,91.828569
2015-07-27,92.809998,93.379997,92.330002,92.639999,276400,91.828569
2015-07-24,91.75,93.010002,91.599998,92.510002,315200,91.699711
2015-07-23,93.389999,93.389999,91.370003,91.870003,257100,91.065317
2015-07-22,92.080002,93.32,92.080002,93.120003,334200,92.304368
2015-07-21,92.080002,92.639999,91.68,92.160004,405600,91.352778
2015-07-20,91.75,92.480003,91.470001,92.029999,139900,91.223912
2015-07-17,92.580002,92.82,91.739998,91.82,344500,91.015752
2015-07-16,91.639999,92.599998,91.639999,92.410004,255900,91.600588
2015-07-15,90.989998,91.809998,90.610001,91.480003,213800,90.678733
2015-07-14,91.029999,91.599998,90.25,91.279999,180500,90.480481
2015-07-13,90.790001,92.459999,90.410004,90.860001,251800,90.064161
2015-07-10,90.199997,91.269997,90.190002,90.650002,237400,89.856002
2015-07-09,91.160004,91.300003,90.080002,90.080002,259800,89.290995
2015-07-08,90.400002,91.239998,90.349998,90.980003,357600,90.183113
2015-07-07,90.059998,91.669998,89.910004,91.010002,444100,90.212849
2015-07-06,88.809998,90.279999,88.730003,89.739998,353700,88.953969
2015-07-02,89.940002,90.459999,88.610001,88.860001,271200,88.081679
2015-07-01,87.93,88.940002,86.779999,88.900002,459400,88.12133
2015-06-30,87.839996,88.400002,86.839996,87.459999,384200,86.69394
2015-06-29,88.25,89.529999,87.339996,87.339996,410500,86.574989
2015-06-26,89.089996,89.129997,88.199997,88.669998,404600,87.893341
2015-06-25,90.00,90.559998,88.830002,88.919998,414500,87.377897
2015-06-24,91.57,91.769997,90.169998,90.190002,260000,88.625876
2015-06-23,92.330002,93.459999,91.370003,91.620003,303000,90.031077
2015-06-22,93.32,93.830002,92.370003,92.50,179200,90.895813
2015-06-19,93.019997,93.550003,92.389999,93.230003,387200,91.613156
2015-06-18,92.709999,94.059998,92.370003,93.300003,397100,91.681941
2015-06-17,92.110001,92.800003,91.32,92.699997,313600,91.092341
2015-06-16,91.199997,92.220001,90.910004,91.830002,386700,90.237434
2015-06-15,91.160004,91.440002,90.610001,91.220001,308800,89.638012
2015-06-12,91.57,92.349998,90.019997,91.209999,216900,89.628184
2015-06-11,90.860001,92.519997,90.50,91.900002,383500,90.30622
2015-06-10,89.93,91.309998,89.559998,90.290001,300500,88.72414
2015-06-09,90.489998,90.809998,89.790001,89.900002,214100,88.340905
2015-06-08,90.07,90.919998,89.059998,90.620003,394700,89.048419
2015-06-05,90.400002,90.830002,89.790001,89.980003,522500,88.419519
2015-06-04,91.370003,92.080002,90.959999,91.629997,319400,90.040898
2015-06-03,92.68,92.68,91.43,91.480003,259900,89.893505
2015-06-02,93.279999,93.410004,92.220001,92.919998,290800,91.308527
2015-06-01,92.940002,94.32,92.610001,93.599998,403600,91.976734
2015-05-29,94.43,94.599998,92.50,92.730003,630500,91.121827
2015-05-28,94.480003,94.779999,93.800003,94.43,369600,92.792342
2015-05-27,93.360001,94.699997,93.360001,94.480003,225500,92.841478
2015-05-26,93.190002,93.370003,92.449997,93.330002,214700,91.71142
2015-05-22,93.379997,94.330002,92.970001,93.480003,274800,91.85882
2015-05-21,94.550003,95.120003,93.400002,93.739998,180000,92.114306
2015-05-20,94.580002,95.269997,94.080002,94.629997,204900,92.98887
2015-05-19,94.290001,94.959999,93.779999,94.529999,196300,92.890606
2015-05-18,93.620003,94.709999,93.389999,94.529999,271500,92.890606
2015-05-15,93.639999,94.459999,93.059998,94.309998,201000,92.67442
2015-05-14,91.690002,93.339996,91.419998,93.309998,323000,91.691763
2015-05-13,92.650002,93.260002,91.220001,91.400002,467200,89.814891
2015-05-12,91.120003,92.730003,90.32,92.639999,322600,91.033384
2015-05-11,93.339996,93.650002,91.279999,91.50,248200,89.913155
2015-05-08,93.18,94.800003,93.059998,93.660004,330800,92.035699
2015-05-07,90.510002,92.099998,90.099998,91.959999,431100,90.365177
2015-05-06,90.940002,91.839996,89.610001,90.510002,471400,88.940326
2015-05-05,93.019997,93.849998,90.510002,90.93,416500,89.353041
2015-05-04,93.690002,94.199997,93.040001,93.290001,407300,91.672113
2015-05-01,92.449997,93.650002,92.419998,93.379997,507500,91.760548
2015-04-30,92.50,92.559998,91.080002,92.379997,646400,90.777891
2015-04-29,92.910004,93.330002,91.839996,92.050003,377000,90.45362
2015-04-28,93.400002,94.629997,92.949997,93.959999,342300,92.330491
2015-04-27,94.480003,94.889999,93.50,93.610001,306400,91.986563
2015-04-24,94.00,95.019997,93.629997,94.260002,296900,92.625292
2015-04-23,93.599998,94.279999,93.199997,94.010002,287400,92.379627
2015-04-22,93.690002,94.169998,93.32,93.540001,228500,91.917777
2015-04-21,93.459999,94.239998,93.449997,93.779999,344000,92.153613
2015-04-20,92.949997,93.849998,92.550003,93.010002,279100,91.39697
2015-04-17,92.93,93.410004,91.760002,92.879997,298700,91.26922
2015-04-16,92.699997,93.519997,92.239998,93.160004,352700,91.54437
2015-04-15,93.910004,94.470001,93.040001,93.110001,309200,91.495234
2015-04-14,94.839996,95.50,93.550003,93.580002,536900,91.957084
2015-04-13,94.800003,95.43,94.419998,94.419998,319800,92.782513
