Date,Open,High,Low,Close,Volume,Adj Close
2015-10-16,93.230003,93.230003,91.589996,91.93,385600,91.93
2015-10-15,93.190002,93.230003,91.720001,92.790001,250100,92.790001
2015-10-14,92.389999,93.040001,92.129997,92.779999,458400,92.779999
2015-10-13,91.93,93.00,91.449997,92.389999,311300,92.389999
2015-10-12,93.309998,93.459999,92.290001,92.760002,313000,92.760002
2015-10-09,93.040001,93.860001,92.639999,93.400002,561900,93.400002
2015-10-08,91.739998,93.18,91.68,92.919998,462800,92.919998
2015-10-07,90.93,92.120003,90.07,92.00,557600,92.00
2015-10-06,91.330002,91.760002,90.349998,90.720001,513000,90.720001
2015-10-05,89.610001,91.739998,89.50,91.139999,856400,91.139999
2015-10-02,86.93,88.760002,86.610001,88.760002,1047000,88.760002
2015-10-01,89.620003,89.790001,86.089996,87.970001,1020900,87.970001
2015-09-30,90.00,90.629997,88.75,89.330002,854500,89.330002
2015-09-29,88.32,89.239998,88.019997,89.089996,448900,89.089996
2015-09-28,89.760002,89.779999,88.040001,88.099998,469400,88.099998
2015-09-25,91.769997,91.839996,89.879997,90.459999,580100,90.459999
2015-09-24,90.110001,91.610001,89.019997,91.139999,560600,91.139999
2015-09-23,92.190002,92.589996,90.75,90.830002,443400,90.830002
2015-09-22,92.470001,92.739998,91.519997,92.339996,478600,92.339996
2015-09-21,93.480003,94.480003,93.099998,93.669998,487900,93.669998
2015-09-18,94.120003,94.360001,92.769997,93.160004,1153700,93.160004
2015-09-17,94.980003,96.959999,94.589996,95.580002,907800,95.580002
2015-09-16,93.919998,95.339996,93.220001,95.150002,589900,95.150002
2015-09-15,93.790001,94.300003,93.370003,93.980003,430500,93.980003
2015-09-14,94.32,94.43,93.349998,93.550003,370500,93.550003
2015-09-11,93.879997,94.550003,93.459999,94.32,637800,94.32
2015-09-10,93.910004,95.510002,93.889999,94.790001,521800,94.190002
2015-09-09,95.879997,96.25,94.230003,94.400002,299600,93.802471
2015-09-08,95.059998,95.300003,94.129997,95.120003,516400,94.517915
2015-09-04,94.940002,95.199997,93.330002,93.529999,405700,92.937975
2015-09-03,95.580002,96.480003,95.160004,96.260002,570900,95.650698
2015-09-02,95.120003,95.32,94.059998,95.260002,454900,94.657028
2015-09-01,94.57,95.07,93.540001,94.010002,610900,93.41494
2015-08-31,96.459999,97.279999,95.550003,96.519997,582700,95.909047
2015-08-28,96.620003,97.870003,96.059998,97.160004,577600,96.545003
2015-08-27,96.43,97.699997,95.650002,96.879997,1051200,96.266769
2015-08-26,94.349998,95.459999,93.260002,95.220001,1130100,94.61728
2015-08-25,97.919998,98.080002,92.510002,92.57,1484900,91.984052
2015-08-24,95.099998,97.510002,94.080002,95.519997,1641600,94.915377
2015-08-21,102.57,102.860001,99.25,99.339996,1683300,98.711197
2015-08-20,104.269997,104.610001,102.959999,102.989998,566000,102.338094
2015-08-19,105.309998,105.800003,104.50,104.860001,490300,104.19626
2015-08-18,106.169998,106.93,105.940002,106.050003,513400,105.37873
2015-08-17,106.510002,107.099998,105.519997,106.389999,954700,105.716575
2015-08-14,105.599998,106.980003,103.970001,106.940002,631600,106.263096
2015-08-13,105.099998,106.099998,104.75,105.709999,430400,105.040879
2015-08-12,105.00,105.50,104.360001,105.339996,773600,104.673218
2015-08-11,104.629997,105.379997,104.349998,105.239998,452300,104.573852
2015-08-10,104.239998,105.839996,104.089996,105.760002,557800,105.090565
2015-08-07,103.360001,104.199997,102.900002,103.739998,587800,103.083347
2015-08-06,103.050003,104.150002,102.540001,103.650002,482400,102.99392
2015-08-05,103.330002,104.550003,102.860001,102.940002,655600,102.288415
2015-08-04,102.68,104.010002,101.889999,102.699997,641700,102.049929
2015-08-03,101.779999,102.709999,101.309998,102.599998,717700,101.950564
2015-07-31,102.339996,102.839996,101.839996,102.019997,480700,101.374233
2015-07-30,102.080002,102.870003,101.769997,102.07,631600,101.42392
2015-07-29,101.00,102.989998,100.800003,101.790001,786300,101.145693
2015-07-28,97.410004,101.239998,96.900002,100.900002,1007600,100.261327
2015-07-27,97.779999,97.82,96.519997,97.18,1056800,96.564873
2015-07-24,100.379997,100.739998,98.75,98.879997,781100,98.254109
2015-07-23,100.720001,100.720001,99.800003,100.25,502300,99.61544
2015-07-22,99.849998,100.610001,99.739998,100.449997,709400,99.814171
2015-07-21,101.790001,101.790001,99.75,99.830002,979400,99.1981
2015-07-20,102.220001,102.360001,101.43,101.68,449900,101.036389
2015-07-17,102.730003,103.43,101.830002,102.290001,547500,101.642528
2015-07-16,104.139999,104.489998,102.779999,102.910004,826500,102.258607
2015-07-15,105.660004,106.50,103.82,103.989998,763900,103.331765
2015-07-14,103.650002,106.150002,103.290001,105.93,1507000,105.259487
2015-07-13,103.940002,103.940002,103.279999,103.639999,315100,102.983982
2015-07-10,102.879997,103.370003,102.260002,103.059998,540200,102.407651
2015-07-09,103.400002,103.650002,101.860001,101.870003,524700,101.225189
2015-07-08,104.18,104.650002,102.309998,102.339996,496300,101.692207
2015-07-07,104.57,105.300003,103.669998,104.959999,492600,104.295626
2015-07-06,104.720001,105.349998,104.089996,104.580002,431500,103.918034
2015-07-02,106.050003,106.589996,104.660004,105.199997,526500,104.534105
2015-07-01,106.25,106.879997,105.75,106.00,895300,105.329044
2015-06-30,106.169998,106.379997,105.639999,105.779999,938400,105.110435
2015-06-29,105.93,106.830002,105.169998,105.480003,1300300,104.812339
2015-06-26,107.25,107.629997,106.410004,106.769997,2010000,106.094167
2015-06-25,107.279999,108.00,106.970001,107.169998,960500,106.491636
2015-06-24,107.779999,107.779999,106.209999,107.00,677700,106.322714
2015-06-23,107.00,108.00,106.660004,107.970001,1250400,107.286575
2015-06-22,107.360001,107.489998,106.709999,107.029999,631300,106.352523
2015-06-19,106.589996,107.260002,106.349998,106.959999,886100,106.282966
2015-06-18,106.050003,106.889999,105.870003,106.669998,836700,105.994801
2015-06-17,105.360001,106.019997,104.919998,106.00,684900,105.329044
2015-06-16,104.830002,105.480003,104.800003,105.220001,554700,104.553982
2015-06-15,104.919998,105.18,104.059998,105.010002,720500,104.345312
2015-06-12,105.400002,105.470001,104.82,105.300003,727200,104.633478
2015-06-11,103.419998,105.779999,103.419998,105.75,759900,105.080626
2015-06-10,103.639999,104.220001,103.449997,103.93,457300,102.675943
2015-06-09,103.169998,103.959999,102.900002,103.519997,675100,102.270887
2015-06-08,103.389999,103.889999,102.93,102.980003,399400,101.737409
2015-06-05,103.559998,104.18,103.040001,103.660004,561000,102.409204
2015-06-04,104.040001,104.410004,103.519997,104.00,623400,102.745098
2015-06-03,103.589996,104.790001,103.25,104.779999,693900,103.515685
2015-06-02,102.400002,104.010002,102.400002,103.349998,450700,102.10294
2015-06-01,102.029999,103.139999,101.559998,102.760002,528300,101.520063
2015-05-29,103.220001,103.480003,101.470001,101.940002,872400,100.709957
2015-05-28,104.830002,105.769997,104.040001,104.300003,632800,103.041481
2015-05-27,102.889999,104.010002,102.699997,103.709999,442200,102.458596
2015-05-26,103.949997,104.129997,102.599998,103.230003,947400,101.984393
2015-05-22,104.160004,104.50,103.470001,104.269997,656600,103.011837
2015-05-21,103.540001,104.050003,103.029999,104.00,416300,102.745098
2015-05-20,103.790001,104.370003,103.440002,103.82,507700,102.56727
2015-05-19,103.959999,104.199997,103.419998,103.620003,425900,102.369686
2015-05-18,103.040001,104.050003,102.760002,103.870003,735000,102.616669
2015-05-15,103.110001,103.160004,102.419998,103.040001,1087700,101.796683
2015-05-14,101.730003,103.260002,101.419998,103.00,907100,101.757164
2015-05-13,100.339996,101.470001,100.110001,101.080002,975700,99.860334
2015-05-12,100.470001,100.769997,99.610001,100.290001,546600,99.079865
2015-05-11,100.529999,101.300003,100.529999,100.629997,571500,99.415759
2015-05-08,101.900002,102.18,100.800003,100.870003,1045900,99.652869
2015-05-07,100.610001,101.339996,100.360001,101.010002,655900,99.791179
2015-05-06,101.949997,102.629997,100.580002,100.839996,610900,99.623224
2015-05-05,102.050003,102.779999,101.389999,101.730003,445500,100.502492
2015-05-04,102.07,103.059998,101.790001,102.230003,455900,100.996459
2015-05-01,101.510002,102.650002,101.510002,102.07,657300,100.838386
2015-04-30,105.25,106.379997,101.199997,101.279999,1159700,100.057917
2015-04-29,104.489998,104.980003,104.099998,104.330002,725600,103.071118
2015-04-28,105.449997,105.910004,104.480003,105.239998,458800,103.970134
2015-04-27,105.940002,106.400002,105.580002,105.919998,733000,104.641929
2015-04-24,104.949997,105.620003,104.809998,105.510002,632500,104.23688
2015-04-23,104.959999,105.610001,104.769997,104.949997,477400,103.683632
2015-04-22,105.18,105.510002,104.099998,104.940002,972100,103.673758
2015-04-21,105.529999,105.660004,104.769997,104.949997,418500,103.683632
2015-04-20,105.419998,106.050003,105.080002,105.559998,380500,104.286272
