Date,Open,High,Low,Close,Volume,Adj Close
2015-10-16,58.650002,59.27,58.040001,58.41,321400,58.41
2015-10-15,59.349998,59.349998,58.02,58.689999,424900,58.689999
2015-10-14,58.290001,60.02,57.959999,59.18,703200,59.18
2015-10-13,57.959999,59.049999,57.919998,58.369999,412300,58.369999
2015-10-12,58.59,58.59,57.77,58.139999,474100,58.139999
2015-10-09,59.50,59.689999,58.169998,58.369999,357100,58.369999
2015-10-08,58.639999,59.560001,58.150002,59.330002,385500,59.330002
2015-10-07,58.25,59.360001,57.959999,58.740002,588900,58.740002
2015-10-06,58.220001,58.860001,57.810001,58.040001,514000,58.040001
2015-10-05,56.919998,58.349998,56.779999,58.110001,763800,58.110001
2015-10-02,54.130001,56.459999,54.029999,56.419998,532300,56.419998
2015-10-01,55.200001,55.529999,54.02,54.799999,628500,54.799999
2015-09-30,53.09,55.330002,53.09,55.279999,761400,55.279999
2015-09-29,51.689999,52.310001,51.299999,52.169998,1067600,52.169998
2015-09-28,52.93,53.00,51.540001,51.599998,584100,51.599998
2015-09-25,53.939999,54.18,52.849998,53.16,446800,53.16
2015-09-24,53.029999,53.470001,52.41,53.279999,481000,53.279999
2015-09-23,53.799999,54.299999,53.27,53.52,476600,53.52
2015-09-22,55.119999,55.240002,54.200001,54.450001,352200,54.450001
2015-09-21,55.540001,56.740002,55.540001,56.00,502500,56.00
2015-09-18,56.490002,57.32,55.459999,55.619999,1089300,55.619999
2015-09-17,57.77,58.02,56.91,57.02,353200,57.02
2015-09-16,57.290001,58.119999,57.209999,58.02,464700,58.02
2015-09-15,56.349998,57.400002,55.93,57.380001,527600,57.380001
2015-09-14,56.189999,56.450001,55.470001,55.799999,400800,55.799999
2015-09-11,55.349998,56.25,54.919998,56.049999,363500,56.049999
2015-09-10,55.389999,56.290001,54.709999,55.619999,507400,55.619999
2015-09-09,56.68,57.07,55.23,55.369999,408400,55.369999
2015-09-08,55.310001,56.27,55.110001,56.220001,674900,56.220001
2015-09-04,54.66,54.900002,54.029999,54.27,536800,54.27
2015-09-03,54.849998,55.810001,54.689999,55.330002,501700,55.330002
2015-09-02,54.439999,54.630001,53.529999,54.380001,706800,54.380001
2015-09-01,54.650002,55.220001,53.509998,53.830002,796700,53.830002
2015-08-31,55.549999,56.509998,55.209999,55.919998,613700,55.919998
2015-08-28,55.650002,56.32,55.200001,55.740002,457500,55.740002
2015-08-27,54.07,55.59,53.91,55.540001,692400,55.540001
2015-08-26,52.130001,53.669998,51.259998,53.310001,776200,53.310001
2015-08-25,52.91,52.91,50.759998,50.790001,849000,50.790001
2015-08-24,47.57,53.970001,47.57,51.48,883000,51.48
2015-08-21,54.790001,55.580002,53.790001,53.790001,657800,53.790001
2015-08-20,56.189999,56.759998,55.32,55.450001,841900,55.450001
2015-08-19,56.639999,57.209999,55.91,56.720001,572200,56.720001
2015-08-18,58.139999,58.23,56.619999,56.889999,582000,56.889999
2015-08-17,57.290001,58.470001,56.82,58.450001,599100,58.450001
2015-08-14,56.900002,57.290001,56.439999,57.290001,530600,57.290001
2015-08-13,57.389999,58.240002,56.830002,56.970001,686700,56.970001
2015-08-12,57.639999,58.060001,56.400002,57.389999,1452100,57.389999
2015-08-11,58.580002,59.25,58.00,58.380001,789100,58.380001
2015-08-10,58.639999,59.459999,58.299999,59.27,561900,59.27
2015-08-07,58.02,58.540001,57.759998,58.040001,586600,58.040001
2015-08-06,59.240002,59.50,58.07,58.290001,749300,58.290001
2015-08-05,57.68,59.330002,57.68,59.119999,746600,59.119999
2015-08-04,57.09,57.610001,56.68,57.310001,560900,57.310001
2015-08-03,58.150002,58.209999,56.849998,57.110001,605100,57.110001
2015-07-31,58.66,58.66,58.099998,58.150002,588000,58.150002
2015-07-30,58.119999,58.77,57.720001,58.209999,610200,58.209999
2015-07-29,56.919998,58.98,56.919998,58.41,1361500,58.41
2015-07-28,54.25,56.970001,54.25,56.34,1239500,56.34
2015-07-27,52.75,53.169998,52.389999,52.830002,696100,52.830002
2015-07-24,53.700001,54.200001,53.110001,53.23,562300,53.23
2015-07-23,53.110001,54.650002,53.110001,53.889999,630500,53.889999
2015-07-22,53.32,53.73,52.630001,53.00,1329500,53.00
2015-07-21,54.869999,55.470001,54.599998,54.619999,680300,54.619999
2015-07-20,54.959999,54.990002,54.610001,54.759998,499800,54.759998
2015-07-17,55.189999,55.330002,54.380001,54.75,389000,54.75
2015-07-16,55.540001,55.700001,54.849998,55.18,568900,55.18
2015-07-15,54.970001,55.18,54.59,54.919998,668900,54.919998
2015-07-14,54.580002,55.259998,54.580002,55.080002,566800,55.080002
2015-07-13,55.02,55.049999,54.029999,54.52,767200,54.52
2015-07-10,54.669998,54.959999,54.189999,54.540001,533800,54.540001
2015-07-09,55.389999,55.700001,53.869999,53.880001,616700,53.880001
2015-07-08,55.450001,55.900002,54.32,54.650002,675600,54.650002
2015-07-07,55.860001,56.290001,54.669998,56.27,456900,56.27
2015-07-06,56.040001,56.759998,55.50,55.91,557900,55.91
2015-07-02,56.200001,56.959999,55.919998,56.759998,738400,56.759998
2015-07-01,56.57,56.830002,55.689999,55.939999,458100,55.939999
2015-06-30,56.66,56.720001,55.75,55.799999,608900,55.799999
2015-06-29,56.970001,57.400002,56.029999,56.060001,409600,56.060001
2015-06-26,58.740002,58.75,57.369999,57.669998,736800,57.669998
2015-06-25,59.939999,59.939999,58.919998,59.02,304300,59.02
2015-06-24,60.639999,61.07,59.639999,59.66,557800,59.66
2015-06-23,60.25,60.490002,59.84,60.259998,421100,60.259998
2015-06-22,59.799999,60.330002,59.52,60.25,518800,60.25
2015-06-19,60.040001,60.119999,59.200001,59.310001,536300,59.310001
2015-06-18,58.869999,59.970001,58.84,59.75,508300,59.75
2015-06-17,59.32,59.529999,58.48,58.77,675700,58.77
2015-06-16,58.459999,59.360001,58.34,59.029999,569400,59.029999
2015-06-15,58.50,59.080002,57.919998,58.689999,465300,58.689999
2015-06-12,59.150002,59.549999,58.970001,59.049999,398800,59.049999
2015-06-11,59.18,59.709999,59.060001,59.450001,621700,59.450001
2015-06-10,58.450001,59.25,58.290001,59.060001,788200,59.060001
2015-06-09,57.93,58.32,57.470001,58.099998,679600,58.099998
2015-06-08,58.869999,59.150002,57.779999,58.060001,903200,58.060001
2015-06-05,58.880001,59.130001,58.360001,58.82,1180700,58.82
2015-06-04,60.459999,60.599998,59.07,59.139999,582100,59.139999
2015-06-03,60.799999,61.209999,60.380001,61.040001,753000,61.040001
2015-06-02,60.450001,60.950001,60.099998,60.470001,397200,60.470001
2015-06-01,60.93,61.099998,60.150002,60.82,542700,60.82
2015-05-29,61.310001,61.330002,60.209999,60.790001,1051900,60.790001
2015-05-28,61.099998,61.349998,60.990002,61.240002,599500,61.240002
2015-05-27,60.529999,61.189999,60.43,61.049999,998000,61.049999
2015-05-26,61.77,62.290001,60.43,60.48,611500,60.48
2015-05-22,62.049999,62.450001,62.049999,62.18,671700,62.18
2015-05-21,63.41,63.490002,62.330002,62.380001,773500,62.380001
2015-05-20,63.509998,63.91,63.240002,63.380001,359000,63.380001
2015-05-19,63.880001,64.050003,63.23,63.560001,550400,63.560001
2015-05-18,62.580002,63.810001,62.560001,63.77,464900,63.77
2015-05-15,62.970001,63.330002,62.200001,62.779999,496500,62.779999
2015-05-14,62.360001,63.32,61.990002,63.169998,467200,63.169998
2015-05-13,61.419998,61.950001,61.09,61.75,420700,61.75
2015-05-12,61.07,61.360001,60.490002,61.060001,365400,61.060001
2015-05-11,61.310001,61.82,61.02,61.450001,453300,61.450001
2015-05-08,61.669998,62.080002,61.41,61.599998,299600,61.599998
2015-05-07,60.669998,61.240002,60.509998,60.950001,455400,60.950001
2015-05-06,61.389999,61.389999,60.490002,60.880001,441600,60.880001
2015-05-05,61.189999,61.790001,60.889999,61.029999,477900,61.029999
2015-05-04,62.48,62.48,61.119999,61.48,886400,61.48
2015-05-01,60.360001,62.799999,60.299999,62.450001,1033200,62.450001
2015-04-30,61.07,62.139999,58.970001,59.709999,1806800,59.709999
2015-04-29,61.919998,63.209999,61.77,62.959999,701200,62.959999
2015-04-28,61.93,62.34,61.66,62.189999,355600,62.189999
2015-04-27,62.009998,62.490002,61.75,62.130001,448700,62.130001
2015-04-24,62.529999,62.810001,61.919998,61.950001,514000,61.950001
2015-04-23,62.709999,62.73,61.93,62.41,618300,62.41
2015-04-22,62.66,63.290001,61.529999,63.18,634000,63.18
2015-04-21,62.450001,62.560001,61.75,62.459999,540400,62.459999
2015-04-20,61.150002,62.349998,61.049999,62.09,446400,62.09
