Date,Open,High,Low,Close,Volume,Adj Close
2015-10-09,106.75,107.839996,105.330002,105.519997,800800,105.519997
2015-10-08,105.690002,107.870003,105.150002,107.720001,485200,107.720001
2015-10-07,104.110001,105.830002,103.489998,105.730003,658700,105.730003
2015-10-06,104.980003,105.559998,103.139999,103.610001,972800,103.610001
2015-10-05,104.360001,105.800003,103.699997,104.779999,797400,104.779999
2015-10-02,100.019997,103.389999,98.980003,103.389999,443600,103.389999
2015-10-01,101.150002,101.620003,99.93,101.410004,659800,101.410004
2015-09-30,100.209999,101.379997,99.760002,100.620003,811800,100.620003
2015-09-29,100.029999,101.110001,97.580002,99.550003,1435100,99.550003
2015-09-28,106.669998,106.669998,99.93,100.059998,1161800,100.059998
2015-09-25,109.379997,109.629997,106.68,107.260002,567300,107.260002
2015-09-24,107.050003,109.050003,105.639999,108.82,1270800,108.82
2015-09-23,108.459999,109.360001,107.489998,108.089996,1030600,108.089996
2015-09-22,110.25,110.519997,105.93,108.50,3129000,108.50
2015-09-21,105.970001,106.980003,105.339996,105.720001,427300,105.720001
2015-09-18,105.809998,106.169998,104.839996,105.360001,1047400,105.360001
2015-09-17,107.089996,108.93,106.68,106.980003,506500,106.980003
2015-09-16,105.410004,107.150002,105.07,106.870003,441100,106.870003
2015-09-15,105.839996,106.370003,105.220001,105.50,457700,105.50
2015-09-14,105.389999,106.220001,104.50,105.720001,650700,105.720001
2015-09-11,104.43,105.970001,104.360001,105.589996,690300,105.589996
2015-09-10,104.059998,105.830002,103.629997,105.199997,773900,105.199997
2015-09-09,105.540001,107.449997,104.00,104.260002,964100,104.260002
2015-09-08,102.779999,104.629997,102.709999,104.470001,717000,104.470001
2015-09-04,101.209999,101.589996,100.029999,100.82,922100,100.82
2015-09-03,103.300003,103.57,102.139999,102.489998,876600,102.489998
2015-09-02,102.879997,102.879997,101.269997,102.419998,530400,102.419998
2015-09-01,103.059998,103.940002,100.849998,101.160004,663100,101.160004
2015-08-31,104.290001,105.949997,103.480003,104.970001,541400,104.970001
2015-08-28,104.230003,105.50,104.059998,104.650002,579300,104.650002
2015-08-27,102.949997,106.07,102.720001,104.989998,708000,104.989998
2015-08-26,100.790001,101.75,98.790001,101.529999,574600,101.529999
2015-08-25,103.239998,103.639999,98.790001,98.93,713500,98.93
2015-08-24,100.919998,105.290001,99.379997,101.300003,986500,101.300003
2015-08-21,109.550003,110.290001,106.739998,106.860001,619500,106.860001
2015-08-20,112.300003,112.529999,110.43,110.43,577700,110.43
2015-08-19,113.589996,114.190002,112.550003,113.209999,648000,113.209999
2015-08-18,115.879997,116.459999,114.839996,115.160004,368100,114.770001
2015-08-17,114.959999,117.050003,114.360001,116.18,710300,115.786543
2015-08-14,113.370003,115.290001,112.440002,115.199997,608600,114.809859
2015-08-13,112.699997,113.610001,111.489998,113.080002,417600,112.697043
2015-08-12,112.139999,112.790001,110.620003,112.309998,731400,111.929647
2015-08-11,113.870003,114.50,112.800003,113.410004,611800,113.025927
2015-08-10,114.220001,115.32,113.849998,115.160004,419200,114.770001
2015-08-07,114.00,114.489998,113.349998,113.730003,397000,113.344843
2015-08-06,114.989998,115.800003,113.889999,114.400002,514200,114.012573
2015-08-05,115.459999,116.43,114.209999,115.00,707400,114.610539
2015-08-04,113.309998,114.290001,113.230003,114.209999,609800,113.823214
2015-08-03,114.220001,114.480003,112.730003,113.489998,761600,113.105651
2015-07-31,114.650002,114.989998,113.480003,114.32,943400,113.932842
2015-07-30,118.169998,118.290001,110.07,114.300003,2881400,113.912913
2015-07-29,118.059998,119.809998,117.080002,118.870003,833700,118.467436
2015-07-28,115.690002,118.139999,114.589996,118.07,832900,117.670142
2015-07-27,114.220001,115.480003,113.419998,115.209999,958200,114.819827
2015-07-24,117.099998,117.129997,113.940002,115.019997,832600,114.630468
2015-07-23,116.910004,117.57,116.580002,117.139999,601500,116.743291
2015-07-22,116.489998,117.529999,116.370003,116.980003,482100,116.583837
2015-07-21,117.489998,118.519997,116.459999,116.800003,521800,116.404446
2015-07-20,117.75,117.860001,116.870003,117.400002,351600,117.002413
2015-07-17,118.760002,118.870003,117.25,117.769997,342500,117.371155
2015-07-16,120.059998,121.00,118.480003,118.709999,608800,118.307974
2015-07-15,120.150002,120.50,119.360001,119.699997,352300,119.294619
2015-07-14,119.599998,120.349998,118.959999,120.080002,374300,119.673337
2015-07-13,119.360001,120.00,118.980003,119.599998,477700,119.194959
2015-07-10,117.940002,118.57,117.410004,118.43,571300,118.028923
2015-07-09,119.040001,119.169998,116.169998,116.190002,770100,115.796511
2015-07-08,119.440002,120.190002,117.239998,117.349998,988600,116.952579
2015-07-07,120.879997,121.050003,118.550003,120.529999,711000,120.12181
2015-07-06,121.029999,122.110001,120.489998,120.980003,483100,120.57029
2015-07-02,122.989998,122.989998,121.540001,121.910004,294600,121.497141
2015-07-01,123.199997,123.599998,122.339996,122.660004,535300,122.244601
2015-06-30,123.019997,123.879997,121.830002,121.900002,707900,121.487173
2015-06-29,124.580002,125.620003,122.139999,122.25,630900,121.835986
2015-06-26,125.699997,126.410004,125.07,125.550003,950000,125.124813
2015-06-25,126.080002,126.68,125.260002,125.470001,410200,125.045082
2015-06-24,127.540001,127.790001,125.870003,125.959999,538100,125.533421
2015-06-23,128.25,128.25,127.519997,127.519997,280600,127.088135
2015-06-22,127.830002,128.360001,127.50,127.949997,405200,127.516679
2015-06-19,127.32,127.639999,126.790001,127.040001,776400,126.609765
2015-06-18,126.669998,127.449997,126.599998,127.220001,306200,126.789156
2015-06-17,126.410004,126.830002,125.699997,126.260002,570900,125.832408
2015-06-16,126.279999,126.32,125.129997,125.919998,957600,125.493555
2015-06-15,125.279999,125.800003,124.959999,125.489998,636100,125.065011
2015-06-12,127.150002,127.769997,126.440002,126.50,537100,126.071593
2015-06-11,127.68,128.50,127.43,127.449997,761900,127.018373
2015-06-10,126.760002,128.029999,126.760002,127.620003,760900,127.187803
2015-06-09,126.629997,127.25,125.82,126.809998,547000,126.380541
2015-06-08,125.910004,126.68,125.910004,126.419998,675100,125.991862
2015-06-05,126.230003,127.099998,125.50,126.25,739700,125.82244
2015-06-04,127.980003,128.639999,126.209999,126.489998,616200,126.061625
2015-06-03,128.369995,128.75,127.620003,128.350006,278100,127.915334
2015-06-02,127.940002,128.740005,127.550003,127.830002,364200,127.397091
2015-06-01,128.00,128.25,126.169998,128.089996,613000,127.656205
2015-05-29,127.82,128.229996,127.120003,127.400002,671700,126.968547
2015-05-28,128.190002,128.539993,127.580002,127.669998,692200,127.237629
2015-05-27,126.199997,128.660004,126.199997,128.360001,615700,127.925294
2015-05-26,128.410004,128.550003,126.269997,126.889999,576200,126.071597
2015-05-22,128.020004,128.850006,127.93,128.589996,577000,127.76063
2015-05-21,128.070007,128.860001,127.959999,128.460007,592000,127.631478
2015-05-20,127.900002,128.970001,127.849998,128.509995,739400,127.681144
2015-05-19,128.210007,128.50,127.400002,128.160004,751500,127.33341
2015-05-18,127.010002,128.210007,127.010002,128.210007,1242400,127.383091
2015-05-15,126.959999,127.760002,126.889999,127.379997,665200,126.558435
2015-05-14,127.059998,128.00,126.339996,127.339996,1025100,126.518692
2015-05-13,125.459999,126.879997,125.029999,125.629997,1330200,124.819722
2015-05-12,127.489998,128.00,124.769997,125.019997,2991600,124.213655
2015-05-11,130.119995,132.380005,130.119995,131.520004,682300,130.67174
2015-05-08,129.529999,131.300003,129.190002,130.50,387100,129.658314
2015-05-07,128.550003,129.699997,128.039993,129.050003,326300,128.217669
2015-05-06,127.50,129.160004,127.050003,128.559998,508900,127.730824
2015-05-05,128.899994,129.259995,126.599998,126.970001,640000,126.151083
2015-05-04,128.699997,130.169998,128.009995,128.539993,489800,127.710949
2015-05-01,127.029999,130.089996,127.029999,128.600006,817000,127.770575
2015-04-30,128.50,131.25,125.230003,126.360001,1210900,125.545017
2015-04-29,127.410004,128.259995,126.690002,127.07,547400,126.250436
2015-04-28,127.190002,128.399994,126.68,128.080002,366000,127.253924
2015-04-27,128.199997,129.190002,127.489998,127.580002,421300,126.757149
2015-04-24,127.129997,128.399994,126.75,128.029999,441600,127.204244
2015-04-23,127.209999,127.800003,126.620003,126.650002,494600,125.833147
2015-04-22,127.309998,127.360001,126.050003,127.059998,388300,126.240499
2015-04-21,127.389999,127.57,126.559998,126.910004,332100,126.091472
2015-04-20,126.860001,127.760002,126.739998,127.019997,306800,126.200756
2015-04-17,127.010002,127.489998,125.699997,126.059998,390700,125.246948
2015-04-16,126.900002,128.100006,126.129997,127.389999,528800,126.568372
2015-04-15,129.589996,130.350006,126.419998,126.959999,922800,126.141145
2015-04-14,129.240005,129.850006,128.610001,129.080002,311500,128.247475
2015-04-13,129.369995,130.360001,128.949997,128.949997,304500,128.118308
