Date,Open,High,Low,Close,Volume,Adj Close
2015-10-15,8.69,8.80,8.64,8.73,8901300,8.73
2015-10-14,8.55,8.65,8.46,8.63,9211700,8.63
2015-10-13,8.53,8.65,8.49,8.51,7066000,8.51
2015-10-12,8.56,8.62,8.54,8.59,3951600,8.59
2015-10-09,8.52,8.65,8.47,8.57,7880500,8.57
2015-10-08,8.42,8.55,8.38,8.53,8206700,8.53
2015-10-07,8.39,8.50,8.27,8.44,11895600,8.44
2015-10-06,8.27,8.41,8.17,8.40,9006700,8.40
2015-10-05,8.40,8.42,8.20,8.21,9608900,8.21
2015-10-02,7.96,8.43,7.92,8.38,8455700,8.38
2015-10-01,8.11,8.12,7.93,8.02,9047800,8.02
2015-09-30,7.98,8.14,7.98,8.07,10939200,8.07
2015-09-29,7.98,8.16,7.88,7.90,6246500,7.90
2015-09-28,8.34,8.50,7.92,7.97,21100400,7.97
2015-09-25,8.12,8.16,7.96,8.02,6536900,8.02
2015-09-24,8.03,8.12,7.95,8.05,6848500,8.05
2015-09-23,8.08,8.18,8.03,8.08,9998100,8.08
2015-09-22,8.15,8.20,7.99,8.01,14884300,8.01
2015-09-21,8.31,8.48,8.10,8.19,71522400,8.19
2015-09-18,7.50,7.53,7.26,7.27,9235800,7.27
2015-09-17,8.08,8.10,7.41,7.43,18342900,7.43
2015-09-16,8.18,8.24,8.09,8.18,8090200,8.18
2015-09-15,8.17,8.27,8.12,8.20,4927700,8.20
2015-09-14,8.20,8.21,8.07,8.12,3446200,8.12
2015-09-11,7.99,8.27,7.98,8.26,6034400,8.26
2015-09-10,7.90,8.11,7.81,8.08,6938600,8.08
2015-09-09,8.10,8.16,7.91,7.94,4690200,7.90
2015-09-08,7.78,8.10,7.78,8.08,5077500,8.039295
2015-09-04,7.88,8.00,7.76,7.77,6397000,7.730856
2015-09-03,7.98,8.11,7.91,8.01,4509700,7.969648
2015-09-02,8.01,8.04,7.79,7.90,5736900,7.860202
2015-09-01,8.00,8.08,7.80,7.88,13039000,7.840302
2015-08-31,8.12,8.26,8.02,8.17,6838000,8.128841
2015-08-28,8.03,8.26,8.02,8.21,8664200,8.16864
2015-08-27,7.88,8.11,7.74,8.08,7114400,8.039295
2015-08-26,7.58,7.80,7.40,7.76,10785600,7.720907
2015-08-25,7.61,7.67,7.20,7.41,13845200,7.37267
2015-08-24,6.00,6.96,5.84,6.59,7558600,6.556801
2015-08-21,7.09,7.21,6.93,6.95,5110900,6.914987
2015-08-20,7.60,7.66,7.18,7.20,6917000,7.163728
2015-08-19,7.77,7.83,7.59,7.66,5815000,7.62141
2015-08-18,7.86,7.86,7.57,7.75,8952100,7.710957
2015-08-17,7.86,7.91,7.78,7.84,4205900,7.800504
2015-08-14,8.01,8.04,7.78,7.81,4079300,7.770655
2015-08-13,8.12,8.30,7.96,8.00,4643600,7.959698
2015-08-12,7.90,8.22,7.72,8.13,9739400,8.089043
2015-08-11,7.97,8.18,7.78,7.91,9839700,7.870151
2015-08-10,8.15,8.29,8.13,8.15,3891300,8.108942
2015-08-07,7.95,8.12,7.93,8.10,3626200,8.059194
2015-08-06,8.13,8.23,7.95,8.01,5220100,7.969648
2015-08-05,8.17,8.37,8.10,8.15,6531800,8.108942
2015-08-04,8.12,8.16,8.01,8.12,4409400,8.079093
2015-08-03,8.25,8.34,8.09,8.13,5766400,8.089043
2015-07-31,8.43,8.47,8.26,8.28,6379600,8.238287
2015-07-30,8.33,8.46,8.24,8.42,9249900,8.377582
2015-07-29,8.05,8.49,8.00,8.41,17034400,8.367632
2015-07-28,8.56,8.67,8.48,8.55,9518700,8.506927
2015-07-27,8.59,8.61,8.37,8.56,4258800,8.516877
2015-07-24,8.82,8.90,8.65,8.66,5777800,8.616373
2015-07-23,8.93,9.09,8.78,8.87,5701700,8.825315
2015-07-22,8.80,8.86,8.63,8.84,7024400,8.795466
2015-07-21,8.98,9.16,8.87,8.98,3338300,8.93476
2015-07-20,9.08,9.11,8.93,8.99,4055900,8.94471
2015-07-17,9.22,9.22,9.00,9.05,8986300,9.004408
2015-07-16,9.29,9.29,8.99,9.19,6656900,9.143702
2015-07-15,9.40,9.50,9.10,9.21,5446000,9.163602
2015-07-14,9.42,9.56,9.36,9.39,4914200,9.342696
2015-07-13,9.55,9.56,9.29,9.33,3903600,9.282997
2015-07-10,9.33,9.55,9.28,9.52,6028800,9.472041
2015-07-09,9.33,9.46,9.16,9.19,5080600,9.143702
2015-07-08,9.43,9.47,9.17,9.23,5498800,9.183501
2015-07-07,9.56,9.58,9.13,9.49,6689400,9.442191
2015-07-06,9.64,9.77,9.55,9.59,5792300,9.541688
2015-07-02,9.75,9.85,9.62,9.71,3403900,9.661083
2015-07-01,9.89,9.91,9.64,9.75,3908400,9.700882
2015-06-30,9.85,9.92,9.70,9.86,5920400,9.810327
2015-06-29,9.86,9.99,9.70,9.73,6050700,9.680982
2015-06-26,10.30,10.30,9.89,9.99,6180900,9.939672
2015-06-25,10.25,10.37,10.16,10.21,2661200,10.158564
2015-06-24,10.35,10.40,10.17,10.22,3533900,10.168514
2015-06-23,10.45,10.45,10.19,10.35,6494900,10.297859
2015-06-22,10.34,10.50,10.30,10.44,5609200,10.387405
2015-06-19,10.15,10.36,10.15,10.30,5045700,10.248111
2015-06-18,10.12,10.29,10.10,10.24,4202800,10.188413
2015-06-17,10.27,10.37,10.02,10.12,7622200,10.069018
2015-06-16,9.89,10.35,9.88,10.25,8997800,10.198363
2015-06-15,9.88,10.01,9.77,9.92,4407700,9.870025
2015-06-12,9.85,10.05,9.76,10.00,7225000,9.949622
2015-06-11,9.85,9.89,9.71,9.88,7604600,9.830227
2015-06-10,9.82,9.98,9.74,9.84,7371700,9.75063
2015-06-09,10.00,10.17,9.78,9.81,17748200,9.720903
2015-06-08,9.39,10.10,9.06,9.75,12220900,9.661447
2015-06-05,9.07,9.68,8.88,9.41,15588600,9.324535
2015-06-04,9.13,9.41,9.09,9.10,12240600,9.017351
2015-06-03,8.92,9.13,8.90,8.95,6503000,8.868713
2015-06-02,8.87,8.90,8.77,8.86,3155000,8.77953
2015-06-01,8.90,8.98,8.80,8.90,3729200,8.819167
2015-05-29,8.79,8.91,8.58,8.87,7369700,8.78944
2015-05-28,8.81,8.93,8.70,8.76,4416000,8.680439
2015-05-27,8.70,8.99,8.65,8.85,6542700,8.769622
2015-05-26,8.82,8.85,8.62,8.68,2674800,8.601166
2015-05-22,8.76,8.94,8.72,8.85,2865900,8.769622
2015-05-21,8.79,8.86,8.68,8.84,6742500,8.759712
2015-05-20,8.65,8.87,8.65,8.80,5087800,8.720076
2015-05-19,8.88,8.89,8.76,8.79,3580400,8.710166
2015-05-18,8.51,8.90,8.49,8.88,10128900,8.799349
2015-05-15,8.71,8.73,8.48,8.53,6634200,8.452528
2015-05-14,8.61,8.81,8.56,8.70,7321600,8.620984
2015-05-13,8.26,8.48,8.23,8.47,7608100,8.393073
2015-05-12,8.18,8.27,8.13,8.26,4554300,8.18498
2015-05-11,8.10,8.27,8.05,8.22,4193500,8.145344
2015-05-08,8.01,8.15,8.00,8.10,4252000,8.026434
2015-05-07,8.00,8.34,7.93,7.96,15232600,7.887705
2015-05-06,7.54,7.56,7.30,7.54,6272800,7.471519
2015-05-05,7.67,7.70,7.41,7.48,4205900,7.412064
2015-05-04,7.63,7.73,7.62,7.65,2812900,7.58052
2015-05-01,7.70,7.72,7.57,7.63,5279300,7.560702
2015-04-30,7.70,7.75,7.54,7.58,4115800,7.511156
2015-04-29,7.65,7.78,7.54,7.72,3340800,7.649884
2015-04-28,7.72,7.79,7.59,7.72,4655600,7.649884
2015-04-27,7.85,7.94,7.69,7.70,3734300,7.630066
2015-04-24,8.19,8.21,7.82,7.85,4505000,7.778704
2015-04-23,8.23,8.34,8.11,8.16,3038600,8.085888
2015-04-22,8.33,8.38,8.23,8.38,1870400,8.30389
2015-04-21,8.34,8.38,8.23,8.34,2699900,8.264254
2015-04-20,8.24,8.32,8.23,8.27,4703700,8.19489
