Date,Open,High,Low,Close,Volume,Adj Close
2015-10-15,58.959999,59.77,58.75,59.77,288900,59.77
2015-10-14,59.169998,59.419998,58.779999,58.84,518600,58.84
2015-10-13,59.490002,59.599998,59.029999,59.110001,973800,59.110001
2015-10-12,59.09,60.00,58.880001,59.560001,438400,59.560001
2015-10-09,59.59,59.720001,58.849998,59.00,1037300,59.00
2015-10-08,58.700001,59.720001,58.549999,59.540001,475000,59.540001
2015-10-07,58.639999,59.009998,58.130001,58.720001,672400,58.720001
2015-10-06,59.330002,59.349998,58.50,58.580002,712600,58.580002
2015-10-05,59.00,59.439999,58.650002,59.360001,488400,59.360001
2015-10-02,58.029999,58.93,57.650002,58.93,608400,58.93
2015-10-01,58.18,58.459999,57.369999,57.82,658000,57.82
2015-09-30,57.16,58.299999,57.110001,58.18,779900,58.18
2015-09-29,57.650002,57.82,56.82,57.099998,740100,57.099998
2015-09-28,57.509998,57.900002,57.029999,57.599998,402000,57.599998
2015-09-25,57.110001,58.330002,56.970001,57.66,696700,57.66
2015-09-24,56.599998,57.02,55.689999,56.880001,502300,56.880001
2015-09-23,56.599998,56.75,56.27,56.610001,519600,56.610001
2015-09-22,56.18,56.779999,55.799999,56.580002,781000,56.580002
2015-09-21,55.900002,56.279999,55.529999,56.150002,596300,56.150002
2015-09-18,55.259998,56.09,55.25,55.52,906300,55.52
2015-09-17,55.360001,56.389999,55.259998,55.75,603600,55.75
2015-09-16,54.549999,55.459999,54.369999,55.27,537200,55.27
2015-09-15,54.310001,54.720001,54.16,54.599998,385600,54.599998
2015-09-14,54.18,54.68,53.66,54.279999,331300,54.279999
2015-09-11,53.169998,54.099998,52.709999,54.080002,399800,54.080002
2015-09-10,53.549999,53.990002,53.130001,53.279999,384300,53.279999
2015-09-09,53.860001,54.41,53.48,53.59,504000,53.59
2015-09-08,52.91,53.869999,52.549999,53.709999,502700,53.709999
2015-09-04,52.970001,52.970001,52.419998,52.560001,468700,52.560001
2015-09-03,53.889999,53.889999,53.18,53.459999,756000,53.459999
2015-09-02,54.16,54.200001,53.459999,53.75,628200,53.75
2015-09-01,54.200001,54.59,53.400002,53.59,776300,53.59
2015-08-31,55.419998,55.419998,54.369999,54.790001,684200,54.790001
2015-08-28,55.34,55.610001,54.509998,55.580002,678700,55.580002
2015-08-27,55.00,55.950001,53.990002,55.349998,1157800,55.349998
2015-08-26,55.580002,55.860001,53.549999,54.93,1705700,54.93
2015-08-25,55.25,56.439999,54.360001,54.48,1656800,54.48
2015-08-24,53.98,56.82,52.080002,55.310001,1823700,55.310001
2015-08-21,55.82,56.43,55.509998,55.529999,628900,55.529999
2015-08-20,56.599998,57.049999,56.209999,56.259998,509200,56.259998
2015-08-19,56.959999,57.619999,56.869999,57.470001,487600,57.08
2015-08-18,57.799999,57.799999,57.119999,57.299999,370500,56.911152
2015-08-17,57.27,57.959999,57.00,57.869999,362700,57.477283
2015-08-14,57.029999,57.490002,56.740002,57.419998,307700,57.030336
2015-08-13,56.970001,57.59,56.68,57.119999,363800,56.732373
2015-08-12,55.349998,57.389999,55.349998,57.299999,640200,56.911152
2015-08-11,55.07,55.73,54.880001,55.549999,410300,55.173028
2015-08-10,55.650002,56.00,55.110001,55.259998,363300,54.884995
2015-08-07,54.740002,55.669998,54.450001,55.630001,320400,55.252487
2015-08-06,54.599998,54.939999,53.849998,54.880001,455300,54.507576
2015-08-05,54.700001,55.34,54.700001,54.970001,309600,54.596966
2015-08-04,55.220001,55.470001,54.580002,54.66,332700,54.289068
2015-08-03,55.349998,55.799999,55.029999,55.32,226300,54.944589
2015-07-31,55.099998,55.720001,54.73,55.299999,362200,54.924724
2015-07-30,54.50,55.09,54.220001,54.68,322700,54.308933
2015-07-29,54.099998,54.720001,53.82,54.68,398400,54.308933
2015-07-28,54.299999,54.459999,53.82,54.360001,326800,53.991105
2015-07-27,53.82,54.52,53.169998,54.290001,397800,53.92158
2015-07-24,53.619999,53.970001,53.389999,53.799999,418700,53.434903
2015-07-23,54.150002,54.150002,53.439999,53.560001,569600,53.196534
2015-07-22,53.509998,54.349998,53.509998,54.16,388600,53.792461
2015-07-21,53.869999,54.380001,53.50,53.599998,423700,53.23626
2015-07-20,54.060001,54.32,53.73,53.98,392500,53.613682
2015-07-17,55.080002,55.080002,54.110001,54.16,432700,53.792461
2015-07-16,53.889999,55.450001,53.66,55.18,913500,54.80554
2015-07-15,53.560001,53.799999,53.279999,53.689999,327400,53.325649
2015-07-14,53.560001,53.950001,53.439999,53.599998,417900,53.23626
2015-07-13,53.400002,53.919998,53.34,53.529999,323800,53.166735
2015-07-10,52.970001,53.630001,52.880001,53.330002,309300,52.968095
2015-07-09,54.060001,54.290001,52.939999,52.939999,503700,52.580739
2015-07-08,53.50,53.959999,53.419998,53.830002,676300,53.464702
2015-07-07,52.639999,54.07,52.41,53.830002,617000,53.464702
2015-07-06,52.220001,52.509998,52.00,52.43,346300,52.074202
2015-07-02,51.790001,52.25,51.619999,52.169998,326100,51.815964
2015-07-01,51.349998,51.549999,51.029999,51.48,386200,51.130648
2015-06-30,51.630001,51.950001,51.200001,51.279999,548400,50.932004
2015-06-29,51.560001,52.220001,51.080002,51.43,354800,51.080988
2015-06-26,51.669998,51.91,51.349998,51.75,454100,51.398816
2015-06-25,52.139999,52.169998,51.650002,51.669998,374800,51.319357
2015-06-24,52.490002,52.790001,51.950001,51.950001,695800,51.597459
2015-06-23,52.66,52.779999,52.02,52.52,801400,52.163591
2015-06-22,52.860001,52.990002,52.34,52.75,372300,52.39203
2015-06-19,53.240002,53.240002,52.59,52.700001,716700,52.34237
2015-06-18,52.189999,53.110001,52.189999,52.889999,335800,52.531079
2015-06-17,52.150002,52.639999,51.639999,52.119999,339900,51.766304
2015-06-16,51.23,51.959999,51.060001,51.939999,617100,51.587525
2015-06-15,51.540001,51.59,50.830002,51.439999,607200,51.090918
2015-06-12,51.810001,52.099998,51.389999,51.48,398400,51.130648
2015-06-11,51.91,52.360001,51.639999,51.950001,704400,51.597459
2015-06-10,51.630001,51.880001,51.50,51.549999,2177800,51.200172
2015-06-09,51.41,51.880001,51.32,51.369999,438500,51.021394
2015-06-08,51.52,51.68,51.279999,51.400002,458100,51.051192
2015-06-05,51.91,52.23,51.200001,51.439999,490500,51.090918
2015-06-04,52.549999,52.93,52.25,52.349998,308500,51.994743
2015-06-03,53.200001,53.50,52.549999,52.669998,497400,52.312571
2015-06-02,53.91,54.009998,52.93,53.200001,548300,52.838977
2015-06-01,54.07,54.48,53.810001,54.09,432400,53.722936
2015-05-29,53.91,54.189999,53.490002,54.02,488200,53.653412
2015-05-28,53.360001,54.029999,53.139999,53.990002,398300,53.623616
2015-05-27,53.189999,53.470001,53.099998,53.41,316500,53.047551
2015-05-26,53.25,53.330002,52.900002,53.200001,322800,52.838977
2015-05-22,53.52,53.630001,53.099998,53.50,216100,53.13694
2015-05-21,53.98,54.119999,53.389999,53.59,357200,53.226329
2015-05-20,54.290001,54.560001,54.169998,54.279999,283900,53.524295
2015-05-19,54.189999,54.459999,54.060001,54.290001,344800,53.534157
2015-05-18,53.720001,54.389999,53.669998,54.369999,445700,53.613042
2015-05-15,53.48,53.900002,53.419998,53.84,463600,53.090422
2015-05-14,52.84,53.540001,52.610001,53.400002,384600,52.656549
2015-05-13,53.150002,53.389999,52.380001,52.50,475100,51.769077
2015-05-12,53.43,53.700001,52.790001,52.939999,488400,52.20295
2015-05-11,53.599998,54.330002,53.389999,53.610001,447600,52.863624
2015-05-08,53.93,54.18,53.419998,53.91,431300,53.159447
2015-05-07,53.369999,53.490002,52.630001,53.470001,467700,52.725574
2015-05-06,52.709999,53.09,52.18,52.630001,466800,51.897269
2015-05-05,54.02,54.279999,52.439999,52.50,828900,51.769077
2015-05-04,54.32,55.099998,54.240002,54.27,307400,53.514435
2015-05-01,54.209999,54.509998,53.860001,54.310001,271200,53.553879
2015-04-30,55.18,55.580002,53.669998,54.00,619300,53.248194
2015-04-29,55.419998,55.66,55.110001,55.540001,221500,54.766754
2015-04-28,55.34,55.919998,54.740002,55.77,341200,54.993552
2015-04-27,55.849998,55.849998,54.82,55.360001,481600,54.58926
2015-04-24,55.310001,56.02,54.990002,55.68,299700,54.904805
2015-04-23,54.630001,55.380001,54.59,55.290001,412400,54.520235
2015-04-22,54.759998,55.02,54.130001,54.540001,490800,53.780677
2015-04-21,54.830002,55.43,54.560001,54.639999,613600,53.879283
2015-04-20,54.349998,55.130001,54.200001,54.84,365800,54.076499
