Date,Open,High,Low,Close,Volume,Adj Close
2015-10-15,17.219999,17.690001,16.719999,17.690001,2509300,17.690001
2015-10-14,16.690001,17.58,16.690001,17.40,2875500,17.40
2015-10-13,16.450001,17.43,16.200001,16.83,2647200,16.83
2015-10-12,17.27,17.360001,16.209999,16.57,2204000,16.57
2015-10-09,17.48,17.66,16.84,17.27,2952800,17.27
2015-10-08,16.75,17.41,16.370001,17.209999,3931800,17.209999
2015-10-07,17.65,18.00,16.379999,17.139999,4162800,17.139999
2015-10-06,16.59,17.83,16.51,17.440001,3608800,17.440001
2015-10-05,16.24,17.129999,16.24,16.700001,4006200,16.700001
2015-10-02,14.48,16.41,14.40,16.33,5271600,16.33
2015-10-01,15.35,15.41,14.50,14.74,3403600,14.74
2015-09-30,15.21,15.36,14.60,14.81,3864300,14.81
2015-09-29,14.35,15.36,14.20,15.03,4660200,15.03
2015-09-28,15.05,15.19,14.15,14.56,3596200,14.310001
2015-09-25,15.39,15.63,14.99,15.45,4741800,15.184719
2015-09-24,15.05,15.43,14.77,15.20,4033400,14.939011
2015-09-23,16.15,16.27,15.04,15.14,2216100,14.880042
2015-09-22,15.83,16.450001,15.60,15.92,2797800,15.646649
2015-09-21,16.65,16.98,15.93,16.290001,3355600,16.010297
2015-09-18,17.049999,17.110001,16.26,16.52,4271100,16.236347
2015-09-17,16.709999,18.120001,16.709999,17.50,4802600,17.19952
2015-09-16,16.51,17.32,16.51,17.209999,3558200,16.914498
2015-09-15,15.95,16.33,15.60,16.309999,2238200,16.029952
2015-09-14,15.63,15.79,15.21,15.63,1977100,15.361628
2015-09-11,16.120001,16.219999,15.36,15.61,3523100,15.341971
2015-09-10,16.50,16.799999,15.97,16.52,4195100,16.236347
2015-09-09,17.309999,17.959999,16.059999,16.370001,3073100,16.088923
2015-09-08,17.02,17.440001,16.59,17.309999,2504600,17.012781
2015-09-04,17.23,17.43,16.709999,16.790001,2907100,16.501711
2015-09-03,17.530001,18.18,17.24,17.50,2674000,17.19952
2015-09-02,18.32,18.469999,17.059999,17.540001,2739500,17.238834
2015-09-01,18.35,18.969999,18.059999,18.219999,2823600,17.907156
2015-08-31,18.620001,19.35,18.00,19.110001,3226600,18.781876
2015-08-28,17.66,19.379999,17.66,18.92,4028600,18.595138
2015-08-27,16.98,18.299999,16.889999,18.280001,4114500,17.966127
2015-08-26,16.450001,16.75,15.92,16.57,4134500,16.285488
2015-08-25,16.75,16.870001,16.030001,16.049999,3662300,15.774416
2015-08-24,15.57,16.66,15.56,15.75,4587900,15.479568
2015-08-21,17.26,17.889999,16.799999,16.809999,3339600,16.521367
2015-08-20,17.77,18.23,17.469999,17.50,2131300,17.19952
2015-08-19,18.57,18.76,17.799999,17.809999,2752200,17.504196
2015-08-18,18.790001,19.26,18.66,18.76,2863500,18.437885
2015-08-17,18.700001,19.33,18.51,18.879999,3474900,18.555824
2015-08-14,18.90,19.360001,18.559999,18.700001,2885800,18.378916
2015-08-13,20.09,20.15,18.639999,18.92,3752100,18.595138
2015-08-12,20.610001,21.27,20.23,20.709999,3032200,20.354402
2015-08-11,20.67,20.85,20.08,20.620001,2327300,20.265949
2015-08-10,19.83,21.35,19.66,21.16,2421100,20.796676
2015-08-07,20.190001,20.860001,19.73,19.90,3655200,19.55831
2015-08-06,19.26,20.49,18.780001,20.450001,3205700,20.098868
2015-08-05,19.389999,19.950001,18.82,19.23,2810900,18.899814
2015-08-04,20.040001,20.290001,18.969999,19.07,2547000,18.742562
2015-08-03,20.50,21.08,19.700001,19.780001,3555500,19.440372
2015-07-31,21.370001,21.66,20.629999,20.799999,3423900,20.442857
2015-07-30,22.790001,22.99,20.84,21.639999,4711600,21.268434
2015-07-29,21.76,22.83,21.530001,22.32,4288800,21.936758
2015-07-28,21.09,22.17,20.84,21.940001,2959200,21.563284
2015-07-27,20.75,21.16,20.42,20.83,2441900,20.472342
2015-07-24,21.870001,22.08,21.01,21.17,2239800,20.806505
2015-07-23,22.219999,22.620001,21.379999,21.93,2299700,21.553455
2015-07-22,22.25,22.49,21.77,22.040001,3128900,21.661567
2015-07-21,22.389999,23.139999,22.35,22.60,2353900,22.211951
2015-07-20,22.370001,22.370001,21.85,22.15,2593700,21.769677
2015-07-17,24.01,24.049999,22.35,22.389999,3276500,22.005556
2015-07-16,24.00,24.41,23.74,24.200001,2477900,23.784479
2015-07-15,24.84,24.969999,23.799999,23.809999,2462500,23.401174
2015-07-14,24.700001,25.49,24.620001,25.190001,2353800,24.75748
2015-07-13,24.309999,25.09,24.10,24.83,1613000,24.403661
2015-07-10,25.02,25.26,24.18,24.299999,1779600,23.882761
2015-07-09,25.040001,25.459999,24.77,24.790001,2160700,24.364349
2015-07-08,25.17,25.540001,24.15,24.57,1752800,24.148125
2015-07-07,24.52,25.540001,23.52,25.469999,4863900,25.032672
2015-07-06,24.870001,25.549999,24.65,24.719999,3548900,24.295549
2015-07-02,25.459999,26.02,25.16,25.65,1689400,25.209581
2015-07-01,26.50,26.50,25.040001,25.309999,2509800,24.875419
2015-06-30,26.790001,26.91,26.280001,26.440001,1511500,25.986018
2015-06-29,27.110001,27.59,26.51,26.610001,2866900,25.907391
2015-06-26,26.280001,27.559999,25.889999,27.559999,8538000,26.832306
2015-06-25,27.33,27.43,26.219999,26.370001,2325900,25.673728
2015-06-24,27.370001,27.690001,27.219999,27.40,2995100,26.676531
2015-06-23,27.700001,28.18,27.559999,27.60,1967800,26.871251
2015-06-22,27.719999,27.98,27.26,27.68,2664700,26.949139
2015-06-19,27.889999,28.450001,27.639999,27.66,3245200,26.929666
2015-06-18,28.92,29.02,27.690001,28.110001,2521400,27.367785
2015-06-17,29.10,29.35,28.559999,28.76,2126800,28.000622
2015-06-16,28.57,28.91,28.370001,28.73,2361300,27.971414
2015-06-15,28.41,29.040001,28.00,28.559999,2838600,27.805902
2015-06-12,29.059999,29.26,28.51,28.799999,2176000,28.039565
2015-06-11,30.92,31.049999,29.200001,29.27,2566000,28.497156
2015-06-10,30.77,31.360001,30.690001,31.190001,1909000,30.366461
2015-06-09,30.559999,31.07,30.040001,30.10,2624000,29.305241
2015-06-08,29.799999,30.57,29.629999,29.950001,1827000,29.159202
2015-06-05,29.629999,30.559999,29.50,29.93,2159300,29.13973
2015-06-04,30.469999,30.68,29.75,29.870001,1668600,29.081314
2015-06-03,31.18,31.57,30.60,30.74,1841600,29.928342
2015-06-02,30.77,31.940001,30.77,31.299999,2388700,30.473555
2015-06-01,30.77,31.09,30.309999,30.52,1478700,29.714151
2015-05-29,31.360001,31.48,30.75,30.77,1925500,29.95755
2015-05-28,31.639999,31.780001,30.709999,31.42,1940400,30.590388
2015-05-27,31.709999,32.259998,31.459999,31.860001,1186200,31.01877
2015-05-26,33.07,33.099998,31.82,31.870001,1214500,31.028506
2015-05-22,33.110001,33.630001,32.639999,33.560001,1026000,32.673884
2015-05-21,32.130001,33.610001,32.119999,33.580002,2284300,32.693357
2015-05-20,31.690001,32.049999,31.43,31.860001,1370000,31.01877
2015-05-19,31.809999,31.950001,30.860001,31.629999,1849600,30.794842
2015-05-18,32.619999,32.619999,31.68,32.369999,1730600,31.515303
2015-05-15,33.27,33.990002,32.75,33.549999,1454300,32.664146
2015-05-14,35.389999,35.490002,33.459999,33.529999,1850200,32.644674
2015-05-13,34.970001,35.66,34.360001,35.349998,1810200,34.416618
2015-05-12,34.360001,34.84,33.919998,34.709999,1480700,33.793518
2015-05-11,34.310001,34.68,33.82,34.16,2005100,33.25804
2015-05-08,33.43,34.439999,32.259998,34.349998,1714700,33.443022
2015-05-07,34.900002,34.900002,32.830002,33.00,3274200,32.128669
2015-05-06,35.139999,35.490002,34.419998,35.029999,2310200,34.105068
2015-05-05,33.470001,35.169998,33.470001,34.639999,2927200,33.725366
2015-05-04,33.299999,33.59,32.810001,33.040001,2933000,32.167614
2015-05-01,33.330002,33.900002,32.790001,33.259998,2631400,32.381803
2015-04-30,31.950001,33.68,30.040001,33.380001,5071500,32.498637
2015-04-29,29.08,30.83,28.92,30.43,2658900,29.626528
2015-04-28,28.75,29.33,28.59,29.16,1508900,28.39006
2015-04-27,28.969999,29.35,28.790001,28.93,1571700,28.166134
2015-04-24,29.51,29.629999,28.530001,28.74,1563200,27.98115
2015-04-23,29.389999,29.940001,29.24,29.690001,1386500,28.906067
2015-04-22,29.34,29.73,28.93,29.26,1705900,28.48742
2015-04-21,30.18,30.35,29.049999,29.379999,1945100,28.604251
2015-04-20,30.50,30.83,30.030001,30.110001,1838200,29.314977
