Date,Open,High,Low,Close,Volume,Adj Close
2015-10-16,121.900002,121.980003,119.900002,121.07,1975300,121.07
2015-10-15,118.00,121.989998,117.690002,121.870003,4929300,121.870003
2015-10-14,113.00,117.760002,112.379997,117.459999,3350900,117.459999
2015-10-13,116.339996,116.669998,113.209999,113.419998,3232400,113.419998
2015-10-12,117.589996,117.980003,115.760002,117.68,2418400,117.68
2015-10-09,116.559998,118.080002,115.540001,116.910004,3439300,116.910004
2015-10-08,117.519997,117.959999,113.790001,116.690002,4134100,116.690002
2015-10-07,118.650002,119.540001,115.82,118.639999,3715000,118.639999
2015-10-06,120.760002,121.010002,111.529999,117.110001,11584600,117.110001
2015-10-05,123.959999,124.870003,120.959999,121.220001,3883200,121.220001
2015-10-02,119.989998,123.360001,118.209999,123.330002,3494000,123.330002
2015-10-01,123.110001,124.900002,119.50,122.139999,4550200,122.139999
2015-09-30,121.790001,125.230003,121.00,125.010002,4375600,125.010002
2015-09-29,121.910004,122.480003,118.059998,119.669998,4796400,119.669998
2015-09-28,125.959999,128.169998,120.809998,120.849998,3954900,120.849998
2015-09-25,125.959999,128.929993,125.199997,126.739998,3459900,126.739998
2015-09-24,124.099998,125.349998,119.449997,124.099998,4499500,124.099998
2015-09-23,124.82,127.800003,123.809998,125.540001,2187900,125.540001
2015-09-22,124.989998,125.839996,123.699997,124.699997,2248300,124.699997
2015-09-21,128.369995,129.380005,126.220001,127.260002,1651500,127.260002
2015-09-18,128.539993,129.490005,126.599998,127.589996,4402100,127.589996
2015-09-17,131.509995,133.059998,130.199997,130.610001,1991800,130.610001
2015-09-16,133.889999,133.889999,130.259995,131.490005,2731700,131.490005
2015-09-15,132.130005,134.949997,131.00,134.380005,3080400,133.960002
2015-09-14,132.50,133.729996,130.600006,131.190002,3464300,130.77997
2015-09-11,128.160004,131.220001,126.940002,131.080002,3960600,130.670313
2015-09-10,128.539993,129.160004,124.800003,128.720001,3622400,128.317688
2015-09-09,130.179993,131.789993,126.300003,127.169998,3150200,126.77253
2015-09-08,125.400002,129.330002,124.82,129.160004,3547700,128.756316
2015-09-04,121.239998,123.809998,120.650002,121.150002,2492300,120.771349
2015-09-03,125.400002,126.900002,123.209999,123.769997,2995400,123.383155
2015-09-02,122.150002,124.07,120.160004,124.040001,3670000,123.652315
2015-09-01,121.519997,125.019997,118.099998,119.370003,4974900,118.996913
2015-08-31,126.639999,128.039993,125.00,125.970001,3008700,125.576283
2015-08-28,125.529999,127.720001,124.690002,127.620003,3632200,127.221128
2015-08-27,120.50,127.00,120.379997,126.260002,9188200,125.865378
2015-08-26,112.599998,116.739998,111.18,116.199997,5935400,115.836815
2015-08-25,114.129997,115.00,108.199997,108.510002,4392100,108.170855
2015-08-24,101.089996,115.010002,100.00,109.940002,6904000,109.596386
2015-08-21,112.75,115.489998,111.330002,111.449997,5647200,111.101661
2015-08-20,120.080002,120.639999,115.029999,115.029999,4175600,114.670474
2015-08-19,121.580002,122.779999,119.300003,121.449997,3089100,121.070406
2015-08-18,125.769997,125.769997,121.779999,122.239998,1950200,121.857938
2015-08-17,121.32,125.519997,120.800003,125.519997,2129300,125.127685
2015-08-14,124.00,124.50,121.169998,121.959999,2649600,121.578814
2015-08-13,125.620003,126.82,124.010002,124.190002,1457100,123.801848
2015-08-12,121.589996,126.68,120.620003,125.730003,2720500,125.337036
2015-08-11,125.639999,126.230003,122.919998,124.209999,2674400,123.821782
2015-08-10,123.489998,127.400002,123.00,127.279999,2890700,126.882187
2015-08-07,121.019997,123.980003,120.82,122.550003,3052700,122.166974
2015-08-06,125.040001,125.400002,120.599998,123.269997,4605200,122.884718
2015-08-05,123.00,125.690002,121.00,124.75,3415800,124.360095
2015-08-04,125.550003,125.550003,118.760002,123.470001,4746700,123.084097
2015-08-03,126.419998,127.489998,124.239998,125.800003,2727300,125.406817
2015-07-31,128.339996,128.339996,124.959999,125.139999,3059300,124.748876
2015-07-30,125.739998,128.789993,125.07,127.650002,3916900,127.251033
2015-07-29,128.369995,129.119995,125.449997,128.580002,3340700,128.178126
2015-07-28,125.580002,129.550003,123.519997,128.419998,2786900,128.018623
2015-07-27,127.349998,127.50,124.099998,124.650002,3489300,124.260409
2015-07-24,133.509995,133.850006,128.339996,128.479996,3631100,128.078433
2015-07-23,131.179993,135.00,130.50,131.970001,3060800,131.55753
2015-07-22,127.040001,130.00,125.379997,129.589996,6134600,129.184964
2015-07-21,135.100006,136.380005,134.139999,134.509995,3153200,134.089585
2015-07-20,134.550003,135.619995,133.75,134.639999,2356300,134.219184
2015-07-17,134.960007,135.00,131.960007,133.660004,2900000,133.242251
2015-07-16,133.630005,134.770004,130.889999,134.699997,3397700,134.278994
2015-07-15,131.669998,133.490005,130.820007,131.720001,2310000,131.308312
2015-07-14,129.350006,132.479996,128.509995,132.300003,2628900,131.886501
2015-07-13,131.380005,131.380005,128.460007,129.179993,2530400,128.776242
2015-07-10,126.610001,130.820007,126.50,129.839996,5094800,129.434183
2015-07-09,130.179993,131.360001,123.720001,124.68,7346900,124.290314
2015-07-08,130.100006,131.339996,126.860001,128.050003,5137100,127.649784
2015-07-07,133.949997,134.449997,126.160004,132.839996,5926800,132.424806
2015-07-06,136.160004,137.610001,133.869995,134.199997,3018800,133.780556
2015-07-02,135.600006,137.75,135.350006,137.639999,3279700,137.209807
2015-07-01,134.410004,137.699997,134.320007,135.50,4305900,135.076496
2015-06-30,133.800003,134.380005,132.119995,132.929993,2869500,132.514521
2015-06-29,132.850006,135.210007,131.039993,132.009995,4047300,131.597399
2015-06-26,138.850006,139.039993,134.75,135.149994,7179800,134.727584
2015-06-25,140.130005,141.050003,138.830002,139.229996,1753800,138.794834
2015-06-24,142.059998,142.220001,139.830002,139.970001,2240200,139.532527
2015-06-23,143.960007,143.960007,140.860001,141.639999,2149700,141.197305
2015-06-22,144.160004,145.139999,142.00,143.279999,2284600,142.832179
2015-06-19,143.009995,143.910004,141.600006,142.889999,2688100,142.443398
2015-06-18,140.729996,143.75,140.729996,143.00,2529800,142.553055
2015-06-17,141.50,142.50,139.460007,140.690002,2542900,140.250277
2015-06-16,142.699997,143.490005,141.380005,141.990005,2099800,141.147471
2015-06-15,139.160004,144.020004,139.009995,143.119995,3456500,142.270755
2015-06-12,141.289993,141.479996,139.880005,140.470001,1914500,139.636486
2015-06-11,142.179993,143.259995,141.020004,141.990005,3151700,141.147471
2015-06-10,139.929993,143.979996,139.839996,142.860001,4261700,142.012303
2015-06-09,138.949997,140.729996,136.509995,140.210007,4407100,139.378034
2015-06-08,143.570007,143.770004,137.529999,138.630005,5442200,137.807407
2015-06-05,140.970001,144.039993,139.309998,143.809998,3859300,142.956663
2015-06-04,142.490005,143.440002,140.479996,141.199997,2801700,140.36215
2015-06-03,146.00,146.00,142.809998,143.059998,3045000,142.211114
2015-06-02,146.410004,146.669998,143.139999,144.160004,4126400,143.304593
2015-06-01,148.240005,150.50,145.149994,146.619995,8357900,145.749987
2015-05-29,144.119995,149.240005,144.110001,148.070007,11824400,147.191395
2015-05-28,145.009995,145.470001,136.00,142.380005,24912300,141.535156
2015-05-27,132.089996,144.820007,131.619995,141.490005,11424800,140.650438
2015-05-26,134.360001,134.529999,130.639999,131.300003,2678100,130.5209
2015-05-22,129.820007,133.830002,129.820007,132.639999,2285600,131.852945
2015-05-21,129.509995,130.029999,127.839996,129.589996,2130900,128.82104
2015-05-20,129.940002,131.070007,128.110001,129.110001,1872100,128.343893
2015-05-19,130.860001,131.850006,129.25,129.470001,1605300,128.701757
2015-05-18,127.949997,130.399994,127.279999,130.179993,1798400,129.407536
2015-05-15,127.790001,129.50,126.57,127.870003,2262700,127.111253
2015-05-14,124.139999,128.679993,123.639999,126.940002,2327900,126.186771
2015-05-13,123.629997,124.839996,122.309998,123.129997,1185700,122.399373
2015-05-12,122.019997,123.580002,121.300003,122.949997,1026400,122.220441
2015-05-11,123.57,123.860001,122.599998,122.809998,1241800,122.081272
2015-05-08,123.199997,124.93,122.730003,123.330002,1484600,122.598191
2015-05-07,120.00,123.639999,120.00,122.480003,2354200,121.753236
2015-05-06,117.839996,118.370003,115.389999,116.779999,1447500,116.087054
2015-05-05,120.099998,120.669998,116.629997,116.790001,2209000,116.096997
2015-05-04,122.830002,123.849998,120.860001,121.160004,1420700,120.441069
2015-05-01,117.919998,123.43,117.879997,122.800003,2533400,122.071337
2015-04-30,116.690002,118.940002,116.260002,116.879997,2133900,116.186459
2015-04-29,116.019997,117.519997,114.75,117.029999,2090300,116.335571
2015-04-28,120.379997,121.00,114.559998,117.449997,3102300,116.753077
2015-04-27,120.00,121.940002,118.720001,120.150002,2732000,119.43706
2015-04-24,123.730003,123.730003,115.870003,119.50,5505900,118.790915
2015-04-23,125.220001,125.459999,122.550003,124.07,2805300,123.333798
2015-04-22,123.910004,128.00,122.75,127.900002,2258000,127.141073
2015-04-21,124.32,125.050003,122.940002,123.099998,2061600,122.369552
2015-04-20,122.50,123.82,122.199997,123.029999,1329500,122.299968
