Date,Open,High,Low,Close,Volume,Adj Close
2015-10-16,45.110001,45.720001,44.799999,44.98,1038500,44.98
2015-10-15,45.689999,45.799999,44.849998,45.18,1072600,45.18
2015-10-14,45.369999,46.360001,44.990002,45.689999,1004800,45.689999
2015-10-13,45.040001,45.700001,44.880001,45.299999,911400,45.299999
2015-10-12,45.310001,45.459999,44.880001,45.27,740000,45.27
2015-10-09,45.700001,46.049999,45.029999,45.259998,1017800,45.259998
2015-10-08,45.209999,45.91,44.84,45.759998,546200,45.759998
2015-10-07,44.830002,45.669998,44.73,45.220001,901200,45.220001
2015-10-06,44.82,45.25,44.450001,44.59,1178000,44.59
2015-10-05,43.990002,44.779999,43.630001,44.759998,829600,44.759998
2015-10-02,41.98,43.50,41.939999,43.50,768700,43.50
2015-10-01,42.619999,42.970001,41.77,42.560001,1253100,42.560001
2015-09-30,41.50,42.77,41.50,42.68,1408400,42.68
2015-09-29,40.52,41.029999,40.209999,40.939999,949800,40.939999
2015-09-28,41.040001,41.200001,40.43,40.560001,927200,40.560001
2015-09-25,41.470001,41.810001,41.060001,41.360001,703100,41.360001
2015-09-24,40.700001,41.290001,40.369999,41.07,695400,41.07
2015-09-23,41.389999,41.540001,40.939999,41.16,616400,41.16
2015-09-22,41.720001,41.880001,41.299999,41.490002,726500,41.490002
2015-09-21,42.43,43.02,42.32,42.50,775800,42.50
2015-09-18,42.849998,42.959999,42.02,42.139999,1671400,42.139999
2015-09-17,44.00,44.16,43.330002,43.490002,867100,43.490002
2015-09-16,43.73,44.299999,43.68,44.00,941000,44.00
2015-09-15,42.93,43.889999,42.82,43.880001,1354900,43.880001
2015-09-14,42.900002,42.98,42.52,42.66,534400,42.66
2015-09-11,42.490002,43.139999,42.360001,42.900002,720400,42.900002
2015-09-10,42.029999,42.939999,41.73,42.580002,1015500,42.580002
2015-09-09,43.009998,43.23,41.990002,42.07,1035200,42.07
2015-09-08,41.990002,42.52,41.66,42.509998,1093900,42.509998
2015-09-04,41.25,41.50,40.91,41.189999,925900,41.189999
2015-09-03,41.41,42.220001,41.32,41.77,703900,41.60
2015-09-02,41.639999,41.639999,40.779999,41.189999,1316300,41.022358
2015-09-01,41.43,41.830002,40.77,40.950001,782400,40.783337
2015-08-31,42.139999,42.91,41.75,42.400002,864800,42.227437
2015-08-28,42.09,42.759998,41.610001,42.259998,1036300,42.088003
2015-08-27,41.279999,41.959999,40.98,41.950001,974500,41.779267
2015-08-26,39.59,40.889999,38.900002,40.639999,1534500,40.474598
2015-08-25,40.330002,40.330002,38.610001,38.630001,1597000,38.47278
2015-08-24,37.990002,40.630001,36.419998,38.860001,1534900,38.701843
2015-08-21,41.34,41.720001,40.380001,40.400002,1533700,40.235577
2015-08-20,42.290001,42.599998,41.619999,41.619999,1124900,41.450609
2015-08-19,42.82,43.150002,42.23,42.639999,1029700,42.466458
2015-08-18,43.529999,43.529999,42.700001,42.77,792800,42.59593
2015-08-17,42.919998,43.669998,42.630001,43.619999,1052500,43.442469
2015-08-14,43.00,43.080002,42.610001,43.009998,895100,42.834951
2015-08-13,43.110001,43.41,42.650002,42.669998,1091300,42.496335
2015-08-12,42.900002,43.400002,42.040001,43.040001,1142700,42.864831
2015-08-11,43.610001,44.16,43.189999,43.400002,857400,43.223367
2015-08-10,43.720001,44.290001,43.48,44.040001,905900,43.860761
2015-08-07,43.189999,43.68,43.139999,43.23,1127300,43.054057
2015-08-06,44.330002,44.639999,42.939999,43.380001,1648700,43.203448
2015-08-05,42.279999,44.279999,41.830002,43.849998,2750700,43.671532
2015-08-04,41.32,41.830002,40.93,41.380001,1289500,41.211588
2015-08-03,41.689999,41.919998,41.220001,41.389999,1075600,41.221545
2015-07-31,41.900002,42.240002,41.59,41.73,743300,41.560162
2015-07-30,41.41,41.830002,41.32,41.639999,718500,41.470528
2015-07-29,40.740002,41.610001,40.669998,41.560001,885400,41.390855
2015-07-28,39.779999,40.98,39.580002,40.720001,1217000,40.554274
2015-07-27,39.360001,39.630001,38.900002,39.52,677500,39.359157
2015-07-24,40.240002,40.509998,39.59,39.599998,664000,39.438829
2015-07-23,39.830002,40.700001,39.77,40.32,917000,40.1559
2015-07-22,39.82,39.900002,39.459999,39.740002,1589500,39.578263
2015-07-21,40.400002,40.709999,40.080002,40.169998,893700,40.006509
2015-07-20,40.669998,40.720001,40.34,40.470001,708200,40.305291
2015-07-17,40.50,40.68,40.27,40.529999,892300,40.365045
2015-07-16,40.889999,40.959999,40.439999,40.630001,654000,40.46464
2015-07-15,40.66,40.759998,40.240002,40.529999,733900,40.365045
2015-07-14,40.529999,40.919998,40.529999,40.75,835000,40.584151
2015-07-13,40.939999,40.939999,40.299999,40.549999,886800,40.384964
2015-07-10,40.360001,40.610001,40.18,40.490002,729000,40.32521
2015-07-09,40.880001,41.009998,39.919998,39.939999,1076800,39.777446
2015-07-08,40.799999,41.139999,40.279999,40.43,1183200,40.265453
2015-07-07,41.18,41.41,40.240002,41.389999,1267000,41.221545
2015-07-06,41.299999,41.59,40.790001,41.02,850400,40.853052
2015-07-02,41.23,41.740002,41.150002,41.630001,1058400,41.46057
2015-07-01,41.599998,41.689999,41.080002,41.18,689800,41.012401
2015-06-30,41.650002,41.759998,41.09,41.110001,1130100,40.942686
2015-06-29,41.669998,41.900002,41.259998,41.27,1123100,41.102035
2015-06-26,42.50,42.709999,42.02,42.09,1857600,41.918697
2015-06-25,43.18,43.18,42.50,42.560001,659000,42.386785
2015-06-24,43.68,43.990002,43.00,43.00,838900,42.824993
2015-06-23,43.57,43.59,43.299999,43.48,718600,43.303039
2015-06-22,43.330002,43.470001,43.139999,43.450001,811100,43.273163
2015-06-19,43.209999,43.330002,42.93,42.98,1041200,42.805074
2015-06-18,42.990002,43.310001,42.91,43.18,756200,43.004261
2015-06-17,43.16,43.27,42.82,42.939999,603700,42.765236
2015-06-16,42.900002,43.119999,42.580002,43.009998,681700,42.834951
2015-06-15,42.630001,43.110001,42.389999,42.900002,712900,42.725402
2015-06-12,43.029999,43.220001,42.889999,43.049999,522400,42.874789
2015-06-11,42.869999,43.279999,42.790001,43.200001,752900,43.02418
2015-06-10,43.16,43.27,42.799999,42.799999,1283400,42.625806
2015-06-09,42.799999,43.02,42.509998,42.830002,1235100,42.655687
2015-06-08,43.259998,43.41,42.57,42.759998,775900,42.585968
2015-06-05,43.34,43.470001,42.990002,43.189999,935900,43.014219
2015-06-04,43.950001,44.16,43.380001,43.52,685300,43.342877
2015-06-03,44.099998,44.389999,43.799999,44.259998,803900,44.079863
2015-06-02,43.810001,44.110001,43.50,43.810001,805400,43.631698
2015-06-01,44.139999,44.220001,43.709999,44.07,624900,43.890638
2015-05-29,44.759998,44.880001,43.790001,44.009998,1118900,43.830881
2015-05-28,44.619999,44.990002,44.610001,44.880001,474800,44.537995
2015-05-27,44.18,44.810001,44.049999,44.650002,771900,44.309748
2015-05-26,45.040001,45.25,44.00,44.099998,1047300,43.763936
2015-05-22,45.34,45.540001,45.310001,45.360001,398600,45.014337
2015-05-21,45.84,45.84,45.48,45.540001,828000,45.192965
2015-05-20,45.799999,46.18,45.669998,45.869999,269700,45.520449
2015-05-19,46.080002,46.279999,45.700001,45.84,615200,45.490679
2015-05-18,45.529999,46.200001,45.439999,46.150002,418000,45.798318
2015-05-15,45.610001,45.880001,45.09,45.650002,446200,45.302128
2015-05-14,45.419998,45.950001,45.23,45.75,662000,45.401364
2015-05-13,44.610001,45.18,44.560001,45.080002,439600,44.736472
2015-05-12,44.43,44.549999,43.900002,44.43,571900,44.091424
2015-05-11,44.66,44.860001,44.450001,44.639999,758200,44.299822
2015-05-08,45.049999,45.16,44.73,44.75,473500,44.408985
2015-05-07,44.330002,44.669998,44.209999,44.439999,734200,44.101346
2015-05-06,44.25,44.439999,43.880001,44.419998,923300,44.081498
2015-05-05,44.18,44.560001,43.959999,44.09,1271900,43.754014
2015-05-04,44.07,44.41,43.799999,44.200001,948300,43.863177
2015-05-01,42.860001,44.16,42.860001,44.02,1352900,43.684548
2015-04-30,43.610001,43.82,42.400002,42.630001,1334400,42.305141
2015-04-29,43.189999,44.139999,43.189999,43.91,791100,43.575386
2015-04-28,43.529999,43.810001,43.310001,43.450001,1117200,43.118892
2015-04-27,43.400002,43.740002,43.290001,43.610001,1194000,43.277673
2015-04-24,43.34,43.509998,43.049999,43.470001,1048400,43.13874
2015-04-23,44.23,44.599998,43.310001,43.75,1917100,43.416605
2015-04-22,45.209999,45.650002,44.540001,45.490002,1180400,45.143347
2015-04-21,45.00,45.299999,44.57,45.209999,987800,44.865478
2015-04-20,44.189999,44.82,44.150002,44.740002,913800,44.399063
