Date,Open,High,Low,Close,Volume,Adj Close
2015-10-09,77.449997,77.82,76.830002,77.330002,2636300,77.330002
2015-10-08,76.989998,77.260002,76.110001,77.18,3298900,77.18
2015-10-07,76.809998,77.849998,76.68,77.18,3431800,77.18
2015-10-06,77.239998,77.540001,76.720001,76.910004,3887100,76.620003
2015-10-05,75.050003,77.540001,75.040001,77.300003,6480600,77.008532
2015-10-02,72.699997,74.410004,72.50,74.410004,5072400,74.12943
2015-10-01,74.160004,74.599998,73.209999,73.889999,4741100,73.611386
2015-09-30,73.889999,74.190002,73.300003,74.129997,4912200,73.850479
2015-09-29,73.300003,73.510002,72.660004,73.099998,5283000,72.824364
2015-09-28,74.459999,74.699997,73.260002,73.339996,5894700,73.063457
2015-09-25,75.389999,75.669998,74.720001,75.099998,4478000,74.816823
2015-09-24,74.989998,75.029999,73.849998,74.690002,6108900,74.408373
2015-09-23,75.510002,75.959999,75.129997,75.629997,3183300,75.344823
2015-09-22,75.610001,75.769997,75.00,75.709999,5047200,75.424523
2015-09-21,76.419998,77.32,76.32,76.739998,3266300,76.450638
2015-09-18,76.050003,76.800003,75.720001,75.949997,12402900,75.663616
2015-09-17,77.459999,78.400002,76.769997,77.059998,4181800,76.769431
2015-09-16,76.459999,77.510002,76.389999,77.32,4193100,77.028453
2015-09-15,75.459999,76.75,75.230003,76.50,5473700,76.211545
2015-09-14,75.160004,75.50,74.779999,75.139999,4452100,74.856673
2015-09-11,75.080002,75.529999,74.790001,75.50,3843600,75.215316
2015-09-10,75.150002,75.860001,74.980003,75.309998,4764600,75.02603
2015-09-09,76.080002,76.510002,74.980003,75.120003,4959800,74.836752
2015-09-08,75.580002,75.730003,74.919998,75.489998,6046300,75.205352
2015-09-04,74.279999,74.519997,73.57,74.080002,5095200,73.800672
2015-09-03,75.379997,76.25,75.050003,75.260002,4783000,74.976223
2015-09-02,74.900002,75.209999,73.970001,74.940002,5914400,74.65743
2015-09-01,74.849998,75.360001,73.599998,74.00,6101100,73.720972
2015-08-31,76.260002,77.260002,75.970001,76.720001,4559700,76.430717
2015-08-28,76.32,76.809998,75.93,76.650002,4919000,76.360981
2015-08-27,75.879997,77.18,75.519997,76.879997,7025000,76.59011
2015-08-26,75.389999,75.900002,73.959999,75.629997,6505800,75.344823
2015-08-25,76.269997,76.550003,73.279999,73.519997,7779000,73.242779
2015-08-24,73.360001,76.080002,71.709999,74.650002,12873200,74.368523
2015-08-21,78.120003,78.610001,77.029999,77.029999,8483300,76.739546
2015-08-20,80.110001,80.459999,78.730003,78.760002,7240600,78.463026
2015-08-19,80.919998,81.660004,80.410004,80.949997,5314600,80.644763
2015-08-18,81.050003,81.419998,80.699997,81.239998,4458300,80.93367
2015-08-17,80.389999,81.169998,80.25,81.00,4574700,80.694577
2015-08-14,80.510002,81.330002,80.419998,80.910004,5387100,80.60492
2015-08-13,81.00,81.00,80.379997,80.760002,4866900,80.455484
2015-08-12,80.720001,81.089996,79.800003,81.00,6945600,80.694577
2015-08-11,80.43,81.650002,80.25,81.339996,8509800,81.033292
2015-08-10,79.690002,81.389999,79.50,81.260002,12609000,80.953599
2015-08-07,75.00,80.220001,74.339996,79.720001,23689600,79.419405
2015-08-06,75.650002,75.790001,74.709999,75.00,4522100,74.717201
2015-08-05,76.349998,76.480003,75.589996,75.589996,5562000,75.304973
2015-08-04,75.769997,76.160004,75.629997,75.720001,4137600,75.434488
2015-08-03,75.860001,76.160004,75.43,75.980003,5159500,75.693509
2015-07-31,76.389999,76.669998,75.989998,76.059998,6344800,75.773202
2015-07-30,75.790001,76.209999,75.639999,76.120003,4767100,75.832981
2015-07-29,75.110001,76.010002,74.919998,75.699997,4594200,75.414559
2015-07-28,75.120003,75.57,74.370003,75.110001,5516600,74.826787
2015-07-27,75.440002,75.599998,74.300003,74.919998,9861400,74.637501
2015-07-24,76.650002,77.150002,75.68,75.900002,8639900,75.613809
2015-07-23,77.699997,77.949997,76.129997,77.010002,12256800,76.719624
2015-07-22,78.800003,79.190002,78.599998,78.989998,4392700,78.692154
2015-07-21,79.199997,79.410004,78.449997,78.949997,3974600,78.652304
2015-07-20,79.199997,79.629997,79.18,79.300003,3517700,79.000991
2015-07-17,78.739998,79.25,78.650002,79.220001,3084400,78.92129
2015-07-16,79.00,79.160004,78.669998,78.919998,4095800,78.622419
2015-07-15,79.010002,79.360001,78.32,78.540001,3947000,78.243854
2015-07-14,78.599998,79.139999,78.209999,78.970001,3904900,78.672233
2015-07-13,77.970001,78.610001,77.769997,78.529999,3677500,78.23389
2015-07-10,77.309998,77.489998,76.910004,77.309998,3036000,77.018489
2015-07-09,76.629997,77.449997,76.290001,76.339996,3934000,76.052145
2015-07-08,76.889999,77.199997,75.75,75.93,5544800,75.643695
2015-07-07,77.559998,77.800003,76.410004,77.550003,7183000,77.257589
2015-07-06,77.550003,77.849998,77.339996,77.589996,5724800,77.297432
2015-07-02,78.690002,79.129997,78.18,78.209999,4577700,77.915097
2015-07-01,78.639999,78.910004,78.160004,78.400002,5319900,78.104383
2015-06-30,78.169998,78.410004,77.650002,77.720001,7793000,77.426946
2015-06-29,79.220001,79.349998,77.739998,77.800003,8553300,77.217742
2015-06-26,80.169998,80.449997,79.830002,79.879997,15746700,79.282169
2015-06-25,80.989998,81.00,79.879997,79.879997,6591100,79.282169
2015-06-24,80.940002,81.360001,80.739998,80.739998,5637600,80.135733
2015-06-23,81.440002,81.919998,81.290001,81.360001,5356300,80.751096
2015-06-22,80.68,81.709999,80.660004,81.25,5548600,80.641919
2015-06-19,80.519997,80.620003,79.790001,80.190002,13054800,79.589854
2015-06-18,80.239998,80.900002,79.809998,80.769997,4632300,80.165508
2015-06-17,79.639999,80.860001,79.459999,80.32,6945600,79.718879
2015-06-16,79.040001,79.800003,79.00,79.360001,6992700,78.766064
2015-06-15,79.00,79.370003,78.82,79.25,4929300,78.656887
2015-06-12,80.43,80.449997,79.110001,79.529999,6253500,78.93479
2015-06-11,80.339996,80.769997,80.00,80.300003,4013400,79.699032
2015-06-10,79.199997,80.489998,79.199997,80.190002,5865400,79.589854
2015-06-09,78.879997,79.389999,78.860001,79.169998,4506300,78.577484
2015-06-08,79.43,79.839996,78.800003,78.809998,5883600,78.220177
2015-06-05,79.739998,79.879997,79.230003,79.389999,4817000,78.795838
2015-06-04,80.050003,80.339996,79.199997,79.360001,5438100,78.766064
2015-06-03,80.32,81.269997,80.120003,80.599998,4321400,79.996782
2015-06-02,79.260002,80.269997,79.18,79.989998,4197300,79.391346
2015-06-01,79.940002,80.169998,78.949997,79.470001,4716900,78.875242
2015-05-29,80.040001,80.099998,79.580002,79.720001,7385100,79.12337
2015-05-28,79.970001,80.25,79.879997,80.089996,4443000,79.490597
2015-05-27,80.449997,80.629997,79.839996,80.110001,5105100,79.510451
2015-05-26,81.120003,81.459999,79.940002,80.190002,5282700,79.589854
2015-05-22,80.839996,81.580002,80.720001,81.25,3395800,80.641919
2015-05-21,80.540001,81.169998,80.410004,80.760002,4249700,80.155588
2015-05-20,81.410004,81.449997,80.779999,80.959999,3986700,80.354088
2015-05-19,80.370003,81.599998,80.370003,81.360001,6063500,80.751096
2015-05-18,80.279999,80.550003,79.779999,80.169998,4579900,79.57
2015-05-15,80.900002,81.160004,79.989998,80.220001,4479300,79.619628
2015-05-14,80.339996,80.900002,80.269997,80.75,4450800,80.145661
2015-05-13,79.50,80.010002,79.269997,79.860001,5494500,79.262322
2015-05-12,79.150002,79.43,78.440002,79.080002,4575700,78.488161
2015-05-11,79.050003,80.25,79.010002,79.699997,5827400,79.103516
2015-05-08,78.889999,79.639999,78.769997,78.980003,7198100,78.388911
2015-05-07,77.839996,78.739998,77.599998,78.43,7924600,77.843024
2015-05-06,78.699997,78.849998,77.389999,77.849998,5896600,77.267363
2015-05-05,77.980003,78.519997,77.779999,77.839996,5325800,77.257436
2015-05-04,77.959999,78.540001,77.739998,78.279999,3896700,77.694145
2015-05-01,77.849998,77.889999,77.309998,77.68,3859200,77.098637
2015-04-30,77.040001,77.68,76.980003,77.449997,6754100,76.870355
2015-04-29,77.129997,77.470001,77.00,77.160004,4322600,76.582532
2015-04-28,77.690002,77.730003,76.940002,77.489998,6493400,76.910057
2015-04-27,77.830002,77.959999,77.040001,77.489998,6901700,76.910057
2015-04-24,78.300003,78.330002,77.769997,77.989998,3400700,77.406315
2015-04-23,78.059998,78.370003,77.739998,78.150002,4815400,77.565121
2015-04-22,77.410004,78.650002,77.18,78.440002,7318100,77.852951
2015-04-21,77.379997,77.800003,77.239998,77.279999,5125000,76.701629
2015-04-20,77.389999,77.849998,76.959999,77.230003,8432600,76.652008
2015-04-17,78.400002,78.50,76.529999,77.32,22112500,76.741331
2015-04-16,79.43,81.169998,79.25,80.910004,8084800,80.304467
2015-04-15,79.43,80.300003,79.419998,79.75,6042700,79.153145
2015-04-14,79.599998,79.970001,78.889999,79.489998,4213200,78.895088
2015-04-13,79.730003,79.989998,79.260002,79.269997,4092000,78.676734
