Date,Open,High,Low,Close,Volume,Adj Close
2015-10-16,199.210007,200.130005,198.259995,198.899994,311300,198.899994
2015-10-15,196.449997,200.009995,195.00,199.589996,278900,199.589996
2015-10-14,197.210007,198.289993,195.039993,195.419998,583900,195.289996
2015-10-13,197.070007,199.289993,196.050003,197.289993,403100,197.158747
2015-10-12,201.550003,201.550003,196.669998,197.850006,383700,197.718387
2015-10-09,196.820007,202.199997,195.589996,201.509995,881400,201.37594
2015-10-08,182.880005,198.309998,180.929993,195.979996,1207500,195.849621
2015-10-07,181.869995,184.789993,173.190002,182.880005,1367300,182.758344
2015-10-06,180.520004,181.979996,175.080002,176.360001,643000,176.242678
2015-10-05,179.00,181.300003,178.190002,179.839996,446900,179.720358
2015-10-02,173.740005,178.179993,171.350006,178.179993,335900,178.061459
2015-10-01,175.559998,177.570007,173.460007,175.309998,452500,175.193373
2015-09-30,171.889999,175.789993,171.779999,175.580002,649100,175.463198
2015-09-29,169.869995,173.380005,168.460007,169.869995,377800,169.75699
2015-09-28,174.899994,176.350006,168.330002,170.080002,502700,169.966857
2015-09-25,175.429993,178.970001,174.020004,176.160004,726800,176.042814
2015-09-24,179.800003,179.979996,172.240005,173.559998,1058300,173.444537
2015-09-23,188.00,188.570007,180.00,180.929993,1098000,180.809629
2015-09-22,191.360001,192.229996,187.600006,188.039993,281600,187.9149
2015-09-21,191.919998,194.399994,191.520004,193.520004,206500,193.391266
2015-09-18,192.479996,193.979996,190.970001,191.350006,1041800,191.222711
2015-09-17,194.899994,197.529999,193.190002,195.009995,236000,194.880265
2015-09-16,193.850006,194.75,192.919998,194.410004,756700,194.280673
2015-09-15,190.960007,194.210007,189.690002,193.100006,332800,192.971547
2015-09-14,190.300003,191.50,188.320007,189.860001,264100,189.733697
2015-09-11,189.029999,190.470001,186.00,190.220001,477100,190.093458
2015-09-10,198.589996,198.839996,188.389999,190.149994,856600,190.023497
2015-09-09,203.800003,204.419998,199.550003,199.820007,254600,199.687078
2015-09-08,199.419998,201.940002,198.410004,201.779999,245100,201.645765
2015-09-04,193.770004,196.850006,193.320007,195.679993,176400,195.549817
2015-09-03,195.220001,198.580002,194.929993,195.949997,243600,195.819642
2015-09-02,194.679993,194.679993,191.25,194.660004,225300,194.530507
2015-09-01,191.00,194.270004,191.00,191.979996,356400,191.852282
2015-08-31,197.839996,198.360001,194.679993,194.869995,322900,194.740358
2015-08-28,195.380005,199.020004,194.419998,198.029999,353100,197.89826
2015-08-27,191.850006,195.809998,189.589996,195.660004,413700,195.529841
2015-08-26,189.639999,191.039993,184.919998,189.360001,583700,189.234029
2015-08-25,192.630005,193.380005,186.289993,186.360001,428100,186.236025
2015-08-24,186.100006,194.820007,185.190002,188.00,880500,187.874933
2015-08-21,199.800003,201.520004,197.020004,197.190002,487000,197.058822
2015-08-20,206.440002,207.279999,200.809998,201.059998,416500,200.926243
2015-08-19,208.210007,209.080002,206.210007,207.529999,297100,207.39194
2015-08-18,210.179993,211.619995,209.460007,209.539993,312800,209.400597
2015-08-17,210.50,211.330002,208.009995,210.179993,434300,210.040171
2015-08-14,210.00,211.820007,208.429993,210.880005,323700,210.739717
2015-08-13,207.839996,210.850006,207.660004,209.440002,388000,209.300673
2015-08-12,209.410004,209.979996,205.380005,208.25,529000,208.111462
2015-08-11,208.399994,211.539993,206.550003,211.149994,488600,211.009527
2015-08-10,207.699997,210.979996,207.679993,210.009995,348300,209.870286
2015-08-07,205.339996,207.300003,203.809998,206.570007,369400,206.432587
2015-08-06,207.00,207.380005,204.559998,205.320007,496700,205.183419
2015-08-05,206.309998,207.550003,205.279999,206.970001,442200,206.832315
2015-08-04,200.729996,205.699997,199.800003,204.449997,501700,204.313987
2015-08-03,201.679993,201.990005,199.429993,200.949997,311600,200.816315
2015-07-31,198.160004,202.029999,196.820007,201.190002,655100,201.056161
2015-07-30,195.880005,199.889999,194.979996,197.899994,426400,197.768341
2015-07-29,193.00,196.75,192.190002,196.570007,274900,196.43924
2015-07-28,191.970001,193.789993,191.220001,192.75,256400,192.621774
2015-07-27,190.880005,192.699997,189.380005,191.550003,352300,191.422575
2015-07-24,191.580002,192.360001,190.779999,191.919998,337400,191.792324
2015-07-23,192.350006,193.399994,190.339996,191.539993,376700,191.412572
2015-07-22,191.259995,193.279999,191.259995,192.300003,378700,192.172076
2015-07-21,194.350006,194.350006,191.240005,192.270004,488000,192.142097
2015-07-20,195.039993,196.490005,194.149994,194.75,651700,194.620443
2015-07-17,193.759995,194.600006,192.820007,193.889999,336900,193.761015
2015-07-16,195.020004,195.380005,193.039993,193.740005,397400,193.61112
2015-07-15,196.399994,196.399994,193.539993,194.110001,688100,193.850963
2015-07-14,193.600006,197.020004,193.300003,196.75,567300,196.487439
2015-07-13,192.600006,194.00,191.210007,193.580002,498300,193.321672
2015-07-10,189.440002,191.869995,188.300003,191.429993,710700,191.174532
2015-07-09,189.119995,190.00,187.550003,187.809998,415500,187.559367
2015-07-08,187.429993,187.820007,185.889999,187.300003,475500,187.050053
2015-07-07,187.070007,189.710007,185.479996,189.139999,471000,188.887594
2015-07-06,187.300003,188.979996,186.089996,187.020004,501300,186.770428
2015-07-02,189.00,189.199997,187.100006,189.00,467700,188.747782
2015-07-01,186.419998,189.369995,183.00,187.899994,751500,187.649244
2015-06-30,180.940002,182.220001,179.199997,179.979996,533400,179.739815
2015-06-29,180.179993,182.309998,179.00,179.270004,345700,179.030771
2015-06-26,182.089996,183.00,180.949997,182.270004,375900,182.026767
2015-06-25,181.429993,183.289993,180.020004,182.479996,549600,182.236478
2015-06-24,185.190002,185.690002,180.429993,181.029999,337800,180.788416
2015-06-23,185.679993,186.979996,184.169998,185.190002,222100,184.942869
2015-06-22,186.589996,187.649994,184.850006,185.380005,240900,185.132617
2015-06-19,185.429993,186.559998,185.039993,185.960007,292300,185.711845
2015-06-18,183.759995,185.639999,183.179993,184.899994,271200,184.653247
2015-06-17,183.899994,184.559998,181.470001,183.479996,164900,183.235144
2015-06-16,183.580002,184.429993,182.229996,183.190002,261500,182.945538
2015-06-15,180.350006,184.570007,179.50,183.570007,442300,183.325035
2015-06-12,180.860001,181.850006,179.679993,181.570007,278100,181.327704
2015-06-11,179.820007,181.789993,179.039993,181.740005,247800,181.497476
2015-06-10,180.00,181.300003,179.199997,179.690002,248000,179.450208
2015-06-09,177.240005,179.449997,176.529999,179.119995,233500,178.880962
2015-06-08,178.979996,179.720001,177.320007,177.490005,247300,177.253147
2015-06-05,177.929993,180.279999,176.619995,179.990005,272800,179.749811
2015-06-04,179.039993,180.039993,178.039993,178.389999,196400,178.15194
2015-06-03,178.330002,180.75,178.070007,179.710007,220700,179.470186
2015-06-02,176.919998,179.740005,175.990005,178.509995,268300,178.271775
2015-06-01,177.419998,178.210007,174.600006,177.389999,435200,177.153274
2015-05-29,178.860001,180.460007,175.460007,176.490005,1826500,176.254482
2015-05-28,179.75,180.679993,176.25,178.600006,588200,178.361666
2015-05-27,181.320007,182.130005,177.639999,179.25,757600,179.010793
2015-05-26,181.360001,182.990005,179.460007,180.240005,558400,179.999477
2015-05-22,181.979996,183.039993,181.490005,181.679993,377700,181.437543
2015-05-21,183.050003,183.369995,181.929993,182.440002,253300,182.196538
2015-05-20,182.00,183.529999,181.259995,182.50,638800,182.256456
2015-05-19,181.199997,182.809998,180.619995,181.520004,393500,181.277768
2015-05-18,182.429993,182.649994,179.509995,180.369995,641600,180.129293
2015-05-15,180.75,183.380005,179.669998,183.020004,321800,182.775766
2015-05-14,181.009995,181.990005,179.050003,181.149994,472500,180.908251
2015-05-13,178.619995,183.50,177.789993,179.990005,950500,179.749811
2015-05-12,174.779999,177.75,172.320007,177.309998,340700,177.073379
2015-05-11,173.949997,176.690002,173.710007,175.360001,269600,175.125985
2015-05-08,173.360001,174.740005,172.369995,174.259995,300100,174.027447
2015-05-07,170.110001,172.679993,169.270004,171.380005,188000,171.1513
2015-05-06,170.839996,171.059998,168.080002,170.869995,233500,170.641971
2015-05-05,172.830002,174.940002,169.740005,170.320007,315900,170.092717
2015-05-04,170.070007,173.440002,170.070007,173.179993,307700,172.948886
2015-05-01,167.220001,170.75,166.080002,170.360001,270800,170.132657
2015-04-30,168.949997,168.949997,166.360001,166.949997,441200,166.727204
2015-04-29,164.610001,169.740005,164.380005,169.029999,477800,168.80443
2015-04-28,166.539993,167.539993,164.509995,165.600006,395500,165.379015
2015-04-27,168.00,168.669998,166.860001,167.440002,205700,167.216556
2015-04-24,167.910004,168.509995,166.779999,167.740005,211900,167.516158
2015-04-23,167.619995,168.660004,166.259995,167.779999,228400,167.556098
2015-04-22,167.910004,168.139999,166.199997,167.479996,187400,167.256496
2015-04-21,169.00,169.589996,167.559998,168.220001,149600,167.995514
2015-04-20,166.830002,168.080002,166.089996,167.639999,175600,167.416286
