Date,Open,High,Low,Close,Volume,Adj Close
2015-10-09,15.75,15.82,15.50,15.58,76303400,15.58
2015-10-08,15.72,15.78,15.51,15.75,78960500,15.75
2015-10-07,15.78,15.93,15.57,15.75,66655600,15.75
2015-10-06,15.68,15.82,15.57,15.69,66919100,15.69
2015-10-05,15.45,15.79,15.44,15.69,74775000,15.69
2015-10-02,15.08,15.38,14.63,15.38,181351400,15.38
2015-10-01,15.52,15.64,15.36,15.55,71101100,15.55
2015-09-30,15.55,15.60,15.32,15.58,71074200,15.58
2015-09-29,15.50,15.53,15.25,15.35,79094300,15.35
2015-09-28,15.79,15.82,15.38,15.47,86826500,15.47
2015-09-25,15.88,16.02,15.81,15.89,88260000,15.89
2015-09-24,15.54,15.62,15.40,15.55,97752800,15.55
2015-09-23,15.60,15.85,15.58,15.72,77240300,15.72
2015-09-22,15.49,15.58,15.45,15.57,91345800,15.57
2015-09-21,15.67,15.75,15.57,15.70,60335300,15.70
2015-09-18,15.68,15.71,15.50,15.56,135287300,15.56
2015-09-17,16.290001,16.48,15.78,15.86,116177500,15.86
2015-09-16,16.35,16.389999,16.09,16.33,82103100,16.33
2015-09-15,16.040001,16.389999,16.01,16.309999,61441500,16.309999
2015-09-14,15.97,16.07,15.90,15.96,50300000,15.96
2015-09-11,15.99,16.059999,15.90,16.040001,53996700,16.040001
2015-09-10,15.87,16.110001,15.81,16.040001,66760400,16.040001
2015-09-09,16.370001,16.459999,15.83,15.90,69678500,15.90
2015-09-08,15.96,16.16,15.90,16.16,73221300,16.16
2015-09-04,15.79,15.86,15.50,15.65,104539500,15.65
2015-09-03,15.97,16.190001,15.87,15.94,77175800,15.94
2015-09-02,15.82,15.86,15.57,15.85,74820400,15.85
2015-09-01,15.95,16.049999,15.46,15.58,119064000,15.53
2015-08-31,16.33,16.379999,16.18,16.34,66695200,16.287561
2015-08-28,16.40,16.440001,16.200001,16.360001,75899300,16.307498
2015-08-27,16.379999,16.450001,16.09,16.440001,124185400,16.387241
2015-08-26,15.81,16.059999,15.34,16.059999,174208500,16.008459
2015-08-25,16.200001,16.200001,15.25,15.26,194377000,15.211027
2015-08-24,15.02,15.98,14.60,15.29,214649500,15.240931
2015-08-21,16.200001,16.66,16.10,16.10,148874300,16.048332
2015-08-20,17.190001,17.200001,16.719999,16.719999,149185400,16.666341
2015-08-19,17.549999,17.690001,17.440001,17.459999,78540500,17.403966
2015-08-18,17.719999,17.90,17.65,17.690001,50360700,17.633229
2015-08-17,17.610001,17.809999,17.559999,17.77,42310000,17.712972
2015-08-14,17.57,17.700001,17.540001,17.700001,52710300,17.643197
2015-08-13,17.559999,17.690001,17.440001,17.620001,67456200,17.563454
2015-08-12,17.620001,17.65,17.02,17.52,141600100,17.463775
2015-08-11,17.85,17.969999,17.719999,17.790001,65868600,17.732909
2015-08-10,17.870001,18.049999,17.860001,18.040001,65791200,17.982106
2015-08-07,17.92,18.07,17.60,17.75,71020700,17.693036
2015-08-06,17.91,17.98,17.77,17.809999,47594700,17.752843
2015-08-05,17.93,18.049999,17.799999,17.870001,65228600,17.812652
2015-08-04,17.790001,17.93,17.709999,17.799999,69741500,17.742875
2015-08-03,17.91,17.969999,17.639999,17.77,62376800,17.712972
2015-07-31,18.030001,18.059999,17.860001,17.879999,67176900,17.822618
2015-07-30,18.200001,18.290001,18.049999,18.129999,65667900,18.071816
2015-07-29,17.950001,18.200001,17.92,18.16,96388600,18.10172
2015-07-28,17.790001,17.889999,17.60,17.879999,82166800,17.822618
2015-07-27,17.66,17.780001,17.50,17.67,93231900,17.613293
2015-07-24,18.18,18.23,17.84,17.90,86364300,17.842554
2015-07-23,18.389999,18.43,18.08,18.18,103650100,18.121656
2015-07-22,18.030001,18.48,18.030001,18.450001,110327000,18.39079
2015-07-21,18.110001,18.17,18.02,18.08,63732800,18.021977
2015-07-20,18.15,18.23,18.08,18.120001,71980100,18.06185
2015-07-17,17.959999,18.16,17.889999,18.10,96894900,18.041913
2015-07-16,17.91,18.07,17.860001,17.950001,117054300,17.892395
2015-07-15,17.530001,17.85,17.49,17.68,173099900,17.623261
2015-07-14,16.93,17.15,16.860001,17.129999,69999800,17.075025
2015-07-13,16.969999,17.049999,16.90,17.02,67934300,16.965379
2015-07-10,16.799999,16.84,16.66,16.700001,72965300,16.646407
2015-07-09,16.530001,16.719999,16.450001,16.48,81534400,16.427111
2015-07-08,16.42,16.50,16.219999,16.25,83033000,16.19785
2015-07-07,16.90,16.93,16.34,16.690001,115450500,16.636438
2015-07-06,16.780001,17.01,16.709999,16.940001,58726900,16.885636
2015-07-02,17.16,17.209999,16.889999,17.030001,64736500,16.975347
2015-07-01,17.25,17.309999,17.09,17.219999,62317400,17.164736
2015-06-30,17.08,17.129999,16.85,17.02,89039800,16.965379
2015-06-29,17.129999,17.25,16.860001,16.889999,98604200,16.835795
2015-06-26,17.48,17.52,17.35,17.41,63080800,17.354127
2015-06-25,17.57,17.620001,17.35,17.370001,59772200,17.314256
2015-06-24,17.530001,17.690001,17.450001,17.49,59079500,17.43387
2015-06-23,17.559999,17.719999,17.559999,17.67,63865700,17.613293
2015-06-22,17.360001,17.530001,17.35,17.469999,58477700,17.413934
2015-06-19,17.280001,17.389999,17.120001,17.17,83395400,17.114898
2015-06-18,17.35,17.40,17.219999,17.379999,97599900,17.324223
2015-06-17,17.59,17.60,17.299999,17.370001,88712100,17.314256
2015-06-16,17.459999,17.559999,17.370001,17.549999,47291200,17.493677
2015-06-15,17.33,17.50,17.25,17.469999,68053400,17.413934
2015-06-12,17.450001,17.58,17.360001,17.49,53149400,17.43387
2015-06-11,17.620001,17.68,17.440001,17.49,77191500,17.43387
2015-06-10,17.389999,17.620001,17.360001,17.59,102643100,17.53355
2015-06-09,17.049999,17.35,17.00,17.309999,82104900,17.254448
2015-06-08,17.27,17.33,17.049999,17.08,69749600,17.025186
2015-06-05,17.040001,17.35,16.969999,17.190001,119087400,17.134834
2015-06-04,16.870001,16.98,16.719999,16.780001,61025500,16.72615
2015-06-03,16.67,17.02,16.67,16.93,89614900,16.875668
2015-06-02,16.52,16.76,16.50,16.719999,65513200,16.616501
2015-06-01,16.58,16.639999,16.469999,16.549999,62941600,16.447554
2015-05-29,16.66,16.67,16.469999,16.50,74266200,16.397864
2015-05-28,16.719999,16.73,16.58,16.67,60970000,16.566812
2015-05-27,16.559999,16.75,16.540001,16.74,70026700,16.636378
2015-05-26,16.73,16.73,16.43,16.50,100048200,16.397864
2015-05-22,16.719999,16.799999,16.700001,16.75,47032900,16.646316
2015-05-21,16.709999,16.75,16.559999,16.73,52056600,16.62644
2015-05-20,16.780001,16.85,16.629999,16.74,67684000,16.636378
2015-05-19,16.59,16.780001,16.58,16.77,89115500,16.666193
2015-05-18,16.309999,16.540001,16.309999,16.51,51059900,16.407802
2015-05-15,16.52,16.52,16.299999,16.35,54937800,16.248793
2015-05-14,16.530001,16.59,16.450001,16.52,55395700,16.417741
2015-05-13,16.440001,16.52,16.360001,16.469999,47330600,16.368049
2015-05-12,16.459999,16.48,16.35,16.43,59627100,16.328298
2015-05-11,16.450001,16.59,16.43,16.49,56246000,16.387926
2015-05-08,16.32,16.459999,16.219999,16.450001,86333700,16.348174
2015-05-07,16.23,16.33,16.09,16.24,73794800,16.139473
2015-05-06,16.360001,16.49,16.08,16.290001,96426500,16.189165
2015-05-05,16.42,16.610001,16.33,16.35,106148700,16.248793
2015-05-04,16.139999,16.450001,16.120001,16.440001,76592300,16.338236
2015-05-01,16.00,16.15,15.92,16.110001,78171400,16.010279
2015-04-30,16.00,16.049999,15.80,15.93,78313900,15.831393
2015-04-29,15.60,16.040001,15.57,15.98,134499400,15.881082
2015-04-28,15.58,15.71,15.50,15.65,58080100,15.553125
2015-04-27,15.63,15.76,15.56,15.56,73523400,15.463683
2015-04-24,15.71,15.75,15.61,15.64,40766100,15.543188
2015-04-23,15.72,15.80,15.68,15.69,50292200,15.592878
2015-04-22,15.55,15.83,15.49,15.74,73092800,15.642568
2015-04-21,15.60,15.64,15.43,15.50,64033100,15.404054
2015-04-20,15.62,15.69,15.56,15.57,53649400,15.47362
2015-04-17,15.71,15.75,15.50,15.56,88994300,15.463683
2015-04-16,15.64,15.94,15.58,15.79,105591000,15.692259
2015-04-15,15.70,15.85,15.59,15.64,124479100,15.543188
2015-04-14,15.88,15.95,15.71,15.82,84385400,15.722073
2015-04-13,15.78,15.86,15.74,15.80,49191200,15.702197
