Date,Open,High,Low,Close,Volume,Adj Close
2015-10-15,36.209999,36.900002,35.950001,36.860001,6191300,36.860001
2015-10-14,36.150002,36.200001,35.57,35.75,4440200,35.75
2015-10-13,36.490002,36.599998,36.16,36.220001,3867700,36.220001
2015-10-12,36.50,36.77,36.27,36.709999,2500600,36.709999
2015-10-09,36.740002,37.049999,36.330002,36.540001,3366500,36.540001
2015-10-08,36.669998,36.950001,36.470001,36.91,3433100,36.91
2015-10-07,36.66,37.110001,36.490002,36.810001,3771500,36.810001
2015-10-06,36.330002,36.59,36.209999,36.419998,3829000,36.419998
2015-10-05,36.02,36.669998,35.91,36.57,3517900,36.57
2015-10-02,34.830002,35.75,34.240002,35.75,9628600,35.75
2015-10-01,35.689999,35.720001,35.169998,35.630001,3944700,35.630001
2015-09-30,35.57,35.639999,35.139999,35.599998,4018700,35.599998
2015-09-29,34.93,35.220001,34.740002,35.169998,3821800,35.169998
2015-09-28,35.41,35.50,34.799999,34.849998,5448400,34.849998
2015-09-25,35.650002,35.93,35.459999,35.68,3419600,35.68
2015-09-24,34.790001,35.119999,34.73,35.049999,2845000,35.049999
2015-09-23,35.240002,35.43,34.860001,35.23,3815400,35.23
2015-09-22,35.169998,35.450001,34.889999,35.25,3596000,35.25
2015-09-21,35.599998,35.849998,35.450001,35.740002,3209500,35.740002
2015-09-18,35.669998,35.799999,35.16,35.299999,6477500,35.299999
2015-09-17,37.07,37.330002,35.98,36.16,5772900,36.16
2015-09-16,36.98,37.189999,36.66,37.080002,3500400,37.080002
2015-09-15,36.639999,37.200001,36.48,37.080002,3258700,37.080002
2015-09-14,36.470001,36.759998,36.400002,36.560001,3704300,36.560001
2015-09-11,36.509998,36.560001,36.200001,36.439999,3594200,36.439999
2015-09-10,36.09,37.02,36.060001,36.68,6171400,36.68
2015-09-09,37.209999,37.34,36.200001,36.27,3541500,36.27
2015-09-08,36.630001,36.77,36.209999,36.73,3284400,36.73
2015-09-04,35.990002,36.09,35.580002,35.869999,4278100,35.869999
2015-09-03,36.00,36.689999,35.91,36.48,6121000,36.48
2015-09-02,36.07,36.189999,35.439999,35.880001,4391400,35.880001
2015-09-01,36.02,36.240002,35.07,35.330002,7222500,35.330002
2015-08-31,36.41,37.029999,36.220001,36.919998,4599900,36.919998
2015-08-28,37.00,37.240002,36.830002,37.099998,3847800,37.099998
2015-08-27,36.959999,37.349998,36.650002,37.23,6826700,37.23
2015-08-26,35.720001,36.380001,35.240002,36.32,9321800,36.32
2015-08-25,36.68,36.68,34.77,34.779999,9130200,34.779999
2015-08-24,35.080002,36.759998,34.759998,35.57,10642600,35.57
2015-08-21,38.23,38.41,37.57,37.599998,8066100,37.599998
2015-08-20,39.32,39.43,38.59,38.59,6400900,38.59
2015-08-19,40.049999,40.060001,39.459999,39.580002,6821700,39.580002
2015-08-18,39.549999,40.389999,39.549999,40.09,8120900,40.09
2015-08-17,39.93,40.43,39.84,40.189999,2937900,40.189999
2015-08-14,39.689999,40.310001,39.59,40.310001,3403300,40.310001
2015-08-13,39.400002,39.779999,39.290001,39.689999,3335000,39.689999
2015-08-12,39.73,39.73,38.849998,39.310001,4025700,39.310001
2015-08-11,40.529999,40.740002,39.98,40.209999,4709700,39.939999
2015-08-10,40.52,41.080002,40.48,40.970001,4726400,40.694897
2015-08-07,40.66,40.990002,40.060001,40.279999,4791300,40.009528
2015-08-06,40.990002,41.130001,40.549999,40.689999,3117500,40.416775
2015-08-05,41.07,41.389999,40.689999,40.869999,3479300,40.595567
2015-08-04,40.360001,40.849998,40.310001,40.639999,4653700,40.367111
2015-08-03,40.310001,40.48,39.990002,40.32,5556600,40.049261
2015-07-31,40.639999,40.849998,40.27,40.27,11661700,39.999597
2015-07-30,40.50,40.720001,40.389999,40.610001,4701300,40.337314
2015-07-29,40.419998,40.720001,40.139999,40.610001,4326400,40.337314
2015-07-28,40.709999,40.759998,40.150002,40.400002,3492500,40.128725
2015-07-27,40.52,40.779999,40.259998,40.459999,3560800,40.18832
2015-07-24,41.400002,41.470001,40.740002,40.790001,4848800,40.516106
2015-07-23,41.66,41.900002,41.34,41.459999,4337500,41.181605
2015-07-22,41.310001,41.790001,41.200001,41.599998,3854900,41.320664
2015-07-21,41.23,41.630001,41.02,41.27,4221000,40.992882
2015-07-20,40.830002,41.389999,40.740002,41.18,4714600,40.903486
2015-07-17,41.549999,41.549999,40.380001,40.849998,6176000,40.5757
2015-07-16,41.599998,41.790001,41.330002,41.549999,6013400,41.271001
2015-07-15,41.34,41.799999,41.18,41.59,5593300,41.310733
2015-07-14,40.900002,41.27,40.720001,41.220001,3636400,40.943219
2015-07-13,41.139999,41.220001,40.900002,41.09,2463500,40.814091
2015-07-10,40.889999,40.959999,40.470001,40.700001,2801300,40.42671
2015-07-09,40.509998,40.669998,40.00,40.18,4761500,39.910201
2015-07-08,39.98,40.23,39.720001,39.810001,4514000,39.542687
2015-07-07,40.369999,40.450001,39.650002,40.34,5019800,40.069127
2015-07-06,39.93,40.400002,39.82,40.360001,3950100,40.088993
2015-07-02,40.970001,40.990002,40.259998,40.380001,3324200,40.108859
2015-07-01,40.75,41.209999,40.720001,41.040001,3874800,40.764427
2015-06-30,40.75,41.02,40.299999,40.310001,4724600,40.039329
2015-06-29,40.709999,41.130001,40.169998,40.25,4241200,39.979731
2015-06-26,41.290001,41.50,41.099998,41.290001,4137800,41.012748
2015-06-25,41.419998,41.470001,41.00,41.02,3762000,40.744561
2015-06-24,41.389999,41.669998,41.150002,41.16,3329300,40.88362
2015-06-23,41.400002,41.700001,41.220001,41.560001,4611300,41.280936
2015-06-22,41.32,41.470001,41.07,41.189999,5810100,40.913418
2015-06-19,41.16,41.369999,40.919998,41.02,4731800,40.744561
2015-06-18,41.299999,41.400002,40.919998,41.279999,5394700,41.002813
2015-06-17,41.549999,41.619999,41.09,41.16,4356700,40.88362
2015-06-16,41.150002,41.630001,41.009998,41.459999,3584500,41.181605
2015-06-15,40.75,41.549999,40.709999,41.25,5157400,40.973016
2015-06-12,40.82,41.09,40.709999,41.07,2498800,40.794224
2015-06-11,41.18,41.27,40.790001,40.900002,3044000,40.625368
2015-06-10,40.77,41.32,40.73,41.16,4102200,40.88362
2015-06-09,40.34,40.740002,40.189999,40.599998,2901200,40.327379
2015-06-08,40.25,40.490002,40.009998,40.27,2862800,39.999597
2015-06-05,40.110001,40.470001,39.970001,40.200001,4321200,39.930067
2015-06-04,39.77,40.18,39.650002,39.709999,3529900,39.443356
2015-06-03,39.669998,40.150002,39.59,40.00,3459700,39.73141
2015-06-02,39.200001,39.580002,39.02,39.450001,3433900,39.185103
2015-06-01,39.560001,39.700001,39.00,39.169998,3027200,38.906981
2015-05-29,39.889999,39.889999,39.290001,39.470001,3192600,39.20497
2015-05-28,39.759998,39.959999,39.529999,39.889999,3304000,39.622148
2015-05-27,39.66,39.98,39.580002,39.91,2848900,39.642014
2015-05-26,39.540001,39.639999,39.220001,39.59,4955200,39.324163
2015-05-22,39.529999,39.630001,39.400002,39.41,1644800,39.145371
2015-05-21,39.439999,39.73,39.43,39.560001,2351100,39.294365
2015-05-20,39.790001,39.790001,39.43,39.59,2450400,39.324163
2015-05-19,39.419998,39.93,39.32,39.779999,4118300,39.512886
2015-05-18,38.759998,39.299999,38.75,39.23,2577200,38.966579
2015-05-15,39.240002,39.27,38.529999,38.720001,2352600,38.460006
2015-05-14,39.299999,39.34,39.00,39.169998,1992800,38.906981
2015-05-13,38.75,39.169998,38.610001,39.09,2716000,38.82752
2015-05-12,38.869999,39.299999,38.580002,39.119999,2559800,38.589131
2015-05-11,39.009998,39.279999,38.889999,39.009998,2907400,38.480623
2015-05-08,38.75,39.130001,38.610001,39.060001,3296200,38.529947
2015-05-07,38.610001,38.810001,38.389999,38.57,2233200,38.046595
2015-05-06,39.00,39.169998,38.310001,38.66,3029000,38.135374
2015-05-05,38.919998,39.43,38.889999,38.970001,3407600,38.441169
2015-05-04,38.490002,39.119999,38.41,39.09,3771400,38.559539
2015-05-01,38.43,38.59,38.169998,38.459999,4108200,37.938087
2015-04-30,38.310001,38.560001,38.049999,38.290001,4026400,37.770396
2015-04-29,37.880001,38.540001,37.77,38.310001,3560500,37.790125
2015-04-28,37.52,37.990002,37.41,37.959999,3337600,37.444872
2015-04-27,37.830002,38.02,37.439999,37.599998,5152900,37.089757
2015-04-24,37.549999,38.00,37.330002,37.779999,4921900,37.267315
2015-04-23,38.470001,38.580002,37.830002,37.860001,6464900,37.346231
2015-04-22,38.630001,38.959999,38.349998,38.869999,3801800,38.342523
2015-04-21,38.970001,39.119999,38.59,38.66,2532400,38.135374
2015-04-20,38.82,39.07,38.669998,38.790001,2698600,38.263611
