Date,Open,High,Low,Close,Volume,Adj Close
2015-10-15,34.830002,35.490002,34.75,35.48,3426000,35.48
2015-10-14,36.799999,37.00,34.740002,34.830002,6382400,34.830002
2015-10-13,37.009998,37.389999,36.939999,37.040001,2932500,37.040001
2015-10-12,37.009998,37.490002,36.889999,37.16,1885500,37.16
2015-10-09,37.099998,37.16,36.619999,36.950001,2852100,36.950001
2015-10-08,37.209999,37.400002,36.599998,37.25,2509700,37.25
2015-10-07,37.50,37.599998,37.099998,37.290001,3300800,37.290001
2015-10-06,37.720001,37.939999,36.990002,37.32,3371300,37.32
2015-10-05,37.970001,38.119999,37.220001,37.68,4607800,37.68
2015-10-02,36.689999,37.779999,36.540001,37.779999,2417700,37.779999
2015-10-01,37.25,37.279999,36.580002,37.16,3591500,37.16
2015-09-30,36.450001,37.23,36.380001,37.119999,5858000,37.119999
2015-09-29,35.470001,36.07,35.32,35.970001,3975100,35.970001
2015-09-28,36.52,36.98,35.41,35.52,3273900,35.52
2015-09-25,36.720001,37.099998,36.330002,36.529999,4977500,36.529999
2015-09-24,36.66,36.779999,36.32,36.610001,3657800,36.610001
2015-09-23,37.130001,37.189999,36.66,36.849998,2166600,36.849998
2015-09-22,37.25,37.389999,36.529999,36.970001,4064700,36.970001
2015-09-21,37.77,38.060001,37.310001,37.560001,4539300,37.560001
2015-09-18,37.880001,38.02,37.470001,37.529999,6652800,37.529999
2015-09-17,38.959999,39.099998,38.110001,38.23,3568700,38.23
2015-09-16,38.50,39.00,38.220001,38.959999,3243100,38.959999
2015-09-15,38.389999,38.919998,38.310001,38.470001,5327500,38.470001
2015-09-14,38.049999,38.810001,37.990002,38.48,6146900,38.48
2015-09-11,37.07,38.18,37.009998,38.009998,6799100,38.009998
2015-09-10,37.119999,37.709999,36.900002,37.32,4951600,37.089999
2015-09-09,37.990002,38.32,37.369999,37.52,6295500,37.288767
2015-09-08,37.220001,37.75,37.07,37.700001,5388100,37.467658
2015-09-04,36.349998,36.889999,36.25,36.619999,3870900,36.394312
2015-09-03,36.48,37.18,36.400002,36.720001,4598900,36.493698
2015-09-02,36.029999,36.43,35.630001,36.43,5380900,36.205484
2015-09-01,35.939999,36.41,35.189999,35.439999,5512200,35.221584
2015-08-31,35.939999,36.939999,35.830002,36.740002,7271500,36.513575
2015-08-28,35.709999,36.279999,35.669998,35.970001,4669800,35.74832
2015-08-27,35.759998,36.549999,35.049999,35.799999,9544600,35.579366
2015-08-26,33.93,35.279999,33.25,35.25,11551600,35.032756
2015-08-25,33.68,34.450001,32.919998,32.950001,21260800,32.746932
2015-08-24,28.799999,29.440001,28.32,29.27,8601900,29.089611
2015-08-21,30.959999,30.98,29.889999,30.18,7049300,29.994003
2015-08-20,31.700001,32.049999,31.41,31.43,4228600,31.236299
2015-08-19,32.27,32.43,31.799999,32.23,2693700,32.031368
2015-08-18,32.400002,32.759998,32.27,32.419998,2510700,32.220196
2015-08-17,32.52,32.779999,32.040001,32.380001,4700400,32.180445
2015-08-14,31.860001,32.73,31.75,32.639999,3846600,32.438841
2015-08-13,31.690001,32.00,31.50,31.709999,2196300,31.514572
2015-08-12,31.25,31.76,30.77,31.709999,2570900,31.514572
2015-08-11,31.049999,31.51,31.040001,31.48,2743100,31.28599
2015-08-10,31.049999,31.309999,30.889999,31.290001,3070000,31.097162
2015-08-07,31.219999,31.26,30.49,30.76,3400900,30.570428
2015-08-06,31.65,31.790001,31.00,31.110001,4445900,30.918271
2015-08-05,32.02,32.400002,31.98,32.00,2738500,31.802786
2015-08-04,31.950001,32.23,31.719999,31.959999,2820100,31.763031
2015-08-03,32.209999,32.369999,31.799999,31.969999,2852200,31.77297
2015-07-31,32.259998,32.450001,32.110001,32.290001,3505400,32.091
2015-07-30,32.130001,32.310001,31.940001,32.119999,3124300,31.922045
2015-07-29,32.150002,32.290001,32.009998,32.119999,4180600,31.922045
2015-07-28,32.099998,32.299999,31.68,32.130001,3192900,31.931986
2015-07-27,32.099998,32.360001,31.92,32.060001,3092500,31.862417
2015-07-24,32.950001,33.02,32.389999,32.459999,2711300,32.25995
2015-07-23,33.02,33.209999,32.709999,32.860001,2797500,32.657486
2015-07-22,32.580002,33.040001,32.580002,33.040001,2892100,32.836377
2015-07-21,32.77,32.84,32.380001,32.73,4038300,32.528286
2015-07-20,32.639999,33.049999,32.330002,32.869999,5849200,32.667423
2015-07-17,33.57,33.650002,32.470001,32.880001,10217200,32.677364
2015-07-16,34.509998,35.34,34.349998,34.900002,3993800,34.684915
2015-07-15,34.48,34.509998,34.200001,34.419998,2482900,34.20787
2015-07-14,34.25,34.630001,34.110001,34.580002,3246100,34.366887
2015-07-13,34.32,34.419998,34.060001,34.360001,2800500,34.148242
2015-07-10,34.02,34.110001,33.869999,33.93,3801200,33.720892
2015-07-09,33.830002,34.00,33.52,33.669998,3101800,33.462492
2015-07-08,33.540001,33.740002,33.259998,33.52,2712900,33.313419
2015-07-07,33.490002,33.990002,32.990002,33.799999,4145400,33.591692
2015-07-06,32.970001,33.599998,32.91,33.330002,2177100,33.124591
2015-07-02,33.630001,33.91,33.360001,33.50,3041600,33.293541
2015-07-01,32.950001,33.509998,32.779999,33.470001,3940600,33.263728
2015-06-30,33.110001,33.119999,32.560001,32.610001,3604100,32.409027
2015-06-29,33.689999,33.689999,32.66,32.73,4667800,32.528286
2015-06-26,34.049999,34.509998,33.939999,33.970001,6265100,33.760646
2015-06-25,34.110001,34.34,33.799999,33.830002,3606900,33.62151
2015-06-24,34.98,35.240002,33.91,33.93,4977000,33.720892
2015-06-23,34.959999,35.32,34.849998,34.869999,3933700,34.655097
2015-06-22,35.150002,35.360001,34.759998,34.919998,2466700,34.704788
2015-06-19,34.720001,35.310001,34.549999,34.950001,4367400,34.734606
2015-06-18,34.259998,35.09,34.209999,35.009998,4563600,34.794234
2015-06-17,34.50,34.59,33.810001,34.009998,2564100,33.800397
2015-06-16,34.23,34.389999,34.02,34.389999,3084700,34.178056
2015-06-15,33.959999,34.209999,33.75,34.119999,2817600,33.909719
2015-06-12,34.00,34.470001,33.970001,34.200001,1945900,33.989228
2015-06-11,34.209999,34.610001,34.150002,34.200001,2416100,33.989228
2015-06-10,33.959999,34.259998,33.849998,34.220001,3319300,34.009105
2015-06-09,34.07,34.450001,33.75,33.830002,3210000,33.62151
2015-06-08,34.599998,34.77,34.220001,34.290001,3572600,33.850092
2015-06-05,34.57,34.790001,34.419998,34.529999,3760700,34.087011
2015-06-04,34.830002,35.349998,34.509998,34.529999,3105800,34.087011
2015-06-03,34.740002,35.50,34.630001,35.07,3344100,34.620084
2015-06-02,34.299999,35.040001,34.25,34.77,4087500,34.323934
2015-06-01,34.849998,34.889999,34.310001,34.369999,4550300,33.929064
2015-05-29,34.16,34.970001,34.16,34.700001,5587000,34.254832
2015-05-28,34.360001,34.490002,34.029999,34.18,3863300,33.741503
2015-05-27,34.060001,34.740002,34.00,34.360001,5472300,33.919194
2015-05-26,34.27,34.389999,33.779999,33.900002,5091100,33.465096
2015-05-22,35.490002,35.73,34.130001,34.330002,7758600,33.88958
2015-05-21,36.599998,36.599998,35.02,35.110001,17991000,34.659572
2015-05-20,34.740002,34.779999,33.73,33.779999,10769300,33.346633
2015-05-19,35.290001,35.34,34.799999,34.98,5168600,34.531239
2015-05-18,34.25,35.299999,34.130001,35.09,7063900,34.639828
2015-05-15,34.860001,34.919998,34.50,34.59,5486600,34.146243
2015-05-14,36.400002,36.400002,34.790001,34.82,7669600,34.373292
2015-05-13,37.009998,37.009998,36.00,36.200001,4243700,35.735589
2015-05-12,36.740002,36.900002,36.419998,36.799999,3646600,36.32789
2015-05-11,36.52,37.18,36.509998,36.970001,2914900,36.495711
2015-05-08,36.419998,36.740002,36.259998,36.610001,2895900,36.140329
2015-05-07,35.299999,36.23,35.209999,36.119999,3004000,35.656613
2015-05-06,35.689999,35.75,35.18,35.32,3541100,34.866877
2015-05-05,35.700001,35.919998,35.330002,35.470001,3335300,35.014954
2015-05-04,35.18,35.759998,35.16,35.639999,2849500,35.182772
2015-05-01,34.759998,35.400002,34.740002,35.18,3189400,34.728674
2015-04-30,34.669998,35.169998,34.490002,34.650002,3504700,34.205474
2015-04-29,35.360001,35.669998,34.68,34.860001,3902700,34.412779
2015-04-28,35.419998,36.16,35.32,35.720001,3061000,35.261747
2015-04-27,35.549999,35.689999,35.25,35.330002,2737500,34.876751
2015-04-24,35.650002,35.779999,35.07,35.389999,7449100,34.935979
2015-04-23,35.950001,36.66,35.91,36.130001,5108100,35.666487
2015-04-22,36.490002,36.68,35.939999,36.18,4719900,35.715845
2015-04-21,36.75,36.990002,36.290001,36.450001,4535800,35.982381
2015-04-20,36.860001,36.939999,36.57,36.580002,3580700,36.110715
