Date,Open,High,Low,Close,Volume,Adj Close
2015-10-15,50.209999,50.630001,49.709999,50.599998,731700,50.599998
2015-10-14,50.060001,50.490002,49.68,50.130001,701400,50.130001
2015-10-13,50.259998,50.959999,50.02,50.060001,465900,50.060001
2015-10-12,50.610001,50.93,50.389999,50.450001,378200,50.450001
2015-10-09,50.560001,51.040001,50.290001,50.66,560100,50.66
2015-10-08,50.029999,50.810001,49.810001,50.540001,516800,50.540001
2015-10-07,49.549999,50.369999,49.400002,50.029999,686400,50.029999
2015-10-06,49.119999,49.490002,48.849998,49.07,416000,49.07
2015-10-05,48.189999,49.330002,48.060001,49.16,856500,49.16
2015-10-02,46.75,47.939999,46.27,47.900002,838700,47.900002
2015-10-01,47.869999,48.18,46.66,47.27,792700,47.27
2015-09-30,47.049999,48.049999,46.869999,47.889999,1007400,47.889999
2015-09-29,46.639999,47.099998,46.080002,46.950001,893100,46.950001
2015-09-28,47.77,47.77,46.41,46.630001,755700,46.630001
2015-09-25,49.18,49.200001,47.900002,48.139999,901600,48.139999
2015-09-24,48.560001,49.029999,48.09,48.810001,997300,48.810001
2015-09-23,49.23,49.259998,48.73,49.139999,582800,49.139999
2015-09-22,48.919998,50.110001,48.599998,49.18,1480800,49.18
2015-09-21,49.130001,50.16,48.98,49.630001,824500,49.630001
2015-09-18,49.169998,49.43,48.439999,48.580002,1248200,48.580002
2015-09-17,50.299999,51.290001,49.990002,50.080002,885300,50.080002
2015-09-16,49.23,50.299999,49.02,50.23,728900,50.23
2015-09-15,47.720001,49.240002,47.43,49.110001,754400,49.110001
2015-09-14,48.189999,48.209999,47.450001,47.549999,575300,47.549999
2015-09-11,47.93,48.279999,47.330002,48.189999,608900,48.189999
2015-09-10,48.32,49.040001,48.169998,48.310001,609800,48.310001
2015-09-09,49.59,49.709999,48.189999,48.330002,555200,48.330002
2015-09-08,48.509998,49.330002,48.060001,49.220001,823800,49.220001
2015-09-04,48.049999,48.439999,47.380001,47.580002,778400,47.580002
2015-09-03,48.630001,49.110001,48.290001,48.700001,519800,48.700001
2015-09-02,48.439999,48.689999,47.32,48.299999,719900,48.299999
2015-09-01,48.82,48.860001,47.400002,47.68,960200,47.68
2015-08-31,49.639999,50.41,49.169998,49.709999,582300,49.709999
2015-08-28,49.259998,49.900002,48.990002,49.799999,682000,49.799999
2015-08-27,48.279999,49.59,48.240002,49.34,781200,49.34
2015-08-26,47.68,48.080002,46.150002,47.799999,1323000,47.799999
2015-08-25,48.919998,48.970001,46.450001,46.50,1353900,46.50
2015-08-24,48.099998,49.32,47.02,47.59,1311700,47.59
2015-08-21,51.040001,51.43,50.139999,50.18,866700,50.18
2015-08-20,52.68,52.869999,51.799999,51.799999,667700,51.674998
2015-08-19,53.740002,53.740002,52.919998,53.169998,942700,53.041691
2015-08-18,55.189999,55.759998,54.00,54.130001,1004200,53.999377
2015-08-17,53.740002,55.369999,53.540001,55.27,896100,55.136625
2015-08-14,53.040001,54.130001,53.00,54.110001,622800,53.979425
2015-08-13,52.900002,53.630001,52.540001,53.220001,497400,53.091573
2015-08-12,52.959999,53.349998,52.009998,52.889999,626400,52.762368
2015-08-11,53.049999,53.689999,53.049999,53.490002,669600,53.360922
2015-08-10,52.860001,53.66,52.57,53.619999,719000,53.490606
2015-08-07,52.23,52.689999,51.91,52.290001,538500,52.163817
2015-08-06,53.34,53.689999,52.130001,52.279999,857400,52.153839
2015-08-05,52.720001,53.380001,52.619999,53.119999,977200,52.991812
2015-08-04,52.349998,53.119999,52.139999,52.34,762500,52.213696
2015-08-03,52.91,53.139999,52.110001,52.369999,685000,52.243622
2015-07-31,52.389999,53.740002,51.889999,53.09,1860100,52.961886
2015-07-30,52.299999,53.970001,51.669998,51.919998,1504000,51.794707
2015-07-29,51.419998,53.200001,51.41,53.080002,1087200,52.951912
2015-07-28,51.369999,52.099998,50.77,51.630001,875200,51.50541
2015-07-27,51.52,51.740002,50.880001,51.150002,801000,51.026569
2015-07-24,52.630001,52.709999,51.700001,51.98,560800,51.854564
2015-07-23,53.369999,53.73,52.50,52.529999,600000,52.403236
2015-07-22,52.330002,53.169998,52.330002,53.119999,773800,52.991812
2015-07-21,52.75,53.360001,52.529999,53.049999,619600,52.921981
2015-07-20,52.830002,52.959999,52.330002,52.450001,544300,52.323431
2015-07-17,53.560001,53.639999,52.66,52.77,597700,52.642658
2015-07-16,53.34,53.779999,53.09,53.509998,712400,53.38087
2015-07-15,54.259998,54.490002,53.00,53.080002,830500,52.951912
2015-07-14,53.360001,54.650002,53.360001,54.220001,1196500,54.08916
2015-07-13,53.439999,53.759998,53.150002,53.529999,1202900,53.400823
2015-07-10,53.130001,53.490002,52.650002,52.98,850200,52.852151
2015-07-09,51.959999,52.779999,51.849998,52.50,1272000,52.373309
2015-07-08,51.66,51.869999,50.790001,51.080002,692400,50.956738
2015-07-07,50.950001,51.279999,50.029999,51.139999,733800,51.016591
2015-07-06,50.369999,51.360001,50.34,50.66,1081000,50.537749
2015-07-02,51.02,51.040001,50.130001,50.779999,723800,50.657459
2015-07-01,51.360001,51.50,50.290001,50.77,1075500,50.647485
2015-06-30,50.849998,51.41,50.580002,50.860001,883200,50.737268
2015-06-29,51.549999,51.970001,50.330002,50.360001,1167400,50.238474
2015-06-26,52.439999,52.68,51.970001,51.970001,7001400,51.84459
2015-06-25,52.41,52.580002,51.98,52.18,953500,52.054082
2015-06-24,52.66,53.139999,52.029999,52.23,924500,52.103961
2015-06-23,52.889999,52.959999,52.169998,52.720001,942700,52.59278
2015-06-22,52.849998,53.060001,52.150002,52.639999,832400,52.512971
2015-06-19,53.810001,54.110001,52.540001,52.560001,1515200,52.433166
2015-06-18,53.16,54.169998,53.16,53.740002,1197200,53.610319
2015-06-17,52.419998,53.189999,52.279999,53.009998,1247700,52.882077
2015-06-16,52.279999,52.389999,51.990002,52.029999,981600,51.904442
2015-06-15,52.150002,52.619999,51.720001,52.240002,611700,52.113939
2015-06-12,52.439999,52.810001,52.169998,52.490002,529900,52.363335
2015-06-11,52.459999,53.130001,52.459999,52.869999,583800,52.742416
2015-06-10,51.459999,52.549999,51.16,52.389999,1001300,52.263574
2015-06-09,51.029999,51.490002,50.540001,51.310001,542300,51.186182
2015-06-08,51.259998,51.450001,50.970001,50.98,309500,50.856977
2015-06-05,50.630001,51.349998,50.50,51.32,477100,51.196157
2015-06-04,51.060001,51.59,50.549999,50.650002,694300,50.527775
2015-06-03,50.919998,51.740002,50.790001,51.470001,658500,51.345796
2015-06-02,50.619999,51.240002,50.59,50.75,541000,50.627532
2015-06-01,51.310001,51.619999,50.740002,51.09,574800,50.966712
2015-05-29,51.48,51.529999,50.970001,51.040001,779800,50.916834
2015-05-28,51.529999,51.709999,50.990002,51.41,1349400,51.28594
2015-05-27,51.860001,52.16,51.419998,51.619999,893500,51.495432
2015-05-26,52.669998,52.93,51.57,51.900002,680200,51.774759
2015-05-22,52.959999,53.32,52.529999,52.900002,397900,52.772346
2015-05-21,52.93,53.610001,52.810001,53.060001,570800,52.931959
2015-05-20,52.82,53.290001,52.549999,53.040001,628200,52.787311
2015-05-19,53.459999,53.459999,52.75,52.970001,586900,52.717645
2015-05-18,52.619999,53.419998,52.200001,53.400002,907100,53.145596
2015-05-15,53.27,53.369999,52.759998,52.830002,738900,52.578312
2015-05-14,52.209999,53.279999,51.75,53.130001,1261900,52.876882
2015-05-13,52.009998,52.389999,51.669998,51.93,755000,51.682599
2015-05-12,52.27,52.34,51.41,51.990002,492300,51.742314
2015-05-11,51.830002,52.650002,51.669998,52.419998,1372500,52.170262
2015-05-08,51.439999,51.990002,51.360001,51.91,1200500,51.662693
2015-05-07,50.639999,51.220001,50.52,51.009998,737900,50.76698
2015-05-06,50.450001,50.700001,49.790001,50.669998,925000,50.428599
2015-05-05,51.130001,51.400002,50.099998,50.369999,1322100,50.130029
2015-05-04,50.91,51.50,50.73,51.34,1458700,51.095409
2015-05-01,50.169998,50.939999,50.049999,50.720001,1437200,50.478364
2015-04-30,50.57,51.23,49.950001,50.040001,2197600,49.801603
2015-04-29,53.900002,53.990002,50.150002,51.18,4154600,50.936172
2015-04-28,55.150002,55.150002,54.290001,55.099998,1557600,54.837494
2015-04-27,55.50,56.029999,54.82,55.299999,1224200,55.036542
2015-04-24,54.68,55.419998,54.450001,55.27,942000,55.006686
2015-04-23,53.93,54.610001,53.619999,54.490002,861700,54.230404
2015-04-22,53.98,54.07,53.060001,54.009998,670200,53.752687
2015-04-21,54.740002,54.869999,53.830002,53.880001,965700,53.623309
2015-04-20,54.799999,55.00,54.509998,54.669998,754900,54.409543
