Date,Open,High,Low,Close,Volume,Adj Close
2015-10-16,194.139999,196.470001,192.350006,195.169998,332700,195.169998
2015-10-15,187.789993,193.160004,187.559998,192.949997,473300,192.949997
2015-10-14,188.429993,189.800003,186.729996,186.970001,473100,186.970001
2015-10-13,188.660004,190.419998,188.020004,188.199997,438700,188.199997
2015-10-12,186.589996,189.139999,186.360001,189.130005,554800,189.130005
2015-10-09,186.369995,187.970001,185.020004,186.710007,673700,186.710007
2015-10-08,186.559998,187.429993,183.660004,187.020004,525100,187.020004
2015-10-07,187.789993,188.509995,185.410004,186.820007,692300,186.820007
2015-10-06,187.240005,190.490005,183.130005,187.190002,592400,187.190002
2015-10-05,193.339996,196.039993,190.910004,191.460007,1071900,191.460007
2015-10-02,182.669998,193.110001,180.839996,193.089996,545900,193.089996
2015-10-01,186.550003,190.389999,185.779999,190.220001,814300,190.220001
2015-09-30,188.039993,188.699997,183.690002,186.309998,868700,186.309998
2015-09-29,185.580002,187.740005,183.460007,185.399994,533700,185.399994
2015-09-28,191.630005,191.929993,181.710007,185.350006,1062800,185.350006
2015-09-25,196.320007,198.229996,191.320007,193.169998,642500,193.169998
2015-09-24,194.169998,195.479996,192.75,195.020004,481800,195.020004
2015-09-23,195.529999,198.149994,195.149994,195.759995,359400,195.759995
2015-09-22,195.039993,196.059998,193.50,195.649994,440100,195.649994
2015-09-21,196.009995,198.559998,194.809998,196.380005,481500,196.380005
2015-09-18,195.830002,197.449997,194.740005,194.929993,719500,194.929993
2015-09-17,194.800003,199.820007,194.710007,197.240005,752400,197.240005
2015-09-16,193.440002,195.229996,192.979996,194.929993,388400,194.929993
2015-09-15,192.350006,194.919998,191.149994,193.910004,460000,193.910004
2015-09-14,192.589996,193.190002,190.470001,191.399994,367900,191.399994
2015-09-11,190.820007,194.419998,189.990005,192.759995,500400,192.759995
2015-09-10,190.490005,192.710007,189.330002,191.220001,799000,191.220001
2015-09-09,194.350006,195.059998,189.009995,189.259995,469000,189.259995
2015-09-08,190.889999,192.770004,189.679993,192.699997,410400,192.699997
2015-09-04,188.179993,189.630005,186.710007,187.929993,432800,187.929993
2015-09-03,188.570007,192.729996,187.190002,190.389999,853400,190.389999
2015-09-02,189.360001,191.869995,187.660004,191.860001,510300,191.860001
2015-09-01,194.600006,194.600006,186.330002,187.550003,684800,187.550003
2015-08-31,197.210007,197.710007,193.690002,193.789993,572500,193.789993
2015-08-28,196.600006,198.080002,195.039993,197.470001,725600,197.470001
2015-08-27,192.960007,197.339996,192.080002,196.490005,911400,196.490005
2015-08-26,187.570007,189.570007,183.669998,189.440002,735200,189.440002
2015-08-25,187.649994,191.309998,184.050003,184.139999,934800,184.139999
2015-08-24,183.320007,188.75,180.929993,184.229996,1107500,184.229996
2015-08-21,193.820007,195.25,191.289993,191.50,1059200,191.50
2015-08-20,199.130005,199.270004,195.199997,195.289993,579000,195.289993
2015-08-19,199.00,201.559998,198.369995,200.529999,577400,200.529999
2015-08-18,199.839996,201.259995,199.350006,200.009995,469100,200.009995
2015-08-17,198.460007,200.729996,198.130005,199.850006,385200,199.850006
2015-08-14,198.589996,199.979996,198.360001,199.529999,304800,199.529999
2015-08-13,197.839996,200.00,197.240005,199.020004,345100,199.020004
2015-08-12,198.080002,198.360001,195.020004,197.910004,555100,197.910004
2015-08-11,198.740005,199.75,197.690002,198.979996,441700,198.979996
2015-08-10,199.559998,200.729996,198.009995,199.080002,292800,199.080002
2015-08-07,199.149994,199.369995,195.889999,198.570007,486400,198.570007
2015-08-06,200.50,202.470001,196.710007,198.970001,678200,198.970001
2015-08-05,197.270004,200.830002,196.960007,200.100006,989200,200.100006
2015-08-04,197.619995,198.660004,195.020004,196.289993,971700,196.289993
2015-08-03,196.639999,198.00,195.070007,196.190002,685300,196.190002
2015-07-31,194.289993,196.850006,193.729996,196.649994,917700,196.649994
2015-07-30,194.570007,194.669998,191.639999,193.100006,807100,193.100006
2015-07-29,193.679993,194.919998,192.860001,194.550003,697600,194.550003
2015-07-28,191.380005,201.729996,189.729996,192.949997,797300,192.949997
2015-07-27,187.75,190.309998,187.50,190.139999,897200,190.139999
2015-07-24,182.100006,190.149994,182.100006,187.75,1551700,187.75
2015-07-23,179.149994,179.740005,177.800003,179.449997,665100,179.449997
2015-07-22,178.190002,179.660004,178.190002,179.399994,416800,179.399994
2015-07-21,179.660004,179.809998,177.970001,178.229996,415100,178.229996
2015-07-20,179.399994,179.779999,177.479996,179.50,412500,179.50
2015-07-17,178.360001,179.00,177.279999,178.839996,461700,178.839996
2015-07-16,179.089996,179.839996,178.130005,178.649994,231000,178.649994
2015-07-15,179.679993,179.740005,178.080002,178.229996,386700,177.989993
2015-07-14,178.119995,179.559998,177.050003,179.270004,502200,179.028601
2015-07-13,175.00,178.389999,175.00,178.199997,650700,177.960035
2015-07-10,173.139999,174.75,172.529999,174.539993,410900,174.30496
2015-07-09,173.679993,173.940002,170.970001,171.199997,484100,170.969461
2015-07-08,171.619995,172.529999,171.059998,171.860001,380000,171.628576
2015-07-07,171.830002,172.789993,169.089996,172.630005,355200,172.397543
2015-07-06,169.690002,172.369995,169.399994,171.360001,268300,171.129249
2015-07-02,173.479996,173.479996,170.550003,171.300003,339700,171.069333
2015-07-01,171.75,173.009995,171.350006,172.770004,491900,172.537354
2015-06-30,172.300003,172.880005,170.339996,170.699997,456200,170.470134
2015-06-29,171.690002,173.779999,170.699997,170.940002,380100,170.709817
2015-06-26,173.149994,173.990005,172.470001,173.539993,418000,173.306306
2015-06-25,172.25,174.160004,171.25,172.860001,382200,172.627229
2015-06-24,172.929993,173.869995,172.089996,172.089996,302800,171.858262
2015-06-23,174.110001,174.300003,172.479996,172.970001,343400,172.737082
2015-06-22,172.119995,174.679993,171.960007,173.460007,260800,173.226428
2015-06-19,171.990005,172.850006,171.229996,171.850006,467300,171.618595
2015-06-18,170.429993,172.850006,170.429993,172.470001,610600,172.237755
2015-06-17,170.639999,170.990005,168.889999,170.00,183400,169.77108
2015-06-16,169.00,170.479996,168.229996,170.080002,246300,169.850974
2015-06-15,169.119995,169.979996,167.360001,169.270004,239900,169.042067
2015-06-12,170.289993,171.389999,169.610001,170.509995,223300,170.280388
2015-06-11,171.270004,171.929993,170.699997,171.449997,508500,171.219124
2015-06-10,168.860001,171.160004,168.309998,170.669998,279500,170.440176
2015-06-09,170.75,170.75,168.190002,168.25,291300,168.023437
2015-06-08,170.169998,171.800003,170.169998,170.820007,268400,170.589983
2015-06-05,170.350006,170.800003,168.850006,170.589996,297200,170.360282
2015-06-04,170.770004,171.509995,169.449997,170.520004,493100,170.290384
2015-06-03,172.270004,172.899994,171.080002,171.619995,320400,171.388894
2015-06-02,171.800003,173.220001,170.960007,172.110001,295100,171.878239
2015-06-01,170.679993,173.850006,170.419998,172.589996,498900,172.357589
2015-05-29,170.889999,171.619995,169.649994,170.320007,597700,170.090656
2015-05-28,171.160004,172.929993,170.360001,170.699997,471400,170.470134
2015-05-27,171.75,172.669998,170.889999,171.990005,426400,171.758406
2015-05-26,171.850006,172.149994,169.889999,170.410004,362600,170.180532
2015-05-22,172.529999,172.979996,171.339996,171.949997,240600,171.718451
2015-05-21,172.729996,173.440002,171.690002,172.380005,330100,172.14788
2015-05-20,173.419998,174.440002,172.710007,173.039993,341100,172.80698
2015-05-19,173.270004,174.580002,172.130005,173.830002,357100,173.595924
2015-05-18,173.139999,174.100006,172.419998,173.330002,521500,173.096598
2015-05-15,172.179993,173.759995,171.50,173.679993,602500,173.446117
2015-05-14,169.300003,172.190002,168.100006,172.119995,368100,171.88822
2015-05-13,168.119995,168.470001,166.529999,167.910004,376800,167.683898
2015-05-12,167.990005,168.759995,166.800003,167.160004,377200,166.934908
2015-05-11,170.080002,170.179993,168.490005,168.949997,387300,168.722491
2015-05-08,168.020004,170.740005,168.020004,170.289993,360100,170.060683
2015-05-07,167.300003,168.740005,166.449997,167.460007,397700,167.234507
2015-05-06,168.509995,168.880005,166.289993,167.240005,448000,167.014802
2015-05-05,170.110001,171.100006,167.520004,168.139999,339200,167.913584
2015-05-04,169.699997,171.449997,169.559998,170.940002,396700,170.709817
2015-05-01,168.039993,169.600006,167.589996,169.559998,626100,169.33167
2015-04-30,165.419998,167.440002,164.949997,166.580002,880800,166.355687
2015-04-29,170.100006,170.320007,165.419998,165.869995,905800,165.646637
2015-04-28,170.850006,171.509995,168.690002,170.240005,470400,170.010762
2015-04-27,176.270004,177.00,171.320007,171.619995,669400,171.388894
2015-04-24,178.00,180.940002,175.039993,175.380005,1140600,175.14384
2015-04-23,174.070007,176.470001,173.360001,176.25,827700,176.012664
2015-04-22,175.039993,176.139999,174.479996,175.089996,420800,174.63452
2015-04-21,174.399994,175.690002,173.970001,174.850006,677900,174.395154
2015-04-20,171.570007,174.399994,171.059998,173.960007,822400,173.50747
