Date,Open,High,Low,Close,Volume,Adj Close
2015-10-09,51.290001,51.75,50.75,51.66,199100,51.66
2015-10-08,49.880001,51.18,49.52,50.959999,426300,50.959999
2015-10-07,50.27,50.970001,49.310001,50.09,329200,50.09
2015-10-06,49.099998,50.650002,49.09,49.919998,288300,49.919998
2015-10-05,47.220001,49.330002,46.869999,49.279999,250100,49.279999
2015-10-02,45.209999,47.00,44.580002,46.98,237800,46.98
2015-10-01,46.669998,47.09,45.049999,45.57,258300,45.57
2015-09-30,46.439999,46.950001,45.82,46.689999,273100,46.689999
2015-09-29,45.66,46.529999,45.360001,46.049999,249100,46.049999
2015-09-28,46.790001,47.439999,45.529999,45.709999,200000,45.709999
2015-09-25,48.259998,48.34,46.830002,46.959999,279100,46.959999
2015-09-24,48.439999,48.439999,46.880001,47.759998,344700,47.759998
2015-09-23,49.700001,49.91,48.57,48.709999,284100,48.709999
2015-09-22,49.209999,49.73,48.919998,49.580002,349700,49.580002
2015-09-21,50.50,51.029999,49.540001,49.98,310000,49.98
2015-09-18,51.439999,51.439999,50.119999,50.34,426900,50.34
2015-09-17,52.369999,53.139999,51.799999,51.98,358500,51.98
2015-09-16,50.84,52.560001,50.84,52.450001,399700,52.450001
2015-09-15,49.740002,50.900002,49.689999,50.799999,258200,50.799999
2015-09-14,50.299999,50.299999,49.490002,49.650002,241400,49.650002
2015-09-11,50.060001,50.450001,49.040001,50.209999,275100,50.159999
2015-09-10,50.59,51.470001,50.080002,50.310001,319400,50.259902
2015-09-09,50.990002,51.779999,50.529999,50.68,482900,50.629532
2015-09-08,49.82,51.09,49.34,50.68,687600,50.629532
2015-09-04,47.110001,49.330002,46.830002,48.950001,517000,48.901256
2015-09-03,47.900002,48.310001,47.41,47.560001,469900,47.51264
2015-09-02,48.27,48.389999,47.400002,47.73,340200,47.682469
2015-09-01,49.669998,50.139999,47.490002,47.700001,397300,47.6525
2015-08-31,50.389999,51.369999,50.049999,50.389999,329500,50.33982
2015-08-28,49.950001,50.75,49.66,50.709999,493800,50.659501
2015-08-27,49.48,50.290001,48.77,50.049999,713300,50.000159
2015-08-26,49.200001,49.310001,47.41,49.009998,736000,48.961193
2015-08-25,51.990002,51.990002,48.00,48.099998,684800,48.0521
2015-08-24,49.779999,53.32,49.759998,50.82,696100,50.769392
2015-08-21,53.040001,54.549999,52.48,52.959999,445200,52.907261
2015-08-20,55.23,55.509998,54.060001,54.290001,451900,54.235938
2015-08-19,55.09,56.110001,54.619999,55.720001,746800,55.664514
2015-08-18,54.970001,55.599998,54.310001,55.459999,580100,55.404771
2015-08-17,54.560001,55.200001,53.970001,55.200001,298500,55.145032
2015-08-14,54.279999,55.049999,54.040001,54.91,368100,54.85532
2015-08-13,54.66,55.00,53.869999,54.099998,405100,54.046125
2015-08-12,54.02,55.169998,53.150002,54.75,521800,54.695479
2015-08-11,56.380001,56.82,54.48,54.650002,477500,54.59558
2015-08-10,56.00,57.779999,55.98,57.220001,515200,57.163021
2015-08-07,56.610001,57.50,54.25,55.799999,904800,55.744433
2015-08-06,58.919998,59.009998,56.18,57.049999,586700,56.993188
2015-08-05,59.27,59.75,58.509998,58.709999,438300,58.651535
2015-08-04,59.669998,60.049999,58.490002,58.900002,374500,58.841348
2015-08-03,59.68,60.279999,59.259998,59.50,532300,59.440749
2015-07-31,63.18,63.259998,58.400002,59.23,1088900,59.171017
2015-07-30,61.720001,64.959999,60.459999,63.18,1004200,63.117085
2015-07-29,64.309998,64.730003,53.799999,62.029999,2421100,61.968228
2015-07-28,70.099998,71.669998,69.940002,71.589996,416800,71.518706
2015-07-27,70.720001,71.059998,69.160004,69.809998,317800,69.74048
2015-07-24,72.269997,72.68,71.25,71.529999,375100,71.458768
2015-07-23,72.279999,73.370003,71.800003,72.559998,322600,72.487741
2015-07-22,71.120003,72.339996,70.93,72.300003,170500,72.228006
2015-07-21,72.93,73.040001,71.239998,71.339996,346400,71.268955
2015-07-20,74.529999,74.669998,72.650002,72.879997,247400,72.807422
2015-07-17,74.139999,75.040001,73.68,74.610001,311000,74.535703
2015-07-16,75.029999,75.169998,73.720001,74.029999,371900,73.956279
2015-07-15,77.25,77.449997,74.050003,74.529999,960800,74.455781
2015-07-14,76.25,77.93,76.18,77.610001,185400,77.532715
2015-07-13,76.110001,76.790001,75.809998,76.18,171900,76.104139
2015-07-10,76.260002,76.459999,75.470001,75.68,208000,75.604637
2015-07-09,76.230003,76.400002,75.099998,75.120003,217700,75.045197
2015-07-08,75.540001,76.269997,74.629997,74.849998,382800,74.775462
2015-07-07,78.260002,78.260002,75.580002,76.690002,392700,76.613633
2015-07-06,78.830002,79.739998,77.629997,78.019997,360900,77.942303
2015-07-02,80.199997,81.00,78.949997,79.529999,264000,79.450802
2015-07-01,81.720001,82.239998,79.989998,80.07,435700,79.990265
2015-06-30,81.849998,82.650002,81.010002,81.230003,241300,81.149113
2015-06-29,83.400002,84.00,81.209999,81.330002,177300,81.249012
2015-06-26,84.550003,85.00,83.699997,84.25,359700,84.166103
2015-06-25,84.900002,84.900002,83.949997,84.32,163100,84.236033
2015-06-24,85.910004,86.379997,84.230003,84.870003,267600,84.785488
2015-06-23,85.940002,86.279999,85.349998,85.910004,178400,85.824453
2015-06-22,85.830002,86.089996,85.120003,85.940002,185100,85.854422
2015-06-19,86.209999,86.230003,85.120003,85.309998,249800,85.225045
2015-06-18,85.470001,86.25,85.080002,85.989998,303000,85.904368
2015-06-17,86.00,86.07,85.309998,85.32,195300,85.235037
2015-06-16,84.400002,85.82,84.400002,85.610001,237300,85.524749
2015-06-15,84.300003,84.809998,83.809998,84.650002,269900,84.565706
2015-06-12,84.910004,85.309998,84.699997,85.269997,210700,85.185084
2015-06-11,84.75,85.120003,84.529999,85.099998,144400,84.965302
2015-06-10,84.120003,84.800003,83.809998,84.709999,329500,84.57592
2015-06-09,84.75,84.809998,83.25,83.760002,226500,83.627427
2015-06-08,85.830002,85.949997,84.57,84.68,188200,84.545969
2015-06-05,84.809998,85.790001,84.110001,85.720001,167700,85.584323
2015-06-04,85.809998,86.029999,84.389999,84.790001,161100,84.655795
2015-06-03,85.400002,86.690002,85.120003,86.349998,186200,86.213324
2015-06-02,84.50,86.07,84.279999,85.32,231200,85.184955
2015-06-01,84.889999,85.330002,84.059998,84.730003,165600,84.595893
2015-05-29,84.93,85.379997,84.00,84.419998,230100,84.286378
2015-05-28,85.269997,85.440002,84.709999,85.279999,161900,85.145017
2015-05-27,84.919998,85.879997,84.75,85.629997,214800,85.494462
2015-05-26,85.599998,85.599998,84.139999,84.82,199000,84.685746
2015-05-22,85.599998,86.099998,85.440002,85.610001,312300,85.474497
2015-05-21,85.379997,86.349998,84.970001,85.589996,355400,85.454524
2015-05-20,85.809998,85.809998,84.860001,85.629997,246400,85.494462
2015-05-19,85.809998,86.410004,85.389999,85.650002,360600,85.514435
2015-05-18,84.480003,85.93,84.400002,85.910004,198200,85.774025
2015-05-15,84.879997,84.989998,84.040001,84.93,224800,84.795573
2015-05-14,84.169998,85.07,83.779999,84.940002,255900,84.805559
2015-05-13,85.00,85.510002,83.389999,83.93,267600,83.797156
2015-05-12,83.970001,84.809998,83.00,84.580002,294500,84.446128
2015-05-11,84.300003,85.410004,83.980003,84.639999,296200,84.506031
2015-05-08,85.559998,86.419998,84.559998,84.599998,317400,84.466093
2015-05-07,83.559998,85.120003,83.379997,84.57,165500,84.436142
2015-05-06,84.940002,85.75,83.160004,83.760002,305700,83.627427
2015-05-05,86.360001,87.190002,84.010002,84.989998,421300,84.855476
2015-05-04,85.120003,87.839996,84.919998,87.160004,384100,87.022047
2015-05-01,84.010002,85.309998,83.940002,85.120003,485500,84.985275
2015-04-30,89.519997,89.989998,83.660004,83.949997,956400,83.817121
2015-04-29,92.389999,93.510002,91.919998,93.089996,234100,92.942653
2015-04-28,92.370003,93.239998,91.82,93.059998,164800,92.912702
2015-04-27,93.879997,94.510002,91.849998,92.239998,227500,92.094
2015-04-24,95.559998,95.559998,93.720001,93.889999,129700,93.74139
2015-04-23,93.620003,95.230003,93.519997,95.139999,123800,94.989412
2015-04-22,94.760002,95.379997,93.169998,93.790001,214700,93.64155
2015-04-21,94.669998,95.089996,94.00,94.669998,204600,94.520154
2015-04-20,92.540001,94.260002,92.489998,94.169998,167700,94.020946
2015-04-17,92.940002,93.150002,91.599998,91.910004,185900,91.764528
2015-04-16,93.599998,94.309998,92.82,93.559998,138900,93.411911
2015-04-15,94.400002,94.699997,93.559998,93.629997,172400,93.4818
2015-04-14,93.889999,93.959999,92.050003,93.889999,218500,93.74139
2015-04-13,93.669998,94.059998,92.940002,93.440002,203200,93.292105
