Date,Open,High,Low,Close,Volume,Adj Close
2015-10-15,55.049999,56.209999,54.209999,56.189999,2557000,56.189999
2015-10-14,55.049999,55.419998,54.540001,55.009998,2087000,55.009998
2015-10-13,55.32,56.389999,54.75,55.02,1827100,55.02
2015-10-12,56.580002,56.689999,55.009998,55.68,1435700,55.68
2015-10-09,57.50,57.869999,55.939999,56.439999,2126300,56.439999
2015-10-08,56.68,57.43,55.439999,57.330002,1778900,57.330002
2015-10-07,56.130001,58.23,55.939999,56.68,3471000,56.68
2015-10-06,55.00,56.389999,54.27,55.310001,3382800,55.310001
2015-10-05,54.049999,54.91,53.57,54.630001,3212800,54.630001
2015-10-02,50.669998,53.349998,50.580002,53.349998,3158400,53.349998
2015-10-01,52.630001,52.970001,50.529999,51.18,2681500,51.18
2015-09-30,50.849998,52.139999,50.82,52.040001,4114600,52.040001
2015-09-29,51.009998,51.560001,49.970001,50.470001,2423000,50.470001
2015-09-28,51.939999,52.09,50.459999,50.50,3251400,50.50
2015-09-25,53.759998,53.849998,51.970001,52.50,2626400,52.50
2015-09-24,53.310001,53.990002,53.00,53.209999,3429000,53.209999
2015-09-23,54.619999,54.619999,53.720001,54.00,1725800,54.00
2015-09-22,53.310001,54.970001,53.02,54.290001,3932700,54.290001
2015-09-21,54.299999,55.029999,53.48,54.73,5208500,54.73
2015-09-18,54.189999,54.450001,53.16,53.470001,4283800,53.470001
2015-09-17,55.57,56.139999,55.009998,55.290001,2194300,55.290001
2015-09-16,53.669998,55.779999,53.57,55.66,2543200,55.66
2015-09-15,53.43,53.900002,53.040001,53.419998,1975800,53.419998
2015-09-14,52.639999,53.779999,52.549999,53.18,2686300,53.18
2015-09-11,53.68,53.68,52.209999,53.080002,4247400,53.080002
2015-09-10,53.119999,54.330002,52.209999,53.68,3041200,53.68
2015-09-09,54.50,55.110001,52.880001,52.990002,3337700,52.990002
2015-09-08,54.290001,54.43,53.380001,54.009998,4216200,54.009998
2015-09-04,53.959999,54.41,53.119999,53.259998,3728700,53.259998
2015-09-03,54.759998,55.939999,54.32,54.82,5413000,54.82
2015-09-02,55.169998,55.220001,53.41,54.740002,2968500,54.740002
2015-09-01,54.099998,55.330002,53.580002,54.380001,5127300,54.380001
2015-08-31,54.139999,56.049999,53.450001,56.00,3728900,56.00
2015-08-28,53.560001,55.049999,53.07,54.720001,4012600,54.550002
2015-08-27,50.349998,53.860001,50.049999,53.75,5948000,53.583014
2015-08-26,48.810001,49.34,47.700001,49.200001,4411500,49.04715
2015-08-25,47.50,48.889999,47.009998,47.740002,5486500,47.591687
2015-08-24,47.360001,48.66,44.110001,45.759998,7055800,45.617835
2015-08-21,51.189999,51.889999,49.439999,49.52,4832900,49.366156
2015-08-20,53.759998,54.189999,51.349998,51.360001,5902200,51.20044
2015-08-19,56.040001,56.16,53.919998,54.09,4342000,53.921958
2015-08-18,56.779999,57.27,56.50,56.650002,1760200,56.474006
2015-08-17,57.040001,57.419998,56.549999,56.759998,2434100,56.583661
2015-08-14,56.790001,57.990002,56.790001,57.330002,2363800,57.151894
2015-08-13,58.189999,58.380001,56.860001,56.900002,2462100,56.72323
2015-08-12,57.32,59.009998,55.98,58.599998,3105300,58.417945
2015-08-11,56.580002,57.709999,56.48,57.540001,2379800,57.361241
2015-08-10,55.75,57.900002,55.59,57.830002,2825600,57.650341
2015-08-07,56.00,56.759998,55.560001,55.720001,2289600,55.546895
2015-08-06,55.959999,56.75,55.389999,56.560001,2619200,56.384286
2015-08-05,55.779999,56.860001,55.66,56.330002,2869800,56.155001
2015-08-04,55.889999,56.349998,54.959999,55.299999,4635100,55.128198
2015-08-03,57.490002,57.619999,55.400002,55.549999,5326400,55.377421
2015-07-31,58.490002,58.950001,58.119999,58.150002,2468800,57.969346
2015-07-30,59.630001,60.169998,58.34,58.689999,2551500,58.507666
2015-07-29,58.060001,59.75,57.700001,59.669998,5948200,59.484621
2015-07-28,57.900002,58.630001,57.00,58.549999,2859700,58.368101
2015-07-27,57.720001,58.360001,57.220001,57.740002,3354500,57.56062
2015-07-24,59.450001,59.639999,58.400002,58.66,4466800,58.47776
2015-07-23,58.900002,59.75,58.490002,59.259998,4051000,59.075894
2015-07-22,60.41,61.700001,52.799999,58.279999,27297500,58.09894
2015-07-21,59.459999,61.439999,59.360001,60.639999,4019600,60.451608
2015-07-20,58.880001,60.279999,58.880001,59.459999,4831900,59.275274
2015-07-17,58.57,59.099998,57.869999,58.32,3680700,58.138816
2015-07-16,59.950001,60.00,58.68,58.869999,2326200,58.687107
2015-07-15,60.82,60.860001,59.48,59.50,4155300,59.315151
2015-07-14,60.299999,61.459999,60.110001,61.130001,2610000,60.940088
2015-07-13,59.639999,60.450001,59.41,60.299999,3525000,60.112664
2015-07-10,60.450001,60.66,59.669998,59.709999,2622200,59.524497
2015-07-09,60.669998,60.77,59.869999,60.150002,2561800,59.963133
2015-07-08,60.599998,60.630001,59.48,59.740002,5344200,59.554407
2015-07-07,59.09,60.75,58.529999,60.68,2986000,60.491485
2015-07-06,59.209999,60.290001,59.009998,59.299999,3464700,59.115771
2015-07-02,60.189999,60.68,59.830002,60.349998,2565100,60.162508
2015-07-01,61.75,61.959999,59.48,60.009998,4174600,59.823564
2015-06-30,61.610001,61.889999,61.049999,61.700001,2788100,61.508317
2015-06-29,61.18,61.73,61.02,61.110001,2159300,60.920149
2015-06-26,61.84,61.990002,61.32,61.900002,3623200,61.707696
2015-06-25,62.459999,62.630001,61.919998,62.060001,1993800,61.867199
2015-06-24,62.599998,63.220001,62.580002,62.639999,2244400,62.445395
2015-06-23,62.060001,63.169998,61.990002,62.889999,4449600,62.694618
2015-06-22,62.59,62.59,61.240002,62.41,3288900,62.21611
2015-06-19,61.830002,62.669998,61.330002,61.93,4032300,61.737602
2015-06-18,64.169998,64.519997,62.169998,62.310001,6746600,62.116422
2015-06-17,64.379997,64.769997,63.599998,63.810001,2919500,63.611762
2015-06-16,63.82,64.209999,63.400002,63.599998,3977000,63.402412
2015-06-15,63.41,64.449997,63.18,63.779999,2752100,63.581853
2015-06-12,64.010002,64.529999,63.830002,64.129997,1432200,63.930764
2015-06-11,65.370003,65.370003,64.290001,64.400002,1253500,64.199929
2015-06-10,64.82,65.580002,64.730003,65.089996,1966300,64.88778
2015-06-09,64.599998,64.970001,63.990002,64.029999,1943100,63.831076
2015-06-08,64.43,65.199997,63.990002,64.010002,1609700,63.811141
2015-06-05,63.389999,65.029999,63.18,64.68,2867500,64.479058
2015-06-04,64.089996,64.540001,63.59,63.639999,1858900,63.442288
2015-06-03,64.970001,65.900002,64.660004,64.690002,2196000,64.489029
2015-06-02,64.480003,65.779999,64.400002,65.220001,1618200,65.017381
2015-06-01,64.379997,64.720001,64.099998,64.32,1595100,64.120176
2015-05-29,64.709999,65.18,64.379997,64.459999,1919800,64.090268
2015-05-28,64.660004,64.830002,64.07,64.519997,1548800,64.149922
2015-05-27,64.599998,65.25,63.98,64.900002,1873800,64.527747
2015-05-26,64.669998,65.410004,64.540001,64.599998,2165900,64.229465
2015-05-22,65.290001,66.07,65.010002,65.529999,1521300,65.154131
2015-05-21,64.68,65.940002,64.510002,65.879997,2491500,65.502122
2015-05-20,64.620003,64.919998,63.98,64.260002,2021000,63.891419
2015-05-19,65.339996,65.339996,64.260002,64.449997,2561500,64.080324
2015-05-18,65.849998,66.080002,65.220001,66.019997,1795800,65.641318
2015-05-15,65.330002,66.360001,65.019997,65.849998,3409200,65.472295
2015-05-14,66.599998,66.860001,65.220001,65.50,4304200,65.124304
2015-05-13,67.209999,67.720001,66.440002,66.50,2522800,66.118568
2015-05-12,66.419998,67.190002,65.849998,66.989998,2327800,66.605756
2015-05-11,67.690002,67.720001,66.349998,66.419998,2692000,66.039025
2015-05-08,66.860001,67.849998,65.900002,67.699997,2798200,67.311682
2015-05-07,66.940002,66.949997,65.480003,66.099998,3286800,65.720861
2015-05-06,68.339996,68.720001,66.739998,67.230003,3354000,66.844385
2015-05-05,69.68,70.449997,67.639999,67.660004,3308500,67.271918
2015-05-04,69.269997,69.669998,68.790001,69.129997,1982000,68.73348
2015-05-01,68.480003,69.239998,68.010002,69.019997,2471100,68.624111
2015-04-30,68.949997,69.50,68.300003,68.459999,2692500,68.067325
2015-04-29,68.290001,69.489998,68.029999,68.75,3429800,68.355663
2015-04-28,68.139999,69.00,68.089996,68.43,2846700,68.037499
2015-04-27,68.330002,68.970001,68.18,68.400002,3102100,68.007672
2015-04-24,68.010002,68.720001,67.410004,68.089996,3142000,67.699445
2015-04-23,67.18,68.739998,67.160004,68.370003,3069600,67.977845
2015-04-22,67.459999,67.690002,66.800003,67.07,2915400,66.685299
2015-04-21,67.849998,68.279999,66.599998,67.349998,3536300,66.963691
2015-04-20,66.839996,69.400002,66.839996,68.339996,5080400,67.948011
