Date,Open,High,Low,Close,Volume,Adj Close
2015-10-16,33.970001,34.110001,33.360001,33.509998,787800,33.509998
2015-10-15,33.150002,33.950001,33.029999,33.939999,1556300,33.939999
2015-10-14,33.459999,33.650002,32.970001,33.110001,1189500,33.110001
2015-10-13,33.630001,33.970001,33.349998,33.380001,1004100,33.380001
2015-10-12,34.169998,34.259998,33.82,33.889999,558900,33.889999
2015-10-09,34.029999,34.330002,33.279999,34.09,1284300,34.09
2015-10-08,34.599998,34.639999,33.919998,34.00,1236900,34.00
2015-10-07,34.240002,34.560001,33.880001,34.549999,1227000,34.549999
2015-10-06,33.849998,34.279999,33.77,33.939999,654700,33.939999
2015-10-05,33.759998,34.139999,33.369999,33.869999,1449000,33.869999
2015-10-02,32.41,33.450001,32.380001,33.389999,1439500,33.389999
2015-10-01,32.09,32.990002,31.889999,32.740002,1574100,32.740002
2015-09-30,31.950001,32.299999,31.58,31.98,1140600,31.98
2015-09-29,32.27,32.560001,31.459999,31.58,1487200,31.58
2015-09-28,33.330002,33.369999,32.23,32.290001,1947400,32.290001
2015-09-25,34.34,34.34,33.349998,33.549999,1021300,33.549999
2015-09-24,34.00,34.220001,33.77,34.029999,937200,34.029999
2015-09-23,34.68,34.959999,34.18,34.299999,625700,34.299999
2015-09-22,34.650002,35.029999,34.279999,34.689999,678500,34.689999
2015-09-21,34.93,35.599998,34.77,35.119999,546500,35.119999
2015-09-18,34.849998,35.330002,34.630001,34.700001,736300,34.700001
2015-09-17,35.09,35.880001,35.080002,35.25,587300,35.25
2015-09-16,34.830002,35.32,34.580002,35.189999,503300,35.189999
2015-09-15,34.41,35.099998,34.41,34.73,528100,34.73
2015-09-14,34.68,34.73,34.330002,34.439999,540800,34.439999
2015-09-11,34.259998,34.779999,34.150002,34.709999,375300,34.709999
2015-09-10,34.580002,34.98,34.369999,34.490002,648600,34.490002
2015-09-09,35.209999,35.310001,34.529999,34.59,711000,34.59
2015-09-08,34.689999,34.970001,34.18,34.93,817000,34.93
2015-09-04,33.77,34.380001,33.669998,34.09,515300,34.09
2015-09-03,34.439999,34.919998,33.950001,34.32,687600,34.32
2015-09-02,34.68,34.68,33.860001,34.439999,765700,34.439999
2015-09-01,34.610001,35.080002,33.91,34.029999,938700,34.029999
2015-08-31,35.59,36.029999,35.040001,35.209999,895400,35.209999
2015-08-28,35.00,36.189999,34.349998,35.84,1123900,35.84
2015-08-27,34.419998,35.41,34.18,35.189999,1385900,35.089999
2015-08-26,34.389999,34.389999,33.279999,33.950001,1638900,33.853525
2015-08-25,34.950001,35.02,33.669998,33.689999,1547300,33.594261
2015-08-24,33.849998,35.369999,32.18,34.00,1898800,33.903382
2015-08-21,36.279999,36.759998,35.900002,35.900002,927700,35.797984
2015-08-20,37.700001,38.02,36.84,36.860001,756600,36.755255
2015-08-19,38.25,39.139999,37.869999,38.09,667000,37.981759
2015-08-18,37.73,38.470001,37.73,38.43,1016300,38.320793
2015-08-17,37.919998,38.419998,36.900002,37.73,1771400,37.622782
2015-08-14,38.450001,38.66,37.799999,37.84,935000,37.73247
2015-08-13,36.700001,38.75,36.349998,38.060001,1500700,37.951846
2015-08-12,37.209999,38.450001,36.900002,37.490002,1468900,37.383466
2015-08-11,38.259998,38.349998,37.360001,37.52,3155800,37.413379
2015-08-10,37.599998,39.240002,37.00,38.720001,1548500,38.60997
2015-08-07,39.02,40.169998,36.759998,37.490002,2113400,37.383466
2015-08-06,41.939999,42.080002,40.419998,40.509998,1106700,40.394881
2015-08-05,40.93,42.189999,40.860001,41.950001,913800,41.830791
2015-08-04,40.700001,41.119999,40.279999,40.59,771200,40.474655
2015-08-03,41.830002,41.830002,40.110001,40.66,777700,40.544456
2015-07-31,41.580002,41.970001,41.299999,41.830002,510100,41.711133
2015-07-30,41.619999,41.77,41.279999,41.360001,490400,41.242467
2015-07-29,41.130001,41.860001,41.029999,41.740002,495200,41.621389
2015-07-28,41.439999,41.630001,40.849998,41.110001,581800,40.993178
2015-07-27,41.560001,41.689999,41.119999,41.23,280700,41.112836
2015-07-24,42.59,42.830002,41.720001,41.759998,320500,41.641328
2015-07-23,43.00,43.459999,42.540001,42.610001,263900,42.488915
2015-07-22,42.77,43.209999,42.77,42.919998,387200,42.798032
2015-07-21,43.48,43.869999,42.75,42.889999,450000,42.768118
2015-07-20,43.27,43.529999,43.00,43.41,260700,43.286641
2015-07-17,43.66,43.66,43.040001,43.27,599600,43.14704
2015-07-16,43.810001,43.950001,43.459999,43.639999,678100,43.515987
2015-07-15,44.099998,44.330002,43.490002,43.720001,476700,43.595762
2015-07-14,44.09,44.459999,43.869999,44.209999,270500,44.084367
2015-07-13,43.740002,44.259998,43.740002,44.040001,510200,43.914852
2015-07-10,43.82,44.060001,43.34,43.439999,471800,43.316555
2015-07-09,43.880001,43.880001,43.080002,43.16,628700,43.037352
2015-07-08,44.169998,44.389999,43.060001,43.27,490500,43.14704
2015-07-07,44.48,44.599998,43.380001,44.450001,770100,44.323687
2015-07-06,44.580002,44.93,44.009998,44.209999,563400,44.084367
2015-07-02,45.400002,45.57,44.669998,44.950001,305700,44.822266
2015-07-01,45.560001,45.740002,45.049999,45.349998,698500,45.221127
2015-06-30,45.50,45.75,45.189999,45.240002,364700,45.111443
2015-06-29,46.349998,46.610001,45.080002,45.16,562100,45.031668
2015-06-26,46.900002,47.279999,46.599998,46.709999,493000,46.577263
2015-06-25,46.799999,47.00,46.560001,46.740002,323900,46.60718
2015-06-24,46.91,47.200001,46.529999,46.59,458100,46.457605
2015-06-23,46.700001,47.049999,46.700001,46.93,393300,46.796639
2015-06-22,46.650002,46.650002,46.200001,46.639999,462500,46.507462
2015-06-19,46.549999,46.790001,46.380001,46.560001,638400,46.427691
2015-06-18,46.669998,46.959999,46.540001,46.639999,394500,46.507462
2015-06-17,46.630001,46.880001,46.450001,46.59,343200,46.457605
2015-06-16,45.990002,46.689999,45.779999,46.619999,242900,46.487518
2015-06-15,45.93,46.18,45.529999,45.990002,266400,45.859311
2015-06-12,46.240002,46.610001,46.099998,46.310001,271200,46.178402
2015-06-11,46.34,46.48,46.110001,46.330002,346000,46.198345
2015-06-10,46.369999,46.779999,46.200001,46.34,494200,46.208315
2015-06-09,46.139999,46.419998,45.759998,46.150002,300600,46.018857
2015-06-08,46.50,46.790001,46.209999,46.23,527500,46.098627
2015-06-05,45.869999,46.540001,45.57,46.529999,480000,46.397774
2015-06-04,45.880001,46.470001,45.68,45.959999,410100,45.829394
2015-06-03,45.650002,46.169998,45.439999,46.099998,709400,45.968996
2015-06-02,45.34,45.790001,45.299999,45.48,625900,45.350759
2015-06-01,44.98,45.98,44.73,45.52,1077100,45.390646
2015-05-29,44.650002,45.049999,44.32,44.830002,625700,44.702608
2015-05-28,44.740002,44.919998,44.349998,44.509998,354400,44.383514
2015-05-27,44.57,44.84,44.130001,44.790001,374400,44.563005
2015-05-26,45.139999,45.150002,44.43,44.560001,526800,44.334171
2015-05-22,45.16,45.43,44.93,45.380001,366300,45.150015
2015-05-21,45.529999,45.669998,45.25,45.27,566100,45.040572
2015-05-20,45.00,45.68,44.610001,45.540001,521500,45.309204
2015-05-19,45.009998,45.200001,44.18,44.889999,556000,44.662497
2015-05-18,44.529999,45.16,44.369999,44.990002,690500,44.761992
2015-05-15,44.68,44.84,44.16,44.540001,954800,44.314272
2015-05-14,44.610001,44.73,43.900002,44.580002,848500,44.35407
2015-05-13,44.470001,44.75,44.259998,44.450001,1469100,44.224728
2015-05-12,44.139999,44.560001,43.759998,44.43,928800,44.204829
2015-05-11,44.00,44.799999,43.529999,44.34,1840300,44.115285
2015-05-08,44.080002,44.25,43.669998,43.709999,1114300,43.488477
2015-05-07,43.110001,43.68,42.799999,43.639999,1574000,43.418832
2015-05-06,42.900002,43.700001,42.209999,43.150002,1322300,42.931317
2015-05-05,43.419998,43.599998,42.759998,42.810001,618300,42.59304
2015-05-04,42.82,43.650002,42.810001,43.419998,619100,43.199945
2015-05-01,42.919998,43.080002,42.419998,42.779999,509000,42.56319
2015-04-30,42.900002,43.310001,42.599998,42.709999,817800,42.493545
2015-04-29,43.119999,43.240002,42.639999,42.990002,421700,42.772128
2015-04-28,43.09,43.349998,42.720001,43.299999,469600,43.080555
2015-04-27,43.040001,43.689999,42.869999,43.080002,1162900,42.861672
2015-04-24,43.16,43.43,43.009998,43.040001,427000,42.821874
2015-04-23,43.040001,43.32,42.759998,43.099998,779600,42.881568
2015-04-22,42.639999,43.330002,42.509998,43.290001,739200,43.070607
2015-04-21,41.779999,42.560001,41.41,42.52,653300,42.304509
2015-04-20,41.16,41.689999,41.049999,41.52,303200,41.309577
