Date,Open,High,Low,Close,Volume,Adj Close
2015-10-16,47.41,48.02,46.900002,47.82,589400,47.82
2015-10-15,47.369999,47.450001,46.080002,47.240002,1561500,47.240002
2015-10-14,48.939999,49.169998,46.799999,47.18,1213500,47.18
2015-10-13,49.07,49.98,48.900002,49.009998,950000,49.009998
2015-10-12,50.139999,50.150002,49.50,49.52,775500,49.52
2015-10-09,49.380001,50.07,48.84,50.009998,826000,50.009998
2015-10-08,49.419998,49.75,48.93,49.50,990000,49.50
2015-10-07,48.630001,49.630001,48.27,49.52,1143200,49.52
2015-10-06,48.82,49.290001,48.59,48.630001,1199800,48.630001
2015-10-05,48.919998,49.220001,48.57,49.040001,818400,49.040001
2015-10-02,47.549999,48.630001,46.599998,48.610001,1136800,48.610001
2015-10-01,47.759998,48.529999,47.360001,47.93,880800,47.93
2015-09-30,47.849998,48.060001,47.169998,47.919998,1409900,47.919998
2015-09-29,48.259998,48.950001,46.900002,47.369999,1530600,47.369999
2015-09-28,49.009998,49.080002,47.990002,48.700001,1234100,48.700001
2015-09-25,48.009998,49.18,48.009998,48.990002,1566200,48.990002
2015-09-24,46.709999,47.740002,46.299999,47.650002,1149000,47.650002
2015-09-23,46.299999,47.119999,46.189999,46.869999,1082700,46.869999
2015-09-22,45.16,46.48,44.959999,46.43,1200800,46.43
2015-09-21,45.27,45.93,45.02,45.50,655900,45.50
2015-09-18,44.849998,45.330002,44.459999,44.970001,1491200,44.970001
2015-09-17,45.529999,46.02,45.060001,45.169998,539500,45.169998
2015-09-16,44.50,45.630001,44.459999,45.57,962800,45.57
2015-09-15,44.669998,44.740002,44.18,44.529999,794600,44.529999
2015-09-14,44.810001,44.939999,44.119999,44.27,700900,44.27
2015-09-11,44.830002,45.130001,44.220001,44.720001,978200,44.720001
2015-09-10,46.68,47.040001,44.880001,45.02,1208600,45.02
2015-09-09,47.16,48.029999,46.810001,46.869999,1184500,46.869999
2015-09-08,46.529999,47.290001,46.279999,46.950001,1291700,46.760001
2015-09-04,45.77,46.310001,45.50,45.91,687000,45.724209
2015-09-03,47.130001,47.369999,46.259998,46.43,883900,46.242105
2015-09-02,47.23,47.549999,46.77,47.080002,1124200,46.889476
2015-09-01,47.389999,48.099998,46.43,46.860001,1322200,46.670365
2015-08-31,48.50,48.84,47.669998,47.990002,1922400,47.795793
2015-08-28,46.860001,49.00,46.080002,48.580002,7093800,48.383405
2015-08-27,41.299999,42.919998,41.139999,42.00,1865700,41.830032
2015-08-26,41.139999,41.700001,40.02,40.990002,1867800,40.824121
2015-08-25,42.07,42.07,40.439999,40.470001,1096200,40.306225
2015-08-24,41.060001,41.759998,39.77,40.849998,1767000,40.684684
2015-08-21,41.099998,42.459999,40.810001,41.110001,1086900,40.943634
2015-08-20,42.709999,43.459999,42.02,42.049999,868700,41.879829
2015-08-19,43.23,43.57,42.720001,43.220001,517600,43.045096
2015-08-18,42.970001,43.43,42.73,43.34,544800,43.164609
2015-08-17,42.720001,42.939999,42.169998,42.939999,570800,42.766227
2015-08-14,42.529999,43.360001,42.330002,43.060001,545800,42.885744
2015-08-13,42.48,43.02,42.139999,42.360001,617200,42.188576
2015-08-12,42.200001,42.59,41.66,42.389999,689800,42.218453
2015-08-11,43.099998,43.50,42.360001,42.48,794600,42.308089
2015-08-10,42.189999,43.490002,42.189999,43.34,813700,43.164609
2015-08-07,42.040001,42.279999,41.759998,41.889999,544400,41.720477
2015-08-06,43.209999,43.209999,42.240002,42.27,471400,42.09894
2015-08-05,43.119999,43.799999,43.049999,43.27,465200,43.094893
2015-08-04,42.82,43.330002,42.650002,42.860001,358400,42.686552
2015-08-03,43.240002,43.50,42.639999,42.849998,638100,42.676591
2015-07-31,43.189999,43.689999,42.830002,43.18,636200,43.005257
2015-07-30,42.889999,43.27,42.709999,42.990002,878400,42.816027
2015-07-29,43.099998,43.34,42.82,43.080002,707400,42.905663
2015-07-28,42.099998,43.41,41.889999,43.23,1152300,43.055054
2015-07-27,41.91,41.959999,41.369999,41.810001,930800,41.640802
2015-07-24,43.130001,43.200001,42.130001,42.16,571300,41.989384
2015-07-23,43.630001,43.830002,43.200001,43.259998,925500,43.084931
2015-07-22,43.18,43.869999,43.009998,43.529999,998100,43.353839
2015-07-21,42.990002,43.209999,42.810001,43.130001,851100,42.95546
2015-07-20,42.98,43.240002,42.639999,42.900002,694100,42.726391
2015-07-17,44.169998,44.169998,42.880001,43.02,746400,42.845905
2015-07-16,44.540001,44.75,44.049999,44.080002,800400,43.901616
2015-07-15,46.040001,46.040001,44.16,44.360001,1988000,44.180482
2015-07-14,46.900002,47.00,45.98,46.360001,912300,46.172388
2015-07-13,46.810001,47.25,46.560001,47.099998,627200,46.909391
2015-07-10,46.060001,46.66,46.029999,46.509998,802100,46.321779
2015-07-09,46.150002,46.389999,45.349998,45.689999,1075100,45.505098
2015-07-08,46.099998,46.490002,45.529999,45.650002,1087000,45.465262
2015-07-07,45.50,46.580002,45.189999,46.43,1154100,46.242105
2015-07-06,44.93,45.48,44.68,45.290001,1463100,45.106719
2015-07-02,45.240002,46.150002,45.119999,45.25,1038500,45.06688
2015-07-01,45.240002,45.66,44.959999,45.02,1406700,44.837811
2015-06-30,44.810001,45.290001,44.529999,44.990002,1299500,44.807934
2015-06-29,46.18,46.57,44.389999,44.439999,1335400,44.260156
2015-06-26,46.200001,46.509998,45.900002,46.259998,4242100,46.072791
2015-06-25,46.950001,47.130001,46.009998,46.220001,821900,46.032955
2015-06-24,46.830002,47.150002,46.52,46.959999,757200,46.769959
2015-06-23,46.48,47.18,46.48,46.720001,789000,46.530932
2015-06-22,46.779999,46.91,46.220001,46.27,533000,46.082752
2015-06-19,46.450001,47.029999,46.369999,46.529999,667700,46.341699
2015-06-18,46.59,46.91,46.32,46.41,682500,46.222185
2015-06-17,46.59,46.959999,46.310001,46.549999,496200,46.361618
2015-06-16,46.549999,47.299999,46.349998,46.43,455000,46.242105
2015-06-15,46.48,47.040001,46.029999,46.669998,571800,46.481131
2015-06-12,46.810001,47.25,46.619999,46.66,412300,46.471173
2015-06-11,46.82,47.389999,46.630001,46.860001,736500,46.670365
2015-06-10,45.709999,46.740002,45.669998,46.68,947600,46.491093
2015-06-09,45.919998,46.279999,45.529999,46.00,1157400,45.624613
2015-06-08,45.400002,46.189999,45.25,45.799999,679500,45.426244
2015-06-05,46.029999,46.110001,45.25,45.259998,870300,44.89065
2015-06-04,46.259998,46.630001,45.82,45.91,980700,45.535347
2015-06-03,46.669998,46.669998,46.299999,46.330002,1021000,45.951922
2015-06-02,45.77,46.639999,45.73,46.32,1465500,45.942001
2015-06-01,44.099998,45.189999,43.959999,44.889999,1878000,44.52367
2015-05-29,44.990002,45.950001,43.75,43.900002,3589300,43.541752
2015-05-28,45.450001,45.669998,44.330002,45.080002,2310100,44.712122
2015-05-27,46.040001,46.369999,45.25,45.299999,1221700,44.930324
2015-05-26,45.709999,46.349998,45.450001,45.959999,1207200,45.584938
2015-05-22,45.740002,46.009998,45.439999,45.650002,846000,45.277471
2015-05-21,44.93,46.049999,44.709999,45.959999,1121200,45.584938
2015-05-20,45.279999,45.360001,44.52,45.119999,976600,44.751793
2015-05-19,46.00,46.119999,45.130001,45.18,1317800,44.811305
2015-05-18,46.400002,46.73,45.849998,46.07,849700,45.694041
2015-05-15,46.169998,46.43,45.919998,46.32,701300,45.942001
2015-05-14,47.669998,47.669998,45.990002,46.060001,1206300,45.684125
2015-05-13,48.130001,48.529999,47.349998,47.790001,796800,47.400006
2015-05-12,47.91,48.259998,47.400002,48.00,850700,47.608292
2015-05-11,48.150002,48.470001,48.119999,48.150002,624300,47.757069
2015-05-08,47.610001,48.130001,47.470001,47.990002,857900,47.598375
2015-05-07,46.52,47.349998,46.34,47.310001,675300,46.923924
2015-05-06,47.18,47.18,45.970001,46.52,796500,46.14037
2015-05-05,46.68,47.540001,46.509998,46.959999,1239600,46.576778
2015-05-04,46.110001,46.810001,45.799999,46.68,660100,46.299064
2015-05-01,45.740002,46.529999,45.529999,46.130001,737300,45.753553
2015-04-30,45.209999,45.849998,45.139999,45.57,1042000,45.198122
2015-04-29,46.150002,46.50,44.950001,45.330002,847800,44.960082
2015-04-28,46.57,47.380001,46.150002,46.700001,705500,46.318901
2015-04-27,47.799999,47.849998,46.470001,46.619999,718800,46.239552
2015-04-24,47.75,48.09,47.380001,47.57,885500,47.1818
2015-04-23,47.00,48.029999,46.77,47.73,791000,47.340495
2015-04-22,47.00,47.23,46.509998,47.150002,585100,46.76523
2015-04-21,47.099998,47.259998,46.689999,47.040001,574300,46.656127
2015-04-20,46.130001,46.990002,45.970001,46.720001,722100,46.338738
