Date,Open,High,Low,Close,Volume,Adj Close
2015-10-16,138.660004,139.850006,137.539993,138.639999,72500,138.639999
2015-10-15,136.490005,139.00,135.740005,138.490005,120200,138.490005
2015-10-14,137.729996,138.770004,135.669998,136.229996,90100,136.229996
2015-10-13,138.330002,139.809998,136.589996,137.419998,62300,137.419998
2015-10-12,139.210007,139.990005,138.639999,139.179993,101800,139.179993
2015-10-09,138.449997,139.809998,138.139999,139.190002,88400,139.190002
2015-10-08,137.050003,138.630005,135.389999,138.630005,142800,138.630005
2015-10-07,135.089996,137.949997,134.800003,136.910004,113100,136.910004
2015-10-06,136.630005,136.630005,132.490005,134.339996,112400,134.339996
2015-10-05,137.919998,139.479996,136.300003,137.309998,246400,137.309998
2015-10-02,133.720001,137.509995,133.720001,137.210007,104600,137.210007
2015-10-01,134.429993,135.169998,133.270004,135.100006,129400,135.100006
2015-09-30,134.070007,135.710007,133.460007,134.309998,167500,134.309998
2015-09-29,133.699997,136.580002,132.380005,133.190002,149600,133.190002
2015-09-28,134.149994,134.820007,131.360001,134.25,188700,134.25
2015-09-25,137.619995,137.619995,133.509995,135.00,195000,135.00
2015-09-24,137.289993,138.220001,136.169998,136.779999,85000,136.779999
2015-09-23,138.039993,139.630005,137.720001,138.059998,97300,138.059998
2015-09-22,137.600006,138.889999,136.300003,137.830002,70400,137.830002
2015-09-21,139.279999,141.300003,138.059998,138.860001,249600,138.860001
2015-09-18,138.179993,140.610001,138.179993,138.929993,171000,138.929993
2015-09-17,139.679993,141.380005,139.169998,139.850006,58500,139.850006
2015-09-16,139.910004,140.50,138.619995,139.570007,108800,139.570007
2015-09-15,138.309998,140.270004,137.300003,140.020004,102700,140.020004
2015-09-14,139.110001,139.990005,137.559998,137.889999,104600,137.889999
2015-09-11,137.50,140.729996,137.130005,139.559998,99700,139.559998
2015-09-10,139.25,139.660004,137.309998,138.729996,166300,138.729996
2015-09-09,139.009995,139.589996,137.789993,138.809998,147700,138.809998
2015-09-08,138.179993,138.639999,136.729996,138.399994,69400,138.399994
2015-09-04,135.880005,137.919998,135.880005,136.429993,108300,136.429993
2015-09-03,137.50,138.809998,135.850006,137.610001,152500,137.610001
2015-09-02,135.580002,137.130005,134.240005,137.020004,139800,137.020004
2015-09-01,138.369995,138.369995,134.089996,134.479996,169300,134.479996
2015-08-31,139.520004,141.690002,138.679993,139.330002,193400,139.330002
2015-08-28,140.860001,141.410004,138.089996,139.520004,137500,139.520004
2015-08-27,139.369995,141.729996,137.669998,141.259995,168300,141.259995
2015-08-26,136.800003,138.00,134.089996,137.720001,134500,137.720001
2015-08-25,136.740005,137.869995,134.00,134.460007,169400,134.460007
2015-08-24,135.00,136.080002,131.25,134.800003,471800,134.800003
2015-08-21,141.330002,142.660004,139.979996,139.979996,137300,139.979996
2015-08-20,145.960007,146.550003,142.399994,142.679993,79200,142.679993
2015-08-19,147.470001,147.639999,146.080002,146.509995,85900,146.509995
2015-08-18,149.309998,150.080002,147.990005,148.210007,100900,148.210007
2015-08-17,146.259995,149.880005,145.339996,149.869995,94700,149.869995
2015-08-14,147.050003,147.949997,146.139999,146.25,82500,146.25
2015-08-13,146.75,148.570007,145.910004,146.929993,117200,146.929993
2015-08-12,147.589996,148.619995,145.720001,146.919998,86600,146.919998
2015-08-11,150.449997,151.279999,148.220001,148.720001,116100,148.720001
2015-08-10,149.490005,151.75,148.789993,151.389999,123900,151.389999
2015-08-07,146.160004,149.199997,143.929993,148.809998,231200,148.809998
2015-08-06,148.979996,149.190002,144.190002,144.710007,112500,144.710007
2015-08-05,149.309998,150.059998,148.929993,149.149994,124500,149.149994
2015-08-04,149.850006,150.919998,148.580002,148.970001,80000,148.970001
2015-08-03,151.059998,151.330002,149.360001,149.639999,93900,149.639999
2015-07-31,151.139999,152.320007,150.240005,150.740005,119700,150.740005
2015-07-30,149.960007,151.669998,148.830002,150.809998,71300,150.809998
2015-07-29,149.570007,151.119995,148.820007,150.460007,83500,150.460007
2015-07-28,147.149994,150.630005,145.990005,149.449997,139900,149.449997
2015-07-27,148.199997,148.479996,146.279999,146.449997,99000,146.449997
2015-07-24,150.410004,151.559998,148.380005,148.410004,76200,148.410004
2015-07-23,151.740005,151.839996,149.880005,150.889999,70000,150.889999
2015-07-22,149.809998,151.949997,148.809998,151.259995,108700,151.259995
2015-07-21,149.830002,150.800003,148.630005,150.050003,162600,150.050003
2015-07-20,151.490005,151.899994,149.130005,149.570007,135600,149.570007
2015-07-17,151.630005,151.869995,150.570007,151.559998,63000,151.559998
2015-07-16,151.050003,151.830002,150.320007,151.240005,111500,151.240005
2015-07-15,151.990005,152.380005,150.50,150.580002,103900,150.580002
2015-07-14,151.089996,151.979996,150.300003,151.929993,120400,151.929993
2015-07-13,148.160004,151.210007,148.149994,150.779999,128800,150.779999
2015-07-10,147.520004,148.240005,146.899994,147.970001,138700,147.970001
2015-07-09,147.940002,148.240005,146.479996,146.699997,115800,146.699997
2015-07-08,148.399994,148.990005,146.309998,147.190002,165400,147.190002
2015-07-07,148.580002,149.009995,145.839996,148.860001,146300,148.860001
2015-07-06,145.610001,148.919998,145.600006,148.559998,319700,148.559998
2015-07-02,149.419998,149.550003,145.520004,146.369995,141800,146.369995
2015-07-01,151.759995,152.00,149.699997,149.949997,206200,149.949997
2015-06-30,151.009995,151.009995,149.729996,150.610001,180800,150.610001
2015-06-29,150.25,151.970001,149.479996,150.25,224300,150.25
2015-06-26,150.660004,151.270004,149.600006,150.210007,151900,150.210007
2015-06-25,148.940002,150.339996,148.059998,150.160004,168900,150.160004
2015-06-24,149.309998,150.110001,148.119995,148.919998,431400,148.919998
2015-06-23,150.050003,150.460007,148.00,149.800003,120600,149.800003
2015-06-22,149.839996,150.630005,148.949997,150.270004,153400,150.270004
2015-06-19,148.509995,149.419998,147.740005,149.059998,118000,149.059998
2015-06-18,148.639999,150.679993,148.100006,149.529999,87400,149.529999
2015-06-17,148.789993,149.580002,147.020004,148.740005,66300,148.740005
2015-06-16,147.369995,149.729996,146.75,148.460007,76000,148.460007
2015-06-15,148.490005,148.490005,146.559998,147.369995,50600,147.369995
2015-06-12,150.449997,150.529999,148.610001,148.869995,37500,148.869995
2015-06-11,150.279999,151.490005,150.100006,151.229996,77200,151.229996
2015-06-10,147.229996,150.490005,146.960007,150.289993,167500,150.289993
2015-06-09,146.830002,147.679993,145.509995,146.259995,57100,146.259995
2015-06-08,148.080002,148.080002,146.50,146.889999,76900,146.889999
2015-06-05,147.399994,148.229996,146.210007,148.080002,141800,148.080002
2015-06-04,147.529999,148.979996,146.919998,147.429993,123900,147.429993
2015-06-03,146.00,148.220001,145.869995,147.699997,145400,147.699997
2015-06-02,143.429993,145.970001,143.429993,145.800003,111100,145.800003
2015-06-01,143.990005,145.740005,143.759995,143.929993,128300,143.929993
2015-05-29,142.710007,144.619995,141.839996,144.369995,171000,144.369995
2015-05-28,141.270004,144.00,141.270004,142.360001,219600,142.360001
2015-05-27,144.00,144.779999,143.710007,143.990005,440600,143.990005
2015-05-26,144.149994,145.279999,143.25,144.139999,140800,144.139999
2015-05-22,145.429993,145.899994,144.119995,145.130005,98200,145.130005
2015-05-21,145.50,146.990005,145.029999,145.800003,221100,145.800003
2015-05-20,146.00,146.789993,145.100006,146.119995,147400,146.119995
2015-05-19,147.470001,147.619995,145.020004,145.520004,305600,145.520004
2015-05-18,146.00,147.479996,145.009995,147.300003,118800,147.300003
2015-05-15,144.029999,146.160004,143.820007,146.160004,121100,146.160004
2015-05-14,145.419998,145.949997,143.729996,144.130005,139900,144.130005
2015-05-13,143.919998,144.899994,142.630005,144.50,144800,144.50
2015-05-12,144.00,144.190002,142.660004,143.470001,84900,143.470001
2015-05-11,145.020004,145.839996,144.529999,144.690002,93200,144.690002
2015-05-08,143.240005,145.270004,142.949997,145.020004,114800,145.020004
2015-05-07,142.75,143.970001,141.679993,141.869995,192500,141.869995
2015-05-06,140.00,147.130005,138.110001,142.990005,428600,142.990005
2015-05-05,137.149994,137.419998,134.690002,134.690002,118800,134.690002
2015-05-04,135.770004,137.970001,135.770004,137.080002,152000,137.080002
2015-05-01,134.559998,135.380005,133.380005,134.960007,110300,134.960007
2015-04-30,134.770004,135.850006,134.009995,134.449997,125400,134.449997
2015-04-29,136.139999,137.419998,134.970001,135.639999,113800,135.639999
2015-04-28,135.110001,136.720001,134.369995,136.309998,113600,136.309998
2015-04-27,137.619995,137.619995,134.460007,134.940002,176500,134.940002
2015-04-24,137.410004,138.25,136.809998,137.410004,81300,137.410004
2015-04-23,136.220001,137.919998,135.839996,137.399994,105800,137.399994
2015-04-22,136.320007,137.520004,135.850006,136.639999,106500,136.639999
2015-04-21,136.830002,137.710007,136.240005,136.619995,126200,136.619995
2015-04-20,136.460007,137.139999,136.149994,136.429993,86200,136.429993
