Date,Open,High,Low,Close,Volume,Adj Close
2015-10-15,44.619999,45.450001,44.380001,45.34,225400,45.34
2015-10-14,44.34,44.810001,44.34,44.470001,136300,44.470001
2015-10-13,43.860001,44.380001,43.860001,44.220001,175000,44.220001
2015-10-12,43.470001,44.16,43.360001,43.880001,166900,43.880001
2015-10-09,43.919998,44.119999,43.040001,43.330002,229200,43.330002
2015-10-08,42.57,43.93,42.57,43.869999,245300,43.869999
2015-10-07,42.740002,43.169998,42.380001,42.59,371200,42.59
2015-10-06,42.82,42.990002,42.439999,42.59,381100,42.59
2015-10-05,42.080002,42.98,42.060001,42.98,276600,42.98
2015-10-02,42.09,42.119999,41.290001,42.080002,287100,42.080002
2015-10-01,41.50,42.07,41.240002,41.709999,424300,41.709999
2015-09-30,40.700001,41.450001,40.43,41.34,372500,41.34
2015-09-29,39.919998,40.50,39.799999,40.389999,340400,40.389999
2015-09-28,39.439999,40.220001,39.369999,39.849998,225000,39.849998
2015-09-25,39.169998,40.029999,38.860001,39.580002,386900,39.580002
2015-09-24,37.84,39.18,37.810001,39.09,283200,39.09
2015-09-23,38.169998,38.23,37.68,37.98,229000,37.98
2015-09-22,38.049999,38.41,37.790001,38.16,154300,38.16
2015-09-21,38.279999,38.549999,38.240002,38.360001,209400,38.360001
2015-09-18,38.529999,39.009998,37.970001,38.150002,427800,38.150002
2015-09-17,38.25,39.360001,38.25,38.880001,213000,38.880001
2015-09-16,37.919998,38.41,37.619999,38.32,202800,38.32
2015-09-15,37.630001,37.900002,37.380001,37.860001,186200,37.860001
2015-09-14,37.360001,37.650002,37.130001,37.59,230900,37.59
2015-09-11,37.349998,37.459999,36.810001,37.290001,258200,37.290001
2015-09-10,38.040001,38.34,37.34,37.470001,172400,37.470001
2015-09-09,38.84,38.919998,38.040001,38.119999,187800,38.119999
2015-09-08,38.16,38.84,37.59,38.759998,237200,38.759998
2015-09-04,38.029999,38.060001,37.450001,37.75,202900,37.75
2015-09-03,38.450001,38.860001,38.259998,38.50,218200,38.50
2015-09-02,38.700001,38.790001,37.700001,38.27,293400,38.27
2015-09-01,39.360001,39.560001,38.220001,38.330002,326500,38.330002
2015-08-31,40.009998,40.009998,39.209999,39.779999,251800,39.779999
2015-08-28,39.860001,40.189999,39.68,40.110001,253800,40.110001
2015-08-27,39.599998,39.869999,39.029999,39.799999,197100,39.799999
2015-08-26,39.189999,39.59,38.32,39.380001,423200,39.380001
2015-08-25,40.799999,40.810001,38.57,38.57,280500,38.57
2015-08-24,40.900002,41.560001,39.869999,39.900002,411700,39.900002
2015-08-21,41.869999,42.919998,41.049999,42.349998,406700,42.349998
2015-08-20,42.02,42.93,41.849998,42.48,323600,42.48
2015-08-19,41.950001,42.599998,41.560001,42.459999,283400,42.459999
2015-08-18,42.220001,42.34,41.82,42.099998,234700,42.099998
2015-08-17,42.02,42.549999,41.860001,42.439999,292500,42.439999
2015-08-14,41.93,42.200001,41.720001,42.189999,292300,42.189999
2015-08-13,42.889999,42.900002,42.119999,42.279999,392300,41.874999
2015-08-12,41.560001,42.759998,41.369999,42.639999,432400,42.231551
2015-08-11,41.639999,42.07,41.27,41.709999,259800,41.310459
2015-08-10,41.919998,42.09,41.560001,41.669998,325800,41.270841
2015-08-07,41.73,42.040001,41.52,41.799999,252900,41.399597
2015-08-06,41.099998,41.900002,40.25,41.900002,399200,41.498641
2015-08-05,40.610001,41.529999,40.459999,41.110001,308100,40.716208
2015-08-04,41.470001,41.48,40.00,40.07,285600,39.686169
2015-08-03,41.740002,42.07,41.200001,41.299999,270000,40.904386
2015-07-31,41.360001,41.959999,41.130001,41.66,550300,41.260939
2015-07-30,40.810001,41.849998,40.720001,40.919998,248800,40.528025
2015-07-29,41.009998,41.200001,40.73,40.98,194900,40.587452
2015-07-28,41.00,41.27,40.470001,41.080002,248500,40.686496
2015-07-27,40.25,41.130001,40.09,40.919998,282500,40.528025
2015-07-24,40.360001,40.610001,40.049999,40.189999,243800,39.805019
2015-07-23,40.900002,40.900002,39.790001,40.299999,252700,39.913965
2015-07-22,40.700001,41.18,40.66,40.869999,292300,40.478505
2015-07-21,41.720001,41.720001,40.509998,40.740002,353900,40.349753
2015-07-20,43.240002,43.360001,41.759998,41.799999,356300,41.399597
2015-07-17,44.220001,44.220001,42.849998,43.360001,606300,42.944655
2015-07-16,44.490002,45.080002,43.860001,44.240002,598000,43.816227
2015-07-15,45.060001,45.34,44.220001,44.27,399900,43.845938
2015-07-14,45.630001,45.939999,44.919998,45.18,453100,44.747221
2015-07-13,46.900002,47.27,45.639999,45.700001,552500,45.26224
2015-07-10,46.50,47.099998,46.119999,46.84,241600,46.39132
2015-07-09,46.52,46.860001,46.060001,46.18,377200,45.737642
2015-07-08,45.810001,46.349998,45.740002,46.189999,266000,45.747544
2015-07-07,45.560001,46.290001,45.419998,46.189999,224100,45.747544
2015-07-06,45.009998,45.75,44.950001,45.360001,440500,44.925497
2015-07-02,43.939999,45.139999,43.580002,45.009998,311300,44.578847
2015-07-01,43.720001,43.869999,43.209999,43.540001,276500,43.122931
2015-06-30,44.209999,44.209999,43.48,43.650002,256000,43.231878
2015-06-29,44.48,44.950001,43.869999,43.91,185900,43.489386
2015-06-26,43.849998,44.82,43.650002,44.650002,379700,44.222299
2015-06-25,44.34,44.34,43.740002,43.810001,125300,43.390345
2015-06-24,44.740002,44.77,44.200001,44.220001,156800,43.796418
2015-06-23,45.049999,45.369999,44.52,44.73,123000,44.301531
2015-06-22,45.57,45.57,44.990002,45.099998,107100,44.667985
2015-06-19,45.439999,45.68,45.049999,45.290001,276700,44.856168
2015-06-18,44.82,45.619999,44.82,45.369999,189700,44.9354
2015-06-17,44.580002,44.990002,44.290001,44.689999,108600,44.261913
2015-06-16,44.00,44.549999,43.799999,44.540001,135700,44.113352
2015-06-15,44.59,44.59,44.00,44.07,122900,43.647853
2015-06-12,45.32,45.32,44.630001,44.759998,117300,44.331242
2015-06-11,45.139999,45.450001,44.939999,45.439999,203400,45.004729
2015-06-10,44.380001,45.080002,44.25,44.849998,227200,44.42038
2015-06-09,44.759998,45.009998,44.23,44.25,167800,43.826129
2015-06-08,45.119999,46.59,44.689999,44.810001,264500,44.380766
2015-06-05,45.669998,45.669998,44.470001,45.110001,348000,44.677892
2015-06-04,46.650002,46.990002,45.77,46.029999,188300,45.589077
2015-06-03,47.32,47.73,46.77,46.93,169000,46.480458
2015-06-02,47.639999,47.639999,47.02,47.419998,196900,46.965762
2015-06-01,48.209999,48.209999,47.43,48.00,193800,47.540208
2015-05-29,48.290001,48.490002,47.709999,47.779999,163000,47.322314
2015-05-28,47.889999,48.52,47.810001,48.34,440100,47.876951
2015-05-27,47.50,48.099998,47.16,48.060001,294600,47.599634
2015-05-26,47.470001,47.470001,46.68,47.259998,227200,46.807295
2015-05-22,47.919998,48.099998,47.470001,47.77,107600,47.312411
2015-05-21,47.619999,48.110001,47.50,48.009998,141700,47.55011
2015-05-20,47.439999,47.84,47.200001,47.52,199200,47.064806
2015-05-19,47.740002,48.080002,47.27,47.439999,267400,46.985571
2015-05-18,47.470001,48.16,47.32,47.990002,132700,47.530305
2015-05-15,47.150002,47.959999,46.990002,47.689999,144600,47.233176
2015-05-14,47.139999,47.240002,46.650002,47.009998,188600,46.559689
2015-05-13,47.639999,47.639999,47.099998,47.25,237800,46.396272
2015-05-12,47.549999,47.91,47.040001,47.369999,155100,46.514103
2015-05-11,47.900002,48.549999,47.599998,47.759998,190700,46.897056
2015-05-08,48.299999,48.68,47.869999,48.060001,206000,47.191638
2015-05-07,47.669998,47.990002,47.27,47.810001,295300,46.946155
2015-05-06,48.990002,49.119999,47.919998,48.459999,235000,47.584409
2015-05-05,50.150002,50.150002,48.57,48.939999,299200,48.055735
2015-05-04,49.200001,50.09,49.200001,49.650002,173600,48.75291
2015-05-01,49.299999,49.689999,48.709999,49.169998,186500,48.281579
2015-04-30,50.290001,50.580002,49.029999,49.290001,266100,48.399414
2015-04-29,50.57,50.82,50.259998,50.619999,135000,49.705381
2015-04-28,50.02,51.27,49.830002,51.02,180000,50.098155
2015-04-27,51.119999,51.50,49.599998,50.049999,194100,49.14568
2015-04-24,50.610001,51.349998,50.540001,51.09,100600,50.16689
2015-04-23,50.27,50.709999,50.02,50.669998,113000,49.754477
2015-04-22,50.610001,50.610001,49.650002,50.330002,128600,49.420624
2015-04-21,51.48,51.48,50.50,50.66,103900,49.744659
2015-04-20,50.529999,51.900002,50.529999,51.259998,133100,50.333817
