Date,Open,High,Low,Close,Volume,Adj Close
2015-10-16,64.370003,64.730003,63.950001,64.540001,128900,64.540001
2015-10-15,63.59,64.230003,63.150002,64.220001,166200,64.220001
2015-10-14,64.879997,64.879997,63.009998,63.18,158000,63.18
2015-10-13,65.089996,65.639999,64.769997,64.940002,132200,64.940002
2015-10-12,64.800003,65.639999,64.75,65.339996,130500,65.339996
2015-10-09,65.650002,65.93,64.669998,65.00,139300,65.00
2015-10-08,64.959999,65.709999,64.599998,65.660004,141400,65.660004
2015-10-07,64.220001,65.129997,64.099998,65.089996,180300,65.089996
2015-10-06,63.799999,64.110001,63.380001,63.82,205700,63.82
2015-10-05,62.82,63.98,62.349998,63.810001,137400,63.810001
2015-10-02,61.84,62.450001,60.549999,62.41,208400,62.41
2015-10-01,63.299999,63.73,62.689999,63.669998,211700,63.669998
2015-09-30,63.189999,63.560001,62.790001,63.490002,249200,63.490002
2015-09-29,62.720001,63.040001,62.400002,62.860001,217100,62.860001
2015-09-28,62.84,63.040001,62.16,62.639999,231800,62.639999
2015-09-25,62.860001,63.560001,62.68,62.869999,195400,62.869999
2015-09-24,61.259998,62.299999,61.139999,62.240002,180900,62.240002
2015-09-23,61.759998,62.50,61.330002,61.880001,210700,61.880001
2015-09-22,61.209999,61.939999,61.09,61.790001,225800,61.790001
2015-09-21,61.189999,62.099998,60.990002,61.849998,247500,61.849998
2015-09-18,61.50,61.810001,60.040001,60.740002,832700,60.740002
2015-09-17,63.900002,64.660004,62.169998,62.540001,190400,62.540001
2015-09-16,63.759998,64.029999,63.07,64.010002,134900,64.010002
2015-09-15,63.169998,63.950001,62.869999,63.82,99400,63.82
2015-09-14,62.650002,63.459999,62.549999,62.959999,151900,62.959999
2015-09-11,62.450001,62.950001,62.110001,62.779999,136400,62.779999
2015-09-10,61.91,63.110001,61.779999,62.450001,174300,62.450001
2015-09-09,63.09,63.150002,61.950001,62.060001,203900,62.060001
2015-09-08,61.93,62.560001,61.48,62.389999,130900,62.389999
2015-09-04,60.57,61.139999,60.41,60.939999,153400,60.939999
2015-09-03,60.639999,61.490002,60.639999,61.150002,118300,61.150002
2015-09-02,60.240002,60.73,59.689999,60.610001,255700,60.610001
2015-09-01,60.759998,61.240002,59.43,59.66,247000,59.66
2015-08-31,61.540001,62.349998,61.380001,62.060001,272600,62.060001
2015-08-28,61.610001,62.490002,61.400002,61.860001,219100,61.860001
2015-08-27,61.98,62.369999,61.110001,61.849998,331300,61.849998
2015-08-26,60.919998,61.360001,59.849998,61.240002,489600,60.790003
2015-08-25,61.82,62.07,59.720001,59.75,334000,59.31095
2015-08-24,60.709999,60.990002,58.529999,60.830002,402800,60.383016
2015-08-21,64.150002,64.410004,63.619999,63.68,320900,63.212072
2015-08-20,65.839996,65.910004,64.760002,64.790001,241000,64.313916
2015-08-19,67.349998,67.760002,66.50,66.510002,138800,66.021279
2015-08-18,67.589996,67.870003,67.279999,67.660004,148000,67.16283
2015-08-17,67.050003,67.93,66.650002,67.519997,190300,67.023852
2015-08-14,66.519997,67.489998,66.489998,67.440002,184500,66.944445
2015-08-13,66.540001,66.940002,65.910004,66.529999,191300,66.041128
2015-08-12,67.300003,67.300003,65.349998,66.43,293400,65.941865
2015-08-11,68.209999,68.620003,67.050003,67.550003,240200,67.053638
2015-08-10,68.00,68.639999,67.849998,68.599998,168000,68.095917
2015-08-07,67.510002,67.980003,66.910004,67.650002,153200,67.152901
2015-08-06,68.410004,68.830002,67.269997,67.57,134600,67.073487
2015-08-05,68.120003,69.00,67.050003,68.339996,180100,67.837826
2015-08-04,67.57,68.519997,67.300003,67.839996,169700,67.3415
2015-08-03,67.349998,67.730003,66.790001,67.529999,178800,67.03378
2015-07-31,67.379997,67.980003,66.779999,67.470001,248900,66.974224
2015-07-30,67.220001,67.669998,66.980003,67.389999,206300,66.89481
2015-07-29,67.32,67.709999,67.019997,67.339996,329100,66.845174
2015-07-28,66.980003,67.690002,66.32,67.349998,274500,66.855103
2015-07-27,66.809998,67.599998,66.00,66.669998,213900,66.180099
2015-07-24,67.540001,67.540001,66.559998,66.769997,182300,66.279363
2015-07-23,68.32,68.400002,67.00,67.459999,228300,66.964295
2015-07-22,67.269997,68.410004,67.269997,68.080002,174700,67.579742
2015-07-21,67.949997,68.480003,67.25,67.290001,172700,66.795546
2015-07-20,66.949997,67.980003,66.949997,67.93,169000,67.430842
2015-07-17,67.599998,67.599998,66.540001,66.919998,172900,66.428262
2015-07-16,67.690002,68.110001,67.400002,67.720001,231000,67.222387
2015-07-15,67.169998,67.739998,66.669998,67.379997,180000,66.884881
2015-07-14,66.510002,67.07,66.300003,66.889999,170300,66.398484
2015-07-13,66.75,67.040001,66.610001,66.839996,163500,66.348848
2015-07-10,66.800003,67.00,66.010002,66.290001,173800,65.802894
2015-07-09,65.870003,66.349998,65.260002,65.839996,278800,65.356196
2015-07-08,65.519997,65.779999,65.00,65.25,251100,64.770535
2015-07-07,66.559998,66.68,65.370003,65.970001,257600,65.485246
2015-07-06,66.059998,66.779999,66.00,66.779999,277000,66.289291
2015-07-02,67.589996,67.589996,66.389999,66.779999,182900,66.289291
2015-07-01,67.400002,67.68,66.989998,67.650002,239200,67.152901
2015-06-30,67.129997,67.589996,66.330002,66.68,337500,66.190028
2015-06-29,67.510002,67.790001,66.370003,66.480003,217800,65.9915
2015-06-26,67.75,68.099998,67.519997,68.029999,257500,67.530106
2015-06-25,67.610001,67.919998,67.199997,67.470001,163100,66.974224
2015-06-24,67.57,68.00,67.190002,67.220001,177900,66.726061
2015-06-23,67.459999,68.07,67.459999,67.82,267200,67.32165
2015-06-22,67.25,67.610001,66.769997,67.279999,286500,66.785617
2015-06-19,66.43,66.93,66.209999,66.620003,289400,66.130471
2015-06-18,66.190002,66.720001,65.849998,66.480003,378700,65.9915
2015-06-17,67.730003,67.900002,66.120003,66.220001,180900,65.733409
2015-06-16,66.459999,67.669998,66.290001,67.50,248200,67.004002
2015-06-15,66.040001,66.779999,65.589996,66.370003,219000,65.882308
2015-06-12,66.800003,67.050003,66.239998,66.730003,179700,66.239663
2015-06-11,66.660004,66.970001,66.230003,66.849998,184600,66.358777
2015-06-10,66.230003,66.910004,65.910004,66.769997,247200,66.279363
2015-06-09,65.190002,66.139999,64.809998,65.830002,208500,65.346275
2015-06-08,64.529999,65.290001,64.32,65.019997,299800,64.542222
2015-06-05,63.880001,64.769997,63.849998,64.739998,246800,64.264281
2015-06-04,63.48,63.790001,63.23,63.540001,221800,63.073101
2015-06-03,63.349998,64.120003,63.169998,63.889999,180200,63.420528
2015-06-02,62.82,63.259998,62.529999,63.110001,290800,62.646261
2015-06-01,63.060001,63.490002,62.34,62.860001,340400,62.398098
2015-05-29,62.799999,62.950001,62.169998,62.77,445600,62.308759
2015-05-28,62.630001,62.880001,62.27,62.830002,207800,62.368319
2015-05-27,62.650002,62.98,62.450001,62.630001,331700,62.169788
2015-05-26,63.189999,63.529999,62.810001,63.099998,355300,62.189639
2015-05-22,63.50,63.73,63.299999,63.470001,167600,62.554304
2015-05-21,63.490002,63.93,62.990002,63.450001,166000,62.534592
2015-05-20,63.720001,63.84,63.029999,63.75,205800,62.830263
2015-05-19,63.189999,63.720001,62.900002,63.709999,181200,62.790839
2015-05-18,62.040001,63.189999,62.02,63.07,168300,62.160073
2015-05-15,62.560001,62.720001,61.82,61.990002,241900,61.095657
2015-05-14,62.349998,62.810001,62.240002,62.650002,154600,61.746135
2015-05-13,61.869999,62.48,61.560001,62.299999,179700,61.401182
2015-05-12,61.450001,62.189999,60.860001,61.959999,240800,61.066087
2015-05-11,60.709999,61.709999,60.709999,61.650002,281900,60.760562
2015-05-08,60.57,60.970001,60.099998,60.799999,169700,59.922823
2015-05-07,60.110001,60.889999,60.009998,60.369999,156600,59.499026
2015-05-06,60.18,60.389999,59.720001,60.369999,283000,59.499026
2015-05-05,60.18,60.810001,60.00,60.110001,211000,59.242779
2015-05-04,60.02,60.580002,59.950001,60.380001,196800,59.508884
2015-05-01,60.790001,61.07,59.869999,59.91,204300,59.045664
2015-04-30,60.970001,61.34,60.200001,60.389999,334900,59.518738
2015-04-29,60.509998,61.419998,60.48,60.959999,243500,60.080514
2015-04-28,59.790001,60.700001,59.630001,60.50,245200,59.627152
2015-04-27,60.209999,60.52,59.43,59.73,211800,58.86826
2015-04-24,60.240002,60.400002,59.869999,60.169998,317600,59.301911
2015-04-23,59.669998,60.610001,59.41,60.32,327600,59.449748
2015-04-22,59.369999,60.209999,58.700001,59.799999,423500,58.93725
2015-04-21,60.419998,61.049999,59.650002,59.82,363500,58.956962
2015-04-20,62.00,62.209999,60.68,60.799999,366300,59.922823
