Date,Open,High,Low,Close,Volume,Adj Close
2015-10-15,56.66,57.310001,56.66,57.279999,840700,57.279999
2015-10-14,57.00,57.290001,56.400002,56.50,232100,56.50
2015-10-13,57.279999,57.75,57.02,57.029999,375700,57.029999
2015-10-12,57.459999,57.650002,57.16,57.50,308300,57.50
2015-10-09,57.07,57.400002,56.990002,57.330002,712700,57.330002
2015-10-08,56.439999,57.279999,55.689999,57.049999,495000,57.049999
2015-10-07,56.82,57.00,56.200001,56.470001,874800,56.470001
2015-10-06,57.25,57.470001,56.459999,56.619999,471200,56.619999
2015-10-05,57.029999,57.860001,56.990002,57.369999,968400,57.369999
2015-10-02,54.389999,56.830002,54.200001,56.830002,1230300,56.830002
2015-10-01,55.490002,56.029999,54.419998,54.970001,1181300,54.970001
2015-09-30,55.48,55.959999,54.990002,55.349998,774700,55.349998
2015-09-29,54.84,55.34,54.43,55.00,673400,55.00
2015-09-28,55.360001,55.669998,54.34,54.610001,612400,54.610001
2015-09-25,55.41,56.259998,55.240002,55.459999,421500,55.459999
2015-09-24,54.73,55.259998,54.389999,55.060001,541900,55.060001
2015-09-23,55.110001,55.50,54.889999,55.200001,501000,55.200001
2015-09-22,55.130001,55.18,54.34,55.080002,709800,55.080002
2015-09-21,54.48,55.369999,54.48,55.00,502700,55.00
2015-09-18,54.040001,54.790001,54.029999,54.189999,1345000,54.189999
2015-09-17,54.709999,55.32,54.59,54.75,632500,54.75
2015-09-16,53.740002,54.93,53.41,54.84,1212300,54.84
2015-09-15,52.450001,53.009998,52.330002,52.869999,538700,52.869999
2015-09-14,52.700001,52.75,52.259998,52.419998,423800,52.419998
2015-09-11,52.00,52.77,51.849998,52.740002,689500,52.740002
2015-09-10,52.48,53.02,52.200001,52.380001,850000,52.080002
2015-09-09,53.09,53.200001,52.43,52.57,1202000,52.268913
2015-09-08,51.689999,52.880001,51.34,52.84,1103300,52.537367
2015-09-04,51.060001,51.48,50.52,50.799999,834300,50.50905
2015-09-03,51.84,52.700001,51.66,51.759998,918500,51.463551
2015-09-02,51.799999,51.900002,51.009998,51.75,1056700,51.45361
2015-09-01,51.700001,51.939999,50.41,51.009998,1866200,50.717846
2015-08-31,53.32,53.529999,52.68,52.790001,572600,52.487654
2015-08-28,53.119999,53.580002,52.860001,53.529999,694700,53.223414
2015-08-27,52.889999,53.560001,52.369999,53.34,798500,53.034503
2015-08-26,51.860001,52.540001,50.549999,52.389999,970000,52.089943
2015-08-25,52.509998,52.59,50.560001,50.610001,1061000,50.320139
2015-08-24,50.110001,52.459999,49.82,51.00,1143200,50.707905
2015-08-21,53.900002,54.32,52.880001,52.880001,718000,52.577139
2015-08-20,55.209999,55.43,54.330002,54.34,557300,54.028776
2015-08-19,56.07,56.310001,55.48,55.759998,343100,55.440641
2015-08-18,56.700001,56.73,56.279999,56.310001,389900,55.987494
2015-08-17,56.139999,56.93,55.75,56.73,408400,56.405087
2015-08-14,56.209999,56.450001,55.900002,56.299999,411300,55.977549
2015-08-13,59.509998,59.509998,55.029999,56.18,331400,55.858238
2015-08-12,55.709999,56.049999,54.959999,55.82,601500,55.500299
2015-08-11,56.630001,56.990002,56.060001,56.25,458900,55.927837
2015-08-10,56.380001,57.32,56.27,57.130001,945600,56.802798
2015-08-07,49.009998,56.07,49.009998,56.049999,1281600,55.728981
2015-08-06,54.540001,54.700001,53.810001,54.099998,950900,53.790149
2015-08-05,54.580002,54.810001,54.099998,54.360001,674400,54.048662
2015-08-04,54.25,54.740002,53.43,54.34,363500,54.028776
2015-08-03,54.360001,54.470001,53.830002,54.299999,328000,53.989004
2015-07-31,54.540001,54.68,54.23,54.27,432500,53.959177
2015-07-30,54.23,54.669998,53.810001,54.310001,521600,53.998949
2015-07-29,53.130001,54.34,53.009998,54.310001,406900,53.998949
2015-07-28,52.529999,53.209999,52.299999,53.200001,441600,52.895306
2015-07-27,52.700001,52.939999,52.330002,52.459999,384800,52.159542
2015-07-24,53.77,53.77,52.860001,53.110001,743200,52.805821
2015-07-23,53.119999,53.889999,53.080002,53.610001,743100,53.302957
2015-07-22,52.919998,53.16,52.880001,53.060001,689800,52.756108
2015-07-21,53.380001,53.450001,53.00,53.130001,404500,52.825707
2015-07-20,53.400002,53.48,53.169998,53.330002,598900,53.024562
2015-07-17,53.709999,53.77,53.220001,53.240002,335500,52.935078
2015-07-16,53.810001,53.959999,53.68,53.77,431700,53.462041
2015-07-15,53.68,53.779999,53.439999,53.59,312500,53.283071
2015-07-14,53.82,54.029999,53.549999,53.700001,375400,53.392442
2015-07-13,54.060001,54.310001,53.669998,53.689999,728500,53.382497
2015-07-10,53.490002,53.84,53.349998,53.57,734500,53.263186
2015-07-09,52.689999,53.029999,52.57,52.939999,970700,52.636793
2015-07-08,52.139999,52.290001,51.880001,52.099998,847500,51.801604
2015-07-07,52.110001,52.610001,51.790001,52.43,688500,52.129715
2015-07-06,51.669998,52.110001,51.43,52.049999,822600,51.751891
2015-07-02,51.799999,51.889999,51.25,51.799999,801500,51.503322
2015-07-01,50.310001,51.720001,50.310001,51.650002,1099100,51.354184
2015-06-30,50.48,50.52,49.669998,50.009998,745300,49.723574
2015-06-29,49.950001,50.720001,49.900002,50.040001,807100,49.753404
2015-06-26,51.799999,51.990002,50.529999,50.68,1362100,50.389738
2015-06-25,51.73,51.790001,51.470001,51.560001,289400,51.264699
2015-06-24,52.299999,52.349998,51.59,51.619999,406000,51.324353
2015-06-23,52.860001,52.919998,52.23,52.310001,554400,52.010404
2015-06-22,52.52,52.73,52.330002,52.650002,386900,52.348457
2015-06-19,52.389999,52.450001,52.00,52.150002,573200,51.85132
2015-06-18,51.91,52.380001,51.689999,52.310001,503100,52.010404
2015-06-17,52.130001,52.16,51.700001,51.77,372300,51.473496
2015-06-16,51.529999,52.00,51.400002,51.91,419800,51.612693
2015-06-15,51.470001,52.09,51.169998,51.619999,504300,51.324353
2015-06-12,52.700001,52.759998,52.139999,52.150002,697300,51.582865
2015-06-11,52.889999,53.09,52.150002,52.970001,551600,52.393947
2015-06-10,52.75,53.16,52.490002,52.799999,503500,52.225794
2015-06-09,52.75,52.75,52.150002,52.580002,414000,52.008189
2015-06-08,53.310001,53.560001,52.810001,52.810001,340800,52.235687
2015-06-05,53.619999,53.700001,53.130001,53.549999,480700,52.967637
2015-06-04,54.139999,54.41,53.549999,53.610001,360600,53.026986
2015-06-03,54.049999,54.639999,53.66,54.23,613400,53.640243
2015-06-02,54.040001,54.16,53.549999,53.810001,816400,53.224812
2015-06-01,54.32,54.73,53.709999,54.279999,815100,53.689698
2015-05-29,54.50,54.66,54.09,54.18,793300,53.590787
2015-05-28,54.57,54.82,54.349998,54.57,598400,53.976545
2015-05-27,53.990002,54.93,53.779999,54.720001,768200,54.124915
2015-05-26,53.75,53.91,53.360001,53.860001,902100,53.274267
2015-05-22,53.939999,54.259998,53.830002,54.080002,485900,53.491876
2015-05-21,54.490002,54.740002,54.09,54.169998,598200,53.580894
2015-05-20,54.25,54.68,54.040001,54.540001,700200,53.946873
2015-05-19,53.880001,54.25,53.700001,54.169998,703200,53.580894
2015-05-18,52.639999,53.91,52.59,53.779999,744300,53.195136
2015-05-15,51.799999,52.779999,51.799999,52.75,794900,52.176338
2015-05-14,51.75,51.919998,51.459999,51.709999,869300,51.147647
2015-05-13,51.580002,51.880001,51.299999,51.529999,666500,50.969605
2015-05-12,51.09,51.700001,50.68,51.43,670500,50.870694
2015-05-11,50.98,51.849998,50.810001,51.23,1682400,50.672868
2015-05-08,53.50,53.790001,50.549999,51.029999,2021700,50.475042
2015-05-07,53.650002,54.380001,53.48,54.099998,477700,53.511655
2015-05-06,54.049999,54.32,53.529999,53.779999,488400,53.195136
2015-05-05,54.139999,54.380001,53.639999,53.830002,321700,53.244595
2015-05-04,54.34,54.689999,54.25,54.290001,388300,53.699591
2015-05-01,54.16,54.619999,54.060001,54.34,589100,53.749047
2015-04-30,54.150002,54.560001,53.73,53.919998,609800,53.333612
2015-04-29,54.080002,54.700001,54.02,54.389999,553600,53.798502
2015-04-28,53.66,54.389999,53.52,54.200001,725500,53.61057
2015-04-27,54.57,54.59,53.709999,53.77,422600,53.185246
2015-04-24,54.32,54.75,54.110001,54.580002,471400,53.986439
2015-04-23,53.34,54.02,53.34,53.869999,435200,53.284157
2015-04-22,53.740002,53.740002,53.349998,53.549999,279800,52.967637
2015-04-21,53.48,53.790001,53.18,53.59,394400,53.007203
2015-04-20,52.91,53.310001,52.740002,53.150002,430200,52.57199
