Date,Open,High,Low,Close,Volume,Adj Close
2015-10-15,51.279999,52.060001,51.139999,51.720001,4939600,51.720001
2015-10-14,50.259998,51.150002,49.849998,50.91,4031000,50.91
2015-10-13,50.68,50.68,50.049999,50.09,3034200,50.09
2015-10-12,50.57,50.959999,50.200001,50.93,2554800,50.93
2015-10-09,50.310001,50.740002,50.16,50.490002,3624800,50.490002
2015-10-08,50.549999,50.689999,49.73,50.599998,5869100,50.599998
2015-10-07,50.610001,50.970001,49.880001,50.459999,6402500,50.459999
2015-10-06,50.900002,51.169998,49.009998,50.25,10812500,50.25
2015-10-05,51.259998,51.779999,50.970001,51.049999,3916200,51.049999
2015-10-02,50.509998,51.299999,50.18,51.200001,7819000,51.200001
2015-10-01,51.439999,51.450001,50.419998,51.009998,7133900,51.009998
2015-09-30,50.790001,51.650002,50.75,51.43,6858800,51.43
2015-09-29,50.779999,50.98,50.119999,50.52,5892300,50.52
2015-09-28,52.049999,52.509998,50.560001,50.580002,6390600,50.580002
2015-09-25,52.290001,52.759998,51.849998,52.130001,4716100,52.130001
2015-09-24,51.700001,52.00,50.889999,51.720001,6350500,51.720001
2015-09-23,52.110001,52.639999,51.970001,52.080002,2526100,52.080002
2015-09-22,52.110001,52.400002,51.790001,52.119999,3037500,52.119999
2015-09-21,52.740002,53.18,52.41,52.709999,2114300,52.709999
2015-09-18,52.830002,53.009998,52.32,52.419998,9395600,52.419998
2015-09-17,53.470001,54.02,53.27,53.48,4070800,53.48
2015-09-16,53.669998,53.689999,52.880001,53.509998,4406500,53.509998
2015-09-15,53.490002,53.98,53.209999,53.799999,3260600,53.799999
2015-09-14,53.360001,53.650002,53.040001,53.240002,2670200,53.240002
2015-09-11,52.00,53.099998,51.889999,53.080002,3465600,53.080002
2015-09-10,51.93,52.57,51.380001,52.459999,3123200,52.459999
2015-09-09,52.560001,52.990002,51.75,51.900002,3996900,51.900002
2015-09-08,51.279999,52.50,51.279999,52.450001,3085100,52.450001
2015-09-04,50.630001,51.27,50.360001,50.400002,4647500,50.400002
2015-09-03,51.080002,51.740002,50.77,51.189999,5189500,51.189999
2015-09-02,50.540001,50.869999,49.880001,50.860001,6304100,50.860001
2015-09-01,50.580002,51.349998,49.599998,49.880001,9456400,49.880001
2015-08-31,51.27,51.91,51.259998,51.669998,4296500,51.669998
2015-08-28,51.380001,51.880001,51.23,51.790001,3963100,51.790001
2015-08-27,50.310001,52.099998,50.290001,51.650002,9395900,51.650002
2015-08-26,48.25,49.900002,48.080002,49.849998,9777100,49.849998
2015-08-25,48.610001,49.110001,47.18,47.189999,6145100,47.05
2015-08-24,45.459999,48.970001,45.299999,47.50,8815800,47.359082
2015-08-21,48.970001,49.630001,48.43,48.43,8378700,48.286323
2015-08-20,50.540001,50.889999,49.450001,49.450001,8589600,49.303297
2015-08-19,50.650002,51.450001,50.360001,51.040001,4649700,50.88858
2015-08-18,51.110001,51.459999,50.869999,51.02,2511000,50.868639
2015-08-17,50.450001,51.580002,50.119999,51.490002,3431100,51.337246
2015-08-14,50.860001,50.970001,50.32,50.50,3003200,50.350182
2015-08-13,51.310001,51.470001,50.849998,50.860001,2871400,50.709114
2015-08-12,50.099998,51.400002,49.919998,51.259998,5086900,51.107925
2015-08-11,51.110001,51.369999,50.41,50.75,4993900,50.59944
2015-08-10,50.689999,51.50,50.650002,51.470001,3491700,51.317305
2015-08-07,49.509998,50.419998,49.009998,50.32,5895400,50.170715
2015-08-06,50.32,50.419998,49.200001,49.709999,11609300,49.562524
2015-08-05,50.48,50.810001,50.169998,50.470001,4505400,50.320272
2015-08-04,50.630001,50.630001,49.34,50.200001,8346200,50.051072
2015-08-03,50.299999,50.860001,50.279999,50.50,4346300,50.350182
2015-07-31,50.799999,51.349998,50.119999,50.610001,9200700,50.459856
2015-07-30,51.470001,52.110001,51.02,51.349998,6419200,51.197658
2015-07-29,51.130001,51.939999,51.07,51.810001,4043400,51.656297
2015-07-28,50.990002,51.860001,50.57,51.560001,5711000,51.407038
2015-07-27,51.330002,51.41,50.610001,50.790001,5350400,50.639322
2015-07-24,52.419998,52.529999,51.509998,51.529999,4460500,51.377125
2015-07-23,51.990002,52.93,51.810001,52.299999,3916500,52.144841
2015-07-22,51.330002,51.84,50.950001,51.759998,9206200,51.606442
2015-07-21,53.080002,53.419998,52.740002,52.790001,6455300,52.633389
2015-07-20,53.560001,53.75,53.16,53.220001,5204800,53.062113
2015-07-17,53.669998,53.720001,53.099998,53.599998,9035900,53.440983
2015-07-16,53.029999,53.57,52.669998,53.490002,4781300,53.331313
2015-07-15,53.099998,53.099998,52.540001,52.790001,4417300,52.633389
2015-07-14,52.220001,52.98,52.00,52.849998,6417000,52.693208
2015-07-13,52.450001,52.619999,51.619999,52.18,6241300,52.025198
2015-07-10,51.200001,52.299999,51.09,52.060001,8469600,51.905555
2015-07-09,51.470001,51.889999,50.509998,50.650002,13262300,50.499738
2015-07-08,50.900002,51.279999,50.52,51.200001,9960500,51.048106
2015-07-07,51.119999,51.619999,49.939999,51.43,9378100,51.277423
2015-07-06,51.75,52.310001,51.549999,51.580002,5894400,51.426979
2015-07-02,52.119999,52.43,51.880001,52.279999,5270400,52.1249
2015-07-01,51.98,52.450001,51.77,51.900002,6334700,51.74603
2015-06-30,51.209999,51.880001,51.009998,51.490002,8203900,51.337246
2015-06-29,51.419998,52.080002,50.900002,50.919998,8902200,50.768934
2015-06-26,52.799999,52.939999,51.860001,52.110001,14291300,51.955406
2015-06-25,53.189999,53.57,52.68,52.91,6103300,52.753032
2015-06-24,53.549999,53.77,52.91,53.139999,7362500,52.982349
2015-06-23,54.00,54.240002,53.509998,53.66,6156400,53.500807
2015-06-22,53.740002,54.080002,53.720001,53.939999,5483400,53.779975
2015-06-19,53.98,54.119999,53.689999,53.73,7794700,53.570599
2015-06-18,53.790001,54.060001,53.740002,54.009998,5702500,53.849767
2015-06-17,53.669998,53.889999,53.560001,53.75,6112000,53.59054
2015-06-16,53.91,54.369999,53.68,53.740002,6215500,53.580571
2015-06-15,53.52,54.41,53.439999,54.189999,6453200,54.029233
2015-06-12,53.720001,54.200001,53.619999,54.02,6008000,53.859739
2015-06-11,54.09,54.380001,53.880001,54.07,7903800,53.90959
2015-06-10,53.93,54.509998,53.560001,54.240002,9642200,54.079088
2015-06-09,53.50,53.810001,52.98,53.549999,13682200,53.391132
2015-06-08,54.25,54.400002,53.02,53.240002,15580000,53.082054
2015-06-05,53.950001,54.50,53.900002,54.349998,12266800,54.188758
2015-06-04,54.349998,54.759998,54.139999,54.220001,9967300,54.059147
2015-06-03,54.950001,55.110001,54.470001,54.619999,14407000,54.457958
2015-06-02,55.110001,55.380001,54.669998,54.810001,16174100,54.647396
2015-06-01,56.529999,56.93,55.27,55.470001,28731400,55.305438
2015-05-29,56.450001,57.299999,56.450001,56.849998,33358500,56.681341
2015-05-28,56.290001,56.50,54.66,56.25,86636600,56.083123
2015-05-27,47.560001,57.700001,47.419998,57.16,61130100,56.990423
2015-05-26,47.279999,47.50,46.810001,47.060001,3995600,46.780803
2015-05-22,47.290001,47.549999,47.169998,47.259998,4678300,46.979614
2015-05-21,47.009998,47.50,46.900002,47.360001,3987300,47.079023
2015-05-20,47.299999,47.639999,46.950001,47.07,4614700,46.790742
2015-05-19,47.919998,48.16,47.080002,47.279999,5710900,46.999496
2015-05-18,47.380001,47.799999,47.09,47.73,4735700,47.446827
2015-05-15,47.209999,47.560001,47.110001,47.380001,4921300,47.098905
2015-05-14,46.919998,47.279999,46.75,47.18,5037100,46.90009
2015-05-13,46.220001,46.900002,46.009998,46.66,9112900,46.383175
2015-05-12,45.73,46.240002,45.50,45.990002,5920300,45.717152
2015-05-11,46.189999,46.389999,45.700001,45.950001,7652500,45.677388
2015-05-08,46.59,47.09,46.279999,46.299999,8458800,46.02531
2015-05-07,45.34,46.580002,45.330002,46.419998,11523600,46.144597
2015-05-06,45.00,45.509998,44.919998,45.50,9343600,45.230057
2015-05-05,45.110001,45.43,44.799999,44.900002,6479100,44.633618
2015-05-04,45.130001,45.619999,44.889999,45.470001,4904300,45.200236
2015-05-01,44.279999,45.169998,44.279999,45.040001,6023100,44.772787
2015-04-30,44.110001,44.59,43.84,44.209999,6468600,43.94771
2015-04-29,44.349998,44.919998,43.959999,44.400002,5411500,44.136585
2015-04-28,44.66,45.080002,44.169998,44.689999,6143800,44.424861
2015-04-27,44.529999,45.419998,44.349998,44.509998,9141800,44.245929
2015-04-24,45.299999,45.389999,44.310001,44.459999,8034600,44.196226
2015-04-23,45.91,46.299999,45.419998,45.439999,7686500,45.170412
2015-04-22,46.50,46.810001,45.279999,46.18,20527800,45.906023
2015-04-21,44.049999,44.259998,43.580002,43.98,8167000,43.719075
2015-04-20,43.810001,44.07,43.50,43.619999,4179000,43.36121
