Date,Open,High,Low,Close,Volume,Adj Close
2015-10-15,16.68,16.889999,16.540001,16.85,7432700,16.85
2015-10-14,16.74,17.00,16.610001,16.66,7741300,16.66
2015-10-13,16.84,16.93,16.690001,16.73,6018200,16.73
2015-10-12,16.84,16.98,16.620001,16.940001,8230500,16.940001
2015-10-09,16.780001,16.940001,16.67,16.879999,8334900,16.879999
2015-10-08,16.84,16.879999,16.43,16.790001,8714500,16.790001
2015-10-07,16.66,16.85,16.530001,16.82,11441300,16.82
2015-10-06,17.049999,17.129999,16.42,16.57,14212700,16.57
2015-10-05,17.379999,17.48,16.950001,17.07,11321700,17.07
2015-10-02,16.43,16.93,16.25,16.92,12117500,16.92
2015-10-01,16.50,16.709999,16.33,16.690001,9982700,16.690001
2015-09-30,16.190001,16.459999,16.110001,16.41,14028700,16.41
2015-09-29,15.88,16.190001,15.73,16.00,9296600,16.00
2015-09-28,16.370001,16.450001,15.83,15.88,12251300,15.88
2015-09-25,16.950001,17.030001,16.26,16.309999,8901900,16.309999
2015-09-24,16.629999,16.90,16.610001,16.790001,8766200,16.790001
2015-09-23,16.58,16.889999,16.50,16.75,6697800,16.75
2015-09-22,16.559999,16.690001,16.40,16.549999,5010600,16.549999
2015-09-21,16.879999,16.959999,16.549999,16.719999,8352800,16.719999
2015-09-18,16.940001,17.139999,16.73,16.75,11011000,16.75
2015-09-17,17.219999,17.43,17.08,17.200001,8407000,17.200001
2015-09-16,17.059999,17.190001,16.93,17.110001,5215400,17.110001
2015-09-15,16.83,17.18,16.719999,17.08,10285800,17.08
2015-09-14,16.870001,16.940001,16.66,16.73,4588400,16.73
2015-09-11,16.73,17.030001,16.629999,16.889999,5114600,16.889999
2015-09-10,16.60,16.91,16.58,16.780001,7540100,16.780001
2015-09-09,17.120001,17.120001,16.58,16.629999,7050900,16.629999
2015-09-08,16.540001,16.959999,16.450001,16.950001,10848000,16.950001
2015-09-04,16.299999,16.43,16.00,16.24,5427900,16.24
2015-09-03,16.549999,16.780001,16.450001,16.530001,6512300,16.530001
2015-09-02,16.299999,16.51,16.16,16.51,7199000,16.51
2015-09-01,16.35,16.41,15.96,16.09,10247100,16.09
2015-08-31,17.040001,17.129999,16.709999,16.74,5969100,16.74
2015-08-28,16.889999,17.07,16.85,17.07,8041100,17.07
2015-08-27,17.049999,17.15,16.57,16.940001,11880500,16.940001
2015-08-26,16.129999,16.379999,15.68,16.370001,10383100,16.370001
2015-08-25,16.02,16.459999,15.78,15.78,11662400,15.78
2015-08-24,15.38,16.00,14.18,15.85,11234000,15.85
2015-08-21,16.709999,16.75,16.32,16.35,11813600,16.35
2015-08-20,17.27,17.309999,16.860001,16.870001,8038800,16.870001
2015-08-19,17.48,17.57,17.24,17.360001,6304200,17.360001
2015-08-18,17.50,17.629999,17.42,17.559999,6307600,17.559999
2015-08-17,17.32,17.59,17.190001,17.57,5539500,17.57
2015-08-14,17.200001,17.43,17.120001,17.43,7934400,17.43
2015-08-13,17.33,17.559999,17.219999,17.25,5640700,17.25
2015-08-12,17.02,17.309999,16.75,17.309999,9497200,17.309999
2015-08-11,17.25,17.379999,17.07,17.139999,3984100,17.139999
2015-08-10,17.41,17.48,17.23,17.33,5284600,17.33
2015-08-07,17.42,17.450001,17.049999,17.290001,6798100,17.290001
2015-08-06,17.620001,17.75,17.33,17.42,8584100,17.42
2015-08-05,17.200001,17.690001,17.18,17.67,11554800,17.67
2015-08-04,17.190001,17.24,17.049999,17.09,5972500,17.09
2015-08-03,17.379999,17.40,16.99,17.110001,8494100,17.110001
2015-07-31,17.34,17.469999,17.24,17.34,6839600,17.34
2015-07-30,17.26,17.370001,17.139999,17.25,5797700,17.25
2015-07-29,17.52,17.57,17.25,17.32,6730000,17.32
2015-07-28,17.200001,17.51,16.959999,17.51,10505300,17.51
2015-07-27,17.34,17.40,17.040001,17.110001,8747900,17.110001
2015-07-24,17.469999,17.719999,17.309999,17.360001,8248500,17.360001
2015-07-23,17.780001,17.860001,17.25,17.610001,18643600,17.610001
2015-07-22,17.780001,18.110001,17.77,18.02,11189400,18.02
2015-07-21,17.85,17.889999,17.620001,17.76,5262400,17.76
2015-07-20,17.92,17.98,17.84,17.879999,4135900,17.879999
2015-07-17,17.92,17.99,17.809999,17.940001,5926800,17.940001
2015-07-16,17.870001,17.950001,17.77,17.950001,4125900,17.950001
2015-07-15,17.870001,17.870001,17.57,17.73,4523000,17.73
2015-07-14,17.700001,17.950001,17.68,17.889999,8191300,17.889999
2015-07-13,17.790001,17.889999,17.57,17.67,8891400,17.67
2015-07-10,17.66,17.73,17.51,17.60,7305200,17.60
2015-07-09,17.67,17.68,17.450001,17.450001,6763300,17.450001
2015-07-08,17.68,17.74,17.450001,17.450001,9038800,17.450001
2015-07-07,17.66,17.83,17.389999,17.790001,9330600,17.790001
2015-07-06,17.42,17.68,17.42,17.549999,11212300,17.549999
2015-07-02,17.799999,17.799999,17.48,17.57,7187500,17.57
2015-07-01,17.82,17.959999,17.700001,17.799999,8335800,17.799999
2015-06-30,17.99,18.00,17.620001,17.700001,13362300,17.700001
2015-06-29,17.91,18.25,17.780001,17.809999,11814200,17.809999
2015-06-26,18.290001,18.35,18.01,18.09,10522700,18.09
2015-06-25,17.969999,18.280001,17.93,18.23,9633300,18.23
2015-06-24,18.01,18.049999,17.85,17.940001,7607500,17.940001
2015-06-23,17.93,18.059999,17.91,17.950001,8228200,17.950001
2015-06-22,17.93,18.07,17.889999,17.889999,6715100,17.889999
2015-06-19,18.00,18.09,17.82,17.84,25705900,17.84
2015-06-18,17.65,18.040001,17.65,18.02,9625900,18.02
2015-06-17,17.629999,17.77,17.559999,17.610001,6413100,17.610001
2015-06-16,17.34,17.629999,17.309999,17.58,7131200,17.58
2015-06-15,17.42,17.450001,17.209999,17.370001,8304400,17.370001
2015-06-12,17.74,17.790001,17.530001,17.559999,5383400,17.559999
2015-06-11,17.74,17.92,17.639999,17.809999,7825000,17.809999
2015-06-10,17.50,17.76,17.379999,17.74,11442300,17.74
2015-06-09,17.690001,17.76,17.360001,17.389999,11699200,17.389999
2015-06-08,17.82,17.85,17.530001,17.700001,12889100,17.700001
2015-06-05,17.90,17.92,17.719999,17.85,5763600,17.85
2015-06-04,18.129999,18.18,17.860001,17.91,6900800,17.91
2015-06-03,18.360001,18.389999,18.17,18.23,5716000,18.23
2015-06-02,18.450001,18.450001,18.24,18.290001,6790900,18.290001
2015-06-01,18.360001,18.610001,18.23,18.51,10199500,18.51
2015-05-29,18.15,18.620001,18.049999,18.27,33425900,18.27
2015-05-28,17.969999,18.450001,17.91,18.27,26954300,18.27
2015-05-27,17.93,18.00,17.76,17.99,6454900,17.99
2015-05-26,17.719999,17.870001,17.709999,17.77,7217100,17.77
2015-05-22,17.84,17.940001,17.76,17.83,3607100,17.83
2015-05-21,17.91,17.99,17.790001,17.870001,4503800,17.870001
2015-05-20,18.10,18.200001,17.950001,17.98,6047100,17.98
2015-05-19,18.07,18.15,17.93,18.120001,5824000,18.120001
2015-05-18,17.879999,18.200001,17.860001,18.059999,7840400,18.059999
2015-05-15,17.879999,17.940001,17.77,17.85,7508000,17.85
2015-05-14,17.34,17.950001,17.309999,17.91,11846000,17.91
2015-05-13,17.24,17.41,17.200001,17.23,7496500,17.23
2015-05-12,17.34,17.42,17.15,17.27,7323100,17.27
2015-05-11,17.450001,17.58,17.370001,17.469999,6076500,17.469999
2015-05-08,17.40,17.57,17.33,17.51,4906800,17.51
2015-05-07,17.32,17.41,17.120001,17.18,7998500,17.18
2015-05-06,17.370001,17.48,17.17,17.299999,9746200,17.299999
2015-05-05,17.84,17.84,17.299999,17.370001,11354500,17.370001
2015-05-04,17.860001,18.030001,17.790001,17.879999,9494500,17.879999
2015-05-01,17.85,17.85,17.41,17.74,21783900,17.74
2015-04-30,17.459999,18.040001,17.41,17.82,23347400,17.82
2015-04-29,17.690001,17.799999,17.48,17.59,18897400,17.59
2015-04-28,17.84,17.950001,17.219999,17.75,19302700,17.75
2015-04-27,18.379999,18.50,17.91,17.98,13384500,17.98
2015-04-24,18.40,18.48,18.27,18.34,4820300,18.34
2015-04-23,18.389999,18.49,18.299999,18.42,6661700,18.42
2015-04-22,18.280001,18.440001,18.23,18.41,7393100,18.41
2015-04-21,18.24,18.32,18.129999,18.309999,9872700,18.309999
2015-04-20,18.42,18.43,18.139999,18.190001,9604200,18.190001
