Date,Open,High,Low,Close,Volume,Adj Close
2015-10-09,24.309999,24.50,24.040001,24.190001,926000,24.190001
2015-10-08,23.940001,24.23,23.76,24.23,612600,24.23
2015-10-07,23.65,24.00,23.530001,23.99,724500,23.99
2015-10-06,23.559999,23.700001,23.309999,23.51,771600,23.51
2015-10-05,23.200001,23.82,22.83,23.690001,699900,23.690001
2015-10-02,23.200001,23.379999,22.440001,23.360001,848400,23.360001
2015-10-01,23.82,23.889999,23.41,23.639999,814900,23.639999
2015-09-30,23.780001,23.860001,23.530001,23.77,794800,23.77
2015-09-29,23.559999,23.709999,23.389999,23.50,500800,23.50
2015-09-28,23.610001,23.76,23.43,23.49,575200,23.49
2015-09-25,23.99,24.25,23.73,23.76,718100,23.76
2015-09-24,23.25,23.66,23.25,23.629999,592000,23.629999
2015-09-23,23.440001,23.709999,23.34,23.50,380300,23.50
2015-09-22,23.34,23.65,23.219999,23.389999,489700,23.389999
2015-09-21,23.50,23.940001,23.32,23.700001,738600,23.700001
2015-09-18,23.67,23.68,23.200001,23.280001,1622600,23.280001
2015-09-17,24.43,24.82,23.959999,24.040001,825900,24.040001
2015-09-16,24.450001,24.530001,24.209999,24.450001,370200,24.450001
2015-09-15,24.32,24.57,24.17,24.48,318200,24.48
2015-09-14,24.110001,24.32,23.99,24.23,675900,24.23
2015-09-11,23.940001,24.17,23.799999,24.129999,634200,24.129999
2015-09-10,23.700001,24.370001,23.65,24.16,814600,24.06
2015-09-09,24.24,24.459999,23.709999,23.74,912800,23.641738
2015-09-08,23.719999,24.129999,23.559999,24.07,603200,23.970372
2015-09-04,23.059999,23.450001,23.030001,23.290001,526200,23.193602
2015-09-03,23.09,23.540001,23.00,23.33,527400,23.233436
2015-09-02,23.00,23.15,22.639999,23.15,738500,23.05418
2015-09-01,23.209999,23.389999,22.559999,22.629999,751400,22.536332
2015-08-31,23.219999,23.85,23.209999,23.76,742700,23.661656
2015-08-28,23.120001,23.59,23.040001,23.42,748900,23.323063
2015-08-27,23.26,23.57,23.040001,23.209999,1229400,23.113931
2015-08-26,22.690001,23.120001,22.309999,23.040001,935800,22.944637
2015-08-25,23.42,23.42,22.09,22.110001,1302700,22.018486
2015-08-24,22.60,23.60,22.370001,22.66,1084400,22.566209
2015-08-21,23.309999,24.139999,23.18,23.889999,1066600,23.791117
2015-08-20,24.32,24.41,23.940001,23.969999,779500,23.870786
2015-08-19,24.969999,25.10,24.58,24.60,552300,24.498179
2015-08-18,25.27,25.48,25.01,25.120001,352000,25.016028
2015-08-17,24.98,25.469999,24.73,25.24,603000,25.13553
2015-08-14,24.799999,25.190001,24.75,25.18,327300,25.075779
2015-08-13,24.77,25.18,24.66,24.82,375400,24.717268
2015-08-12,25.07,25.07,24.389999,24.790001,480400,24.687393
2015-08-11,25.42,25.57,25.049999,25.26,335900,25.155447
2015-08-10,25.40,25.77,25.24,25.75,442200,25.643419
2015-08-07,25.35,25.60,24.98,25.209999,386500,25.105653
2015-08-06,25.57,25.67,25.23,25.41,368000,25.304826
2015-08-05,25.459999,25.85,25.290001,25.52,390600,25.414371
2015-08-04,25.24,25.540001,25.18,25.34,296400,25.235116
2015-08-03,25.23,25.40,24.93,25.190001,320700,25.085737
2015-07-31,25.32,25.40,24.959999,25.27,638000,25.165406
2015-07-30,25.129999,25.35,25.030001,25.35,340100,25.245075
2015-07-29,25.200001,25.379999,24.98,25.200001,545700,25.095696
2015-07-28,25.40,25.40,24.860001,25.139999,707500,25.035943
2015-07-27,25.16,25.35,24.950001,25.23,408000,25.125571
2015-07-24,25.65,25.83,25.370001,25.379999,673400,25.27495
2015-07-23,26.48,26.540001,25.67,25.75,701900,25.643419
2015-07-22,25.99,26.52,25.92,26.34,634500,26.230977
2015-07-21,26.280001,26.52,25.690001,25.959999,808500,25.852549
2015-07-20,25.860001,26.030001,25.709999,25.959999,359900,25.852549
2015-07-17,26.040001,26.040001,25.540001,25.76,743200,25.653378
2015-07-16,26.389999,26.450001,26.02,26.09,709200,25.982012
2015-07-15,26.15,26.33,26.040001,26.17,436800,26.061681
2015-07-14,25.74,26.07,25.66,26.040001,316200,25.93222
2015-07-13,26.02,26.23,25.860001,25.93,435700,25.822674
2015-07-10,26.02,26.110001,25.690001,25.790001,489600,25.683254
2015-07-09,25.629999,25.719999,25.32,25.57,559200,25.464164
2015-07-08,25.09,25.32,25.030001,25.18,612500,25.075779
2015-07-07,25.459999,25.51,24.77,25.41,747600,25.304826
2015-07-06,25.09,25.67,24.99,25.60,655000,25.49404
2015-07-02,26.040001,26.139999,25.33,25.52,572200,25.414371
2015-07-01,26.08,26.370001,25.799999,26.110001,657100,26.00193
2015-06-30,26.01,26.25,25.68,25.76,624600,25.653378
2015-06-29,26.120001,26.469999,25.59,25.639999,830700,25.533874
2015-06-26,26.18,26.68,25.93,26.60,1530500,26.489901
2015-06-25,26.040001,26.299999,25.870001,26.049999,880100,25.942177
2015-06-24,26.27,26.549999,25.940001,25.969999,2021300,25.862508
2015-06-23,25.82,26.360001,25.82,26.360001,922500,26.250895
2015-06-22,25.59,25.860001,25.389999,25.809999,546900,25.70317
2015-06-19,25.33,25.440001,25.129999,25.299999,805900,25.195281
2015-06-18,25.17,25.43,24.889999,25.379999,641800,25.27495
2015-06-17,25.799999,25.799999,25.030001,25.059999,453600,24.956274
2015-06-16,25.33,25.790001,25.23,25.690001,489100,25.583668
2015-06-15,25.26,25.559999,24.959999,25.42,653100,25.314785
2015-06-12,25.559999,25.700001,25.379999,25.559999,362100,25.454205
2015-06-11,25.60,25.709999,25.33,25.65,466600,25.543833
2015-06-10,25.700001,25.92,25.52,25.68,510400,25.49902
2015-06-09,25.16,25.60,25.02,25.40,747600,25.220992
2015-06-08,25.00,25.24,24.879999,25.07,356600,24.893318
2015-06-05,24.790001,25.10,24.74,25.09,366600,24.913178
2015-06-04,24.75,24.85,24.43,24.58,278300,24.406772
2015-06-03,24.379999,24.879999,24.18,24.85,1346900,24.674869
2015-06-02,24.09,24.450001,23.99,24.209999,684900,24.039378
2015-06-01,24.33,24.41,23.85,24.10,658300,23.930155
2015-05-29,24.40,24.49,24.040001,24.190001,445400,24.019521
2015-05-28,24.58,24.629999,24.26,24.48,423100,24.307476
2015-05-27,24.219999,24.65,23.99,24.58,938600,24.406772
2015-05-26,24.139999,24.370001,23.76,24.09,679400,23.920225
2015-05-22,24.59,24.719999,24.299999,24.309999,657700,24.138674
2015-05-21,24.65,24.950001,24.41,24.58,809200,24.406772
2015-05-20,25.09,25.09,24.719999,24.809999,454300,24.63515
2015-05-19,24.950001,25.219999,24.90,25.16,630800,24.982684
2015-05-18,24.41,24.93,24.290001,24.84,401700,24.664939
2015-05-15,24.700001,24.879999,24.190001,24.370001,323300,24.198252
2015-05-14,24.780001,24.860001,24.469999,24.77,463300,24.595433
2015-05-13,24.51,24.690001,24.219999,24.66,536200,24.486208
2015-05-12,24.33,24.629999,24.02,24.49,404600,24.317406
2015-05-11,24.389999,24.549999,24.24,24.35,492200,24.178393
2015-05-08,24.389999,24.459999,24.10,24.33,289100,24.158533
2015-05-07,24.379999,24.459999,24.049999,24.26,259100,24.089027
2015-05-06,24.190001,24.469999,23.90,24.459999,428800,24.287616
2015-05-05,24.120001,24.41,24.02,24.110001,475800,23.940085
2015-05-04,23.959999,24.360001,23.92,24.26,319100,24.089027
2015-05-01,24.33,24.40,23.860001,23.950001,375800,23.781212
2015-04-30,24.540001,24.67,24.120001,24.209999,694600,24.039378
2015-04-29,24.530001,24.85,24.459999,24.620001,463600,24.446491
2015-04-28,23.969999,24.610001,23.90,24.60,456800,24.426631
2015-04-27,24.24,24.58,23.790001,23.969999,470700,23.80107
2015-04-24,24.559999,24.559999,24.110001,24.24,445700,24.069168
2015-04-23,24.65,24.75,24.42,24.530001,397300,24.357125
2015-04-22,24.41,24.799999,24.17,24.799999,581900,24.62522
2015-04-21,24.85,24.91,24.27,24.42,441000,24.247899
2015-04-20,24.620001,24.719999,24.42,24.700001,553900,24.525927
2015-04-17,24.370001,24.540001,24.129999,24.42,868600,24.247899
2015-04-16,24.67,24.84,24.280001,24.690001,536800,24.515997
2015-04-15,24.530001,24.93,24.33,24.799999,800300,24.62522
2015-04-14,24.23,24.51,23.90,24.469999,943800,24.297546
2015-04-13,23.27,24.32,23.190001,24.290001,1234600,24.118816
