Date,Open,High,Low,Close,Volume,Adj Close
2015-10-16,28.99,28.99,28.58,28.92,3448800,28.92
2015-10-15,28.65,29.01,28.57,28.889999,2322000,28.889999
2015-10-14,28.620001,28.91,28.26,28.639999,1955200,28.639999
2015-10-13,28.790001,28.98,28.690001,28.690001,1312000,28.690001
2015-10-12,29.040001,29.10,28.799999,28.92,1097400,28.92
2015-10-09,28.83,29.049999,28.700001,29.00,1664300,29.00
2015-10-08,28.49,28.85,28.450001,28.780001,2963400,28.780001
2015-10-07,28.639999,28.74,28.24,28.629999,2210400,28.629999
2015-10-06,28.26,28.610001,28.16,28.450001,2108100,28.450001
2015-10-05,27.969999,28.50,27.83,28.34,2693200,28.34
2015-10-02,27.07,27.690001,26.51,27.68,2433400,27.68
2015-10-01,27.27,27.540001,27.129999,27.379999,3056500,27.379999
2015-09-30,27.09,27.33,26.780001,27.299999,2606800,27.299999
2015-09-29,26.700001,26.959999,26.639999,26.83,2478700,26.83
2015-09-28,27.280001,27.35,26.709999,26.73,3095000,26.73
2015-09-25,27.68,27.92,27.15,27.360001,2739100,27.360001
2015-09-24,27.120001,27.700001,27.01,27.51,2553600,27.51
2015-09-23,27.41,27.51,27.200001,27.33,1566400,27.33
2015-09-22,27.35,27.43,27.049999,27.34,2223300,27.34
2015-09-21,27.73,27.959999,27.57,27.75,2741700,27.75
2015-09-18,27.549999,27.889999,27.049999,27.57,3119200,27.57
2015-09-17,28.08,28.34,27.85,27.950001,1881900,27.950001
2015-09-16,28.129999,28.360001,27.549999,28.219999,2051700,28.219999
2015-09-15,27.690001,28.26,27.620001,28.110001,1984500,28.110001
2015-09-14,27.76,27.85,27.530001,27.74,1862700,27.74
2015-09-11,27.360001,27.84,27.209999,27.719999,2674600,27.719999
2015-09-10,27.370001,27.83,27.280001,27.52,3214200,27.52
2015-09-09,28.139999,28.25,27.33,27.389999,3012100,27.389999
2015-09-08,27.57,28.10,27.309999,28.08,3459500,28.08
2015-09-04,27.040001,27.67,26.85,27.07,3073700,27.07
2015-09-03,27.190001,27.58,27.190001,27.459999,4012200,27.459999
2015-09-02,26.870001,27.200001,26.530001,27.200001,3190500,27.200001
2015-09-01,26.67,26.879999,26.40,26.52,3419900,26.52
2015-08-31,27.07,27.530001,27.01,27.290001,2962400,27.290001
2015-08-28,27.00,27.41,26.99,27.26,3085500,27.26
2015-08-27,26.90,27.190001,26.58,27.129999,2989500,27.129999
2015-08-26,26.219999,26.690001,25.90,26.610001,4624700,26.610001
2015-08-25,26.719999,26.780001,25.540001,25.57,5858600,25.57
2015-08-24,25.719999,26.469999,25.16,26.469999,7839400,26.219999
2015-08-21,28.110001,28.32,27.32,27.33,4432100,27.071878
2015-08-20,29.00,29.00,28.280001,28.299999,2720300,28.032716
2015-08-19,29.370001,29.66,29.110001,29.299999,3306000,29.023271
2015-08-18,29.59,29.66,29.34,29.530001,1730000,29.2511
2015-08-17,29.33,29.690001,28.98,29.639999,1572000,29.36006
2015-08-14,29.26,29.48,29.16,29.379999,1609000,29.102515
2015-08-13,29.41,29.58,29.190001,29.23,1727600,28.953932
2015-08-12,29.15,29.52,28.75,29.459999,2536400,29.18176
2015-08-11,29.309999,29.559999,29.15,29.41,2739000,29.132233
2015-08-10,29.24,29.68,29.15,29.469999,2107700,29.191665
2015-08-07,28.889999,29.190001,28.84,29.08,2743000,28.805349
2015-08-06,28.49,29.469999,28.49,28.92,2761700,28.646861
2015-08-05,29.18,29.540001,29.00,29.200001,2430700,28.924217
2015-08-04,29.01,29.190001,28.92,29.030001,2475500,28.755822
2015-08-03,29.09,29.18,28.700001,28.92,3070200,28.646861
2015-07-31,29.49,29.540001,29.08,29.139999,3443400,28.864782
2015-07-30,29.17,29.530001,28.52,29.42,2286500,29.142138
2015-07-29,29.049999,29.41,28.75,29.290001,3024900,29.013367
2015-07-28,28.83,29.139999,28.450001,29.139999,3869000,28.864782
2015-07-27,28.950001,29.23,28.719999,28.75,3271500,28.478466
2015-07-24,29.809999,29.99,28.90,29.08,6072900,28.805349
2015-07-23,30.32,30.52,29.860001,29.90,4950700,29.617604
2015-07-22,30.42,30.67,30.110001,30.139999,2643700,29.855338
2015-07-21,30.49,30.639999,30.379999,30.59,3352000,30.301088
2015-07-20,30.530001,30.620001,30.27,30.49,2276700,30.202032
2015-07-17,30.719999,30.76,30.389999,30.530001,1817000,30.241655
2015-07-16,30.73,30.82,30.559999,30.709999,1463400,30.419954
2015-07-15,30.360001,30.620001,30.209999,30.52,1515400,30.23175
2015-07-14,30.700001,30.790001,30.49,30.50,2107500,30.211938
2015-07-13,30.459999,30.709999,30.40,30.66,1653100,30.370427
2015-07-10,30.309999,30.49,30.10,30.34,1725900,30.053449
2015-07-09,30.26,30.450001,29.98,29.99,1517400,29.706755
2015-07-08,29.85,30.25,29.73,29.83,3318700,29.548266
2015-07-07,29.620001,30.219999,29.15,30.08,4220400,29.795905
2015-07-06,29.27,29.74,28.959999,29.52,1850200,29.241194
2015-07-02,29.559999,29.75,29.379999,29.530001,1759600,29.2511
2015-07-01,29.49,29.610001,29.27,29.51,2255400,29.231288
2015-06-30,29.34,29.469999,28.959999,29.290001,2747500,29.013367
2015-06-29,29.48,29.700001,29.059999,29.07,3054700,28.795444
2015-06-26,30.219999,30.33,29.74,29.889999,2307600,29.607699
2015-06-25,30.709999,30.74,30.17,30.18,2151400,29.894961
2015-06-24,30.83,30.879999,30.610001,30.67,2575200,30.380333
2015-06-23,30.799999,30.879999,30.540001,30.84,1866000,30.548727
2015-06-22,30.219999,30.879999,30.219999,30.66,2149500,30.370427
2015-06-19,30.610001,30.639999,30.379999,30.48,3365500,30.192126
2015-06-18,30.209999,30.58,30.209999,30.49,2002500,30.202032
2015-06-17,30.24,30.50,30.16,30.290001,2143200,30.003922
2015-06-16,29.73,30.219999,29.639999,30.17,1932300,29.885055
2015-06-15,29.93,29.98,29.73,29.809999,3509700,29.528454
2015-06-12,30.129999,30.33,29.83,30.139999,1821000,29.855338
2015-06-11,30.16,30.33,30.120001,30.27,2377800,29.984111
2015-06-10,29.629999,30.209999,29.43,30.08,3013700,29.795905
2015-06-09,29.32,29.719999,29.26,29.43,3052200,29.152044
2015-06-08,29.620001,29.870001,29.389999,29.440001,2347800,29.16195
2015-06-05,29.469999,29.82,29.32,29.67,2739500,29.389777
2015-06-04,29.83,30.139999,29.559999,29.629999,3000300,29.350154
2015-06-03,29.959999,30.25,29.860001,30.02,2008600,29.736472
2015-06-02,30.059999,30.10,29.73,29.90,2765800,29.617604
2015-06-01,29.969999,30.389999,29.41,30.110001,4404300,29.825622
2015-05-29,30.610001,30.719999,30.299999,30.450001,3120500,30.162411
2015-05-28,31.01,31.18,30.60,30.700001,2823000,30.41005
2015-05-27,30.68,31.25,30.66,31.18,2198800,30.885516
2015-05-26,30.93,31.07,30.58,30.75,2684200,30.459577
2015-05-22,31.50,31.620001,31.25,31.33,1972700,30.786459
2015-05-21,31.290001,31.65,31.190001,31.60,1861300,31.051776
2015-05-20,31.700001,31.790001,31.290001,31.360001,2535100,30.81594
2015-05-19,31.74,31.870001,31.60,31.73,1875700,31.179519
2015-05-18,31.540001,31.98,31.51,31.75,2466100,31.199173
2015-05-15,32.110001,32.110001,31.66,31.690001,2183900,31.140214
2015-05-14,31.76,32.029999,31.530001,32.02,1805600,31.464489
2015-05-13,31.23,31.610001,31.10,31.530001,2030500,30.98299
2015-05-12,30.969999,31.459999,30.629999,31.280001,3562500,30.737328
2015-05-11,31.450001,31.66,31.030001,31.08,3799300,30.540797
2015-05-08,31.809999,32.25,31.02,31.60,6638400,31.051776
2015-05-07,31.35,31.73,31.16,31.40,4270300,30.855245
2015-05-06,31.450001,31.620001,31.17,31.450001,2795200,30.904378
2015-05-05,31.780001,31.90,31.360001,31.41,2520100,30.865071
2015-05-04,31.83,32.110001,31.790001,31.799999,2692800,31.248305
2015-05-01,31.860001,32.080002,31.77,31.85,2064100,31.297438
2015-04-30,31.92,32.200001,31.629999,31.77,2611700,31.218826
2015-04-29,32.009998,32.34,31.85,32.189999,1496400,31.631538
2015-04-28,31.639999,32.189999,31.639999,32.18,1804400,31.621713
2015-04-27,32.150002,32.240002,31.690001,31.75,2288200,31.199173
2015-04-24,32.189999,32.48,31.90,32.240002,2816500,31.680674
2015-04-23,31.809999,32.220001,31.68,32.07,1625500,31.513621
2015-04-22,31.58,31.950001,31.50,31.90,1387400,31.34657
2015-04-21,31.940001,31.950001,31.440001,31.559999,1656900,31.012469
2015-04-20,31.42,31.870001,31.25,31.700001,2023300,31.150041
