Date,Open,High,Low,Close,Volume,Adj Close
2015-10-09,40.759998,41.110001,40.060001,41.02,1306800,41.02
2015-10-08,40.400002,41.73,40.209999,41.220001,1491400,41.220001
2015-10-07,39.799999,40.959999,39.50,40.880001,1653300,40.880001
2015-10-06,40.18,40.93,39.139999,39.75,2074200,39.75
2015-10-05,38.860001,40.459999,38.860001,40.360001,2865400,40.360001
2015-10-02,40.75,40.75,38.02,39.59,4288400,39.59
2015-10-01,40.459999,42.849998,40.00,41.16,10398600,41.16
2015-09-30,8.06,8.11,7.79,8.00,1192400,40.000001
2015-09-29,8.12,8.23,7.83,7.95,1203600,39.750001
2015-09-28,8.49,8.54,7.93,8.10,1278800,40.500001
2015-09-25,8.52,8.69,8.49,8.54,1211200,42.700001
2015-09-24,8.32,8.43,8.09,8.41,583000,42.05
2015-09-23,8.28,8.49,8.26,8.36,471400,41.80
2015-09-22,8.47,8.49,8.20,8.26,1006600,41.30
2015-09-21,8.87,8.95,8.51,8.56,574600,42.80
2015-09-18,8.84,8.96,8.76,8.78,1192000,43.900002
2015-09-17,8.81,9.12,8.81,8.95,580700,44.750001
2015-09-16,8.84,8.87,8.76,8.84,332800,44.200001
2015-09-15,8.87,8.91,8.80,8.84,313500,44.200001
2015-09-14,8.90,8.90,8.74,8.86,385100,44.30
2015-09-11,8.66,8.97,8.63,8.90,917600,44.500001
2015-09-10,8.62,8.72,8.54,8.68,486000,43.400002
2015-09-09,8.88,8.90,8.65,8.70,563400,43.500001
2015-09-08,8.39,8.82,8.38,8.81,1202600,44.05
2015-09-04,8.49,8.50,8.24,8.34,292800,41.700001
2015-09-03,8.46,8.58,8.45,8.53,582800,42.650002
2015-09-02,8.29,8.44,8.21,8.43,283300,42.150002
2015-09-01,8.31,8.46,8.18,8.21,324100,41.05
2015-08-31,8.42,8.61,8.42,8.45,357300,42.250001
2015-08-28,8.45,8.60,8.39,8.47,556200,42.349999
2015-08-27,8.36,8.54,8.19,8.45,467700,42.250001
2015-08-26,8.25,8.34,8.00,8.27,752600,41.349999
2015-08-25,8.60,8.64,8.10,8.12,1228500,40.599999
2015-08-24,8.49,8.52,8.12,8.41,790100,42.05
2015-08-21,8.94,9.09,8.85,8.90,607800,44.500001
2015-08-20,9.23,9.31,9.02,9.05,559300,45.250001
2015-08-19,9.21,9.35,9.09,9.30,660500,46.500001
2015-08-18,9.15,9.29,9.08,9.23,842500,46.150002
2015-08-17,8.93,9.12,8.88,9.06,300900,45.30
2015-08-14,8.86,8.95,8.80,8.95,264100,44.750001
2015-08-13,8.80,8.98,8.79,8.88,378300,44.400002
2015-08-12,8.74,8.83,8.50,8.80,633400,44.000001
2015-08-11,8.64,8.83,8.62,8.78,340400,43.900002
2015-08-10,8.51,8.74,8.49,8.69,450600,43.450001
2015-08-07,8.44,8.57,8.43,8.49,378300,42.450001
2015-08-06,8.55,8.57,8.39,8.46,475000,42.30
2015-08-05,8.67,8.72,8.41,8.51,478100,42.55
2015-08-04,8.73,8.82,8.58,8.65,489600,43.250001
2015-08-03,8.98,8.99,8.78,8.84,481700,44.200001
2015-07-31,8.88,9.15,8.79,8.99,947500,44.950001
2015-07-30,8.85,8.88,8.69,8.88,846900,44.400002
2015-07-29,8.75,8.99,8.69,8.90,680000,44.500001
2015-07-28,8.70,8.93,8.64,8.78,518400,43.900002
2015-07-27,8.75,8.77,8.65,8.67,457100,43.349999
2015-07-24,9.06,9.09,8.71,8.78,747000,43.900002
2015-07-23,9.17,9.20,8.90,9.05,552800,45.250001
2015-07-22,8.85,9.21,8.81,9.15,649500,45.750001
2015-07-21,8.86,8.98,8.77,8.86,415000,44.30
2015-07-20,9.00,9.00,8.79,8.85,289400,44.250001
2015-07-17,9.12,9.19,8.97,9.01,343000,45.05
2015-07-16,9.09,9.14,9.02,9.09,372400,45.450001
2015-07-15,9.18,9.21,8.99,9.07,523600,45.349999
2015-07-14,9.12,9.20,9.08,9.17,516200,45.849999
2015-07-13,9.08,9.15,9.02,9.13,309200,45.650002
2015-07-10,9.03,9.15,9.00,9.06,543000,45.30
2015-07-09,8.98,9.06,8.94,8.99,404100,44.950001
2015-07-08,8.92,8.99,8.83,8.87,334400,44.349999
2015-07-07,8.84,9.00,8.76,8.96,518100,44.80
2015-07-06,8.85,9.03,8.81,8.84,438900,44.200001
2015-07-02,9.00,9.09,8.87,8.90,712500,44.500001
2015-07-01,9.00,9.00,8.84,9.00,493200,45.000001
2015-06-30,8.92,9.01,8.80,8.91,576400,44.55
2015-06-29,8.95,9.07,8.82,8.85,506200,44.250001
2015-06-26,9.09,9.11,8.98,9.01,518000,45.05
2015-06-25,9.14,9.18,9.05,9.09,817000,45.450001
2015-06-24,9.00,9.13,8.96,9.09,1069100,45.450001
2015-06-23,8.86,9.00,8.85,8.90,744000,44.500001
2015-06-22,8.92,8.95,8.83,8.86,1040500,44.30
2015-06-19,8.91,9.00,8.87,8.88,814300,44.400002
2015-06-18,8.75,8.92,8.74,8.81,736700,44.05
2015-06-17,8.70,8.77,8.63,8.74,838000,43.700001
2015-06-16,8.61,8.89,8.60,8.79,1084000,43.950001
2015-06-15,8.50,8.97,8.50,8.83,3934600,44.150002
2015-06-12,8.25,8.36,8.16,8.36,405700,41.80
2015-06-11,8.23,8.39,8.22,8.26,291800,41.30
2015-06-10,8.12,8.25,8.10,8.17,300800,40.849999
2015-06-09,8.08,8.14,8.00,8.09,439000,40.450001
2015-06-08,8.13,8.20,8.06,8.09,494600,40.450001
2015-06-05,8.10,8.18,8.04,8.15,327700,40.750001
2015-06-04,8.220001,8.29,8.10,8.11,421100,40.55
2015-06-03,8.19,8.35,8.12,8.25,954600,41.250001
2015-06-02,8.25,8.37,8.18,8.20,739300,41.000001
2015-06-01,8.270001,8.38,8.220001,8.270001,377400,41.350003
2015-05-29,8.29,8.37,8.21,8.24,354200,41.199998
2015-05-28,8.24,8.45,8.24,8.310001,379900,41.550004
2015-05-27,8.220001,8.29,8.11,8.270001,625000,41.350003
2015-05-26,8.35,8.35,8.17,8.220001,535500,41.100003
2015-05-22,8.470001,8.49,8.260001,8.35,437800,41.750001
2015-05-21,8.560001,8.60,8.45,8.49,451600,42.449998
2015-05-20,8.50,8.62,8.39,8.58,851400,42.900002
2015-05-19,8.45,8.64,8.39,8.50,904700,42.500001
2015-05-18,8.33,8.43,8.270001,8.38,460700,41.900002
2015-05-15,8.17,8.38,8.11,8.33,500100,41.650002
2015-05-14,8.15,8.30,8.13,8.24,576000,41.199998
2015-05-13,8.13,8.20,8.060001,8.09,377000,40.450001
2015-05-12,8.010001,8.15,7.79,8.13,1293800,40.650002
2015-05-11,8.310001,8.32,8.060001,8.07,627800,40.349999
2015-05-08,8.260001,8.36,8.23,8.29,500700,41.450001
2015-05-07,8.09,8.25,8.05,8.16,426900,40.80
2015-05-06,8.07,8.14,7.91,8.09,509800,40.450001
2015-05-05,8.16,8.260001,8.020001,8.07,464500,40.349999
2015-05-04,8.470001,8.470001,8.14,8.17,568100,40.849999
2015-05-01,8.05,8.33,7.89,8.20,1524100,41.000001
2015-04-30,8.10,8.17,8.00,8.10,1374200,40.500001
2015-04-29,8.260001,8.270001,8.010001,8.10,683500,40.500001
2015-04-28,8.16,8.32,8.10,8.270001,695600,41.350003
2015-04-27,8.260001,8.270001,8.13,8.17,515700,40.849999
2015-04-24,7.99,8.28,7.94,8.25,848100,41.250001
2015-04-23,8.43,8.46,7.92,7.95,1984900,39.750001
2015-04-22,8.68,8.74,8.45,8.49,554800,42.449998
2015-04-21,8.60,8.810001,8.60,8.69,465300,43.449998
2015-04-20,8.61,8.68,8.48,8.58,490500,42.900002
2015-04-17,8.63,8.63,8.45,8.59,514300,42.950001
2015-04-16,8.760001,8.79,8.510001,8.69,1282000,43.449998
2015-04-15,8.96,9.010001,8.75,8.79,1194700,43.950001
2015-04-14,8.96,9.00,8.83,8.970001,405900,44.850003
2015-04-13,8.95,8.99,8.86,8.93,707800,44.650002
