Date,Open,High,Low,Close,Volume,Adj Close
2015-10-09,422.329987,429.779999,422.329987,429.160004,11400,429.160004
2015-10-08,430.50,430.50,420.01001,421.959991,24300,421.959991
2015-10-07,418.049988,433.00,413.640015,427.859985,35200,427.859985
2015-10-06,426.98999,427.470001,414.640015,416.589996,26200,416.589996
2015-10-05,432.850006,433.00,420.00,429.00,111400,429.00
2015-10-02,426.98999,436.440002,426.290009,431.00,48600,431.00
2015-10-01,420.48999,435.980011,420.00,428.359985,40700,428.359985
2015-09-30,430.450012,435.00,418.00,419.420013,48500,419.420013
2015-09-29,428.980011,436.00,427.00,427.709991,30400,427.709991
2015-09-28,427.100006,441.494995,425.950012,427.980011,56700,427.980011
2015-09-25,427.76001,438.290009,423.98999,426.850006,52900,426.850006
2015-09-24,431.959991,436.589996,423.26001,424.51001,31700,424.51001
2015-09-23,434.48999,442.00,430.524994,434.700012,15400,434.700012
2015-09-22,421.230011,437.980011,419.640015,433.51001,22100,433.51001
2015-09-21,424.00,428.079987,418.00,426.859985,33100,426.859985
2015-09-18,420.00,428.940002,420.00,423.920013,102100,423.920013
2015-09-17,421.869995,441.619995,421.869995,424.359985,77400,424.359985
2015-09-16,419.079987,424.709991,414.100006,422.01001,57300,422.01001
2015-09-15,418.899994,430.190002,415.130005,420.079987,19000,420.079987
2015-09-14,417.00,421.220001,411.109985,420.079987,11400,420.079987
2015-09-11,409.619995,419.00,401.01001,417.570007,38100,417.570007
2015-09-10,427.869995,432.470001,411.015015,412.859985,14700,412.859985
2015-09-09,433.779999,434.809998,424.209991,427.429993,10400,427.429993
2015-09-08,419.640015,427.890015,419.640015,425.00,21400,425.00
2015-09-04,406.570007,416.230011,400.429993,415.630005,34900,415.630005
2015-09-03,405.399994,416.200012,405.00,408.910004,22800,408.910004
2015-09-02,414.390015,419.149994,386.399994,405.929993,61800,405.929993
2015-09-01,416.850006,420.190002,406.149994,410.730011,62500,410.730011
2015-08-31,413.00,427.700012,411.019989,415.339996,23600,415.339996
2015-08-28,415.859985,422.98999,410.00,418.179993,12300,418.179993
2015-08-27,419.049988,431.545013,413.369995,416.01001,20900,416.01001
2015-08-26,421.00,428.359985,411.00,413.920013,22600,413.920013
2015-08-25,411.100006,422.100006,411.100006,413.230011,35800,413.230011
2015-08-24,401.299988,418.119995,398.269989,409.98999,74200,409.98999
2015-08-21,422.01001,430.00,405.00,419.75,73000,419.75
2015-08-20,430.290009,442.910004,423.50,424.899994,29800,424.899994
2015-08-19,436.549988,439.959991,430.01001,432.880005,15000,432.880005
2015-08-18,427.410004,439.459991,427.410004,439.029999,6800,439.029999
2015-08-17,425.25,444.51001,425.079987,440.00,37800,440.00
2015-08-14,425.00,437.970001,420.25,424.25,14600,424.25
2015-08-13,426.459991,430.970001,420.649994,424.950012,31500,424.950012
2015-08-12,424.820007,430.00,417.51001,425.609985,15600,425.609985
2015-08-11,427.209991,429.994995,427.209991,427.540009,10500,427.540009
2015-08-10,417.040009,436.049988,415.480011,430.299988,31300,430.299988
2015-08-07,412.605011,418.769989,412.605011,415.420013,70800,415.420013
2015-08-06,414.929993,420.630005,409.950012,415.529999,51500,415.529999
2015-08-05,434.820007,440.179993,411.519989,417.00,38500,417.00
2015-08-04,415.600006,417.00,407.48999,414.619995,44100,414.619995
2015-08-03,414.859985,419.179993,412.700012,416.600006,41600,416.600006
2015-07-31,415.899994,416.00,410.00,415.220001,27600,415.220001
2015-07-30,415.00,416.00,410.00,412.730011,20000,412.730011
2015-07-29,404.00,416.380005,404.00,416.040009,25300,416.040009
2015-07-28,407.609985,412.809998,405.967987,409.609985,38700,409.609985
2015-07-27,418.970001,420.901001,408.420013,412.649994,30600,412.649994
2015-07-24,408.13501,424.600006,402.50,422.720001,160000,422.720001
2015-07-23,398.029999,401.890015,398.00,400.48999,73000,400.48999
2015-07-22,399.00,402.488007,391.399994,397.160004,307100,397.160004
2015-07-21,393.01001,400.570007,388.454987,399.98999,36400,399.98999
2015-07-20,400.329987,405.00,393.01001,393.559998,45300,393.559998
2015-07-17,397.00,401.799988,392.480011,399.839996,225900,399.839996
2015-07-16,392.200012,397.720001,390.910004,396.50,121200,396.50
2015-07-15,391.00,396.739014,388.209991,394.679993,86800,394.679993
2015-07-14,390.01001,394.428009,384.420013,390.359985,87600,390.359985
2015-07-13,386.029999,391.00,382.049988,387.899994,69600,387.899994
2015-07-10,387.00,392.040009,382.589996,383.799988,168700,383.799988
2015-07-09,384.00,393.380005,382.018005,382.730011,86900,382.730011
2015-07-08,390.01001,400.00,365.00,380.50,116900,380.50
2015-07-07,395.869995,400.00,393.809998,393.809998,80900,393.809998
2015-07-06,395.00,404.924988,392.369995,395.75,142800,395.75
2015-07-02,401.51001,409.50,395.390015,399.709991,205100,399.709991
2015-07-01,450.480011,450.480011,380.00,399.00,142400,399.00
2015-06-30,430.00,430.049988,425.50,425.50,41200,425.50
2015-06-24,435.00,435.00,429.50,430.00,16500,430.00
2015-06-23,420.00,430.00,420.00,430.00,3600,430.00
2015-06-22,397.00,420.00,397.00,420.00,9800,420.00
2015-06-19,396.00,397.200012,395.00,397.200012,2000,397.200012
2015-06-18,395.00,396.00,395.00,396.00,900,396.00
2015-06-17,393.200012,396.709991,393.200012,395.00,31400,395.00
2015-06-15,376.910004,376.910004,376.910004,376.910004,200,376.910004
2015-06-12,395.00,395.00,376.910004,376.910004,500,376.910004
2015-06-11,400.00,405.00,399.839996,399.839996,8200,399.839996
