Date,Open,High,Low,Close,Volume,Adj Close
2015-10-16,66.800003,66.800003,64.139999,65.410004,3804400,65.410004
2015-10-15,66.120003,66.910004,65.260002,66.849998,2856500,66.849998
2015-10-14,65.699997,66.25,65.110001,65.970001,1452400,65.970001
2015-10-13,65.279999,66.720001,65.230003,65.75,1462000,65.75
2015-10-12,66.860001,66.959999,65.419998,65.809998,1629900,65.809998
2015-10-09,67.580002,67.610001,66.510002,66.910004,1753900,66.910004
2015-10-08,66.139999,67.25,65.470001,67.080002,1504000,67.080002
2015-10-07,65.970001,67.190002,65.50,66.169998,2687000,66.169998
2015-10-06,64.220001,65.410004,63.650002,65.110001,2498700,65.110001
2015-10-05,63.049999,64.190002,62.970001,63.790001,2078400,63.790001
2015-10-02,59.889999,62.540001,59.490002,62.540001,3567300,62.540001
2015-10-01,62.23,62.810001,60.240002,60.549999,6049500,60.549999
2015-09-30,61.84,61.98,60.400002,61.32,3238200,61.32
2015-09-29,61.880001,62.049999,60.509998,61.41,5644700,61.41
2015-09-28,63.150002,63.169998,61.439999,61.549999,3202500,61.549999
2015-09-25,64.459999,64.50,63.529999,64.080002,2414500,64.080002
2015-09-24,62.900002,64.459999,62.639999,63.759998,2519100,63.759998
2015-09-23,64.139999,64.519997,63.32,63.330002,1789800,63.330002
2015-09-22,63.02,64.349998,62.950001,63.84,1492800,63.84
2015-09-21,64.00,64.559998,63.610001,64.010002,1787400,64.010002
2015-09-18,64.349998,64.879997,63.689999,63.700001,4634100,63.700001
2015-09-17,66.379997,66.839996,65.519997,65.739998,4053600,65.739998
2015-09-16,64.790001,66.599998,64.699997,66.449997,2917600,66.449997
2015-09-15,64.290001,64.660004,63.799999,64.300003,5247800,64.300003
2015-09-14,63.990002,64.290001,63.529999,63.939999,2537600,63.939999
2015-09-11,63.939999,64.50,63.439999,64.470001,4063200,64.470001
2015-09-10,64.93,65.260002,63.82,64.800003,2582200,64.800003
2015-09-09,66.349998,67.120003,64.790001,64.860001,4618800,64.860001
2015-09-08,65.910004,66.089996,65.190002,65.739998,3074200,65.739998
2015-09-04,65.279999,65.739998,64.940002,65.550003,3486300,65.550003
2015-09-03,65.620003,67.059998,65.07,66.610001,4040900,66.610001
2015-09-02,66.120003,66.339996,64.139999,65.300003,4316600,65.300003
2015-09-01,64.970001,66.099998,64.639999,65.25,6593700,65.25
2015-08-31,64.440002,67.059998,64.239998,66.760002,7284600,66.760002
2015-08-28,62.459999,65.559998,62.400002,65.00,7408600,65.00
2015-08-27,61.459999,63.259998,61.080002,63.209999,22646700,63.209999
2015-08-26,61.310001,62.150002,59.220001,59.93,59286500,59.93
2015-08-25,44.619999,45.25,42.419998,42.470001,3673800,42.470001
2015-08-24,40.830002,44.619999,40.50,42.880001,4328200,42.880001
2015-08-21,45.009998,45.66,43.959999,43.990002,2640500,43.990002
2015-08-20,47.540001,47.889999,45.25,45.279999,2708800,45.279999
2015-08-19,48.50,48.77,47.119999,47.41,1774700,47.41
2015-08-18,48.68,49.419998,48.41,48.889999,1715400,48.889999
2015-08-17,49.259998,49.73,48.549999,48.740002,2061400,48.740002
2015-08-14,50.290001,51.240002,49.349998,49.50,2257600,49.50
2015-08-13,51.599998,51.599998,49.959999,50.43,2071200,50.43
2015-08-12,51.119999,52.389999,50.91,52.25,3592000,52.25
2015-08-11,50.32,50.990002,49.799999,50.849998,2278800,50.849998
2015-08-10,49.700001,51.52,49.50,51.43,2484900,51.43
2015-08-07,49.82,50.470001,49.259998,49.48,2544600,49.48
2015-08-06,48.790001,50.389999,48.060001,50.150002,2810500,50.150002
2015-08-05,49.849998,50.59,48.419998,48.93,1782200,48.93
2015-08-04,49.799999,50.470001,49.060001,49.220001,1480900,49.220001
2015-08-03,49.84,50.849998,49.029999,49.16,2079700,49.16
2015-07-31,50.380001,51.41,50.009998,50.459999,2387700,50.459999
2015-07-30,50.950001,51.540001,50.130001,50.669998,2252000,50.669998
2015-07-29,49.459999,51.189999,49.200001,50.990002,2471600,50.990002
2015-07-28,49.700001,49.950001,48.720001,49.759998,4053300,49.759998
2015-07-27,48.75,50.18,48.540001,49.419998,3615600,49.419998
2015-07-24,49.860001,50.48,48.849998,49.59,4844200,49.59
2015-07-23,47.02,50.740002,46.900002,49.720001,5503000,49.720001
2015-07-22,48.91,49.00,46.220001,46.880001,6460100,46.880001
2015-07-21,49.27,50.419998,49.220001,49.32,2220100,49.32
2015-07-20,49.299999,49.599998,48.959999,49.189999,2662300,49.189999
2015-07-17,50.75,51.240002,48.810001,49.189999,3897000,49.189999
2015-07-16,51.369999,51.619999,50.919998,50.939999,1990500,50.939999
2015-07-15,51.549999,51.880001,50.66,50.720001,2402300,50.720001
2015-07-14,51.189999,52.66,50.970001,52.00,2414200,52.00
2015-07-13,50.91,51.700001,50.790001,51.040001,2069500,51.040001
2015-07-10,51.18,51.630001,50.380001,50.860001,2095700,50.860001
2015-07-09,50.560001,50.900002,49.970001,50.380001,2210400,50.380001
2015-07-08,51.509998,52.00,49.419998,49.52,3682800,49.52
2015-07-07,50.48,52.18,49.41,51.889999,3447800,51.889999
2015-07-06,50.200001,51.23,49.990002,50.400002,2873400,50.400002
2015-07-02,50.950001,51.630001,50.630001,51.50,1835500,51.50
2015-07-01,52.419998,52.610001,50.540001,50.810001,3254600,50.810001
2015-06-30,52.099998,52.509998,51.439999,52.369999,2683100,52.369999
2015-06-29,52.459999,52.599998,51.549999,51.599998,2718000,51.599998
2015-06-26,53.959999,53.98,52.619999,53.009998,4568100,53.009998
2015-06-25,54.25,54.259998,53.77,53.990002,2820300,53.990002
2015-06-24,54.200001,54.830002,53.880001,54.240002,2382800,54.240002
2015-06-23,54.400002,54.610001,54.18,54.48,2707400,54.48
2015-06-22,53.68,54.599998,53.599998,54.529999,2363000,54.529999
2015-06-19,53.240002,54.00,53.240002,53.549999,5485000,53.549999
2015-06-18,53.759998,53.919998,52.849998,53.599998,2535300,53.599998
2015-06-17,53.779999,54.360001,52.939999,53.52,1677700,53.52
2015-06-16,53.00,53.59,52.799999,53.360001,1695900,53.360001
2015-06-15,52.82,53.200001,52.200001,52.959999,1495700,52.959999
2015-06-12,53.380001,53.669998,53.150002,53.50,1421400,53.50
2015-06-11,54.200001,54.27,53.50,53.689999,1890900,53.689999
2015-06-10,53.450001,54.34,53.16,54.200001,1935400,54.200001
2015-06-09,52.740002,53.09,52.34,52.560001,1402700,52.560001
2015-06-08,52.509998,53.279999,52.200001,52.299999,1322000,52.299999
2015-06-05,51.799999,53.540001,51.57,52.73,1925800,52.73
2015-06-04,51.990002,52.52,51.84,52.27,1964100,52.27
2015-06-03,52.799999,53.470001,52.310001,52.59,1668700,52.59
2015-06-02,51.529999,53.509998,51.529999,52.950001,2134900,52.950001
2015-06-01,51.27,51.50,50.810001,51.189999,1381900,51.189999
2015-05-29,51.630001,52.48,51.32,51.330002,1933400,51.330002
2015-05-28,51.48,51.540001,50.669998,51.299999,1438900,51.299999
2015-05-27,51.130001,52.130001,50.860001,51.799999,1784700,51.799999
2015-05-26,51.869999,52.02,50.75,51.200001,1731800,51.200001
2015-05-22,52.57,53.400002,52.16,52.50,2013600,52.50
2015-05-21,52.040001,54.130001,51.709999,53.139999,2320000,53.139999
2015-05-20,51.41,52.09,50.720001,51.630001,1860800,51.630001
2015-05-19,51.869999,52.25,50.73,51.200001,2325300,51.200001
2015-05-18,52.380001,53.150002,52.02,53.080002,1818400,53.080002
2015-05-15,52.549999,52.549999,51.68,52.360001,2706300,52.360001
2015-05-14,53.07,53.790001,52.380001,52.59,2318300,52.59
2015-05-13,53.349998,53.349998,52.049999,52.919998,2136400,52.919998
2015-05-12,51.849998,53.439999,51.689999,52.799999,3017600,52.799999
2015-05-11,53.240002,53.369999,51.50,51.57,4077300,51.57
2015-05-08,52.849998,53.52,51.619999,53.389999,3090300,53.389999
2015-05-07,53.330002,53.369999,51.18,52.09,3766200,52.09
2015-05-06,55.32,55.580002,53.00,53.580002,5812800,53.580002
2015-05-05,55.16,55.669998,54.389999,54.48,3317400,54.48
2015-05-04,54.669998,54.759998,53.830002,54.34,2873900,54.34
2015-05-01,54.700001,54.91,53.549999,54.549999,3123200,54.549999
2015-04-30,55.00,56.279999,54.18,54.82,4432900,54.82
2015-04-29,53.869999,54.990002,52.970001,54.810001,3129600,54.810001
2015-04-28,53.759998,53.990002,52.779999,53.240002,3301400,53.240002
2015-04-27,53.869999,54.619999,53.23,54.07,3818700,54.07
2015-04-24,52.919998,54.189999,52.400002,52.810001,3795000,52.810001
2015-04-23,51.700001,53.419998,51.049999,52.779999,6087800,52.779999
2015-04-22,48.720001,49.509998,48.400002,49.02,3415400,49.02
2015-04-21,50.27,50.48,48.369999,48.66,2198800,48.66
2015-04-20,49.700001,50.73,49.689999,50.330002,2254600,50.330002
