Date,Open,High,Low,Close,Volume,Adj Close
2015-10-09,30.83,30.92,30.219999,30.40,418600,30.40
2015-10-08,30.34,30.799999,30.219999,30.780001,476100,30.780001
2015-10-07,30.309999,30.58,29.99,30.51,688200,30.51
2015-10-06,30.190001,30.27,29.719999,30.059999,549900,30.059999
2015-10-05,29.67,30.23,28.379999,30.17,608200,30.17
2015-10-02,29.35,29.389999,28.290001,29.379999,722100,29.379999
2015-10-01,30.08,30.120001,29.34,29.84,605000,29.84
2015-09-30,29.940001,30.049999,29.620001,29.959999,718300,29.959999
2015-09-29,29.68,29.83,29.48,29.639999,438000,29.639999
2015-09-28,30.24,30.34,29.58,29.690001,873000,29.690001
2015-09-25,30.790001,31.059999,30.370001,30.459999,583700,30.459999
2015-09-24,29.83,30.530001,29.75,30.48,794500,30.48
2015-09-23,29.969999,30.309999,29.780001,30.030001,415900,30.030001
2015-09-22,29.65,30.10,29.65,29.90,563700,29.90
2015-09-21,29.559999,30.309999,29.530001,30.110001,910800,30.110001
2015-09-18,29.66,29.82,29.25,29.360001,1450900,29.360001
2015-09-17,30.83,31.27,30.139999,30.209999,728000,30.209999
2015-09-16,30.75,30.950001,30.459999,30.93,354200,30.93
2015-09-15,30.48,30.889999,30.48,30.780001,352100,30.780001
2015-09-14,30.23,30.549999,30.09,30.379999,620800,30.379999
2015-09-11,29.620001,30.25,29.58,30.17,477800,30.17
2015-09-10,29.33,30.10,29.33,29.879999,424100,29.879999
2015-09-09,29.90,30.25,29.51,29.540001,422300,29.540001
2015-09-08,29.58,29.82,28.959999,29.76,587300,29.76
2015-09-04,29.00,29.25,28.620001,29.049999,550900,29.049999
2015-09-03,29.049999,29.639999,28.92,29.26,699400,29.26
2015-09-02,28.68,29.129999,28.34,29.09,567700,29.09
2015-09-01,29.190001,29.299999,28.290001,28.41,668800,28.41
2015-08-31,29.18,29.73,29.18,29.629999,502200,29.629999
2015-08-28,29.129999,29.82,29.129999,29.469999,739100,29.469999
2015-08-27,29.209999,29.66,29.00,29.48,967200,29.339999
2015-08-26,28.389999,28.940001,27.959999,28.90,702500,28.762754
2015-08-25,29.219999,29.219999,27.67,27.73,804500,27.59831
2015-08-24,28.92,29.50,27.57,28.200001,1124300,28.066079
2015-08-21,30.07,30.76,30.00,30.290001,714200,30.146154
2015-08-20,31.26,31.639999,30.52,30.52,442900,30.375061
2015-08-19,31.860001,31.870001,31.469999,31.59,529800,31.439979
2015-08-18,32.169998,32.439999,31.950001,32.02,435800,31.867937
2015-08-17,32.119999,32.470001,31.719999,32.189999,544800,32.037128
2015-08-14,31.639999,32.189999,31.639999,32.18,245900,32.027177
2015-08-13,31.74,32.200001,31.549999,31.719999,326000,31.569361
2015-08-12,32.00,32.27,31.16,31.629999,467900,31.479788
2015-08-11,32.450001,32.740002,32.060001,32.279999,276000,32.126701
2015-08-10,32.459999,32.869999,32.380001,32.830002,303100,32.674092
2015-08-07,32.279999,32.619999,31.99,32.18,671200,32.027177
2015-08-06,32.77,32.880001,32.279999,32.48,399600,32.325752
2015-08-05,32.669998,33.07,32.529999,32.630001,581600,32.475041
2015-08-04,32.419998,32.849998,32.380001,32.540001,495700,32.385468
2015-08-03,32.150002,32.360001,31.870001,32.299999,506500,32.146607
2015-07-31,32.41,32.470001,31.950001,32.110001,1020500,31.95751
2015-07-30,32.110001,32.48,32.060001,32.43,697100,32.27599
2015-07-29,32.34,32.450001,32.060001,32.32,705400,32.166512
2015-07-28,32.669998,32.68,32.110001,32.290001,588300,32.136656
2015-07-27,32.66,32.66,32.080002,32.380001,634700,32.226228
2015-07-24,33.34,33.389999,32.830002,32.869999,617200,32.713899
2015-07-23,34.150002,34.299999,33.360001,33.450001,597700,33.291147
2015-07-22,33.779999,34.75,33.57,34.139999,1423800,33.977869
2015-07-21,33.299999,33.689999,32.869999,33.02,461300,32.863188
2015-07-20,33.00,33.360001,32.82,33.290001,408400,33.131907
2015-07-17,33.209999,33.209999,32.580002,32.869999,421800,32.713899
2015-07-16,33.490002,33.66,33.119999,33.18,390700,33.022428
2015-07-15,33.25,33.48,33.09,33.220001,315700,33.062239
2015-07-14,32.93,33.259998,32.740002,33.139999,390600,32.982618
2015-07-13,32.939999,33.209999,32.66,33.169998,500300,33.012474
2015-07-10,32.59,32.82,32.259998,32.630001,510200,32.475041
2015-07-09,31.93,32.380001,31.58,32.23,590200,32.076939
2015-07-08,31.34,31.719999,31.309999,31.559999,807500,31.410121
2015-07-07,31.98,31.98,31.15,31.65,942500,31.499694
2015-07-06,31.700001,32.189999,31.68,31.93,728700,31.778365
2015-07-02,32.810001,32.810001,32.02,32.080002,1044900,31.927654
2015-07-01,32.880001,33.00,32.540001,32.73,524000,32.574565
2015-06-30,32.619999,32.93,32.139999,32.450001,449600,32.295896
2015-06-29,33.040001,33.220001,32.27,32.299999,534000,32.146607
2015-06-26,33.34,33.52,33.169998,33.369999,1071900,33.211525
2015-06-25,33.299999,33.540001,32.970001,33.16,420200,33.002523
2015-06-24,33.060001,33.43,32.849998,33.209999,673300,33.052285
2015-06-23,32.77,33.119999,32.66,33.07,487000,32.91295
2015-06-22,32.700001,32.82,32.549999,32.790001,861200,32.634281
2015-06-19,32.50,32.77,32.310001,32.41,2594700,32.256085
2015-06-18,32.59,32.799999,32.130001,32.59,613500,32.43523
2015-06-17,33.119999,33.189999,32.27,32.360001,412700,32.206323
2015-06-16,32.259998,33.060001,32.259998,32.950001,711800,32.793521
2015-06-15,32.369999,32.830002,32.040001,32.43,725400,32.27599
2015-06-12,32.650002,32.740002,32.43,32.59,465600,32.43523
2015-06-11,32.869999,32.939999,32.549999,32.700001,473200,32.544708
2015-06-10,32.75,33.259998,32.52,32.889999,813400,32.733805
2015-06-09,32.07,32.869999,32.040001,32.549999,876300,32.395419
2015-06-08,31.91,32.150002,31.75,32.150002,582000,31.997321
2015-06-05,31.360001,31.90,31.360001,31.879999,598200,31.728601
2015-06-04,30.959999,31.639999,30.66,31.24,1398900,31.091641
2015-06-03,30.790001,31.16,30.65,30.889999,520200,30.743303
2015-06-02,29.950001,30.700001,29.950001,30.610001,517300,30.464634
2015-06-01,30.280001,30.65,29.809999,30.32,630800,30.17601
2015-05-29,30.49,30.49,29.950001,30.219999,518600,30.076485
2015-05-28,30.469999,30.629999,30.26,30.620001,302700,30.335251
2015-05-27,29.98,30.59,29.709999,30.559999,512700,30.275808
2015-05-26,30.030001,30.16,29.57,29.90,481000,29.621946
2015-05-22,30.299999,30.50,30.09,30.209999,402200,29.929062
2015-05-21,30.129999,30.450001,29.940001,30.25,617600,29.968691
2015-05-20,30.34,30.389999,30.10,30.219999,444800,29.93897
2015-05-19,30.290001,30.549999,30.27,30.33,380700,30.047947
2015-05-18,29.35,30.360001,29.030001,30.219999,545300,29.93897
2015-05-15,29.860001,29.860001,29.190001,29.43,776000,29.156317
2015-05-14,29.809999,29.98,29.66,29.98,277600,29.701202
2015-05-13,29.620001,29.84,29.40,29.719999,335800,29.443619
2015-05-12,29.190001,29.690001,28.950001,29.52,406800,29.24548
2015-05-11,28.82,29.370001,28.799999,29.290001,346200,29.01762
2015-05-08,28.92,29.040001,28.50,28.860001,315400,28.591618
2015-05-07,28.690001,29.00,28.49,28.719999,228600,28.452919
2015-05-06,28.469999,28.77,28.26,28.74,301800,28.472733
2015-05-05,28.709999,28.879999,28.35,28.459999,326100,28.195337
2015-05-04,28.41,28.799999,28.34,28.67,279000,28.403385
2015-05-01,28.68,28.860001,28.190001,28.389999,353200,28.125988
2015-04-30,28.90,29.25,28.52,28.58,549100,28.314221
2015-04-29,28.860001,29.27,28.85,29.01,381000,28.740223
2015-04-28,28.459999,28.959999,28.32,28.950001,390900,28.680781
2015-04-27,28.74,29.120001,28.110001,28.40,482400,28.135895
2015-04-24,28.41,29.18,28.41,28.73,502200,28.462826
2015-04-23,28.90,29.26,28.530001,28.969999,584100,28.700594
2015-04-22,28.48,28.77,28.09,28.620001,369000,28.35385
2015-04-21,28.870001,28.950001,28.450001,28.530001,355600,28.264687
2015-04-20,28.360001,28.860001,28.129999,28.68,237000,28.413292
2015-04-17,28.559999,28.610001,28.23,28.35,319500,28.086361
2015-04-16,28.82,28.92,28.450001,28.83,211700,28.561897
2015-04-15,28.60,29.049999,28.440001,28.85,264500,28.581711
2015-04-14,28.719999,28.82,28.34,28.549999,196700,28.2845
2015-04-13,28.43,28.940001,28.43,28.879999,401300,28.611431
