Date,Open,High,Low,Close,Volume,Adj Close
2015-10-15,125.169998,126.00,124.949997,125.970001,651200,125.970001
2015-10-14,125.040001,125.419998,124.559998,124.699997,1275600,124.699997
2015-10-13,125.370003,125.760002,124.889999,125.349998,935100,125.349998
2015-10-12,125.07,125.809998,125.07,125.470001,496600,125.470001
2015-10-09,125.349998,125.779999,124.989998,125.209999,991900,125.209999
2015-10-08,124.00,125.300003,123.860001,125.139999,1073200,125.139999
2015-10-07,123.580002,124.459999,123.519997,124.370003,1477800,124.370003
2015-10-06,122.830002,123.440002,122.769997,123.389999,863900,123.389999
2015-10-05,123.169998,123.769997,122.93,123.400002,2321500,123.400002
2015-10-02,121.150002,122.629997,120.800003,122.629997,1445800,122.629997
2015-10-01,122.470001,122.599998,121.239998,122.099998,2910100,122.099998
2015-09-30,122.419998,122.75,121.900002,122.650002,1128500,122.650002
2015-09-29,120.790001,121.900002,120.629997,121.830002,1250600,121.830002
2015-09-28,121.940002,122.559998,120.75,120.970001,963800,120.970001
2015-09-25,121.900002,123.160004,121.82,122.260002,1134100,122.260002
2015-09-24,120.519997,121.529999,120.389999,121.300003,1239200,121.300003
2015-09-23,120.669998,121.519997,120.529999,121.089996,1048100,121.089996
2015-09-22,120.470001,121.18,120.449997,120.75,1209500,120.75
2015-09-21,120.059998,121.589996,119.919998,121.519997,969300,121.519997
2015-09-18,119.610001,120.589996,119.519997,119.639999,2432900,119.639999
2015-09-17,121.050003,121.580002,120.620003,120.699997,1447800,120.699997
2015-09-16,120.93,121.540001,120.919998,121.360001,1284000,120.789999
2015-09-15,120.459999,121.370003,120.269997,121.040001,1848100,120.471502
2015-09-14,120.940002,120.940002,120.260002,120.370003,798800,119.804651
2015-09-11,120.480003,120.940002,120.190002,120.900002,1131400,120.33216
2015-09-10,120.370003,121.129997,119.970001,120.660004,1088300,120.093289
2015-09-09,121.830002,122.139999,120.300003,120.379997,1439100,119.814598
2015-09-08,121.349998,121.440002,120.309998,121.389999,1408900,120.819856
2015-09-04,120.110001,120.389999,119.720001,119.959999,2037100,119.396573
2015-09-03,120.620003,121.199997,120.300003,121.040001,1454300,120.471502
2015-09-02,120.029999,120.449997,119.230003,120.129997,1363100,119.565772
2015-09-01,119.279999,120.029999,118.93,119.18,2306800,118.620237
2015-08-31,120.949997,121.050003,120.25,120.809998,1747400,120.242579
2015-08-28,121.459999,121.57,120.57,120.989998,2247800,120.421734
2015-08-27,121.230003,122.150002,120.279999,121.589996,2294100,121.018914
2015-08-26,121.25,121.360001,119.290001,120.489998,2270500,119.924082
2015-08-25,122.019997,122.019997,119.07,119.169998,2348500,118.610282
2015-08-24,118.629997,121.720001,115.300003,119.949997,4685000,119.386617
2015-08-21,123.68,124.129997,122.68,122.68,2364500,122.103799
2015-08-20,124.779999,125.089996,123.970001,123.970001,1556900,123.387741
2015-08-19,125.410004,126.089996,125.019997,125.410004,1028300,124.82098
2015-08-18,125.50,125.980003,125.230003,125.809998,1203900,125.219095
2015-08-17,125.330002,125.800003,124.870003,125.480003,963000,124.890651
2015-08-14,124.989998,125.449997,124.82,125.339996,779400,124.751301
2015-08-13,124.720001,125.239998,124.610001,124.800003,853600,124.213844
2015-08-12,124.910004,125.470001,124.040001,124.889999,1053800,124.303418
2015-08-11,125.029999,125.639999,124.919998,125.389999,1518100,124.801069
2015-08-10,125.760002,126.029999,125.330002,125.50,1138700,124.910553
2015-08-07,125.139999,125.410004,125.00,125.260002,1099400,124.671683
2015-08-06,126.269997,126.269997,125.110001,125.349998,839100,124.761256
2015-08-05,125.910004,126.370003,125.529999,126.00,1582800,125.408205
2015-08-04,125.449997,126.199997,125.449997,125.489998,1481900,124.900598
2015-08-03,123.860001,125.860001,123.860001,125.739998,1276500,125.149424
2015-07-31,125.470001,125.50,124.309998,124.330002,5667500,123.74605
2015-07-30,124.230003,124.849998,124.059998,124.730003,1180400,124.144173
2015-07-29,123.879997,124.449997,123.620003,124.410004,1276900,123.825676
2015-07-28,123.699997,123.959999,123.360001,123.809998,1847100,123.228488
2015-07-27,122.800003,124.050003,122.800003,123.32,1929200,122.740792
2015-07-24,123.040001,123.440002,122.629997,123.029999,1870300,122.452153
2015-07-23,123.169998,123.230003,122.379997,122.800003,2384300,122.223238
2015-07-22,122.68,123.18,122.199997,123.18,3068300,122.60145
2015-07-21,122.18,122.18,121.50,121.779999,1686900,121.208024
2015-07-20,122.059998,122.099998,121.690002,121.980003,1279500,121.407089
2015-07-17,122.019997,122.07,121.480003,122.059998,952500,121.486708
2015-07-16,122.029999,122.629997,121.870003,121.949997,3091900,121.377224
2015-07-15,121.82,122.190002,121.519997,121.870003,2452800,121.297605
2015-07-14,121.800003,122.139999,121.43,121.860001,1462400,121.28765
2015-07-13,122.00,122.150002,121.519997,121.739998,1568400,121.168211
2015-07-10,122.00,122.00,121.239998,121.50,2897300,120.92934
2015-07-09,121.550003,121.550003,120.739998,121.239998,2936800,120.670559
2015-07-08,121.379997,121.510002,120.419998,120.419998,2534200,119.854411
2015-07-07,121.360001,121.980003,120.940002,121.790001,4190900,121.217979
2015-07-06,120.760002,121.519997,120.410004,121.379997,3754100,120.809901
2015-07-02,118.260002,122.769997,118.260002,121.470001,6225000,120.899483
2015-07-01,126.75,129.440002,119.919998,119.989998,28806100,119.42643
2015-06-30,95.400002,95.870003,94.75,95.139999,1021600,94.693147
2015-06-29,95.519997,96.099998,94.650002,94.669998,926300,94.225353
2015-06-26,96.099998,96.839996,95.910004,96.449997,770200,95.996992
2015-06-25,96.660004,96.68,95.660004,95.709999,900800,95.26047
2015-06-24,97.690002,97.690002,96.699997,96.709999,819900,96.255773
2015-06-23,98.769997,98.919998,97.739998,98.239998,901400,97.211264
2015-06-22,98.870003,98.959999,98.169998,98.349998,771300,97.320112
2015-06-19,99.25,99.400002,98.190002,98.190002,1069100,97.161792
2015-06-18,98.019997,99.739998,98.019997,99.379997,918600,98.339325
2015-06-17,97.910004,98.709999,97.540001,98.300003,1281000,97.270641
2015-06-16,96.970001,97.849998,96.470001,97.620003,1050900,96.597761
2015-06-15,96.379997,97.139999,95.970001,96.800003,1116900,95.786348
2015-06-12,97.300003,97.360001,96.690002,97.150002,1111700,96.132681
2015-06-11,96.209999,97.730003,96.209999,97.610001,1293900,96.587864
2015-06-10,94.839996,96.629997,94.839996,96.260002,1167500,95.252002
2015-06-09,94.410004,95.230003,94.349998,94.849998,1079700,93.856763
2015-06-08,95.440002,95.540001,94.480003,94.559998,1104200,93.569799
2015-06-05,97.029999,97.18,95.349998,95.410004,1553300,94.410904
2015-06-04,96.559998,97.120003,96.07,96.25,1287800,95.242104
2015-06-03,97.410004,97.690002,96.900002,97.269997,1203000,96.25142
2015-06-02,96.879997,97.309998,96.50,97.150002,1600300,96.132681
2015-06-01,97.739998,98.019997,96.959999,96.989998,1189800,95.974353
2015-05-29,98.389999,98.410004,97.419998,97.50,2378300,96.479015
2015-05-28,97.870003,98.339996,97.510002,98.290001,725100,97.260743
2015-05-27,97.75,98.330002,97.199997,98.120003,849600,97.092525
2015-05-26,98.059998,98.150002,97.029999,97.32,1344400,96.300899
2015-05-22,99.099998,99.410004,98.309998,98.309998,792900,97.28053
2015-05-21,99.349998,99.720001,99.029999,99.129997,711300,98.091943
2015-05-20,99.75,99.870003,99.43,99.620003,570500,98.576818
2015-05-19,99.669998,99.889999,99.309998,99.760002,579000,98.715351
2015-05-18,99.059998,99.599998,98.980003,99.43,522600,98.388805
2015-05-15,99.25,99.620003,98.650002,99.029999,717700,97.992992
2015-05-14,98.949997,99.160004,98.419998,99.129997,536800,98.091943
2015-05-13,98.470001,98.940002,98.089996,98.290001,857400,97.260743
2015-05-12,99.220001,99.220001,98.18,98.480003,1028200,97.448756
2015-05-11,100.120003,100.300003,99.309998,99.559998,979000,98.517441
2015-05-08,100.470001,100.75,100.18,100.43,686200,99.378333
2015-05-07,99.300003,100.160004,99.019997,99.839996,809400,98.794508
2015-05-06,99.489998,99.720001,98.82,99.269997,1259900,98.230477
2015-05-05,99.379997,99.790001,99.129997,99.50,893500,98.458072
2015-05-04,99.25,99.510002,98.959999,99.330002,764600,98.289854
2015-05-01,98.519997,99.269997,98.150002,99.040001,1168200,98.002889
2015-04-30,98.910004,99.279999,98.00,98.349998,1531500,97.320112
2015-04-29,99.629997,99.93,98.900002,99.010002,710300,97.973205
2015-04-28,99.050003,100.199997,98.93,99.970001,1291300,98.923151
2015-04-27,100.529999,100.989998,99.040001,99.199997,1337800,98.16121
2015-04-24,99.629997,100.769997,99.449997,100.410004,1105300,99.358546
2015-04-23,99.209999,100.300003,99.18,99.790001,1477300,98.745036
2015-04-22,99.760002,99.919998,98.959999,99.300003,1544000,98.260169
2015-04-21,100.989998,101.25,99.610001,99.739998,1777400,98.695556
2015-04-20,100.910004,101.68,100.730003,101.00,1075900,99.942364
