Date,Open,High,Low,Close,Volume,Adj Close
2015-10-16,43.240002,43.32,42.73,43.18,3746300,43.18
2015-10-15,42.580002,43.169998,42.189999,43.16,3544600,43.16
2015-10-14,42.439999,42.849998,42.18,42.43,3073200,42.43
2015-10-13,42.439999,42.950001,41.970001,42.34,2631000,42.34
2015-10-12,43.080002,43.27,42.400002,42.619999,3172700,42.619999
2015-10-09,43.73,44.130001,42.959999,43.130001,6322000,43.130001
2015-10-08,42.439999,44.110001,42.299999,43.860001,8470600,43.860001
2015-10-07,41.810001,42.450001,41.369999,42.41,7958100,42.41
2015-10-06,41.549999,42.009998,41.290001,41.34,5082500,41.34
2015-10-05,40.50,41.84,40.50,41.639999,7462300,41.639999
2015-10-02,38.91,40.470001,38.759998,40.299999,12395200,40.299999
2015-10-01,39.900002,40.18,39.34,39.470001,7932700,39.470001
2015-09-30,39.360001,40.049999,39.200001,39.900002,8431300,39.900002
2015-09-29,38.66,39.610001,38.509998,38.970001,8202000,38.970001
2015-09-28,40.540001,40.790001,38.580002,38.669998,8779900,38.669998
2015-09-25,41.18,41.299999,40.439999,40.77,6319000,40.77
2015-09-24,41.369999,41.369999,40.16,40.889999,6826900,40.889999
2015-09-23,42.639999,42.73,41.529999,41.669998,3909100,41.669998
2015-09-22,42.360001,43.049999,42.220001,42.580002,4697700,42.580002
2015-09-21,42.93,43.18,42.470001,42.880001,3576600,42.880001
2015-09-18,42.669998,43.439999,42.630001,42.709999,9259200,42.709999
2015-09-17,43.860001,44.099998,43.279999,43.419998,4401900,43.419998
2015-09-16,43.639999,44.110001,43.43,43.580002,4813200,43.580002
2015-09-15,43.50,43.84,43.139999,43.759998,5061100,43.759998
2015-09-14,43.919998,44.00,42.990002,43.279999,4259400,43.279999
2015-09-11,44.16,44.529999,43.43,43.93,5834400,43.93
2015-09-10,44.27,44.279999,42.700001,43.939999,8033100,43.939999
2015-09-09,44.349998,44.400002,43.290001,43.509998,6175200,43.509998
2015-09-08,43.630001,43.919998,43.07,43.669998,5109000,43.669998
2015-09-04,43.32,43.580002,42.52,42.919998,5029000,42.769999
2015-09-03,44.48,44.619999,43.619999,43.810001,4237200,43.656892
2015-09-02,44.380001,44.580002,43.459999,44.290001,5180300,44.135214
2015-09-01,44.259998,44.869999,43.50,43.790001,5504900,43.636961
2015-08-31,45.419998,45.490002,44.779999,45.240002,5119000,45.081894
2015-08-28,45.200001,45.93,45.169998,45.790001,5010500,45.629971
2015-08-27,44.830002,45.689999,44.419998,45.259998,5580200,45.101821
2015-08-26,44.389999,44.450001,43.41,44.349998,8199500,44.195001
2015-08-25,45.259998,45.360001,43.27,43.27,10690200,43.118778
2015-08-24,42.349998,45.599998,40.75,43.950001,8225300,43.796402
2015-08-21,45.549999,46.110001,45.09,45.09,7892000,44.932417
2015-08-20,47.98,47.98,46.00,46.029999,9558300,45.86913
2015-08-19,48.939999,49.09,48.369999,48.52,3476100,48.35043
2015-08-18,49.529999,49.740002,48.970001,49.349998,3928800,49.177527
2015-08-17,49.200001,50.040001,48.939999,50.029999,2918900,49.855151
2015-08-14,49.939999,50.00,49.029999,49.220001,4332800,49.047984
2015-08-13,50.07,50.50,49.66,50.049999,4970900,49.875082
2015-08-12,50.07,50.330002,49.650002,50.169998,3193000,49.994661
2015-08-11,50.779999,51.290001,50.00,50.290001,3741200,50.114244
2015-08-10,50.509998,51.610001,50.470001,51.18,4451800,51.001133
2015-08-07,52.279999,52.490002,49.419998,50.34,9149400,50.164069
2015-08-06,50.00,52.369999,47.830002,52.240002,20152100,52.05743
2015-08-05,52.009998,52.889999,50.02,50.419998,12661600,50.243787
2015-08-04,53.169998,53.57,52.57,52.860001,3991200,52.675262
2015-08-03,53.560001,53.610001,52.790001,53.029999,3180100,52.844666
2015-07-31,53.52,54.02,53.25,53.470001,3994800,53.283131
2015-07-30,52.459999,53.369999,52.330002,53.200001,3375800,53.014074
2015-07-29,52.790001,52.98,52.360001,52.610001,4585600,52.426136
2015-07-28,52.970001,53.240002,52.610001,52.75,3908500,52.565646
2015-07-27,52.720001,53.27,52.240002,52.669998,3172700,52.485924
2015-07-24,53.939999,54.009998,52.919998,53.040001,3856600,52.854634
2015-07-23,54.220001,54.310001,53.549999,53.75,2644800,53.562151
2015-07-22,53.959999,54.369999,53.529999,54.130001,2897300,53.940824
2015-07-21,53.990002,54.41,53.610001,54.099998,4162800,53.910927
2015-07-20,54.360001,54.380001,53.450001,54.09,7256600,53.900963
2015-07-17,55.290001,55.43,54.09,54.700001,5474800,54.508832
2015-07-16,55.830002,55.91,55.349998,55.450001,2801900,55.256211
2015-07-15,55.389999,55.799999,55.060001,55.369999,3127000,55.176489
2015-07-14,55.439999,55.889999,55.18,55.400002,3202900,55.206386
2015-07-13,55.450001,55.75,55.299999,55.540001,4667500,55.345896
2015-07-10,54.869999,55.189999,54.459999,54.849998,4127800,54.658305
2015-07-09,54.740002,54.939999,54.02,54.25,6978100,54.060404
2015-07-08,55.02,55.25,54.080002,54.279999,5715600,54.090298
2015-07-07,54.869999,55.630001,54.18,55.580002,5679400,55.385758
2015-07-06,54.900002,55.16,54.610001,54.889999,4243900,54.698167
2015-07-02,56.09,56.389999,55.330002,55.52,2634600,55.325966
2015-07-01,55.889999,56.119999,55.439999,55.93,3570200,55.734533
2015-06-30,57.740002,57.740002,55.279999,55.50,4208500,55.306035
2015-06-29,56.59,56.84,55.209999,55.330002,4763400,55.136631
2015-06-26,57.41,57.669998,56.810001,57.00,4212100,56.800793
2015-06-25,56.880001,57.549999,56.700001,57.130001,5513700,56.93034
2015-06-24,57.970001,58.02,56.759998,56.77,4560900,56.571597
2015-06-23,58.59,58.610001,57.869999,58.09,2756700,57.886984
2015-06-22,58.27,58.549999,58.130001,58.34,2237400,58.13611
2015-06-19,58.330002,58.700001,58.00,58.060001,4050800,57.85709
2015-06-18,58.080002,58.75,58.080002,58.509998,3087400,58.305514
2015-06-17,57.709999,58.400002,57.459999,58.00,4115900,57.797298
2015-06-16,58.130001,58.23,57.59,57.689999,3490400,57.48838
2015-06-15,58.150002,58.450001,57.91,58.139999,3556600,57.936808
2015-06-12,58.650002,58.880001,58.259998,58.490002,3563700,58.285587
2015-06-11,59.50,59.869999,58.279999,58.77,5637000,58.564608
2015-06-10,60.009998,60.619999,59.34,59.490002,5299100,59.282093
2015-06-09,60.220001,60.34,59.130001,59.849998,2964800,59.640831
2015-06-08,60.900002,60.970001,60.259998,60.279999,2916100,60.069329
2015-06-05,61.50,61.93,61.139999,61.330002,2918200,60.966187
2015-06-04,61.880001,62.459999,61.549999,61.740002,3387100,61.373754
2015-06-03,62.029999,62.509998,61.619999,62.220001,4915500,61.850906
2015-06-02,61.50,62.099998,61.169998,61.650002,2872300,61.284288
2015-06-01,61.959999,62.389999,61.439999,61.50,3417700,61.135176
2015-05-29,61.880001,62.080002,61.599998,61.720001,3386100,61.353872
2015-05-28,62.360001,62.970001,61.77,62.029999,3659700,61.662031
2015-05-27,60.759998,62.919998,60.419998,62.650002,5527000,62.278356
2015-05-26,61.52,61.919998,60.50,60.68,3269000,60.320041
2015-05-22,61.900002,61.959999,61.43,61.59,1631600,61.224643
2015-05-21,60.91,62.049999,60.869999,61.810001,2272400,61.443339
2015-05-20,60.889999,61.43,60.52,61.080002,2193000,60.71767
2015-05-19,60.84,61.09,60.50,60.700001,2531000,60.339923
2015-05-18,59.98,60.950001,59.919998,60.779999,2635900,60.419446
2015-05-15,59.619999,60.00,59.389999,59.950001,2853700,59.594372
2015-05-14,60.110001,60.259998,59.52,59.639999,2447700,59.286209
2015-05-13,59.77,60.139999,59.34,59.720001,3520400,59.365737
2015-05-12,59.439999,60.200001,58.759998,59.720001,4536000,59.365737
2015-05-11,60.900002,61.150002,59.439999,59.669998,5981200,59.31603
2015-05-08,63.82,63.950001,59.68,60.82,9050700,60.45921
2015-05-07,61.209999,61.599998,60.889999,61.220001,5040800,60.856839
2015-05-06,61.779999,61.869999,60.779999,61.119999,3345300,60.757429
2015-05-05,62.669998,62.810001,61.639999,61.77,3475200,61.403575
2015-05-04,62.950001,63.200001,62.50,62.619999,2656400,62.248531
2015-05-01,62.41,62.990002,62.00,62.630001,2614400,62.258474
2015-04-30,62.50,63.040001,61.790001,62.130001,3382300,61.76144
2015-04-29,61.549999,63.009998,61.459999,62.77,4079600,62.397643
2015-04-28,61.509998,61.84,60.869999,61.599998,2932700,61.234582
2015-04-27,62.779999,63.310001,61.650002,61.700001,3589900,61.333991
2015-04-24,62.009998,62.779999,61.720001,62.720001,3816800,62.34794
2015-04-23,61.59,62.080002,61.32,61.630001,2640000,61.264406
2015-04-22,61.50,61.720001,60.939999,61.57,1594200,61.204761
2015-04-21,61.380001,61.82,61.169998,61.48,2025500,61.115294
2015-04-20,61.110001,61.380001,60.939999,61.200001,1915800,60.836957
