Date,Open,High,Low,Close,Volume,Adj Close
2015-10-15,80.82,81.349998,80.620003,81.32,1478500,81.32
2015-10-14,81.18,81.470001,80.330002,80.480003,1414500,80.480003
2015-10-13,81.129997,81.959999,80.980003,81.139999,1665900,81.139999
2015-10-12,81.07,81.610001,81.040001,81.50,1004900,81.50
2015-10-09,81.559998,81.620003,80.949997,81.190002,1739600,81.190002
2015-10-08,81.059998,81.760002,80.610001,81.639999,2732700,81.639999
2015-10-07,80.910004,81.330002,80.519997,81.25,1801100,81.25
2015-10-06,81.32,81.580002,80.489998,80.75,2339200,80.75
2015-10-05,80.440002,81.449997,80.120003,81.419998,1985500,81.419998
2015-10-02,78.879997,79.970001,78.389999,79.940002,2481800,79.940002
2015-10-01,78.900002,79.669998,78.279999,79.589996,2295500,79.589996
2015-09-30,78.110001,78.93,77.790001,78.870003,2381900,78.870003
2015-09-29,77.779999,78.330002,77.25,77.529999,1965600,77.529999
2015-09-28,78.260002,78.75,77.07,77.57,3549600,77.57
2015-09-25,77.459999,78.790001,76.940002,78.75,3184300,78.75
2015-09-24,76.589996,76.839996,75.779999,76.779999,2730400,76.779999
2015-09-23,76.43,76.980003,76.379997,76.830002,1866100,76.830002
2015-09-22,77.019997,77.470001,76.410004,76.580002,1594200,76.580002
2015-09-21,77.769997,78.199997,77.379997,77.650002,1442300,77.650002
2015-09-18,76.650002,78.260002,76.650002,77.410004,2977500,77.410004
2015-09-17,78.370003,79.050003,77.370003,77.989998,2306200,77.989998
2015-09-16,77.550003,78.540001,77.400002,78.349998,2187900,78.349998
2015-09-15,78.93,78.970001,77.75,78.370003,4208500,77.550003
2015-09-14,78.760002,79.18,78.370003,78.709999,1775000,77.886442
2015-09-11,79.110001,79.190002,77.839996,78.629997,3486700,77.807278
2015-09-10,80.50,80.849998,79.040001,79.290001,3225000,78.460376
2015-09-09,83.209999,83.360001,80.669998,80.800003,2042400,79.954578
2015-09-08,82.260002,82.489998,81.669998,82.370003,1498300,81.508151
2015-09-04,81.309998,81.690002,80.699997,81.040001,1843600,80.192065
2015-09-03,82.50,82.800003,81.980003,82.32,2024000,81.458671
2015-09-02,82.25,82.75,81.449997,82.269997,1585400,81.409191
2015-09-01,82.00,82.559998,81.010002,81.459999,2032400,80.607669
2015-08-31,83.559998,84.209999,83.07,83.389999,2433700,82.517475
2015-08-28,83.800003,84.00,83.199997,83.75,2037200,82.873709
2015-08-27,82.25,84.709999,82.07,84.019997,2994800,83.14088
2015-08-26,80.709999,81.849998,79.75,81.639999,3470300,80.785786
2015-08-25,81.330002,81.889999,79.50,79.529999,3750600,78.697862
2015-08-24,80.699997,81.93,78.309998,79.93,4838100,79.093678
2015-08-21,84.389999,84.50,82.620003,82.669998,3142900,81.805007
2015-08-20,85.040001,85.550003,84.279999,84.389999,2206100,83.507012
2015-08-19,85.110001,85.889999,84.669998,85.43,1192900,84.536131
2015-08-18,86.239998,86.440002,85.160004,85.330002,1699500,84.437179
2015-08-17,85.910004,86.50,85.529999,86.339996,1881200,85.436606
2015-08-14,84.669998,86.559998,84.370003,86.07,2348400,85.169434
2015-08-13,84.860001,85.489998,84.650002,84.849998,1856000,83.962198
2015-08-12,83.949997,85.00,83.68,84.949997,2049200,84.06115
2015-08-11,83.260002,84.739998,83.18,84.18,2002100,83.29921
2015-08-10,82.839996,83.639999,82.559998,83.550003,1536700,82.675804
2015-08-07,81.769997,82.489998,81.769997,82.339996,1615100,81.478458
2015-08-06,82.43,82.68,81.889999,82.040001,1777500,81.181602
2015-08-05,82.18,82.889999,82.010002,82.25,1699200,81.389404
2015-08-04,81.970001,82.709999,81.709999,82.00,1292400,81.142019
2015-08-03,82.080002,82.260002,81.449997,81.879997,1295800,81.023272
2015-07-31,81.959999,82.610001,81.449997,81.910004,1351600,81.052965
2015-07-30,81.959999,82.010002,81.050003,81.470001,1882200,80.617566
2015-07-29,82.309998,82.50,81.410004,82.120003,1682500,81.260767
2015-07-28,82.739998,83.00,81.959999,82.260002,1918200,81.399301
2015-07-27,82.559998,82.93,82.190002,82.559998,2202600,81.696158
2015-07-24,83.00,83.230003,82.32,82.43,2819400,81.567521
2015-07-23,81.379997,84.32,81.379997,83.260002,4500200,82.388838
2015-07-22,80.839996,81.339996,80.410004,80.610001,2657400,79.766564
2015-07-21,81.519997,81.809998,80.57,80.790001,2051100,79.944681
2015-07-20,81.169998,82.080002,80.870003,81.989998,1698100,81.132122
2015-07-17,81.690002,81.690002,80.839996,81.089996,1847000,80.241537
2015-07-16,81.779999,82.080002,81.510002,81.690002,2030500,80.835265
2015-07-15,81.480003,81.480003,80.669998,81.239998,1635100,80.389969
2015-07-14,80.75,81.800003,80.730003,81.529999,1554400,80.676936
2015-07-13,81.849998,82.019997,80.75,80.889999,1552000,80.043633
2015-07-10,81.019997,81.620003,80.639999,81.339996,1212000,80.488921
2015-07-09,81.279999,81.459999,80.440002,80.440002,1314600,79.598344
2015-07-08,81.260002,81.760002,80.50,80.519997,1108400,79.677502
2015-07-07,81.160004,81.910004,81.00,81.650002,1580300,80.795683
2015-07-06,80.839996,81.269997,80.349998,80.760002,1435300,79.914996
2015-07-02,81.260002,81.699997,80.699997,81.110001,1082700,80.261332
2015-07-01,80.220001,81.120003,80.220001,81.07,1356700,80.22175
2015-06-30,81.089996,81.160004,80.110001,80.300003,1511000,79.45981
2015-06-29,81.43,81.769997,80.370003,80.459999,1567300,79.618132
2015-06-26,82.010002,82.18,81.330002,81.540001,1901700,80.686833
2015-06-25,82.370003,82.50,81.919998,81.919998,1133100,81.062855
2015-06-24,82.669998,82.830002,82.059998,82.209999,1544200,81.349821
2015-06-23,82.480003,82.900002,82.050003,82.82,1767200,81.953439
2015-06-22,82.989998,83.489998,82.57,82.660004,2142000,81.795117
2015-06-19,83.489998,83.580002,82.660004,82.790001,3288300,81.923754
2015-06-18,83.220001,83.779999,82.940002,83.50,4144000,82.626325
2015-06-17,82.150002,82.879997,81.82,82.599998,2081100,81.73574
2015-06-16,82.629997,83.199997,82.400002,82.93,1930000,81.250869
2015-06-15,82.510002,83.019997,82.129997,82.639999,1802400,80.96674
2015-06-12,82.849998,83.199997,82.540001,82.699997,1168500,81.025522
2015-06-11,82.709999,83.50,82.629997,82.93,2201900,81.250869
2015-06-10,82.239998,82.660004,81.669998,82.260002,2226500,80.594436
2015-06-09,82.370003,82.870003,81.860001,81.980003,1731300,80.320107
2015-06-08,82.860001,83.150002,82.489998,82.589996,1448000,80.917749
2015-06-05,83.290001,83.410004,82.580002,82.779999,2092200,81.103904
2015-06-04,82.209999,85.790001,82.019997,83.669998,4943100,81.975883
2015-06-03,82.209999,82.50,81.389999,81.970001,2251600,80.310307
2015-06-02,81.93,82.75,81.580002,82.349998,1458700,80.68261
2015-06-01,81.599998,82.610001,81.57,82.260002,1659800,80.594436
2015-05-29,82.360001,82.449997,81.449997,81.550003,3116000,79.898813
2015-05-28,81.68,82.470001,81.610001,82.269997,1641400,80.604228
2015-05-27,82.040001,82.230003,81.589996,81.949997,2060600,80.290708
2015-05-26,82.050003,82.18,81.300003,81.919998,2192500,80.261317
2015-05-22,82.080002,82.480003,81.720001,82.059998,1604600,80.398481
2015-05-21,82.82,83.089996,81.959999,82.080002,3049600,80.418081
2015-05-20,83.82,84.040001,82.870003,82.889999,2049100,81.211678
2015-05-19,83.389999,84.779999,83.32,83.980003,2740900,82.279612
2015-05-18,83.580002,83.889999,83.360001,83.589996,1593500,81.897501
2015-05-15,82.839996,83.830002,82.760002,83.800003,2449300,82.103256
2015-05-14,82.900002,83.25,82.410004,82.779999,2691700,81.103904
2015-05-13,83.239998,83.519997,82.010002,82.339996,1907600,80.672811
2015-05-12,82.25,83.120003,81.290001,82.949997,1294100,81.27046
2015-05-11,83.199997,83.559998,82.440002,82.699997,1645600,81.025522
2015-05-08,83.160004,83.910004,83.150002,83.669998,1426500,81.975883
2015-05-07,82.260002,83.029999,81.980003,82.610001,1568700,80.937348
2015-05-06,82.00,82.339996,81.620003,82.059998,2192900,80.398481
2015-05-05,83.110001,83.440002,81.50,81.620003,2439900,79.967395
2015-05-04,83.440002,83.519997,82.949997,83.120003,1731600,81.437024
2015-05-01,83.589996,84.150002,83.019997,83.169998,1789400,81.486007
2015-04-30,84.169998,84.169998,83.230003,83.529999,2754300,81.838719
2015-04-29,85.00,85.459999,84.349998,84.589996,1526000,82.877254
2015-04-28,84.809998,85.839996,84.760002,85.690002,1986100,83.954987
2015-04-27,86.00,86.129997,84.760002,85.00,1843400,83.278956
2015-04-24,87.279999,87.459999,85.93,85.980003,1878400,84.239116
2015-04-23,85.599998,86.940002,85.220001,86.639999,3877600,84.885749
2015-04-22,86.07,86.089996,85.269997,86.019997,2795200,84.2783
2015-04-21,86.540001,86.550003,85.580002,85.790001,2419200,84.052961
2015-04-20,86.18,86.529999,85.779999,86.43,1883300,84.680002
