Date,Open,High,Low,Close,Volume,Adj Close
2015-10-09,21.42,21.799999,21.09,21.75,2469900,21.75
2015-10-08,21.309999,21.389999,21.120001,21.370001,2424700,21.370001
2015-10-07,21.40,21.50,20.99,21.40,3207800,21.40
2015-10-06,21.370001,21.530001,21.18,21.32,3766600,21.32
2015-10-05,20.950001,21.299999,20.92,21.299999,3090500,21.299999
2015-10-02,20.309999,20.809999,20.08,20.809999,3437600,20.809999
2015-10-01,20.74,20.799999,20.23,20.52,3485500,20.52
2015-09-30,20.67,20.799999,20.49,20.68,3343500,20.68
2015-09-29,20.530001,20.66,20.370001,20.440001,2569900,20.440001
2015-09-28,20.889999,21.110001,20.48,20.48,1979000,20.48
2015-09-25,21.25,21.34,20.84,20.959999,1701300,20.959999
2015-09-24,21.059999,21.129999,20.77,21.049999,1762700,21.049999
2015-09-23,21.26,21.290001,20.959999,21.18,1760700,21.18
2015-09-22,20.879999,21.25,20.73,21.209999,2989300,21.209999
2015-09-21,21.00,21.219999,20.799999,21.08,2324200,21.08
2015-09-18,20.85,21.110001,20.76,20.809999,2748400,20.809999
2015-09-17,21.09,21.370001,21.01,21.129999,1742400,21.129999
2015-09-16,21.190001,21.33,21.00,21.200001,1612500,21.200001
2015-09-15,20.73,21.190001,20.68,21.139999,1523700,21.139999
2015-09-14,20.50,20.83,20.50,20.67,2207500,20.67
2015-09-11,20.73,20.809999,20.52,20.65,2510600,20.65
2015-09-10,20.60,21.00,20.549999,20.77,2602800,20.77
2015-09-09,21.00,21.08,20.59,20.610001,2009100,20.610001
2015-09-08,20.66,20.92,20.540001,20.85,2374200,20.85
2015-09-04,20.24,20.51,20.129999,20.290001,1866700,20.290001
2015-09-03,20.030001,20.709999,19.959999,20.52,3632500,20.52
2015-09-02,19.959999,20.00,19.559999,19.93,2403300,19.93
2015-09-01,19.700001,19.969999,19.27,19.719999,2401500,19.719999
2015-08-31,20.00,20.27,19.959999,20.02,1361700,20.02
2015-08-28,19.870001,20.450001,19.870001,20.139999,1985100,20.139999
2015-08-27,19.74,19.959999,19.549999,19.940001,2740100,19.940001
2015-08-26,19.17,19.59,18.700001,19.51,2505500,19.51
2015-08-25,19.60,19.60,18.73,18.75,2459400,18.75
2015-08-24,18.77,19.75,18.129999,19.00,3183600,19.00
2015-08-21,20.32,20.41,19.799999,19.799999,2477300,19.799999
2015-08-20,21.48,21.48,20.459999,20.469999,2259400,20.469999
2015-08-19,21.43,21.860001,21.379999,21.629999,2184300,21.629999
2015-08-18,21.57,21.75,21.450001,21.620001,1846500,21.620001
2015-08-17,21.540001,21.85,21.389999,21.799999,1588000,21.799999
2015-08-14,21.299999,21.59,21.27,21.559999,1607300,21.559999
2015-08-13,21.18,21.540001,21.18,21.35,1503100,21.35
2015-08-12,21.110001,21.26,20.82,21.25,1878200,21.25
2015-08-11,21.25,21.549999,21.17,21.35,3714300,21.35
2015-08-10,20.91,21.450001,20.870001,21.379999,2105300,21.379999
2015-08-07,20.809999,20.93,20.75,20.90,1250400,20.90
2015-08-06,21.10,21.26,20.67,20.799999,1406000,20.799999
2015-08-05,21.049999,21.280001,21.049999,21.10,1981400,21.10
2015-08-04,20.98,21.059999,20.889999,20.940001,1705400,20.940001
2015-08-03,20.92,20.99,20.799999,20.98,1914400,20.98
2015-07-31,20.950001,21.120001,20.84,20.969999,1618400,20.969999
2015-07-30,20.889999,21.02,20.82,20.93,2717900,20.93
2015-07-29,20.799999,21.00,20.66,20.969999,3200900,20.969999
2015-07-28,19.66,21.139999,19.51,20.790001,11386500,20.790001
2015-07-27,19.00,19.17,18.879999,18.969999,2642800,18.969999
2015-07-24,19.280001,19.41,19.059999,19.16,1505500,19.16
2015-07-23,19.559999,19.67,19.26,19.299999,2977100,19.299999
2015-07-22,19.629999,19.76,19.43,19.49,4813800,19.49
2015-07-21,19.91,19.959999,19.74,19.799999,2178800,19.799999
2015-07-20,19.59,20.040001,19.530001,19.940001,3144800,19.940001
2015-07-17,19.469999,19.58,19.34,19.540001,3911100,19.540001
2015-07-16,19.73,19.870001,19.530001,19.559999,3123300,19.559999
2015-07-15,19.700001,19.790001,19.52,19.690001,2347400,19.690001
2015-07-14,19.780001,19.83,19.68,19.690001,2666600,19.690001
2015-07-13,19.719999,19.82,19.60,19.790001,2067900,19.790001
2015-07-10,19.59,19.719999,19.450001,19.58,2083400,19.58
2015-07-09,19.43,19.610001,19.120001,19.450001,3073600,19.450001
2015-07-08,19.10,19.26,19.08,19.219999,2672200,19.219999
2015-07-07,19.40,19.43,18.969999,19.27,1689700,19.27
2015-07-06,19.190001,19.43,19.10,19.379999,2279800,19.379999
2015-07-02,19.50,19.540001,19.27,19.360001,1113800,19.360001
2015-07-01,19.809999,19.959999,19.379999,19.49,2184300,19.49
2015-06-30,19.629999,19.74,19.43,19.66,2672400,19.66
2015-06-29,19.879999,19.92,19.469999,19.49,2019500,19.49
2015-06-26,20.110001,20.18,19.93,20.040001,1904000,20.040001
2015-06-25,20.049999,20.16,20.02,20.139999,1968200,20.139999
2015-06-24,20.030001,20.07,19.82,20.030001,3023000,20.030001
2015-06-23,20.139999,20.18,20.00,20.049999,3140700,20.049999
2015-06-22,20.190001,20.25,20.09,20.15,1625800,20.15
2015-06-19,19.83,20.190001,19.75,20.07,1475000,20.07
2015-06-18,20.00,20.25,19.889999,20.16,2503400,20.16
2015-06-17,19.940001,20.129999,19.870001,20.02,3188400,20.02
2015-06-16,19.75,19.92,19.690001,19.860001,2750800,19.860001
2015-06-15,19.68,19.85,19.450001,19.82,2638500,19.82
2015-06-12,19.690001,19.879999,19.65,19.85,1920600,19.85
2015-06-11,19.92,19.959999,19.629999,19.75,5135800,19.75
2015-06-10,19.799999,20.02,19.76,19.84,4315800,19.84
2015-06-09,20.00,20.00,19.639999,19.709999,4010600,19.709999
2015-06-08,20.34,20.35,19.77,20.00,4792600,20.00
2015-06-05,20.059999,20.51,19.940001,20.389999,5449200,20.389999
2015-06-04,20.139999,20.24,19.92,20.129999,4287100,20.129999
2015-06-03,20.049999,20.280001,19.940001,20.23,4269300,20.23
2015-06-02,19.719999,20.030001,19.67,19.950001,3208200,19.950001
2015-06-01,20.00,20.02,19.620001,19.809999,2699500,19.809999
2015-05-29,19.940001,19.940001,19.690001,19.790001,2321000,19.790001
2015-05-28,20.049999,20.18,19.870001,19.92,4252800,19.92
2015-05-27,19.969999,20.16,19.889999,20.110001,6789000,20.110001
2015-05-26,19.83,19.940001,19.75,19.889999,6570500,19.889999
2015-05-22,19.75,19.98,19.73,19.90,8147700,19.90
2015-05-21,19.530001,19.85,19.450001,19.82,5569900,19.82
2015-05-20,19.459999,19.74,19.389999,19.559999,4898100,19.559999
2015-05-19,19.459999,19.60,19.33,19.40,3157600,19.40
2015-05-18,19.24,19.49,19.10,19.48,4114300,19.48
2015-05-15,19.24,19.309999,19.139999,19.200001,3505200,19.200001
2015-05-14,19.110001,19.32,19.049999,19.26,3613900,19.26
2015-05-13,19.08,19.219999,18.950001,18.99,3737700,18.99
2015-05-12,19.09,19.129999,18.85,19.00,3455400,19.00
2015-05-11,19.190001,19.24,19.07,19.139999,3430500,19.139999
2015-05-08,19.16,19.33,19.10,19.18,4973000,19.18
2015-05-07,18.65,19.02,18.42,18.98,4386400,18.98
2015-05-06,18.68,18.709999,18.469999,18.639999,3743400,18.639999
2015-05-05,18.780001,18.84,18.549999,18.59,4687200,18.59
2015-05-04,18.969999,19.190001,18.809999,18.870001,4879800,18.870001
2015-05-01,18.73,19.09,18.700001,18.959999,5079600,18.959999
2015-04-30,18.84,19.00,18.59,18.65,5525800,18.65
2015-04-29,19.33,19.530001,18.889999,18.93,9513100,18.93
2015-04-28,19.440001,19.83,19.15,19.42,11764800,19.42
2015-04-27,19.030001,19.24,18.73,18.76,5527500,18.76
2015-04-24,19.309999,19.33,18.93,18.99,4015500,18.99
2015-04-23,19.27,19.34,19.139999,19.219999,4586600,19.219999
2015-04-22,18.91,19.32,18.73,19.299999,4346600,19.299999
2015-04-21,18.73,18.85,18.610001,18.83,3434800,18.83
2015-04-20,17.77,18.709999,17.77,18.639999,3648700,18.639999
2015-04-17,18.50,18.549999,18.32,18.43,4145200,18.43
2015-04-16,18.709999,18.790001,18.58,18.60,3165800,18.60
2015-04-15,18.700001,18.860001,18.57,18.73,4047900,18.73
2015-04-14,19.02,19.10,18.629999,18.65,4207700,18.65
2015-04-13,19.09,19.34,19.040001,19.07,5153500,19.07
