Date,Open,High,Low,Close,Volume,Adj Close
2015-10-16,118.18,118.639999,115.980003,117.879997,4362800,117.879997
2015-10-15,113.209999,117.599998,112.25,117.529999,4526300,117.529999
2015-10-14,114.690002,116.440002,112.639999,113.730003,4150400,113.730003
2015-10-13,116.580002,118.269997,113.599998,113.769997,4325400,113.769997
2015-10-12,118.559998,118.879997,116.089996,117.599998,3270800,117.599998
2015-10-09,117.620003,118.50,115.800003,117.379997,5043500,117.379997
2015-10-08,116.360001,118.650002,113.099998,117.970001,4591600,117.970001
2015-10-07,112.809998,118.50,110.879997,116.980003,8125200,116.980003
2015-10-06,115.870003,115.93,108.660004,112.190002,8376900,112.190002
2015-10-05,117.900002,118.410004,114.730003,116.620003,6387500,116.620003
2015-10-02,110.610001,116.50,109.800003,116.440002,8395900,116.440002
2015-10-01,110.43,113.080002,107.510002,112.860001,9390800,112.860001
2015-09-30,107.730003,109.510002,105.800003,108.169998,8743300,108.169998
2015-09-29,104.410004,108.309998,103.269997,105.339996,9364300,105.339996
2015-09-28,107.389999,108.629997,103.360001,104.790001,11675500,104.790001
2015-09-25,115.68,115.68,106.93,108.389999,10015800,108.389999
2015-09-24,116.830002,116.919998,112.370003,113.879997,7304100,113.879997
2015-09-23,117.860001,119.290001,113.50,117.040001,3521900,117.040001
2015-09-22,117.099998,118.00,114.68,117.610001,8029200,117.610001
2015-09-21,123.279999,123.970001,117.220001,119.139999,7089200,119.139999
2015-09-18,124.290001,124.699997,122.160004,122.620003,7611200,122.620003
2015-09-17,124.00,126.980003,122.699997,125.730003,4212600,125.730003
2015-09-16,124.129997,125.349998,122.410004,123.779999,3022500,123.779999
2015-09-15,122.650002,125.099998,121.650002,124.349998,3671100,124.349998
2015-09-14,123.980003,124.00,121.029999,122.209999,3198900,122.209999
2015-09-11,122.589996,123.970001,121.360001,123.970001,3161900,123.970001
2015-09-10,120.669998,123.989998,120.339996,122.970001,3788500,122.970001
2015-09-09,125.00,125.699997,120.669998,121.059998,4642900,121.059998
2015-09-08,120.00,123.150002,118.860001,123.019997,4546200,123.019997
2015-09-04,115.879997,118.269997,115.480003,117.389999,3718500,117.389999
2015-09-03,120.080002,121.139999,117.089996,117.650002,3690100,117.650002
2015-09-02,117.269997,119.599998,115.709999,119.580002,5500500,119.580002
2015-09-01,114.620003,118.400002,114.620003,115.459999,6262400,115.459999
2015-08-31,122.849998,123.599998,117.32,118.080002,7087000,118.080002
2015-08-28,122.379997,124.440002,121.870003,124.040001,4594000,124.040001
2015-08-27,120.970001,123.330002,119.25,123.040001,5763700,123.040001
2015-08-26,116.50,119.32,112.839996,119.230003,6538800,119.230003
2015-08-25,118.639999,119.50,112.660004,112.699997,8276900,112.699997
2015-08-24,104.279999,120.199997,92.980003,113.379997,11347000,113.379997
2015-08-21,122.809998,124.910004,118.919998,119.050003,7881600,119.050003
2015-08-20,127.419998,128.490005,124.82,124.959999,5081700,124.959999
2015-08-19,129.460007,129.919998,127.50,129.059998,3213700,129.059998
2015-08-18,131.50,132.00,129.630005,130.199997,2559100,130.199997
2015-08-17,128.600006,131.309998,128.00,131.210007,2644100,131.210007
2015-08-14,129.570007,130.100006,127.580002,129.240005,3398200,129.240005
2015-08-13,131.449997,132.600006,130.100006,130.300003,3237200,130.300003
2015-08-12,129.729996,131.539993,127.339996,131.029999,3478000,131.029999
2015-08-11,130.440002,131.910004,129.169998,130.660004,3243100,130.660004
2015-08-10,129.850006,131.960007,129.559998,131.229996,4084000,131.229996
2015-08-07,127.989998,128.789993,125.00,128.600006,5620600,128.600006
2015-08-06,133.00,133.50,127.82,128.050003,4623000,128.050003
2015-08-05,132.490005,133.589996,132.279999,132.720001,3090800,132.720001
2015-08-04,131.639999,132.00,130.029999,131.080002,2568000,131.080002
2015-08-03,131.850006,132.410004,129.850006,131.470001,3050600,131.470001
2015-07-31,132.830002,133.00,130.770004,131.25,3546100,131.25
2015-07-30,132.309998,132.550003,128.809998,131.880005,4769000,131.880005
2015-07-29,136.330002,136.399994,132.070007,132.139999,4844700,132.139999
2015-07-28,134.00,136.080002,132.460007,135.419998,4536300,135.419998
2015-07-27,133.449997,133.449997,131.110001,132.559998,6778000,132.559998
2015-07-24,134.279999,137.539993,133.949997,134.899994,7004600,134.899994
2015-07-23,137.770004,140.720001,136.50,139.009995,5428300,139.009995
2015-07-22,135.509995,139.119995,135.190002,138.259995,6120300,138.259995
2015-07-21,135.220001,137.990005,133.75,136.240005,5521900,136.240005
2015-07-20,135.029999,135.50,133.850006,135.229996,3377700,135.229996
2015-07-17,134.410004,134.710007,132.729996,134.520004,4618300,134.520004
2015-07-16,132.100006,135.550003,131.50,134.720001,8402800,134.720001
2015-07-15,132.580002,135.979996,130.529999,131.389999,21133400,131.389999
2015-07-14,121.309998,123.269997,120.839996,122.849998,3767100,122.849998
2015-07-13,120.00,121.68,119.580002,120.889999,3111000,120.889999
2015-07-10,118.190002,119.349998,117.790001,118.839996,2980200,118.839996
2015-07-09,117.449997,117.779999,116.370003,116.870003,3175800,116.870003
2015-07-08,118.639999,118.769997,115.419998,115.910004,3805200,115.910004
2015-07-07,119.68,119.68,116.870003,119.279999,3504000,119.279999
2015-07-06,118.419998,120.339996,117.900002,118.82,3525400,118.82
2015-07-02,118.559998,119.889999,118.519997,119.519997,4282500,119.519997
2015-07-01,117.040001,118.25,116.709999,118.220001,4328500,118.220001
2015-06-30,115.300003,116.489998,114.099998,115.739998,4913700,115.739998
2015-06-29,116.120003,117.790001,114.790001,114.910004,3970500,114.910004
2015-06-26,119.00,119.489998,116.800003,117.919998,3137800,117.919998
2015-06-25,119.800003,120.449997,118.57,118.809998,2952000,118.809998
2015-06-24,120.07,120.839996,118.489998,119.099998,3757200,119.099998
2015-06-23,119.489998,121.470001,119.470001,120.339996,4155500,120.339996
2015-06-22,118.50,120.239998,118.360001,119.529999,4643100,119.529999
2015-06-19,117.199997,118.089996,116.150002,117.220001,7184300,117.220001
2015-06-18,112.459999,117.080002,112.25,116.919998,6923100,116.919998
2015-06-17,112.620003,113.059998,111.25,112.160004,3494000,112.160004
2015-06-16,111.040001,111.75,110.389999,111.110001,2275900,111.110001
2015-06-15,110.419998,111.349998,109.339996,111.00,2892200,111.00
2015-06-12,112.32,112.970001,110.879997,111.32,2960300,111.32
2015-06-11,112.360001,113.300003,112.25,112.970001,3187500,112.970001
2015-06-10,110.75,112.889999,109.760002,112.059998,4096900,112.059998
2015-06-09,110.239998,111.00,109.040001,110.720001,3534900,110.720001
2015-06-08,111.010002,113.089996,110.669998,110.809998,5271500,110.809998
2015-06-05,110.919998,111.00,109.529999,110.720001,4776200,110.720001
2015-06-04,112.239998,112.800003,109.919998,110.919998,5434600,110.919998
2015-06-03,114.010002,114.459999,112.32,112.68,4297100,112.68
2015-06-02,113.860001,114.919998,113.129997,113.879997,2993800,113.879997
2015-06-01,115.010002,116.019997,112.75,114.449997,4549400,114.449997
2015-05-29,114.870003,116.00,114.00,114.440002,4333100,114.440002
2015-05-28,115.839996,116.230003,114.349998,114.93,2807500,114.93
2015-05-27,114.650002,116.290001,113.959999,116.019997,2990600,116.019997
2015-05-26,115.559998,115.870003,113.82,114.459999,2730300,114.459999
2015-05-22,115.50,116.540001,114.919998,116.089996,2649800,116.089996
2015-05-21,116.400002,117.480003,115.949997,116.199997,3923800,116.199997
2015-05-20,117.029999,117.720001,115.550003,116.860001,3108600,116.860001
2015-05-19,116.389999,117.650002,116.309998,116.849998,3275900,116.849998
2015-05-18,114.760002,117.00,114.660004,116.370003,3628400,116.370003
2015-05-15,115.199997,115.949997,114.760002,115.529999,3301800,115.529999
2015-05-14,114.260002,115.400002,112.669998,115.080002,3817200,115.080002
2015-05-13,114.110001,115.099998,112.610001,113.400002,4316700,113.400002
2015-05-12,112.269997,114.25,110.830002,113.580002,4819700,113.580002
2015-05-11,113.93,114.440002,113.019997,113.400002,2884300,113.400002
2015-05-08,113.660004,114.660004,111.730003,113.209999,6043900,113.209999
2015-05-07,109.589996,114.290001,109.25,112.010002,9121400,112.010002
2015-05-06,108.489998,108.989998,106.449997,108.650002,5547100,108.650002
2015-05-05,109.370003,109.769997,107.089996,107.540001,5000700,107.540001
2015-05-04,111.080002,112.599998,109.800003,109.900002,4873300,109.900002
2015-05-01,108.059998,112.00,108.019997,110.550003,6579000,110.550003
2015-04-30,109.50,110.940002,107.019997,108.059998,12895900,108.059998
2015-04-29,112.940002,114.400002,111.830002,113.199997,6072700,113.199997
2015-04-28,115.010002,115.639999,111.809998,113.519997,5606200,113.519997
2015-04-27,119.199997,119.379997,114.309998,114.720001,6803200,114.720001
2015-04-24,115.940002,120.720001,115.269997,118.709999,7648300,118.709999
2015-04-23,115.00,116.57,114.68,116.089996,3240800,116.089996
2015-04-22,115.599998,116.050003,114.300003,115.540001,3133400,115.540001
2015-04-21,115.32,116.25,114.519997,114.82,3672600,114.82
2015-04-20,114.400002,114.769997,113.029999,114.75,4487200,114.75
