Date,Open,High,Low,Close,Volume,Adj Close
2015-10-09,53.34,53.669998,50.669998,50.779999,2527300,50.779999
2015-10-08,51.73,53.32,51.400002,52.860001,2981000,52.860001
2015-10-07,49.459999,52.279999,49.380001,52.220001,4222700,52.220001
2015-10-06,48.82,50.150002,48.82,49.549999,2774200,49.549999
2015-10-05,47.700001,49.84,47.650002,49.040001,3873100,49.040001
2015-10-02,44.00,47.419998,43.849998,47.110001,3536400,47.110001
2015-10-01,44.970001,45.439999,44.029999,44.799999,2517400,44.799999
2015-09-30,44.869999,45.529999,43.98,44.900002,3786200,44.900002
2015-09-29,44.25,45.16,43.880001,44.189999,2486600,44.189999
2015-09-28,45.889999,46.099998,44.049999,44.060001,2522500,44.060001
2015-09-25,47.07,47.169998,46.119999,46.369999,3827600,46.369999
2015-09-24,47.27,47.73,45.50,46.419998,5132100,46.419998
2015-09-23,51.310001,51.599998,47.360001,47.740002,3222100,47.740002
2015-09-22,50.93,51.369999,49.900002,51.099998,4668600,51.099998
2015-09-21,52.52,53.00,51.43,51.720001,1368700,51.720001
2015-09-18,53.360001,53.360001,51.549999,52.029999,4382000,52.029999
2015-09-17,54.700001,55.740002,53.720001,53.849998,2002800,53.849998
2015-09-16,54.759998,55.25,54.50,54.779999,1620000,54.779999
2015-09-15,53.889999,55.00,53.32,54.779999,2066200,54.779999
2015-09-14,55.919998,56.00,53.66,53.849998,2836600,53.849998
2015-09-11,55.869999,56.41,55.00,55.880001,1358100,55.880001
2015-09-10,56.849998,57.080002,56.00,56.400002,872200,56.400002
2015-09-09,57.869999,58.900002,56.810001,56.959999,1622500,56.959999
2015-09-08,56.860001,57.439999,56.330002,56.91,1564800,56.91
2015-09-04,55.889999,56.57,55.200001,55.48,1546300,55.48
2015-09-03,55.59,57.23,55.48,56.970001,2438700,56.970001
2015-09-02,55.57,56.080002,54.439999,55.549999,2105600,55.549999
2015-09-01,55.900002,57.07,54.299999,54.84,3155400,54.84
2015-08-31,57.450001,58.540001,56.93,57.380001,2264600,57.380001
2015-08-28,57.43,57.700001,56.66,57.470001,2415100,57.470001
2015-08-27,57.490002,58.259998,56.360001,57.880001,1933700,57.880001
2015-08-26,56.98,57.009998,54.630001,56.110001,3258400,56.110001
2015-08-25,59.049999,59.360001,55.75,55.790001,2333200,55.790001
2015-08-24,56.049999,59.869999,55.400002,55.900002,3169100,55.900002
2015-08-21,60.799999,60.82,59.220001,59.52,2527000,59.52
2015-08-20,61.700001,62.509998,60.470001,61.07,2100600,61.07
2015-08-19,63.290001,63.549999,61.880001,61.93,1767800,61.93
2015-08-18,63.689999,63.799999,62.799999,63.470001,2097000,63.470001
2015-08-17,63.830002,64.050003,62.779999,64.029999,1763700,64.029999
2015-08-14,63.610001,65.120003,63.150002,63.830002,3147300,63.830002
2015-08-13,61.959999,63.900002,60.700001,63.220001,2862000,63.220001
2015-08-12,56.880001,62.009998,56.580002,61.639999,6556300,61.639999
2015-08-11,59.23,59.689999,56.740002,57.27,4470500,56.97
2015-08-10,59.57,62.27,59.09,60.950001,4793600,60.630723
2015-08-07,62.669998,63.619999,57.779999,58.939999,4121900,58.63125
2015-08-06,65.940002,67.160004,62.91,63.00,5808100,62.669984
2015-08-05,61.150002,62.040001,60.23,61.619999,2368600,61.297212
2015-08-04,59.450001,61.02,59.139999,60.529999,1855700,60.212921
2015-08-03,59.00,59.59,58.200001,59.02,1400100,58.710833
2015-07-31,59.27,59.869999,58.950001,59.200001,1251500,58.88989
2015-07-30,59.369999,60.029999,58.950001,59.119999,1081600,58.810307
2015-07-29,59.099998,59.68,58.599998,59.23,1472500,58.919732
2015-07-28,59.43,59.439999,58.209999,58.900002,2096300,58.591462
2015-07-27,60.34,60.34,58.75,59.09,2620100,58.780466
2015-07-24,61.880001,61.880001,60.369999,60.849998,1619200,60.531245
2015-07-23,62.619999,63.25,62.040001,62.32,1355700,61.993545
2015-07-22,63.23,63.23,61.720001,62.52,2108900,62.192499
2015-07-21,64.919998,65.529999,63.830002,63.939999,2083700,63.605058
2015-07-20,67.470001,67.610001,64.599998,65.00,5547800,64.659507
2015-07-17,62.59,70.32,60.959999,68.919998,9629500,68.558971
2015-07-16,62.419998,62.82,62.07,62.740002,1322700,62.411347
2015-07-15,62.650002,62.790001,62.029999,62.150002,1120600,61.824438
2015-07-14,61.959999,63.18,61.709999,62.68,1558300,62.35166
2015-07-13,62.029999,62.619999,61.66,62.099998,1463800,61.774697
2015-07-10,61.540001,61.84,61.18,61.709999,1324300,61.38674
2015-07-09,60.84,61.599998,60.509998,60.799999,2407200,60.481507
2015-07-08,61.610001,61.610001,60.150002,60.150002,2792800,59.834915
2015-07-07,63.400002,63.459999,61.18,62.110001,3043900,61.784646
2015-07-06,63.970001,64.300003,63.23,63.549999,2214200,63.217102
2015-07-02,65.379997,65.550003,64.449997,64.540001,1819000,64.201918
2015-07-01,64.32,65.75,64.059998,65.099998,2593200,64.758982
2015-06-30,62.98,65.040001,62.779999,64.279999,3076200,63.943277
2015-06-29,63.419998,64.150002,62.50,62.560001,1527300,62.23229
2015-06-26,64.669998,65.690002,63.700001,63.810001,5489300,63.475742
2015-06-25,63.18,64.120003,63.099998,63.959999,1939800,63.624954
2015-06-24,63.330002,63.869999,63.009998,63.099998,1244600,62.769458
2015-06-23,64.300003,64.580002,63.630001,63.639999,1383700,63.306631
2015-06-22,63.509998,64.190002,63.09,64.190002,2793300,63.853752
2015-06-19,64.120003,64.300003,62.959999,63.240002,3696500,62.908728
2015-06-18,63.369999,65.029999,63.369999,64.25,2587700,63.913436
2015-06-17,318.460007,318.500004,311.410007,316.679993,4303500,63.004222
2015-06-16,317.800007,321.809998,315.00,320.820007,2503000,63.827888
2015-06-15,314.160004,317.999992,312.000008,317.590008,2345000,63.185272
2015-06-12,318.449993,319.880009,316.009998,316.159992,1686500,62.900767
2015-06-11,320.540009,323.979988,318.610001,319.260006,2527000,63.517522
2015-06-10,317.290001,321.839981,316.830006,320.419998,1777000,63.748305
2015-06-09,314.689999,317.600002,314.139996,315.59,1668000,62.787366
2015-06-08,317.670021,319.980011,315.079994,315.320015,1880500,62.733651
2015-06-05,317.019997,321.230011,316.000004,317.869987,3168000,63.240974
2015-06-04,319.920006,321.899986,317.820015,318.470001,4398000,63.360349
2015-06-03,320.170021,323.689995,317.339993,321.819992,3247000,64.026837
2015-06-02,316.820011,321.329994,316.189995,319.269981,2634500,63.519506
2015-06-01,316.730003,319.989986,314.070015,316.609993,3301000,62.990296
2015-05-29,322.070007,322.670021,315.880013,315.880013,4641000,62.845064
2015-05-28,321.500015,323.190002,318.290005,321.650009,3170500,63.993018
2015-05-27,319.859982,322.099991,317.230015,321.329994,3289500,63.929351
2015-05-26,319.049988,320.540009,317.010002,319.090004,3857500,63.4837
2015-05-22,319.269981,322.390022,315.100002,320.920029,3883500,63.847787
2015-05-21,311.390018,320.569992,309.659996,317.089996,5429500,63.085793
2015-05-20,310.100002,312.999992,308.29998,310.959988,3211000,61.866214
2015-05-19,308.269997,310.410004,306.519985,310.249996,3025500,61.724959
2015-05-18,306.870003,309.73999,306.040001,307.57,3205500,61.191768
2015-05-15,303.969994,307.790012,302.609978,306.730003,3747000,61.024649
2015-05-14,305.629997,306.870003,302.609978,304.290009,3494000,60.539206
2015-05-13,301.410007,306.25,301.040001,305.340004,2431000,60.748105
2015-05-12,306.519985,307.459984,303.109989,303.320007,3069000,60.047794
2015-05-11,311.709995,312.999992,305.809994,308.390007,4730500,61.051495
2015-05-08,310.489998,313.329983,305.340004,310.859985,5826000,61.540472
2015-05-07,294.399986,301.549988,289.640007,300.089989,5851500,59.408353
2015-05-06,290.249996,295.440006,289.880009,294.60001,3096500,58.32151
2015-05-05,294.390011,295.529995,289.780006,290.209999,2902000,57.452426
2015-05-04,293.82,297.290001,293.380013,293.799992,2145000,58.163132
2015-05-01,289.80999,296.05999,287.670021,294.500008,2690500,58.301713
2015-04-30,292.019997,292.140007,286.790009,287.469997,3720000,56.909992
2015-04-29,288.810005,292.700005,286.290016,291.499996,2321500,57.707805
2015-04-28,287.04998,288.810005,283.260002,287.840004,2579500,56.983242
2015-04-27,294.73999,295.549984,288.290005,288.549995,3453000,57.123798
2015-04-24,289.859982,294.769993,289.350014,294.440002,2612000,58.289834
2015-04-23,285.950012,291.410007,285.040016,289.769993,2699500,57.365319
2015-04-22,285.779991,286.980019,281.959991,285.640011,2095000,56.547713
2015-04-21,287.209988,288.950005,285.600014,285.820007,3734500,56.583346
2015-04-20,291.450005,293.82,287.280006,287.970009,3357000,57.008979
2015-04-17,292.230015,297.119999,290.939999,291.230011,4181000,57.654357
2015-04-16,284.980011,295.790005,284.019985,292.959995,3791000,57.996839
2015-04-15,282.339993,288.42001,282.339993,286.679993,2995500,56.753596
2015-04-14,283.719997,283.969994,278.980007,282.399998,2496000,55.906292
2015-04-13,286.239986,287.890015,283.309994,284.01001,2145500,56.225024
