Date,Open,High,Low,Close,Volume,Adj Close
2015-10-16,87.709999,88.459999,87.550003,88.370003,275300,88.370003
2015-10-15,87.489998,87.760002,86.989998,87.519997,292900,87.519997
2015-10-14,87.980003,88.199997,86.839996,86.959999,370900,86.959999
2015-10-13,88.00,88.610001,87.730003,87.93,498800,87.93
2015-10-12,87.75,88.519997,87.669998,88.300003,814800,88.300003
2015-10-09,87.160004,87.839996,87.029999,87.620003,386000,87.620003
2015-10-08,86.330002,87.080002,86.080002,87.050003,556500,87.050003
2015-10-07,85.889999,86.709999,85.419998,86.50,993900,86.50
2015-10-06,86.349998,86.389999,85.43,85.559998,697700,85.559998
2015-10-05,85.809998,86.559998,85.410004,86.389999,1588600,86.389999
2015-10-02,83.25,85.129997,83.220001,85.129997,700300,85.129997
2015-10-01,84.00,84.199997,83.190002,83.800003,1134000,83.800003
2015-09-30,85.169998,86.00,83.790001,83.900002,1739000,83.900002
2015-09-29,84.389999,84.790001,84.050003,84.529999,627400,84.529999
2015-09-28,85.269997,85.82,84.239998,84.440002,525400,84.440002
2015-09-25,85.510002,86.440002,85.059998,85.629997,637900,85.629997
2015-09-24,83.800003,84.860001,83.510002,84.769997,883500,84.769997
2015-09-23,84.18,84.459999,83.730003,84.099998,354700,84.099998
2015-09-22,84.00,84.540001,83.529999,83.989998,492600,83.989998
2015-09-21,84.43,84.989998,84.099998,84.800003,336800,84.800003
2015-09-18,84.230003,84.669998,83.720001,83.889999,1003700,83.889999
2015-09-17,84.599998,85.620003,84.379997,84.839996,606900,84.839996
2015-09-16,84.239998,84.629997,84.029999,84.470001,771100,84.470001
2015-09-15,83.599998,84.50,83.419998,84.239998,492300,84.239998
2015-09-14,84.129997,84.190002,83.150002,83.43,561700,83.43
2015-09-11,83.269997,84.410004,83.010002,84.089996,1057700,84.089996
2015-09-10,85.00,85.769997,84.68,84.989998,466700,84.989998
2015-09-09,87.00,87.32,85.07,85.230003,515100,85.230003
2015-09-08,86.019997,86.540001,85.309998,86.510002,601100,86.510002
2015-09-04,85.050003,85.510002,84.68,84.93,542500,84.93
2015-09-03,85.209999,86.309998,84.900002,86.029999,419600,86.029999
2015-09-02,84.480003,85.010002,84.080002,84.849998,778400,84.849998
2015-09-01,84.980003,85.400002,83.660004,83.919998,699000,83.919998
2015-08-31,86.57,86.989998,85.510002,86.279999,958700,86.279999
2015-08-28,86.370003,87.089996,85.660004,86.849998,980600,86.849998
2015-08-27,85.849998,86.589996,84.910004,86.540001,699100,86.540001
2015-08-26,84.540001,85.209999,82.82,84.989998,687700,84.989998
2015-08-25,86.730003,87.00,82.889999,82.949997,842300,82.949997
2015-08-24,82.730003,86.160004,82.239998,84.980003,1508400,84.980003
2015-08-21,88.190002,88.50,86.699997,86.699997,533100,86.699997
2015-08-20,89.139999,89.50,88.599998,88.650002,448300,88.650002
2015-08-19,90.150002,90.150002,89.370003,89.75,473700,89.75
2015-08-18,90.459999,90.730003,89.900002,90.57,469700,90.57
2015-08-17,89.480003,90.32,88.900002,90.32,554900,90.32
2015-08-14,89.32,89.68,89.00,89.650002,271400,89.650002
2015-08-13,89.019997,89.550003,88.800003,89.260002,317900,89.260002
2015-08-12,87.809998,89.089996,87.330002,89.089996,689200,89.089996
2015-08-11,88.629997,88.910004,88.199997,88.43,505500,88.43
2015-08-10,89.290001,89.75,88.940002,89.18,383000,89.18
2015-08-07,88.830002,89.059998,88.529999,89.040001,725200,89.040001
2015-08-06,89.809998,89.980003,88.669998,89.349998,556500,89.014998
2015-08-05,88.279999,90.040001,88.059998,89.489998,929800,89.154472
2015-08-04,87.779999,88.489998,87.410004,88.010002,631400,87.680025
2015-08-03,86.330002,87.410004,86.309998,87.389999,639000,87.062347
2015-07-31,87.00,87.040001,86.230003,86.330002,532400,86.006324
2015-07-30,86.199997,86.790001,85.470001,86.779999,374500,86.454634
2015-07-29,85.410004,86.389999,85.410004,86.32,369200,85.996359
2015-07-28,84.800003,85.550003,84.639999,85.510002,438100,85.189399
2015-07-27,84.190002,84.639999,83.93,84.620003,320700,84.302736
2015-07-24,84.790001,85.110001,84.389999,84.489998,372600,84.173219
2015-07-23,85.260002,85.43,84.669998,84.779999,341300,84.462132
2015-07-22,84.599998,85.18,84.489998,85.110001,454100,84.790897
2015-07-21,85.480003,85.57,84.599998,84.720001,603900,84.40236
2015-07-20,85.00,85.730003,84.910004,85.699997,331400,85.378681
2015-07-17,85.730003,85.730003,84.870003,84.970001,434000,84.651422
2015-07-16,85.169998,85.959999,85.059998,85.809998,698500,85.488269
2015-07-15,84.949997,85.25,84.629997,84.800003,430800,84.482061
2015-07-14,85.00,85.230003,84.489998,84.82,403200,84.501983
2015-07-13,84.849998,85.120003,84.440002,84.870003,438600,84.551799
2015-07-10,83.75,84.209999,83.660004,84.110001,454600,83.794646
2015-07-09,84.00,84.400002,83.099998,83.18,521500,82.868133
2015-07-08,83.010002,83.839996,83.010002,83.580002,622300,83.266634
2015-07-07,81.82,83.599998,81.540001,83.550003,572700,83.236748
2015-07-06,81.769997,82.279999,81.370003,81.809998,1750400,81.503266
2015-07-02,82.730003,82.910004,81.849998,82.120003,677900,81.812109
2015-07-01,81.449997,82.779999,81.220001,82.739998,784700,82.42978
2015-06-30,81.620003,81.879997,80.980003,81.129997,611200,80.825816
2015-06-29,82.540001,82.669998,80.959999,81.040001,680300,80.736157
2015-06-26,83.00,83.00,82.540001,82.82,669600,82.509482
2015-06-25,82.75,82.919998,82.410004,82.809998,333200,82.499517
2015-06-24,83.32,83.32,82.480003,82.639999,414000,82.330156
2015-06-23,83.839996,84.050003,83.25,83.279999,664200,82.967756
2015-06-22,83.790001,84.160004,83.589996,83.830002,333200,83.515697
2015-06-19,83.790001,83.860001,83.379997,83.589996,644200,83.276591
2015-06-18,83.309998,84.099998,83.309998,83.57,569200,83.25667
2015-06-17,83.089996,83.440002,82.910004,83.190002,429900,82.878097
2015-06-16,82.559998,83.139999,82.330002,82.800003,686300,82.48956
2015-06-15,82.949997,82.970001,82.190002,82.330002,530600,82.021321
2015-06-12,83.82,83.82,83.089996,83.330002,373700,83.017572
2015-06-11,83.599998,83.93,83.349998,83.919998,493000,83.605356
2015-06-10,83.290001,83.760002,83.110001,83.599998,393200,83.286556
2015-06-09,82.50,83.480003,82.440002,83.080002,479000,82.768509
2015-06-08,82.540001,82.860001,82.089996,82.599998,590200,82.290305
2015-06-05,83.089996,83.330002,82.400002,82.610001,511300,82.30027
2015-06-04,83.900002,84.519997,83.279999,83.300003,412000,82.987685
2015-06-03,84.269997,84.43,83.720001,84.370003,387500,84.053673
2015-06-02,84.220001,84.300003,83.669998,83.900002,509200,83.585434
2015-06-01,84.029999,84.730003,83.410004,84.540001,535600,84.223034
2015-05-29,84.50,84.550003,83.75,83.970001,783900,83.655172
2015-05-28,84.150002,84.639999,84.139999,84.529999,443300,84.21307
2015-05-27,84.199997,84.519997,83.800003,84.349998,524500,84.033744
2015-05-26,84.279999,84.419998,83.839996,84.110001,551800,83.794646
2015-05-22,84.519997,84.739998,84.129997,84.440002,247100,84.123411
2015-05-21,84.660004,84.970001,84.480003,84.629997,284400,84.312693
2015-05-20,84.550003,85.169998,84.349998,84.870003,477600,84.551799
2015-05-19,84.139999,84.699997,83.830002,84.68,474200,84.362509
2015-05-18,83.309998,84.349998,83.309998,84.150002,366200,83.834497
2015-05-15,83.449997,83.660004,83.18,83.620003,410000,83.306485
2015-05-14,82.970001,83.650002,82.769997,83.459999,588700,83.147082
2015-05-13,83.699997,83.779999,82.629997,82.800003,738600,82.155818
2015-05-12,83.260002,83.720001,82.620003,83.370003,570600,82.721383
2015-05-11,83.059998,83.540001,82.889999,83.510002,973700,82.860293
2015-05-08,83.370003,83.540001,82.919998,83.230003,688300,82.582473
2015-05-07,81.650002,83.00,81.00,82.650002,855300,82.006983
2015-05-06,81.75,82.099998,81.18,81.779999,671700,81.143749
2015-05-05,82.510002,82.889999,81.529999,81.660004,331900,81.024688
2015-05-04,82.309998,82.75,82.089996,82.309998,408200,81.669625
2015-05-01,81.18,82.190002,81.120003,81.93,534400,81.292584
2015-04-30,82.410004,82.839996,80.82,81.169998,768800,80.538494
2015-04-29,83.029999,83.68,82.239998,82.610001,526100,81.967294
2015-04-28,83.660004,83.980003,83.07,83.519997,491100,82.87021
2015-04-27,84.239998,84.400002,83.209999,83.50,556300,82.850369
2015-04-24,83.970001,84.169998,83.809998,83.949997,624400,83.296865
2015-04-23,83.459999,84.059998,83.040001,83.830002,1034400,83.177803
2015-04-22,84.040001,84.139999,83.580002,83.75,1283700,83.098424
2015-04-21,84.50,85.129997,83.970001,84.07,875600,83.415934
2015-04-20,84.779999,85.18,84.120003,84.300003,829700,83.644148
