Date,Open,High,Low,Close,Volume,Adj Close
2015-10-15,14.67,14.76,14.35,14.67,1158300,14.67
2015-10-14,14.82,14.92,14.55,14.63,1248000,14.63
2015-10-13,14.96,15.12,14.76,14.78,1600600,14.78
2015-10-12,15.12,15.20,14.98,15.01,1252900,15.01
2015-10-09,15.18,15.19,14.84,15.08,1497700,15.08
2015-10-08,15.05,15.39,14.96,15.24,1585500,15.24
2015-10-07,15.06,15.28,14.74,15.03,2525000,15.03
2015-10-06,15.40,15.43,15.02,15.04,1637000,15.04
2015-10-05,15.53,15.63,15.28,15.45,1822800,15.45
2015-10-02,15.27,15.51,14.73,15.46,4709300,15.46
2015-10-01,15.74,15.77,15.25,15.40,1486900,15.40
2015-09-30,15.74,15.79,15.43,15.73,1778400,15.73
2015-09-29,15.72,15.76,15.50,15.60,1380900,15.60
2015-09-28,16.16,16.25,15.60,15.72,1580400,15.72
2015-09-25,16.50,16.50,16.15,16.280001,1491600,16.280001
2015-09-24,16.280001,16.43,16.200001,16.370001,1268600,16.370001
2015-09-23,16.440001,16.559999,16.27,16.370001,1414400,16.370001
2015-09-22,16.360001,16.469999,16.24,16.379999,1194100,16.379999
2015-09-21,16.49,16.74,16.41,16.50,1030400,16.50
2015-09-18,16.49,16.719999,16.299999,16.370001,2541100,16.370001
2015-09-17,17.02,17.059999,16.620001,16.65,2565500,16.65
2015-09-16,16.559999,17.09,16.48,17.00,2816600,17.00
2015-09-15,16.700001,16.700001,16.40,16.60,4724500,16.60
2015-09-14,16.379999,17.01,16.16,16.66,7733000,16.66
2015-09-11,15.04,15.13,14.81,15.12,1203100,15.12
2015-09-10,15.00,15.36,14.86,15.10,2027300,15.10
2015-09-09,15.50,15.59,15.15,15.17,1446600,15.092
2015-09-08,15.42,15.49,15.24,15.43,1725100,15.350663
2015-09-04,15.03,15.34,15.00,15.24,1776000,15.16164
2015-09-03,15.06,15.46,15.01,15.23,2953000,15.151691
2015-09-02,14.97,15.07,14.86,14.97,2151000,14.893028
2015-09-01,14.68,15.03,14.68,14.88,3398100,14.803491
2015-08-31,14.89,15.09,14.82,14.91,3328400,14.833337
2015-08-28,14.90,14.99,14.80,14.88,2534300,14.803491
2015-08-27,14.92,15.10,14.71,14.90,4423500,14.823388
2015-08-26,14.90,15.00,14.27,14.75,4958600,14.674159
2015-08-25,14.10,14.36,13.79,13.83,5978400,13.75889
2015-08-24,13.70,14.22,13.25,13.76,4230700,13.68925
2015-08-21,14.12,14.53,14.09,14.20,2105700,14.126987
2015-08-20,14.83,14.87,14.52,14.52,1900500,14.445342
2015-08-19,14.93,15.04,14.75,14.92,1303000,14.843285
2015-08-18,15.10,15.12,14.93,14.96,1134100,14.88308
2015-08-17,15.02,15.13,14.92,15.10,1656900,15.02236
2015-08-14,14.93,15.11,14.89,15.02,2317100,14.942772
2015-08-13,15.09,15.19,14.96,15.00,1495600,14.922874
2015-08-12,15.11,15.25,14.79,15.19,2197100,15.111897
2015-08-11,15.12,15.27,15.05,15.24,1467600,15.16164
2015-08-10,14.90,15.26,14.90,15.23,1580100,15.151691
2015-08-07,15.03,15.16,14.88,14.88,2170800,14.803491
2015-08-06,15.05,15.15,14.90,15.09,1994000,15.012411
2015-08-05,14.99,15.19,14.99,15.03,1249800,14.952719
2015-08-04,15.00,15.11,14.87,14.92,1964100,14.843285
2015-08-03,15.21,15.21,14.89,14.97,1317200,14.893028
2015-07-31,15.25,15.33,15.13,15.22,1078700,15.141743
2015-07-30,15.02,15.26,14.99,15.24,3133300,15.16164
2015-07-29,14.90,15.13,14.90,15.10,2060700,15.02236
2015-07-28,14.97,15.15,14.77,14.98,2682500,14.902976
2015-07-27,15.13,15.14,14.91,14.97,1853200,14.893028
2015-07-24,15.36,15.43,15.15,15.20,2024500,15.121845
2015-07-23,15.60,15.61,15.38,15.40,1534100,15.320817
2015-07-22,15.40,15.62,15.39,15.54,1297100,15.460097
2015-07-21,15.61,15.70,15.46,15.50,1892300,15.420303
2015-07-20,15.74,15.78,15.55,15.64,1417500,15.559584
2015-07-17,15.98,16.030001,15.69,15.76,1938000,15.678966
2015-07-16,15.94,16.08,15.81,16.01,1678300,15.927681
2015-07-15,16.049999,16.09,15.91,15.92,2112600,15.838144
2015-07-14,16.24,16.290001,16.049999,16.07,2081000,15.987372
2015-07-13,16.25,16.299999,16.040001,16.25,3622200,16.166447
2015-07-10,16.110001,16.25,16.10,16.209999,2547400,16.126652
2015-07-09,16.200001,16.280001,15.98,16.040001,3350200,15.957527
2015-07-08,16.40,16.49,16.09,16.110001,2898300,16.027167
2015-07-07,16.360001,16.49,15.91,16.48,5186700,16.395264
2015-07-06,16.120001,16.51,15.91,16.360001,6467000,16.275882
2015-07-02,16.65,16.75,16.530001,16.559999,1525300,16.474852
2015-07-01,16.76,16.799999,16.629999,16.67,2703600,16.584287
2015-06-30,16.77,16.77,16.42,16.629999,3957900,16.544492
2015-06-29,16.85,16.889999,16.49,16.690001,5700800,16.604185
2015-06-26,16.93,16.98,16.780001,16.92,11567900,16.833002
2015-06-25,17.07,17.18,16.84,16.889999,1977900,16.803155
2015-06-24,17.209999,17.280001,17.059999,17.07,1620800,16.98223
2015-06-23,17.00,17.200001,16.969999,17.190001,1893200,17.101614
2015-06-22,16.959999,17.030001,16.90,16.99,1778800,16.902642
2015-06-19,16.860001,17.02,16.76,16.85,3001100,16.763362
2015-06-18,16.780001,16.99,16.76,16.84,1273400,16.753413
2015-06-17,16.790001,16.860001,16.639999,16.76,1172600,16.673825
2015-06-16,16.73,16.93,16.65,16.809999,2057600,16.723567
2015-06-15,16.57,16.77,16.48,16.719999,2308800,16.63403
2015-06-12,16.52,16.709999,16.440001,16.65,1501400,16.56439
2015-06-11,16.530001,16.60,16.43,16.540001,1506400,16.454957
2015-06-10,16.52,16.690001,16.51,16.559999,1459900,16.397253
2015-06-09,16.67,16.76,16.450001,16.51,2261600,16.347745
2015-06-08,16.68,16.77,16.620001,16.709999,1244700,16.545779
2015-06-05,16.74,16.799999,16.60,16.709999,1149700,16.545779
2015-06-04,16.76,16.879999,16.60,16.799999,1781000,16.634894
2015-06-03,16.690001,16.85,16.610001,16.799999,1748800,16.634894
2015-06-02,16.610001,16.84,16.450001,16.66,1552700,16.496271
2015-06-01,16.60,16.73,16.50,16.639999,2161700,16.476467
2015-05-29,16.58,16.639999,16.450001,16.610001,3183800,16.446763
2015-05-28,16.60,16.700001,16.450001,16.610001,2734300,16.446763
2015-05-27,15.80,16.690001,15.78,16.639999,6792000,16.476467
2015-05-26,17.15,17.15,16.59,16.719999,4529900,16.555681
2015-05-22,17.02,17.139999,16.860001,16.959999,2378900,16.793322
2015-05-21,16.99,17.10,16.780001,17.02,1901700,16.852733
2015-05-20,16.959999,17.110001,16.92,17.030001,1125400,16.862635
2015-05-19,17.049999,17.09,16.90,16.969999,1678300,16.803224
2015-05-18,17.360001,17.360001,16.969999,17.129999,1672900,16.961651
2015-05-15,16.940001,17.059999,16.870001,17.00,1122400,16.83293
2015-05-14,17.24,17.24,16.83,16.91,1452800,16.743814
2015-05-13,17.209999,17.280001,17.040001,17.17,1071800,17.001259
2015-05-12,17.15,17.309999,17.10,17.219999,961100,17.050767
2015-05-11,17.25,17.440001,17.24,17.280001,898800,17.110178
2015-05-08,17.33,17.50,17.24,17.290001,885000,17.12008
2015-05-07,17.110001,17.299999,17.030001,17.219999,961200,17.050767
2015-05-06,16.92,17.07,16.67,17.02,1291300,16.852733
2015-05-05,16.98,17.09,16.83,16.91,1166200,16.743814
2015-05-04,17.27,17.290001,17.01,17.07,1264800,16.902241
2015-05-01,16.870001,17.34,16.870001,17.09,1474600,16.922045
2015-04-30,16.77,17.139999,16.76,16.860001,1816400,16.694306
2015-04-29,17.10,17.17,16.780001,16.82,1782800,16.654698
2015-04-28,17.33,17.379999,17.10,17.15,2143800,16.981455
2015-04-27,17.639999,17.65,17.25,17.32,1820400,17.149784
2015-04-24,17.629999,17.73,17.559999,17.60,1431900,17.427033
2015-04-23,17.379999,17.639999,17.370001,17.58,1426100,17.407229
2015-04-22,17.299999,17.450001,17.209999,17.379999,1932900,17.209194
2015-04-21,17.129999,17.35,17.040001,17.26,2193700,17.090375
2015-04-20,17.09,17.139999,16.83,17.049999,2948000,16.882437
