Date,Open,High,Low,Close,Volume,Adj Close
2015-10-09,133.240005,136.360001,133.059998,136.360001,2296100,136.360001
2015-10-08,135.869995,136.600006,133.630005,133.630005,2150600,133.630005
2015-10-07,136.990005,137.259995,135.679993,136.630005,2632000,136.630005
2015-10-06,139.479996,139.50,135.860001,136.710007,1520200,136.710007
2015-10-05,139.50,140.279999,138.470001,139.690002,1084400,139.690002
2015-10-02,131.970001,138.669998,131.970001,138.580002,1589100,138.580002
2015-10-01,134.639999,135.979996,133.889999,135.429993,1469800,135.429993
2015-09-30,133.190002,135.910004,133.190002,135.020004,1961800,135.020004
2015-09-29,132.830002,135.009995,131.449997,132.50,2093000,132.50
2015-09-28,136.740005,137.119995,132.520004,133.00,2730400,133.00
2015-09-25,141.649994,141.850006,136.389999,137.479996,1844500,137.479996
2015-09-24,140.070007,142.410004,139.300003,141.020004,1193800,141.020004
2015-09-23,140.970001,143.119995,140.259995,142.710007,1350700,142.710007
2015-09-22,141.809998,141.809998,140.149994,141.149994,792000,141.149994
2015-09-21,142.369995,142.949997,140.559998,142.089996,832800,142.089996
2015-09-18,141.440002,142.630005,141.080002,141.619995,1439400,141.619995
2015-09-17,143.00,144.660004,141.919998,142.75,996300,142.75
2015-09-16,141.020004,142.860001,140.669998,142.589996,893600,142.589996
2015-09-15,139.669998,141.050003,139.139999,140.690002,868000,140.690002
2015-09-14,139.710007,140.00,138.929993,139.339996,993000,139.339996
2015-09-11,136.759995,139.639999,136.520004,139.619995,1428000,139.619995
2015-09-10,139.210007,140.00,137.350006,137.460007,2663900,137.460007
2015-09-09,142.100006,142.490005,139.580002,139.75,1795100,139.75
2015-09-08,139.800003,141.789993,139.509995,141.050003,955100,141.050003
2015-09-04,140.279999,140.550003,139.029999,139.380005,1830700,139.380005
2015-09-03,139.649994,142.570007,139.610001,141.619995,1521600,141.619995
2015-09-02,139.899994,140.240005,137.619995,139.339996,1306300,139.339996
2015-09-01,138.889999,140.119995,137.610001,139.00,2014500,139.00
2015-08-31,137.460007,142.100006,137.210007,140.789993,2069100,140.789993
2015-08-28,138.110001,138.570007,136.449997,137.869995,1416100,137.869995
2015-08-27,138.160004,139.839996,134.850006,138.300003,1862000,138.300003
2015-08-26,136.339996,138.020004,134.589996,137.550003,2204800,137.550003
2015-08-25,139.669998,139.669998,133.720001,133.789993,2012200,133.789993
2015-08-24,127.300003,140.350006,124.169998,135.75,3399100,135.75
2015-08-21,144.880005,145.979996,142.710007,142.710007,2239200,142.710007
2015-08-20,148.75,148.889999,145.240005,145.240005,1729700,145.240005
2015-08-19,147.759995,149.860001,146.490005,149.149994,2002000,149.149994
2015-08-18,146.470001,149.259995,146.470001,148.490005,2389400,148.490005
2015-08-17,143.399994,146.720001,143.00,146.589996,1593200,146.589996
2015-08-14,143.330002,144.729996,143.089996,144.119995,1019100,144.119995
2015-08-13,143.399994,144.600006,143.149994,143.179993,1681700,143.179993
2015-08-12,143.770004,143.839996,140.809998,143.350006,1591200,143.350006
2015-08-11,145.169998,146.100006,143.979996,144.679993,1806100,144.679993
2015-08-10,146.380005,147.25,145.190002,145.679993,1186800,145.679993
2015-08-07,146.75,146.75,144.539993,145.850006,1025300,145.850006
2015-08-06,147.190002,148.490005,145.210007,146.800003,2768500,146.800003
2015-08-05,144.580002,147.979996,144.110001,147.550003,3501100,147.550003
2015-08-04,143.399994,144.210007,143.059998,143.889999,2422500,143.889999
2015-08-03,144.169998,144.809998,142.449997,143.360001,1776400,143.360001
2015-07-31,144.479996,145.259995,143.309998,144.059998,2752800,144.059998
2015-07-30,146.990005,148.229996,143.850006,143.899994,3533200,143.899994
2015-07-29,146.259995,147.169998,145.020004,145.410004,3470500,145.410004
2015-07-28,146.889999,146.889999,144.570007,145.869995,3305800,145.869995
2015-07-27,145.059998,147.25,144.020004,145.899994,3580800,145.899994
2015-07-24,150.570007,151.800003,144.25,145.720001,10300400,145.720001
2015-07-23,157.080002,158.00,153.020004,154.360001,6747200,154.360001
2015-07-22,151.309998,153.389999,150.649994,151.070007,1426700,151.070007
2015-07-21,152.619995,152.990005,150.169998,151.289993,2215100,151.289993
2015-07-20,153.130005,154.009995,151.009995,152.929993,1724000,152.929993
2015-07-17,153.720001,154.699997,152.270004,153.410004,1951400,153.410004
2015-07-16,155.520004,156.429993,153.289993,154.289993,1438700,154.289993
2015-07-15,155.570007,157.910004,155.009995,156.070007,1256400,156.070007
2015-07-14,155.460007,156.580002,154.710007,155.949997,1204700,155.949997
2015-07-13,157.490005,157.610001,153.470001,155.050003,1727900,155.050003
2015-07-10,157.50,159.429993,155.199997,157.210007,1944000,157.210007
2015-07-09,151.910004,157.369995,151.020004,156.559998,4151500,156.559998
2015-07-08,152.720001,154.110001,150.039993,150.440002,2527100,150.440002
2015-07-07,159.110001,160.600006,150.589996,154.429993,5091100,154.429993
2015-07-06,159.070007,161.009995,156.789993,160.059998,4355100,160.059998
2015-07-02,163.25,168.360001,160.130005,161.289993,4354400,161.289993
2015-07-01,163.789993,163.979996,160.210007,162.039993,3588400,162.039993
2015-06-30,166.389999,166.389999,161.869995,162.00,3463800,162.00
2015-06-29,164.130005,166.419998,163.399994,164.669998,2888700,164.669998
2015-06-26,169.309998,170.679993,164.910004,168.059998,9599100,168.059998
2015-06-25,166.169998,170.399994,164.960007,169.770004,6173500,169.770004
2015-06-24,164.559998,166.130005,164.039993,165.75,3549300,165.75
2015-06-23,163.229996,164.850006,161.669998,164.75,6543300,164.75
2015-06-22,166.50,167.00,162.259995,162.600006,8974800,162.600006
2015-06-19,156.119995,157.199997,155.080002,155.259995,1828600,155.259995
2015-06-18,155.690002,157.130005,155.009995,156.410004,1974800,156.410004
2015-06-17,154.259995,156.75,153.50,155.399994,3364900,155.399994
2015-06-16,155.520004,157.100006,150.839996,153.970001,6697200,153.970001
2015-06-15,136.100006,164.00,135.509995,153.429993,14180900,153.429993
2015-06-12,138.809998,138.809998,137.130005,137.309998,1092200,137.309998
2015-06-11,140.089996,140.660004,139.020004,139.199997,1413900,139.199997
2015-06-10,138.820007,140.330002,138.009995,139.839996,1053400,139.839996
2015-06-09,138.75,139.460007,137.610001,138.50,1086000,138.50
2015-06-08,139.479996,140.729996,138.720001,138.770004,1081800,138.770004
2015-06-05,137.940002,139.830002,137.169998,139.50,1743900,139.50
2015-06-04,139.679993,139.869995,136.979996,137.690002,2084000,137.690002
2015-06-03,141.589996,141.789993,139.139999,140.149994,2450400,140.149994
2015-06-02,143.00,143.149994,140.630005,141.509995,3219800,141.509995
2015-06-01,140.869995,145.300003,140.50,143.860001,4592000,143.860001
2015-05-29,135.589996,145.330002,134.660004,140.830002,6314600,140.830002
2015-05-28,134.940002,136.039993,134.570007,135.869995,1089600,135.869995
2015-05-27,134.649994,135.630005,134.160004,134.940002,1120200,134.940002
2015-05-26,135.860001,135.889999,133.699997,133.910004,1354400,133.910004
2015-05-22,132.949997,137.160004,132.610001,135.860001,3185700,135.860001
2015-05-21,133.25,133.559998,132.520004,132.949997,1128900,132.949997
2015-05-20,133.75,134.059998,133.110001,133.660004,906000,133.660004
2015-05-19,134.110001,134.720001,133.50,133.779999,1412500,133.779999
2015-05-18,131.869995,133.660004,131.779999,133.270004,1104800,133.270004
2015-05-15,131.759995,132.350006,131.25,132.059998,1259300,132.059998
2015-05-14,132.479996,133.070007,131.429993,131.850006,1460400,131.850006
2015-05-13,132.460007,133.350006,131.300003,131.690002,2518500,131.690002
2015-05-12,127.82,132.740005,127.68,131.860001,4211500,131.860001
2015-05-11,128.559998,129.679993,127.910004,128.300003,1252000,128.300003
2015-05-08,127.32,128.979996,127.25,128.490005,1333800,128.490005
2015-05-07,125.440002,127.199997,125.230003,126.489998,1391400,126.489998
2015-05-06,126.239998,126.50,124.379997,125.290001,1384200,125.290001
2015-05-05,126.099998,126.629997,124.940002,125.25,1459700,125.25
2015-05-04,126.07,127.779999,125.779999,126.730003,2153900,126.730003
2015-05-01,125.639999,126.559998,124.50,125.489998,2290900,125.489998
2015-04-30,126.360001,128.149994,124.279999,124.639999,2342300,124.639999
2015-04-29,130.759995,131.529999,124.82,126.68,3376300,126.68
2015-04-28,130.610001,132.029999,128.440002,131.710007,2160900,131.710007
2015-04-27,131.169998,131.679993,129.630005,130.25,2817200,130.25
2015-04-24,130.529999,130.869995,130.240005,130.660004,1017100,130.660004
2015-04-23,130.149994,131.029999,129.899994,130.570007,1353100,130.570007
2015-04-22,131.020004,131.309998,129.490005,130.25,1242500,130.25
2015-04-21,130.830002,131.440002,130.199997,130.699997,1847800,130.699997
2015-04-20,132.279999,132.419998,130.080002,130.270004,1388200,130.270004
2015-04-17,132.00,132.570007,130.110001,131.130005,1132900,131.130005
2015-04-16,134.490005,135.00,132.440002,132.800003,1930400,132.800003
2015-04-15,133.139999,133.589996,129.789993,130.220001,3103700,130.220001
2015-04-14,132.919998,133.25,131.419998,132.899994,1587300,132.899994
2015-04-13,133.509995,134.960007,132.720001,132.800003,1351300,132.800003
