Date,Open,High,Low,Close,Volume,Adj Close
2015-10-16,23.059999,23.10,22.67,22.92,1425900,22.92
2015-10-15,22.40,23.059999,22.309999,23.030001,2161900,23.030001
2015-10-14,21.85,22.540001,21.83,22.34,2616500,22.34
2015-10-13,22.42,22.67,21.82,21.83,2355500,21.83
2015-10-12,22.76,22.809999,22.35,22.59,1260100,22.59
2015-10-09,22.620001,22.860001,22.41,22.75,2189200,22.75
2015-10-08,22.709999,22.91,22.200001,22.700001,1853600,22.700001
2015-10-07,22.65,22.889999,21.91,22.709999,2392400,22.709999
2015-10-06,22.51,22.799999,22.32,22.48,1993800,22.48
2015-10-05,22.120001,22.65,22.030001,22.559999,2925700,22.559999
2015-10-02,20.780001,22.030001,20.57,22.00,3114300,22.00
2015-10-01,20.75,21.15,20.620001,21.07,2767500,21.07
2015-09-30,20.549999,20.799999,20.32,20.719999,2732000,20.719999
2015-09-29,20.34,20.65,20.030001,20.190001,2852800,20.190001
2015-09-28,20.620001,20.91,20.200001,20.299999,3136900,20.299999
2015-09-25,21.209999,21.25,20.530001,20.690001,3135100,20.690001
2015-09-24,21.129999,21.190001,20.68,20.940001,3099200,20.940001
2015-09-23,21.66,21.860001,21.24,21.360001,2855200,21.360001
2015-09-22,21.879999,21.98,21.35,21.59,2856200,21.59
2015-09-21,21.85,22.629999,21.85,22.209999,1935600,22.209999
2015-09-18,22.35,22.68,22.01,22.129999,3302400,22.129999
2015-09-17,22.709999,23.18,22.42,22.82,5402700,22.82
2015-09-16,22.35,22.75,22.26,22.690001,3015800,22.690001
2015-09-15,21.940001,22.530001,21.93,22.40,2322900,22.40
2015-09-14,22.17,22.25,21.889999,21.91,1980500,21.91
2015-09-11,22.209999,22.360001,21.639999,22.02,3510700,22.02
2015-09-10,22.809999,22.84,22.35,22.52,3026600,22.52
2015-09-09,23.58,23.84,22.68,22.709999,5093400,22.709999
2015-09-08,22.93,22.99,22.59,22.940001,3126600,22.940001
2015-09-04,22.469999,23.040001,22.370001,22.51,4021900,22.51
2015-09-03,21.51,23.290001,20.76,22.98,11257100,22.98
2015-09-02,22.42,22.51,21.870001,22.49,3565800,22.49
2015-09-01,21.790001,22.360001,21.790001,22.00,2201000,22.00
2015-08-31,22.60,22.68,22.15,22.360001,2299000,22.360001
2015-08-28,22.52,22.870001,22.41,22.860001,2246100,22.860001
2015-08-27,22.51,22.67,21.93,22.57,2524700,22.57
2015-08-26,21.280001,22.42,21.129999,22.33,4865100,22.33
2015-08-25,21.32,21.32,20.389999,20.40,2594000,20.40
2015-08-24,20.02,21.690001,17.969999,20.559999,3835100,20.559999
2015-08-21,21.23,22.25,20.99,21.68,2996600,21.68
2015-08-20,23.00,23.219999,21.51,21.620001,4733600,21.620001
2015-08-19,23.549999,23.99,23.15,23.24,2189100,23.24
2015-08-18,24.08,24.209999,23.58,23.629999,2304500,23.629999
2015-08-17,23.25,24.280001,23.23,24.26,1936500,24.26
2015-08-14,23.450001,23.66,23.25,23.559999,1351200,23.559999
2015-08-13,23.809999,24.27,23.68,23.709999,2378500,23.709999
2015-08-12,22.809999,23.799999,22.73,23.57,4180800,23.57
2015-08-11,23.309999,23.530001,22.74,22.75,4597700,22.75
2015-08-10,23.690001,23.719999,23.370001,23.60,5962400,23.60
2015-08-07,23.68,23.74,23.41,23.540001,3499500,23.540001
2015-08-06,24.74,24.84,23.799999,23.92,2800800,23.92
2015-08-05,24.83,25.190001,24.629999,24.67,2679300,24.67
2015-08-04,24.99,24.99,24.610001,24.66,1922300,24.66
2015-08-03,25.389999,25.49,24.809999,24.959999,2132800,24.959999
2015-07-31,25.219999,25.690001,25.07,25.450001,2884600,25.450001
2015-07-30,24.52,25.219999,24.360001,25.10,2205400,25.10
2015-07-29,24.870001,25.00,24.459999,24.860001,1782400,24.860001
2015-07-28,25.15,25.290001,24.90,25.01,2027100,25.01
2015-07-27,25.450001,25.67,24.82,25.02,2616800,25.02
2015-07-24,26.139999,26.50,25.719999,25.77,2634400,25.77
2015-07-23,25.41,25.77,25.17,25.59,3677600,25.59
2015-07-22,25.639999,25.639999,25.040001,25.139999,2140000,25.139999
2015-07-21,25.00,25.57,25.00,25.530001,2728700,25.530001
2015-07-20,25.559999,25.59,24.870001,24.950001,1857200,24.950001
2015-07-17,25.58,26.10,25.370001,25.59,3904000,25.59
2015-07-16,24.559999,25.360001,24.559999,25.27,3038000,25.27
2015-07-15,24.48,24.719999,24.200001,24.32,1846800,24.32
2015-07-14,24.26,24.610001,24.190001,24.49,2008800,24.49
2015-07-13,23.92,24.35,23.879999,24.290001,2769700,24.290001
2015-07-10,23.75,23.98,23.530001,23.799999,1877300,23.799999
2015-07-09,23.58,23.73,23.16,23.27,2558400,23.27
2015-07-08,23.58,23.60,23.10,23.219999,3195300,23.219999
2015-07-07,23.940001,23.940001,23.25,23.84,2350100,23.84
2015-07-06,23.92,24.360001,23.790001,23.940001,2217600,23.940001
2015-07-02,24.389999,24.540001,23.950001,24.08,2118500,24.08
2015-07-01,24.030001,24.450001,23.90,24.389999,4287100,24.389999
2015-06-30,23.85,23.940001,23.370001,23.68,2422100,23.68
2015-06-29,23.98,24.25,23.60,23.690001,2363900,23.690001
2015-06-26,25.059999,25.07,24.059999,24.370001,4160800,24.370001
2015-06-25,25.18,25.24,24.98,25.07,1886700,25.07
2015-06-24,25.280001,25.379999,24.969999,25.040001,1541000,25.040001
2015-06-23,25.58,25.59,25.209999,25.41,2229800,25.41
2015-06-22,25.450001,25.82,25.32,25.48,2744400,25.48
2015-06-19,26.00,26.00,25.49,25.66,2711200,25.66
2015-06-18,26.02,26.200001,25.940001,25.969999,2683500,25.969999
2015-06-17,25.67,26.129999,25.60,26.030001,2973400,26.030001
2015-06-16,25.83,25.950001,25.450001,25.610001,2887300,25.610001
2015-06-15,25.459999,26.00,25.299999,25.90,3348900,25.90
2015-06-12,25.33,25.75,25.299999,25.639999,3048200,25.639999
2015-06-11,25.280001,25.60,25.18,25.49,3448200,25.49
2015-06-10,24.719999,25.299999,24.66,25.190001,4026100,25.190001
2015-06-09,24.68,24.860001,24.290001,24.65,1949400,24.65
2015-06-08,24.91,25.00,24.200001,24.629999,4399000,24.629999
2015-06-05,24.969999,25.18,24.629999,25.00,4714200,25.00
2015-06-04,25.370001,25.49,24.52,24.639999,6412500,24.639999
2015-06-03,24.57,24.75,24.25,24.440001,6257300,24.440001
2015-06-02,24.00,24.42,23.799999,24.200001,3259800,24.200001
2015-06-01,24.24,24.379999,23.73,24.049999,2911400,24.049999
2015-05-29,24.01,24.549999,23.889999,24.120001,4565400,24.120001
2015-05-28,23.68,24.07,23.58,24.049999,3567500,24.049999
2015-05-27,23.450001,23.950001,23.24,23.76,3569900,23.76
2015-05-26,23.299999,23.389999,22.959999,23.16,2030600,23.16
2015-05-22,23.030001,23.33,22.950001,23.24,1594800,23.24
2015-05-21,23.040001,23.219999,22.82,23.139999,1444800,23.139999
2015-05-20,23.059999,23.309999,22.799999,23.09,2968800,23.09
2015-05-19,22.879999,23.02,22.690001,22.91,1693200,22.91
2015-05-18,22.50,22.93,22.360001,22.85,2165800,22.85
2015-05-15,22.290001,22.52,22.18,22.50,1596800,22.50
2015-05-14,22.059999,22.40,21.889999,22.33,1781100,22.33
2015-05-13,22.00,22.10,21.879999,22.02,2211100,22.02
2015-05-12,21.959999,22.16,21.66,22.030001,1720500,22.030001
2015-05-11,22.02,22.290001,21.90,22.059999,1909600,22.059999
2015-05-08,21.709999,22.139999,21.65,22.059999,3511300,22.059999
2015-05-07,21.110001,21.51,20.92,21.43,2262700,21.43
2015-05-06,21.16,21.23,20.67,21.09,2612000,21.09
2015-05-05,21.559999,21.67,21.01,21.08,2829100,21.08
2015-05-04,21.91,22.139999,21.299999,21.620001,7141900,21.620001
2015-05-01,21.34,21.549999,21.16,21.290001,3410600,21.290001
2015-04-30,22.24,22.290001,21.23,21.299999,3085600,21.299999
2015-04-29,22.25,22.50,22.129999,22.34,2996500,22.34
2015-04-28,21.860001,22.40,21.76,22.35,3120700,22.35
2015-04-27,22.18,22.33,21.84,21.870001,1639200,21.870001
2015-04-24,22.190001,22.24,21.93,22.17,2779200,22.17
2015-04-23,21.76,21.940001,21.549999,21.690001,2458900,21.690001
2015-04-22,21.719999,22.00,21.389999,21.969999,2897800,21.969999
2015-04-21,21.790001,21.940001,21.690001,21.700001,1533300,21.700001
2015-04-20,21.620001,21.93,21.610001,21.85,2247500,21.85
