Date,Open,High,Low,Close,Volume,Adj Close
2015-10-09,56.279999,56.459999,55.970001,56.169998,467800,56.169998
2015-10-08,55.259998,56.23,55.150002,56.220001,519000,56.220001
2015-10-07,54.98,55.34,54.68,55.25,534800,55.25
2015-10-06,54.860001,55.009998,54.57,54.630001,537000,54.630001
2015-10-05,54.59,55.080002,54.560001,55.049999,675200,55.049999
2015-10-02,52.799999,54.080002,52.630001,54.060001,797800,54.060001
2015-10-01,53.900002,53.950001,52.779999,53.549999,745900,53.549999
2015-09-30,53.650002,53.889999,53.310001,53.799999,773700,53.799999
2015-09-29,52.98,53.34,52.639999,53.27,512300,53.27
2015-09-28,53.299999,53.369999,52.709999,52.889999,552700,52.889999
2015-09-25,53.650002,53.950001,53.169998,53.459999,552300,53.459999
2015-09-24,52.639999,53.330002,52.639999,53.23,569600,53.23
2015-09-23,52.900002,53.299999,52.810001,53.07,444800,53.07
2015-09-22,52.82,53.32,52.599998,52.889999,636300,52.889999
2015-09-21,53.099998,53.669998,52.889999,53.419998,653900,53.419998
2015-09-18,53.00,53.540001,52.700001,52.810001,1487700,52.810001
2015-09-17,53.93,54.48,53.619999,53.720001,881900,53.720001
2015-09-16,53.48,53.860001,53.240002,53.799999,689700,53.799999
2015-09-15,53.029999,53.650002,52.799999,53.50,613700,53.50
2015-09-14,52.970001,53.02,52.619999,52.91,781000,52.91
2015-09-11,52.799999,53.439999,52.610001,53.43,748100,52.969999
2015-09-10,52.650002,53.459999,52.650002,53.02,596500,52.563529
2015-09-09,53.59,53.740002,52.709999,52.810001,734700,52.355338
2015-09-08,52.869999,53.259998,52.48,53.169998,1301400,52.712236
2015-09-04,52.02,52.279999,51.59,51.91,832900,51.463085
2015-09-03,52.669998,53.040001,52.560001,52.799999,1047300,52.345422
2015-09-02,52.00,52.759998,51.419998,52.310001,1186000,51.859643
2015-09-01,51.209999,51.450001,50.779999,50.959999,1128600,50.521263
2015-08-31,52.34,52.490002,52.060001,52.330002,916200,51.879471
2015-08-28,52.759998,52.93,52.43,52.790001,807500,52.33551
2015-08-27,52.720001,53.299999,52.200001,53.18,1019700,52.722152
2015-08-26,52.189999,53.549999,50.91,52.18,1230900,51.730761
2015-08-25,52.509998,53.290001,50.869999,50.91,1657400,50.471695
2015-08-24,50.630001,53.07,49.720001,51.27,2064600,50.828596
2015-08-21,55.25,55.41,53.84,53.860001,1174100,53.396298
2015-08-20,55.990002,56.16,55.560001,55.57,613100,55.091575
2015-08-19,56.68,56.939999,56.169998,56.419998,554300,55.934255
2015-08-18,56.57,56.93,56.540001,56.889999,535800,56.40021
2015-08-17,56.57,56.790001,56.040001,56.580002,574200,56.092881
2015-08-14,56.330002,56.639999,56.040001,56.639999,470700,56.152362
2015-08-13,56.130001,56.52,55.869999,56.279999,541700,55.795461
2015-08-12,55.73,56.259998,55.290001,56.23,784500,55.745892
2015-08-11,55.43,56.029999,55.099998,55.959999,567100,55.478216
2015-08-10,55.830002,55.970001,55.700001,55.84,541900,55.35925
2015-08-07,55.279999,55.360001,54.970001,55.330002,465200,54.853643
2015-08-06,55.689999,55.689999,55.049999,55.25,425600,54.77433
2015-08-05,56.00,56.00,55.439999,55.549999,438400,55.071746
2015-08-04,55.25,55.639999,55.02,55.43,596300,54.95278
2015-08-03,54.740002,55.369999,54.740002,55.349998,645300,54.873467
2015-07-31,55.50,55.810001,55.130001,55.209999,2113700,54.734673
2015-07-30,54.09,55.400002,53.900002,55.27,961300,54.794158
2015-07-29,53.549999,54.27,53.169998,54.16,1433500,53.693714
2015-07-28,53.220001,53.220001,52.77,53.099998,1013700,52.642839
2015-07-27,53.060001,53.439999,52.77,52.939999,653600,52.484216
2015-07-24,53.369999,53.439999,52.830002,53.060001,1060700,52.603186
2015-07-23,53.669998,53.779999,53.220001,53.32,422400,52.860946
2015-07-22,53.529999,53.900002,53.50,53.720001,303700,53.257503
2015-07-21,53.580002,53.889999,53.310001,53.549999,479800,53.088965
2015-07-20,53.860001,53.970001,53.400002,53.580002,412400,53.118709
2015-07-17,53.77,53.84,53.450001,53.560001,486800,53.098881
2015-07-16,53.84,53.98,53.619999,53.880001,462300,53.416126
2015-07-15,53.509998,53.700001,53.080002,53.57,988200,53.108793
2015-07-14,53.990002,54.290001,53.959999,54.169998,375000,53.703626
2015-07-13,53.959999,54.189999,53.709999,54.110001,467000,53.644145
2015-07-10,53.610001,53.77,53.23,53.66,406500,53.198019
2015-07-09,53.27,53.27,52.700001,52.970001,606100,52.513961
2015-07-08,52.490002,52.990002,52.400002,52.669998,889100,52.21654
2015-07-07,52.23,52.82,51.91,52.810001,566700,52.355338
2015-07-06,52.02,52.52,51.84,52.34,469100,51.889383
2015-07-02,52.700001,52.84,52.209999,52.400002,577700,51.948868
2015-07-01,51.18,52.57,50.73,52.540001,1493300,52.087662
2015-06-30,50.02,50.459999,49.869999,50.18,733500,49.74798
2015-06-29,50.310001,50.59,49.740002,49.75,718400,49.321682
2015-06-26,50.549999,51.049999,50.43,50.91,551100,50.471695
2015-06-25,51.16,51.18,50.470001,50.470001,437000,50.035484
2015-06-24,51.439999,51.50,50.950001,50.959999,486500,50.521263
2015-06-23,51.389999,51.57,51.279999,51.560001,348000,51.1161
2015-06-22,51.43,51.700001,51.32,51.389999,519600,50.947562
2015-06-19,51.610001,51.689999,51.169998,51.169998,1101300,50.729454
2015-06-18,51.209999,51.779999,51.119999,51.650002,806300,51.205325
2015-06-17,51.029999,51.130001,50.68,50.91,635800,50.471695
2015-06-16,50.18,50.919998,50.18,50.860001,554300,50.422126
2015-06-15,50.330002,50.700001,50.169998,50.360001,595000,49.926431
2015-06-12,51.599998,51.599998,51.130001,51.220001,435900,50.32299
2015-06-11,51.23,51.68,51.099998,51.650002,547700,50.745459
2015-06-10,50.41,51.259998,50.290001,51.18,410600,50.283689
2015-06-09,50.00,50.459999,49.900002,50.18,421800,49.301202
2015-06-08,50.389999,50.59,50.110001,50.119999,406200,49.242252
2015-06-05,50.66,51.00,50.439999,50.529999,389000,49.645071
2015-06-04,50.990002,51.049999,50.52,50.560001,428800,49.674548
2015-06-03,50.84,51.279999,50.630001,51.169998,479500,50.273862
2015-06-02,50.310001,50.779999,50.25,50.68,677800,49.792446
2015-06-01,50.720001,51.419998,50.32,50.490002,388000,49.605774
2015-05-29,51.060001,51.110001,50.580002,50.580002,382200,49.694198
2015-05-28,50.98,51.18,50.759998,51.110001,320100,50.214915
2015-05-27,50.619999,51.040001,50.509998,50.970001,399000,50.077368
2015-05-26,50.799999,50.939999,50.450001,50.490002,387800,49.605774
2015-05-22,51.369999,51.43,50.919998,50.939999,257300,50.047891
2015-05-21,51.25,51.439999,51.169998,51.240002,305700,50.34264
2015-05-20,51.470001,51.490002,51.200001,51.360001,308100,50.460537
2015-05-19,51.400002,51.459999,51.130001,51.41,384500,50.509661
2015-05-18,50.869999,51.290001,50.700001,51.23,208800,50.332813
2015-05-15,51.139999,51.279999,50.720001,50.869999,492200,49.979117
2015-05-14,50.799999,51.150002,50.59,51.130001,326200,50.234566
2015-05-13,50.889999,51.18,50.57,50.610001,526200,49.723672
2015-05-12,51.060001,51.150002,50.630001,50.790001,510800,49.90052
2015-05-11,51.48,51.490002,51.049999,51.130001,557700,50.234566
2015-05-08,51.349998,51.66,51.189999,51.48,438300,50.578435
2015-05-07,50.700001,51.27,50.599998,50.959999,406200,50.067541
2015-05-06,50.919998,51.099998,50.459999,50.790001,397900,49.90052
2015-05-05,51.09,51.52,50.849998,50.919998,529200,50.02824
2015-05-04,50.84,51.34,50.75,51.290001,627300,50.391763
2015-05-01,51.009998,51.279999,50.299999,50.869999,637300,49.979117
2015-04-30,50.560001,51.049999,50.389999,50.639999,765400,49.753145
2015-04-29,51.23,51.869999,50.450001,51.009998,811700,50.116664
2015-04-28,52.110001,52.740002,51.959999,52.700001,462500,51.77707
2015-04-27,52.779999,52.779999,52.150002,52.259998,461900,51.344773
2015-04-24,52.369999,52.610001,52.130001,52.560001,411100,51.639522
2015-04-23,51.939999,52.48,51.919998,52.299999,347700,51.384074
2015-04-22,52.310001,52.310001,51.68,52.16,371500,51.246526
2015-04-21,52.790001,52.939999,52.139999,52.189999,399000,51.275999
2015-04-20,52.799999,52.98,52.580002,52.77,454600,51.845844
2015-04-17,53.169998,53.25,52.43,52.560001,513900,51.639522
2015-04-16,53.619999,53.68,53.240002,53.560001,331100,52.622009
2015-04-15,54.00,54.18,53.689999,53.700001,285800,52.759557
2015-04-14,53.439999,53.950001,53.32,53.82,458300,52.877454
2015-04-13,53.50,53.889999,53.310001,53.549999,289600,52.612183
