Date,Open,High,Low,Close,Volume,Adj Close
2015-10-09,39.119999,39.23,38.709999,39.060001,339300,39.060001
2015-10-08,39.040001,39.259998,38.75,39.110001,301700,39.110001
2015-10-07,39.009998,39.540001,38.869999,39.16,395900,39.16
2015-10-06,38.689999,38.950001,38.650002,38.810001,306200,38.810001
2015-10-05,38.00,38.779999,38.00,38.73,311900,38.73
2015-10-02,36.740002,37.889999,36.389999,37.889999,272200,37.889999
2015-10-01,37.220001,37.580002,36.869999,37.220001,314300,37.220001
2015-09-30,37.169998,37.349998,36.779999,37.23,359300,37.23
2015-09-29,36.599998,36.900002,36.34,36.82,319900,36.82
2015-09-28,37.439999,37.439999,36.560001,36.580002,462900,36.580002
2015-09-25,37.200001,37.779999,36.84,37.68,541400,37.68
2015-09-24,36.869999,37.099998,36.560001,36.880001,259300,36.880001
2015-09-23,37.200001,37.43,36.959999,37.18,248900,37.18
2015-09-22,37.50,37.52,36.889999,37.200001,350200,37.200001
2015-09-21,37.84,38.43,37.689999,37.990002,259900,37.990002
2015-09-18,38.060001,38.32,37.400002,37.470001,763700,37.470001
2015-09-17,38.599998,38.82,38.18,38.32,324300,38.32
2015-09-16,38.310001,38.73,38.080002,38.580002,252500,38.580002
2015-09-15,38.00,38.439999,37.110001,38.419998,241600,38.419998
2015-09-14,37.84,37.990002,37.630001,37.849998,269000,37.849998
2015-09-11,36.919998,37.810001,36.799999,37.810001,253500,37.810001
2015-09-10,37.139999,37.599998,36.939999,37.060001,420500,37.060001
2015-09-09,38.029999,38.200001,37.119999,37.189999,308600,37.189999
2015-09-08,37.439999,37.77,37.299999,37.68,317900,37.68
2015-09-04,37.32,37.459999,36.759998,36.880001,255400,36.880001
2015-09-03,37.889999,38.310001,37.700001,37.830002,397300,37.830002
2015-09-02,37.57,37.830002,37.00,37.82,436900,37.82
2015-09-01,37.02,37.41,36.720001,37.169998,663800,37.169998
2015-08-31,37.860001,38.259998,37.82,37.950001,449600,37.950001
2015-08-28,37.880001,38.279999,37.66,38.27,479100,38.27
2015-08-27,37.560001,38.099998,37.27,38.060001,494600,38.060001
2015-08-26,36.849998,37.380001,36.189999,37.25,603400,37.25
2015-08-25,36.66,36.900002,35.93,36.290001,869900,36.290001
2015-08-24,35.349998,36.990002,34.830002,35.73,916900,35.73
2015-08-21,37.580002,37.77,36.900002,37.189999,641700,37.189999
2015-08-20,38.110001,38.220001,37.66,37.919998,445800,37.919998
2015-08-19,38.639999,38.970001,38.34,38.459999,376100,38.459999
2015-08-18,39.02,39.23,38.790001,38.830002,295500,38.830002
2015-08-17,38.200001,39.110001,37.91,39.099998,811000,39.099998
2015-08-14,38.330002,38.41,38.00,38.380001,278300,38.380001
2015-08-13,37.77,38.509998,37.639999,38.369999,506100,38.369999
2015-08-12,37.700001,37.900002,37.119999,37.790001,458000,37.790001
2015-08-11,37.939999,38.220001,37.82,37.98,573000,37.98
2015-08-10,38.630001,38.720001,38.200001,38.41,624400,38.41
2015-08-07,38.16,38.459999,38.00,38.459999,632000,38.459999
2015-08-06,38.91,39.150002,38.00,38.200001,440200,38.200001
2015-08-05,39.400002,39.790001,38.950001,38.98,481900,38.98
2015-08-04,39.25,39.639999,39.080002,39.16,385600,39.16
2015-08-03,39.459999,39.540001,38.830002,39.220001,342800,39.220001
2015-07-31,39.619999,39.689999,39.279999,39.439999,471900,39.439999
2015-07-30,39.509998,39.830002,39.220001,39.59,423100,39.59
2015-07-29,38.73,39.52,38.549999,39.450001,708800,39.450001
2015-07-28,39.259998,39.490002,38.139999,38.799999,872500,38.799999
2015-07-27,40.23,40.23,39.009998,39.099998,804200,39.099998
2015-07-24,41.23,41.34,40.259998,40.41,953800,40.41
2015-07-23,41.099998,42.00,40.869999,41.049999,1431700,41.049999
2015-07-22,40.700001,41.259998,40.59,41.00,550200,41.00
2015-07-21,41.43,41.459999,40.790001,40.799999,568700,40.799999
2015-07-20,41.709999,41.970001,41.389999,41.439999,553700,41.439999
2015-07-17,42.209999,42.25,41.689999,41.75,459900,41.75
2015-07-16,42.09,42.310001,41.860001,42.18,714300,42.18
2015-07-15,41.75,42.169998,41.57,41.810001,533000,41.810001
2015-07-14,41.669998,41.860001,41.509998,41.75,294500,41.75
2015-07-13,41.349998,41.709999,41.349998,41.639999,481500,41.639999
2015-07-10,41.349998,41.529999,41.09,41.389999,582600,41.389999
2015-07-09,41.00,41.27,40.889999,40.939999,641500,40.939999
2015-07-08,40.189999,40.639999,40.110001,40.549999,1109000,40.549999
2015-07-07,40.400002,40.580002,39.84,40.509998,484000,40.509998
2015-07-06,40.009998,40.68,39.849998,40.419998,1242300,40.419998
2015-07-02,40.549999,40.619999,40.07,40.369999,523600,40.369999
2015-07-01,40.080002,40.459999,39.779999,40.369999,1071100,40.369999
2015-06-30,40.740002,40.740002,39.560001,39.689999,1174800,39.689999
2015-06-29,40.310001,40.450001,39.220001,39.27,1530800,39.27
2015-06-26,38.52,40.860001,38.349998,40.709999,3103900,40.709999
2015-06-25,38.299999,38.650002,38.18,38.369999,355500,38.369999
2015-06-24,38.349998,38.669998,38.279999,38.330002,544200,38.330002
2015-06-23,38.00,38.349998,37.889999,38.32,591300,38.32
2015-06-22,37.759998,38.110001,37.240002,37.970001,376500,37.970001
2015-06-19,37.599998,37.93,37.349998,37.50,1233300,37.50
2015-06-18,37.73,37.900002,37.540001,37.619999,830500,37.619999
2015-06-17,37.580002,38.080002,37.43,37.540001,901000,37.540001
2015-06-16,38.169998,38.52,38.139999,38.450001,529600,38.450001
2015-06-15,38.330002,38.41,37.970001,38.169998,367800,38.169998
2015-06-12,38.490002,38.77,38.240002,38.68,359300,38.68
2015-06-11,38.599998,38.82,38.240002,38.540001,892900,38.540001
2015-06-10,38.610001,38.810001,38.34,38.459999,850600,38.459999
2015-06-09,38.77,38.93,38.41,38.439999,660300,38.439999
2015-06-08,38.919998,39.099998,38.740002,38.830002,543400,38.830002
2015-06-05,38.779999,38.990002,38.439999,38.91,414300,38.91
2015-06-04,38.91,39.189999,38.73,38.77,602200,38.77
2015-06-03,39.200001,39.720001,38.98,39.029999,843200,39.029999
2015-06-02,39.02,39.299999,38.759998,39.150002,653500,39.150002
2015-06-01,39.02,39.189999,38.740002,39.02,630900,39.02
2015-05-29,39.189999,39.240002,38.869999,38.98,598200,38.98
2015-05-28,39.48,39.57,38.869999,39.150002,448000,39.150002
2015-05-27,39.439999,39.619999,39.02,39.540001,526800,39.540001
2015-05-26,39.459999,39.59,38.959999,39.279999,389100,39.279999
2015-05-22,39.700001,39.849998,39.34,39.610001,476600,39.610001
2015-05-21,39.919998,40.110001,39.700001,39.779999,370000,39.779999
2015-05-20,40.130001,40.32,39.869999,40.029999,1268300,40.029999
2015-05-19,40.41,40.43,39.959999,40.080002,802100,40.080002
2015-05-18,39.720001,40.509998,39.650002,40.290001,738900,40.290001
2015-05-15,39.52,39.810001,39.259998,39.799999,582400,39.799999
2015-05-14,38.549999,39.41,38.529999,39.400002,407800,39.400002
2015-05-13,38.080002,38.560001,37.990002,38.369999,657200,38.369999
2015-05-12,38.220001,38.52,37.91,38.029999,1318200,38.029999
2015-05-11,38.919998,39.16,38.540001,38.57,727600,38.57
2015-05-08,39.689999,39.880001,38.900002,38.98,634800,38.98
2015-05-07,38.450001,39.380001,38.360001,39.360001,1181700,39.360001
2015-05-06,38.990002,39.169998,38.259998,38.529999,1090100,38.529999
2015-05-05,39.189999,39.419998,38.560001,38.700001,1098400,38.700001
2015-05-04,39.18,39.57,38.830002,39.299999,482600,39.299999
2015-05-01,39.310001,39.689999,38.959999,39.029999,946000,39.029999
2015-04-30,40.169998,40.290001,38.919998,39.110001,1166700,39.110001
2015-04-29,39.619999,40.740002,39.560001,40.18,1150600,40.18
2015-04-28,39.25,39.919998,39.02,39.68,984300,39.68
2015-04-27,39.619999,40.119999,39.23,39.23,1105500,39.23
2015-04-24,39.560001,40.310001,38.41,39.450001,1057300,39.450001
2015-04-23,37.009998,39.459999,36.610001,39.220001,1234100,39.220001
2015-04-22,35.759998,35.759998,35.299999,35.610001,319100,35.610001
2015-04-21,35.619999,35.919998,35.509998,35.639999,267900,35.639999
2015-04-20,35.18,35.50,34.880001,35.450001,333700,35.450001
2015-04-17,35.080002,35.110001,34.450001,34.950001,383800,34.950001
2015-04-16,35.23,35.419998,35.060001,35.310001,216300,35.310001
2015-04-15,35.630001,35.77,35.32,35.389999,224000,35.389999
2015-04-14,35.650002,35.75,35.279999,35.59,179500,35.59
2015-04-13,35.669998,35.860001,35.470001,35.610001,149500,35.610001
