Date,Open,High,Low,Close,Volume,Adj Close
2015-10-16,20.940001,21.40,20.92,21.129999,1619300,21.129999
2015-10-15,20.75,20.93,20.620001,20.90,1029500,20.90
2015-10-14,20.690001,20.870001,20.67,20.719999,835000,20.719999
2015-10-13,20.65,20.860001,20.50,20.67,426400,20.67
2015-10-12,20.790001,20.92,20.67,20.76,459600,20.76
2015-10-09,20.68,20.790001,20.620001,20.76,703000,20.76
2015-10-08,20.33,20.719999,20.26,20.68,1594400,20.68
2015-10-07,20.059999,20.35,20.02,20.35,1074800,20.35
2015-10-06,19.83,20.110001,19.790001,19.99,891800,19.99
2015-10-05,19.299999,19.889999,19.280001,19.870001,728700,19.870001
2015-10-02,19.00,19.23,18.93,19.200001,1428600,19.200001
2015-10-01,18.790001,19.16,18.67,19.07,2106400,19.07
2015-09-30,19.200001,19.26,18.469999,18.879999,2091200,18.729999
2015-09-29,19.209999,19.299999,18.98,19.059999,1471200,18.908569
2015-09-28,19.50,19.57,19.01,19.139999,1430400,18.987933
2015-09-25,19.77,19.90,19.549999,19.57,772800,19.414517
2015-09-24,19.73,19.950001,19.469999,19.68,814200,19.523644
2015-09-23,19.780001,19.90,19.559999,19.77,877400,19.612929
2015-09-22,19.799999,19.940001,19.57,19.690001,886500,19.533565
2015-09-21,19.82,20.00,19.76,19.940001,1008300,19.781578
2015-09-18,19.74,20.07,19.68,19.76,2529700,19.603008
2015-09-17,19.889999,20.059999,19.709999,19.91,1316500,19.751816
2015-09-16,19.959999,20.09,19.73,19.879999,890700,19.722054
2015-09-15,19.690001,20.08,19.67,19.98,795300,19.82126
2015-09-14,19.700001,19.799999,19.540001,19.66,901900,19.503802
2015-09-11,19.110001,19.790001,19.110001,19.639999,1560800,19.483961
2015-09-10,18.74,19.32,18.42,19.08,1084300,18.92841
2015-09-09,18.870001,19.00,18.68,18.75,862700,18.601032
2015-09-08,18.48,18.879999,18.41,18.75,1035000,18.601032
2015-09-04,18.09,18.42,18.01,18.370001,1109900,18.224052
2015-09-03,18.360001,18.49,18.01,18.26,510100,18.114926
2015-09-02,18.41,18.50,18.040001,18.24,657400,18.095084
2015-09-01,18.450001,18.68,18.139999,18.24,666900,18.095084
2015-08-31,19.209999,19.209999,18.65,18.73,1186600,18.581191
2015-08-28,19.01,19.23,18.610001,19.219999,705400,19.067298
2015-08-27,18.73,19.09,18.51,18.98,1142400,18.829205
2015-08-26,18.84,18.870001,18.209999,18.57,1044100,18.422462
2015-08-25,19.42,19.469999,18.35,18.40,1195300,18.253813
2015-08-24,19.450001,19.540001,18.99,19.02,1332600,18.868888
2015-08-21,20.209999,20.42,20.049999,20.059999,893300,19.900624
2015-08-20,20.60,20.639999,20.35,20.52,890200,20.35697
2015-08-19,20.67,20.75,20.360001,20.66,741800,20.495857
2015-08-18,20.860001,20.950001,20.77,20.799999,849000,20.634744
2015-08-17,20.85,21.120001,20.719999,20.92,1645700,20.753792
2015-08-14,20.76,20.93,20.629999,20.85,634500,20.684348
2015-08-13,20.90,20.99,20.60,20.809999,514800,20.644665
2015-08-12,20.860001,20.99,20.73,20.959999,840200,20.793473
2015-08-11,20.73,21.049999,20.690001,20.99,577800,20.823235
2015-08-10,20.84,20.969999,20.700001,20.83,443900,20.664507
2015-08-07,20.690001,20.84,20.60,20.799999,575800,20.634744
2015-08-06,20.67,20.790001,20.530001,20.76,652100,20.595063
2015-08-05,20.799999,20.860001,20.549999,20.639999,431800,20.476016
2015-08-04,20.84,20.98,20.709999,20.76,882400,20.595063
2015-08-03,20.83,20.92,20.620001,20.84,785000,20.674428
2015-07-31,20.76,21.040001,20.690001,20.84,873900,20.674428
2015-07-30,20.790001,20.870001,20.610001,20.690001,866800,20.52562
2015-07-29,20.639999,20.91,20.459999,20.879999,1284000,20.714109
2015-07-28,20.49,20.75,20.40,20.67,1620300,20.505778
2015-07-27,20.25,20.629999,20.18,20.389999,1757100,20.228002
2015-07-24,20.129999,20.23,20.01,20.10,1162000,19.940307
2015-07-23,20.450001,20.719999,20.049999,20.16,1243200,19.99983
2015-07-22,19.280001,20.42,19.280001,20.27,3680300,20.108956
2015-07-21,19.299999,19.389999,19.16,19.209999,1198200,19.057377
2015-07-20,19.209999,19.33,19.040001,19.26,649400,19.106981
2015-07-17,19.25,19.360001,19.17,19.280001,655300,19.126822
2015-07-16,19.24,19.469999,19.209999,19.290001,1111200,19.136743
2015-07-15,19.08,19.26,18.950001,19.139999,1549100,18.987933
2015-07-14,19.18,19.25,19.059999,19.15,522300,18.997854
2015-07-13,19.08,19.35,19.030001,19.16,1343700,19.007775
2015-07-10,18.99,19.209999,18.889999,18.99,646900,18.839125
2015-07-09,18.950001,19.07,18.85,18.92,1292000,18.769682
2015-07-08,18.92,19.02,18.74,18.90,878100,18.74984
2015-07-07,18.93,19.18,18.639999,19.049999,861900,18.898648
2015-07-06,18.57,18.85,18.51,18.790001,720000,18.640715
2015-07-02,18.65,18.780001,18.43,18.59,601700,18.442304
2015-07-01,18.370001,18.57,18.23,18.52,667400,18.37286
2015-06-30,18.719999,19.07,18.360001,18.43,1004700,18.134767
2015-06-29,18.889999,19.08,18.59,18.60,783300,18.302044
2015-06-26,19.08,19.15,18.879999,18.92,1533700,18.616917
2015-06-25,19.120001,19.27,19.01,19.09,1415900,18.784194
2015-06-24,18.940001,19.18,18.879999,19.17,1510500,18.862913
2015-06-23,19.35,19.43,18.940001,18.940001,1747200,18.636598
2015-06-22,19.60,19.73,19.41,19.42,1015900,19.108908
2015-06-19,19.59,19.60,19.25,19.559999,3523300,19.246665
2015-06-18,18.84,19.360001,18.74,19.360001,1627100,19.04987
2015-06-17,18.58,18.84,18.469999,18.83,897800,18.528359
2015-06-16,18.440001,18.66,18.35,18.59,780800,18.292204
2015-06-15,18.459999,18.50,18.25,18.42,969800,18.124927
2015-06-12,18.129999,18.620001,18.059999,18.48,1549700,18.183965
2015-06-11,18.049999,18.16,17.93,18.16,1574800,17.869092
2015-06-10,17.559999,18.35,17.540001,17.969999,1398400,17.682135
2015-06-09,17.309999,17.67,17.219999,17.549999,1273200,17.268863
2015-06-08,17.26,17.469999,17.18,17.34,847900,17.062228
2015-06-05,17.16,17.42,17.00,17.309999,936900,17.032708
2015-06-04,17.33,17.41,17.15,17.370001,1255100,17.091748
2015-06-03,17.01,17.290001,16.92,17.280001,1130600,17.003189
2015-06-02,17.049999,17.120001,16.959999,17.02,290900,16.747354
2015-06-01,16.92,17.299999,16.889999,17.17,590300,16.894951
2015-05-29,17.110001,17.190001,16.85,16.90,951700,16.629276
2015-05-28,17.299999,17.299999,17.01,17.15,516900,16.875271
2015-05-27,17.110001,17.309999,17.01,17.290001,377800,17.01303
2015-05-26,17.15,17.16,16.98,17.09,395300,16.816233
2015-05-22,17.23,17.379999,17.10,17.18,358300,16.904791
2015-05-21,17.51,17.629999,17.23,17.290001,440900,17.01303
2015-05-20,17.610001,17.65,17.48,17.50,279600,17.219665
2015-05-19,17.77,17.780001,17.58,17.58,336800,17.298383
2015-05-18,17.83,17.889999,17.639999,17.84,453500,17.554218
2015-05-15,17.68,17.950001,17.559999,17.940001,500100,17.652617
2015-05-14,17.40,17.65,17.389999,17.65,620400,17.367261
2015-05-13,17.809999,17.93,17.360001,17.389999,482000,17.111426
2015-05-12,17.620001,17.76,17.360001,17.74,398900,17.45582
2015-05-11,18.02,18.190001,17.65,17.719999,325100,17.43614
2015-05-08,18.25,18.459999,18.120001,18.129999,500600,17.839572
2015-05-07,17.639999,18.07,17.60,18.030001,824800,17.741175
2015-05-06,17.51,17.610001,17.34,17.59,767200,17.308223
2015-05-05,17.92,18.030001,17.48,17.52,554600,17.239345
2015-05-04,18.01,18.120001,17.85,17.969999,517100,17.682135
2015-05-01,18.01,18.08,17.82,17.99,473400,17.701815
2015-04-30,18.07,18.15,17.83,17.950001,746600,17.662457
2015-04-29,18.389999,18.51,18.18,18.18,383200,17.888772
2015-04-28,18.59,18.620001,18.40,18.58,290200,18.282364
2015-04-27,18.74,18.93,18.469999,18.639999,457200,18.341402
2015-04-24,18.77,18.84,18.59,18.68,262100,18.380762
2015-04-23,18.389999,18.82,18.16,18.709999,439200,18.410281
2015-04-22,18.27,18.360001,18.200001,18.280001,586900,17.98717
2015-04-21,18.459999,18.65,18.219999,18.290001,634900,17.99701
2015-04-20,18.440001,18.59,18.26,18.35,748200,18.056049
