Date,Open,High,Low,Close,Volume,Adj Close
2015-10-09,61.41,61.889999,60.790001,61.139999,2103400,61.139999
2015-10-08,60.110001,61.650002,59.84,61.599998,2660800,61.599998
2015-10-07,59.810001,60.549999,59.610001,60.209999,2923600,60.209999
2015-10-06,59.720001,60.360001,59.209999,59.529999,4212900,59.529999
2015-10-05,59.59,60.189999,59.290001,60.119999,2214800,60.119999
2015-10-02,57.200001,59.189999,56.880001,59.18,4013700,58.929999
2015-10-01,57.57,58.00,57.00,57.720001,3043300,57.476168
2015-09-30,56.00,57.369999,55.959999,57.240002,2972800,56.998196
2015-09-29,55.50,56.150002,55.209999,55.580002,2949500,55.345209
2015-09-28,57.290001,57.290001,55.240002,55.310001,3746200,55.076349
2015-09-25,57.740002,57.889999,56.639999,57.02,3145400,56.779124
2015-09-24,57.43,57.639999,56.48,57.150002,3192700,56.908576
2015-09-23,58.029999,58.16,57.490002,57.799999,1955900,57.555828
2015-09-22,57.389999,58.130001,57.16,58.029999,2857300,57.784856
2015-09-21,57.75,58.540001,57.43,58.279999,6267800,58.0338
2015-09-18,57.950001,58.82,57.110001,57.220001,59574900,56.97828
2015-09-17,57.98,59.50,57.950001,58.799999,5740600,58.551603
2015-09-16,57.650002,58.23,57.209999,57.84,6201000,57.59566
2015-09-15,57.200001,57.77,56.610001,57.59,3111700,57.346716
2015-09-14,57.16,57.360001,56.57,57.02,2421700,56.779124
2015-09-11,57.34,57.529999,56.830002,57.150002,2645900,56.908576
2015-09-10,57.450001,57.77,56.950001,57.330002,4736500,57.087816
2015-09-09,58.59,58.889999,57.369999,57.470001,3848100,57.227224
2015-09-08,57.759998,58.09,57.43,57.959999,4280700,57.715152
2015-09-04,56.470001,57.029999,56.23,56.779999,4825300,56.540136
2015-09-03,57.380001,58.41,57.150002,57.369999,4863500,57.127644
2015-09-02,57.259998,57.389999,56.369999,57.080002,4227500,56.838872
2015-09-01,56.02,57.23,55.799999,56.25,4905900,56.012376
2015-08-31,57.57,57.759998,56.939999,57.240002,4586300,56.998196
2015-08-28,56.950001,57.689999,56.950001,57.619999,4093800,57.376588
2015-08-27,56.369999,57.610001,56.049999,57.369999,5715900,57.127644
2015-08-26,55.779999,56.240002,54.669998,55.720001,8249800,55.484617
2015-08-25,56.150002,56.720001,54.540001,54.540001,5866700,54.309601
2015-08-24,54.18,56.68,51.259998,55.27,7703600,55.036517
2015-08-21,58.599998,58.810001,57.34,57.639999,7351800,57.396504
2015-08-20,59.630001,59.939999,58.619999,59.119999,4635700,58.870251
2015-08-19,60.279999,61.049999,60.200001,60.459999,5100800,60.204591
2015-08-18,60.860001,61.02,60.099998,60.110001,3564000,59.856071
2015-08-17,59.540001,60.889999,59.34,60.790001,4625800,60.533198
2015-08-14,59.73,59.990002,59.00,59.630001,4367600,59.378099
2015-08-13,59.66,60.490002,59.48,60.00,4087300,59.746535
2015-08-12,58.75,59.919998,58.509998,59.779999,4671900,59.527463
2015-08-11,58.98,59.439999,58.57,59.169998,8317900,58.920039
2015-08-10,59.400002,59.810001,59.240002,59.450001,2608200,59.198859
2015-08-07,58.900002,59.549999,58.349998,58.900002,3437800,58.651183
2015-08-06,59.830002,60.130001,57.139999,58.830002,7111800,58.581479
2015-08-05,62.669998,62.849998,59.560001,59.689999,5500400,59.437843
2015-08-04,62.830002,63.25,62.43,62.599998,2259600,62.33555
2015-08-03,62.450001,63.150002,62.450001,63.09,2350100,62.823482
2015-07-31,62.50,62.810001,62.18,62.34,2223000,62.07665
2015-07-30,62.150002,62.470001,61.849998,62.169998,2376900,61.907366
2015-07-29,62.00,62.450001,61.790001,62.299999,2201000,62.036818
2015-07-28,61.220001,62.209999,60.939999,62.150002,2157900,61.887454
2015-07-27,61.919998,62.110001,60.669998,60.93,2968100,60.672606
2015-07-24,62.599998,62.689999,61.799999,62.040001,2708500,61.777918
2015-07-23,64.540001,64.540001,62.040001,62.25,3572000,61.98703
2015-07-22,64.220001,64.699997,63.889999,64.309998,2206300,64.038325
2015-07-21,63.790001,64.07,63.57,63.950001,1881200,63.679849
2015-07-20,63.950001,64.120003,63.720001,63.970001,1952300,63.699765
2015-07-17,63.919998,64.019997,63.32,63.950001,2701700,63.679849
2015-07-16,63.75,64.220001,63.66,63.98,1543900,63.709721
2015-07-15,63.00,63.450001,62.84,63.349998,2912200,63.082381
2015-07-14,63.41,63.41,62.689999,63.00,2685500,62.733862
2015-07-13,63.560001,64.029999,63.41,63.41,2488900,63.142129
2015-07-10,62.099998,63.200001,62.099998,62.950001,1919100,62.684074
2015-07-09,62.00,62.50,61.709999,61.790001,2312200,61.528974
2015-07-08,62.040001,62.580002,61.450001,61.490002,2962600,61.230242
2015-07-07,61.889999,62.50,61.110001,62.299999,3114700,62.036818
2015-07-06,61.630001,62.34,61.52,61.900002,3270000,61.63851
2015-07-02,61.990002,63.27,61.830002,62.029999,2006300,61.767958
2015-07-01,60.25,62.09,60.200001,62.029999,3182800,61.767958
2015-06-30,60.169998,60.169998,59.43,59.939999,2591700,59.686787
2015-06-29,60.540001,60.790001,59.630001,59.73,2581500,59.477675
2015-06-26,60.73,61.380001,60.509998,61.139999,20032600,60.632774
2015-06-25,60.400002,61.049999,60.169998,60.529999,2267900,60.027834
2015-06-24,60.50,60.689999,60.049999,60.099998,1825600,59.601401
2015-06-23,60.580002,60.73,60.16,60.509998,1480700,60.007999
2015-06-22,60.310001,60.900002,60.290001,60.650002,1955300,60.146841
2015-06-19,59.959999,60.50,59.650002,60.439999,4828300,59.93858
2015-06-18,59.41,60.380001,59.380001,60.00,2911500,59.502232
2015-06-17,58.799999,59.16,58.389999,59.139999,2314000,58.649366
2015-06-16,58.02,58.549999,57.599998,58.41,3029200,57.925423
2015-06-15,57.560001,58.200001,57.07,58.009998,2665500,57.52874
2015-06-12,58.029999,58.099998,57.549999,57.82,2265500,57.340317
2015-06-11,57.830002,58.279999,57.66,58.27,5930400,57.786585
2015-06-10,57.779999,58.110001,57.610001,57.759998,4084600,57.280814
2015-06-09,57.470001,57.82,56.849998,57.610001,2421800,57.13206
2015-06-08,58.360001,58.509998,57.470001,57.619999,2560300,57.141976
2015-06-05,58.50,58.610001,57.84,58.360001,2340800,57.875838
2015-06-04,58.630001,59.330002,58.509998,58.709999,5424500,58.222933
2015-06-03,58.849998,59.189999,58.68,59.040001,2653300,58.550197
2015-06-02,58.060001,58.849998,57.98,58.57,3540300,58.084095
2015-06-01,58.25,58.490002,57.950001,58.43,2421500,57.945257
2015-05-29,58.48,58.740002,57.830002,58.00,3291400,57.518824
2015-05-28,58.66,58.799999,58.200001,58.560001,3657400,58.07418
2015-05-27,58.299999,59.09,58.040001,58.849998,2356700,58.361771
2015-05-26,57.650002,58.880001,57.509998,58.169998,4368300,57.687412
2015-05-22,57.150002,57.900002,57.029999,57.630001,4617300,57.151895
2015-05-21,56.970001,57.73,56.970001,57.209999,6353300,56.735377
2015-05-20,57.18,57.669998,56.919998,57.139999,4948400,56.665958
2015-05-19,56.549999,57.009998,56.470001,56.82,3119900,56.348613
2015-05-18,56.18,56.799999,56.18,56.560001,3843700,56.090772
2015-05-15,56.389999,56.50,56.049999,56.380001,3581300,55.912265
2015-05-14,56.169998,56.669998,55.919998,56.07,5814100,55.604836
2015-05-13,57.16,57.369999,55.939999,55.950001,5825400,55.485832
2015-05-12,57.34,57.529999,57.080002,57.110001,4266800,56.636209
2015-05-11,58.52,58.630001,57.57,57.610001,2647500,57.13206
2015-05-08,58.310001,58.580002,58.00,58.220001,3574200,57.737
2015-05-07,57.529999,58.080002,57.200001,57.799999,3155800,57.320483
2015-05-06,57.84,58.130001,57.18,57.509998,4428300,57.032888
2015-05-05,58.48,58.82,57.740002,57.799999,3493300,57.320483
2015-05-04,59.650002,59.799999,58.439999,58.59,3192100,58.10393
2015-05-01,57.639999,58.23,57.169998,58.150002,4178200,57.667581
2015-04-30,58.279999,58.720001,57.099998,57.59,5030800,57.112226
2015-04-29,58.549999,58.869999,58.080002,58.200001,3448400,57.717166
2015-04-28,58.50,58.91,58.110001,58.849998,6496100,58.361771
2015-04-27,59.490002,59.830002,58.34,58.57,4694000,58.084095
2015-04-24,59.389999,59.450001,58.389999,59.200001,4838400,58.70887
2015-04-23,57.990002,60.240002,57.990002,58.689999,9676700,58.203099
2015-04-22,58.490002,58.639999,58.080002,58.349998,2681600,57.865919
2015-04-21,58.259998,59.119999,57.91,58.439999,3687600,57.955173
2015-04-20,57.889999,58.369999,57.599998,58.029999,4937400,57.548574
2015-04-17,58.860001,58.880001,56.889999,57.73,8320500,57.251064
2015-04-16,59.220001,59.669998,59.209999,59.279999,2232500,58.788204
2015-04-15,58.689999,59.889999,58.689999,59.50,2479100,59.00638
2015-04-14,58.509998,58.970001,58.34,58.59,2380700,58.10393
2015-04-13,59.380001,59.529999,58.490002,58.549999,2267900,58.064261
