Date,Open,High,Low,Close,Volume,Adj Close
2015-10-16,109.260002,109.519997,107.410004,108.709999,2793800,108.709999
2015-10-15,109.769997,109.970001,107.510002,109.160004,2574300,109.160004
2015-10-14,110.080002,110.290001,108.620003,109.370003,1725400,109.370003
2015-10-13,111.099998,112.07,109.949997,109.980003,1763900,109.980003
2015-10-12,113.32,113.709999,111.790001,111.980003,1534400,111.980003
2015-10-09,114.489998,115.370003,112.879997,113.089996,1736600,113.089996
2015-10-08,112.589996,114.860001,112.040001,114.269997,1425100,114.269997
2015-10-07,112.730003,114.599998,111.07,112.529999,1753400,112.529999
2015-10-06,110.940002,113.230003,110.529999,112.169998,1594500,112.169998
2015-10-05,108.760002,111.989998,108.160004,111.760002,2131300,111.760002
2015-10-02,104.220001,108.540001,103.029999,107.959999,3300300,107.959999
2015-10-01,108.50,109.139999,104.760002,105.400002,2455600,105.400002
2015-09-30,109.019997,109.379997,106.699997,108.580002,2368400,108.580002
2015-09-29,106.949997,109.839996,106.839996,108.099998,2199000,108.099998
2015-09-28,108.970001,109.360001,106.709999,106.839996,2336500,106.839996
2015-09-25,111.099998,111.650002,109.879997,110.519997,2483800,110.519997
2015-09-24,109.889999,111.940002,108.269997,111.169998,2547900,111.169998
2015-09-23,113.300003,113.760002,111.779999,112.220001,1789400,112.220001
2015-09-22,112.330002,113.379997,110.860001,113.269997,2905100,113.269997
2015-09-21,116.00,116.050003,114.32,114.82,2499600,114.82
2015-09-18,118.580002,118.589996,115.160004,115.239998,3190500,115.239998
2015-09-17,121.949997,122.25,119.760002,120.169998,1986500,120.169998
2015-09-16,121.720001,123.059998,121.040001,122.839996,1401000,122.839996
2015-09-15,119.50,121.959999,118.790001,121.730003,1072900,121.730003
2015-09-14,119.949997,120.019997,118.690002,119.019997,876500,119.019997
2015-09-11,118.980003,120.50,118.470001,120.489998,1399700,120.489998
2015-09-10,118.699997,120.07,118.349998,119.019997,1032100,119.019997
2015-09-09,121.00,121.410004,118.720001,118.989998,1280000,118.989998
2015-09-08,119.870003,120.00,119.269997,119.82,1401000,119.82
2015-09-04,117.629997,119.059998,117.489998,118.00,1162400,118.00
2015-09-03,121.300003,121.330002,119.610001,120.029999,1453600,120.029999
2015-09-02,121.50,121.949997,119.00,120.900002,1326400,120.900002
2015-09-01,119.139999,121.43,118.900002,120.309998,3146400,120.309998
2015-08-31,122.769997,122.919998,121.029999,121.75,1386100,121.75
2015-08-28,122.040001,123.510002,121.410004,122.269997,1323600,122.269997
2015-08-27,119.839996,123.669998,119.730003,122.599998,2401000,122.599998
2015-08-26,117.230003,118.779999,114.879997,118.730003,2706200,118.730003
2015-08-25,119.620003,120.580002,114.760002,114.870003,2391000,114.870003
2015-08-24,113.010002,120.32,112.00,116.839996,3052700,116.839996
2015-08-21,123.519997,123.540001,119.730003,119.75,2733900,119.75
2015-08-20,126.660004,127.019997,124.040001,124.080002,1893700,124.080002
2015-08-19,126.68,128.589996,125.550003,127.440002,2466900,127.440002
2015-08-18,128.039993,128.550003,127.709999,128.039993,934200,127.064995
2015-08-17,127.519997,129.169998,126.669998,128.610001,898700,127.630662
2015-08-14,127.940002,128.830002,127.720001,128.050003,1003100,127.074929
2015-08-13,128.589996,128.970001,127.410004,128.389999,1206500,127.412336
2015-08-12,126.989998,129.419998,125.93,129.059998,2129900,128.077233
2015-08-11,129.300003,129.520004,127.239998,127.980003,1535500,127.005462
2015-08-10,128.25,131.080002,127.720001,130.929993,1682400,129.932988
2015-08-07,126.949997,127.730003,126.599998,126.879997,901100,125.913833
2015-08-06,127.860001,128.289993,126.669998,127.18,1092200,126.211551
2015-08-05,127.57,129.00,127.540001,127.839996,1315400,126.866521
2015-08-04,127.50,127.989998,125.589996,126.00,2113400,125.040536
2015-08-03,129.419998,129.970001,128.039993,128.610001,1848400,127.630662
2015-07-31,130.350006,130.470001,129.190002,129.529999,1351800,128.543655
2015-07-30,129.970001,130.149994,128.059998,129.800003,1922000,128.811603
2015-07-29,127.949997,130.470001,127.800003,130.270004,2005300,129.278025
2015-07-28,129.240005,129.460007,127.010002,128.00,3073200,127.025307
2015-07-27,123.779999,125.18,123.139999,123.779999,3261100,122.83744
2015-07-24,126.68,126.889999,123.559998,124.370003,2381200,123.422951
2015-07-23,126.510002,127.839996,126.50,126.970001,1343500,126.003151
2015-07-22,128.509995,128.919998,126.839996,127.230003,1395900,126.261173
2015-07-21,128.50,130.179993,128.080002,128.619995,1111000,127.640581
2015-07-20,128.190002,129.559998,128.139999,128.970001,1575700,127.987922
2015-07-17,130.00,130.100006,126.790001,128.190002,1508600,127.213862
2015-07-16,131.00,131.279999,130.110001,130.389999,1025100,129.397107
2015-07-15,130.479996,130.910004,129.580002,129.910004,1561500,128.920766
2015-07-14,130.169998,130.899994,129.520004,129.869995,921600,128.881062
2015-07-13,129.50,130.419998,128.830002,130.190002,944100,129.198633
2015-07-10,128.949997,129.350006,127.800003,128.740005,974400,127.759677
2015-07-09,130.570007,131.440002,127.559998,127.769997,2232700,126.797055
2015-07-08,130.309998,130.550003,128.619995,129.059998,1708100,128.077233
2015-07-07,130.800003,131.610001,129.600006,131.490005,1442800,130.488737
2015-07-06,130.00,131.649994,129.809998,130.830002,1174400,129.833759
2015-07-02,131.850006,132.00,130.279999,131.360001,968600,130.359722
2015-07-01,132.339996,132.619995,130.50,131.089996,1203800,130.091773
2015-06-30,132.339996,132.779999,131.039993,131.190002,1424300,130.191018
2015-06-29,132.720001,132.960007,130.770004,131.139999,1480900,130.141396
2015-06-26,134.289993,134.589996,133.360001,133.539993,1663400,132.523114
2015-06-25,135.699997,136.139999,134.089996,134.089996,1340200,133.068929
2015-06-24,135.389999,136.979996,134.990005,135.179993,1581800,134.150625
2015-06-23,135.800003,136.00,135.289993,135.660004,1488900,134.626981
2015-06-22,136.800003,136.889999,135.110001,135.699997,987100,134.66667
2015-06-19,136.350006,136.960007,135.800003,136.139999,1341300,135.103322
2015-06-18,136.539993,137.419998,136.020004,136.460007,1181700,135.420892
2015-06-17,135.479996,136.179993,134.869995,135.779999,1005800,134.746062
2015-06-16,135.509995,135.919998,135.160004,135.419998,859500,134.388803
2015-06-15,136.020004,136.570007,135.179993,135.850006,1058500,134.815537
2015-06-12,137.410004,137.850006,136.740005,137.119995,684600,136.075855
2015-06-11,137.070007,137.990005,136.850006,137.850006,992900,136.800307
2015-06-10,136.779999,137.710007,135.880005,137.160004,955800,136.115559
2015-06-09,135.580002,136.580002,135.330002,135.910004,1040800,134.875077
2015-06-08,135.869995,136.25,135.410004,135.470001,1293700,134.438425
2015-06-05,136.149994,136.820007,135.550003,136.190002,1555400,135.152944
2015-06-04,134.580002,136.169998,134.089996,136.169998,2737300,135.133092
2015-06-03,136.350006,136.470001,134.75,135.570007,1425900,134.53767
2015-06-02,135.009995,136.850006,134.970001,135.759995,1370300,134.72621
2015-06-01,136.139999,136.229996,134.630005,135.220001,1418800,134.190329
2015-05-29,138.979996,139.00,135.490005,135.550003,2226900,134.517818
2015-05-28,140.00,140.289993,138.740005,139.25,1163500,138.18964
2015-05-27,141.00,141.619995,140.350006,140.479996,1446900,139.41027
2015-05-26,141.470001,141.940002,139.649994,140.419998,1495300,139.350729
2015-05-22,141.740005,142.460007,141.300003,141.880005,811200,140.799618
2015-05-21,141.00,142.389999,140.800003,141.929993,846700,140.849225
2015-05-20,140.649994,141.440002,140.229996,140.970001,826800,139.896544
2015-05-19,142.25,142.350006,139.600006,140.550003,1404000,139.479744
2015-05-18,142.860001,143.320007,142.089996,143.210007,908900,141.345433
2015-05-15,143.139999,143.210007,141.479996,142.770004,1088800,140.911159
2015-05-14,142.990005,143.399994,142.399994,143.220001,1054700,141.355297
2015-05-13,141.860001,142.860001,141.630005,142.309998,1250400,140.457141
2015-05-12,141.309998,142.100006,140.619995,141.229996,1108100,139.391201
2015-05-11,140.75,142.279999,140.470001,141.759995,1187900,139.914299
2015-05-08,140.910004,141.50,140.149994,140.660004,1302000,138.82863
2015-05-07,138.919998,140.25,138.389999,139.910004,1047400,138.088395
2015-05-06,140.009995,140.380005,138.720001,139.320007,1616400,137.50608
2015-05-05,140.830002,141.839996,139.220001,139.270004,2341900,137.456728
2015-05-04,141.059998,142.270004,140.759995,141.089996,1950200,139.253024
2015-05-01,139.320007,141.690002,139.00,141.130005,2364400,139.292512
2015-04-30,137.570007,138.929993,136.649994,138.259995,1838000,136.459869
2015-04-29,136.779999,138.619995,135.850006,138.029999,1837200,136.232868
2015-04-28,136.509995,137.50,135.119995,137.25,2977700,135.463024
2015-04-27,136.770004,139.380005,136.770004,139.25,2156600,137.436985
2015-04-24,136.399994,137.00,135.210007,136.50,1612100,134.722789
2015-04-23,137.119995,137.779999,135.589996,136.449997,1461000,134.673437
2015-04-22,136.460007,137.179993,135.169998,136.929993,1152000,135.147183
2015-04-21,135.850006,136.570007,134.699997,136.029999,1210200,134.258907
2015-04-20,134.770004,136.00,134.669998,135.149994,1653700,133.39036
