Date,Open,High,Low,Close,Volume,Adj Close
2015-10-09,53.400002,53.50,53.27,53.360001,240900,53.360001
2015-10-08,53.310001,53.41,53.09,53.360001,266400,53.360001
2015-10-07,53.360001,53.50,53.189999,53.360001,231500,53.360001
2015-10-06,53.599998,53.610001,53.16,53.310001,380600,53.310001
2015-10-05,52.450001,53.75,52.450001,53.740002,268700,53.740002
2015-10-02,52.580002,53.639999,52.580002,53.529999,250300,53.529999
2015-10-01,53.240002,53.380001,52.68,53.130001,315600,53.130001
2015-09-30,53.200001,53.459999,53.200001,53.240002,370000,53.240002
2015-09-29,53.029999,53.450001,53.029999,53.259998,197500,53.259998
2015-09-28,53.130001,53.52,53.119999,53.220001,262000,53.220001
2015-09-25,53.43,53.490002,53.09,53.09,442600,53.09
2015-09-24,53.389999,53.50,53.360001,53.380001,422600,53.380001
2015-09-23,53.52,53.599998,53.380001,53.400002,487600,53.400002
2015-09-22,53.490002,53.720001,53.439999,53.509998,342500,53.509998
2015-09-21,53.560001,53.790001,53.560001,53.619999,198800,53.619999
2015-09-18,53.34,53.779999,53.32,53.439999,598100,53.439999
2015-09-17,53.610001,53.799999,53.419998,53.50,637400,53.50
2015-09-16,53.41,53.779999,53.380001,53.68,215800,53.68
2015-09-15,53.41,53.52,53.34,53.419998,248500,53.419998
2015-09-14,53.509998,53.549999,53.34,53.439999,212800,53.439999
2015-09-11,53.23,53.580002,53.110001,53.490002,142200,53.490002
2015-09-10,53.529999,53.790001,53.209999,53.259998,356600,53.259998
2015-09-09,53.669998,53.669998,53.450001,53.580002,266100,53.580002
2015-09-08,53.669998,53.75,53.470001,53.599998,256000,53.599998
2015-09-04,53.32,53.549999,53.25,53.389999,189000,53.389999
2015-09-03,53.599998,53.790001,53.540001,53.630001,170200,53.630001
2015-09-02,53.549999,53.73,53.34,53.669998,336200,53.669998
2015-09-01,53.049999,53.560001,53.02,53.32,324900,53.32
2015-08-31,53.509998,53.75,53.119999,53.580002,318700,53.580002
2015-08-28,53.529999,53.709999,53.34,53.59,315700,53.59
2015-08-27,53.34,53.779999,53.220001,53.639999,389300,53.639999
2015-08-26,53.650002,53.669998,53.07,53.330002,527400,53.330002
2015-08-25,53.98,54.09,53.16,53.200001,671200,53.200001
2015-08-24,53.84,54.00,53.580002,53.580002,562600,53.580002
2015-08-21,53.84,54.380001,53.68,54.130001,400100,54.130001
2015-08-20,54.290001,54.43,54.119999,54.25,436500,54.25
2015-08-19,54.419998,54.540001,54.290001,54.389999,205300,54.389999
2015-08-18,54.439999,54.630001,54.439999,54.459999,152600,54.459999
2015-08-17,54.540001,54.759998,54.419998,54.540001,362300,54.540001
2015-08-14,54.240002,54.57,54.23,54.57,247000,54.57
2015-08-13,54.220001,54.490002,54.169998,54.310001,149400,54.310001
2015-08-12,54.25,54.439999,54.169998,54.209999,202000,54.209999
2015-08-11,54.299999,54.580002,54.209999,54.220001,142900,54.220001
2015-08-10,54.25,54.529999,54.240002,54.400002,256800,54.400002
2015-08-07,54.049999,54.48,54.00,54.32,458400,54.32
2015-08-06,54.099998,54.400002,54.060001,54.150002,297800,54.150002
2015-08-05,54.169998,54.32,53.939999,54.119999,327300,54.119999
2015-08-04,54.509998,54.52,54.290001,54.330002,622600,53.930001
2015-08-03,54.43,54.59,54.279999,54.439999,257700,54.039188
2015-07-31,54.470001,54.470001,54.240002,54.43,1202700,54.029263
2015-07-30,54.25,54.419998,54.189999,54.369999,189200,53.969704
2015-07-29,54.259998,54.59,54.240002,54.32,277800,53.920073
2015-07-28,54.150002,54.439999,53.91,54.360001,260200,53.959779
2015-07-27,53.669998,54.150002,53.669998,54.139999,186400,53.741398
2015-07-24,53.889999,53.950001,53.619999,53.669998,376000,53.274857
2015-07-23,54.130001,54.290001,53.799999,53.91,397500,53.513091
2015-07-22,54.259998,54.639999,54.110001,54.150002,245400,53.751326
2015-07-21,54.310001,54.389999,54.200001,54.27,203100,53.870442
2015-07-20,54.380001,54.52,54.099998,54.25,254000,53.850588
2015-07-17,54.299999,54.439999,54.099998,54.389999,208900,53.989557
2015-07-16,54.080002,54.369999,54.07,54.240002,256300,53.840664
2015-07-15,54.119999,54.34,53.959999,54.00,199200,53.602429
2015-07-14,54.209999,54.299999,54.09,54.110001,157200,53.71162
2015-07-13,53.970001,54.299999,53.959999,54.290001,250500,53.890295
2015-07-10,54.080002,54.209999,53.880001,53.93,229000,53.532945
2015-07-09,54.169998,54.209999,53.990002,54.029999,211900,53.632207
2015-07-08,53.869999,54.200001,53.869999,54.119999,336700,53.721544
2015-07-07,54.139999,54.18,53.939999,53.959999,330800,53.562723
2015-07-06,53.860001,54.07,53.740002,54.009998,300100,53.612354
2015-07-02,53.84,54.029999,53.709999,53.939999,171400,53.542869
2015-07-01,53.82,53.900002,53.509998,53.73,293600,53.334416
2015-06-30,53.869999,54.049999,53.59,53.849998,454100,53.453532
2015-06-29,54.220001,54.25,53.689999,53.720001,554700,53.324492
2015-06-26,54.349998,54.349998,54.060001,54.150002,578400,53.751326
2015-06-25,54.360001,54.459999,54.119999,54.34,223000,53.939926
2015-06-24,54.330002,54.43,54.169998,54.279999,311600,53.880366
2015-06-23,54.279999,54.529999,54.220001,54.380001,114300,53.979632
2015-06-22,54.310001,54.419998,54.200001,54.380001,137100,53.979632
2015-06-19,54.540001,54.549999,54.25,54.259998,382400,53.860513
2015-06-18,54.360001,54.639999,54.290001,54.470001,278800,54.06897
2015-06-17,54.34,54.48,54.110001,54.310001,267000,53.910148
2015-06-16,54.060001,54.299999,54.00,54.25,178300,53.850588
2015-06-15,54.009998,54.200001,53.799999,54.130001,285900,53.731473
2015-06-12,54.220001,54.220001,54.00,54.099998,230900,53.701691
2015-06-11,54.00,54.259998,53.939999,54.25,183800,53.850588
2015-06-10,53.900002,54.169998,53.900002,53.959999,222200,53.562723
2015-06-09,53.93,54.009998,53.860001,53.91,224900,53.513091
2015-06-08,53.98,54.110001,53.849998,53.91,220100,53.513091
2015-06-05,53.939999,54.200001,53.849998,54.049999,328200,53.65206
2015-06-04,54.209999,54.290001,54.009998,54.060001,293200,53.661989
2015-06-03,54.259998,54.43,54.16,54.25,308400,53.850588
2015-06-02,54.259998,54.400002,54.110001,54.299999,342200,53.90022
2015-06-01,54.310001,54.459999,54.220001,54.27,358700,53.870442
2015-05-29,54.470001,54.66,54.189999,54.25,691800,53.850588
2015-05-28,54.439999,54.650002,54.380001,54.580002,101800,54.178161
2015-05-27,54.290001,54.650002,54.290001,54.560001,137900,54.158307
2015-05-26,54.360001,54.389999,54.200001,54.290001,319300,53.890295
2015-05-22,54.419998,54.529999,54.32,54.450001,141600,54.049117
2015-05-21,54.330002,54.689999,54.27,54.549999,251200,54.148379
2015-05-20,54.419998,54.529999,54.220001,54.439999,1081000,54.039188
2015-05-19,54.43,54.599998,54.27,54.490002,157400,54.088823
2015-05-18,53.93,54.66,53.900002,54.610001,360700,54.207939
2015-05-15,53.98,53.98,53.849998,53.959999,312500,53.562723
2015-05-14,53.75,54.02,53.75,53.990002,194200,53.592504
2015-05-13,53.810001,53.959999,53.709999,53.73,136600,53.334416
2015-05-12,53.740002,53.93,53.650002,53.790001,362900,53.393976
2015-05-11,53.73,54.02,53.689999,53.700001,211000,53.304639
2015-05-08,54.00,54.110001,53.689999,53.720001,289600,53.324492
2015-05-07,53.880001,54.139999,53.84,53.84,199400,53.443607
2015-05-06,53.830002,54.02,53.720001,53.939999,300300,53.542869
2015-05-05,53.900002,53.98,53.73,53.830002,447400,53.433682
2015-05-04,54.009998,54.209999,53.799999,54.00,220600,53.602429
2015-05-01,54.34,54.470001,54.119999,54.290001,349900,53.493239
2015-04-30,54.470001,54.529999,54.25,54.349998,406700,53.552356
2015-04-29,54.41,54.650002,54.41,54.52,221200,53.719863
2015-04-28,54.380001,54.709999,54.34,54.549999,189100,53.749422
2015-04-27,54.540001,54.639999,54.310001,54.389999,378900,53.59177
2015-04-24,54.529999,54.66,54.400002,54.509998,195300,53.710008
2015-04-23,54.389999,54.689999,54.330002,54.580002,146200,53.778984
2015-04-22,54.330002,54.529999,54.279999,54.419998,244600,53.621328
2015-04-21,54.610001,54.68,54.23,54.310001,157300,53.512946
2015-04-20,54.419998,54.619999,54.419998,54.59,247100,53.788835
2015-04-17,54.389999,54.540001,54.32,54.369999,281500,53.572063
2015-04-16,54.41,54.580002,54.32,54.419998,173600,53.621328
2015-04-15,54.450001,54.709999,54.450001,54.52,277600,53.719863
2015-04-14,54.360001,54.599998,54.360001,54.439999,185900,53.641035
2015-04-13,54.400002,54.439999,54.279999,54.360001,137300,53.562211
