Date,Open,High,Low,Close,Volume,Adj Close
2015-10-09,47.50,47.549999,47.490002,47.52,1718900,47.52
2015-10-08,47.459999,47.549999,47.459999,47.50,1950700,47.50
2015-10-07,47.43,47.529999,47.43,47.470001,3552100,47.470001
2015-10-06,47.459999,47.48,47.360001,47.419998,1722200,47.419998
2015-10-05,47.419998,47.509998,47.400002,47.470001,2124000,47.470001
2015-10-02,47.43,47.50,47.279999,47.369999,2337000,47.369999
2015-10-01,47.470001,47.580002,47.349998,47.48,1152400,47.48
2015-09-30,47.330002,47.560001,47.16,47.450001,1739600,47.450001
2015-09-29,46.939999,47.32,46.799999,47.150002,2031400,47.150002
2015-09-28,47.200001,47.349998,46.790001,46.790001,4575600,46.790001
2015-09-25,47.439999,47.52,47.130001,47.130001,3586500,47.130001
2015-09-24,47.470001,47.509998,47.349998,47.360001,5419500,47.360001
2015-09-23,47.580002,47.650002,47.459999,47.48,2296800,47.48
2015-09-22,47.450001,47.599998,47.41,47.490002,1582300,47.490002
2015-09-21,47.689999,47.720001,47.50,47.52,1276100,47.52
2015-09-18,47.540001,47.75,47.52,47.59,1887500,47.59
2015-09-17,47.540001,47.950001,47.52,47.630001,2799400,47.630001
2015-09-16,47.470001,47.619999,47.450001,47.50,3502500,47.50
2015-09-15,47.439999,47.48,47.400002,47.439999,2362800,47.439999
2015-09-14,47.540001,47.549999,47.380001,47.400002,3110200,47.400002
2015-09-11,47.52,47.57,47.389999,47.439999,4287900,47.439999
2015-09-10,47.310001,47.689999,47.27,47.540001,37130500,47.540001
2015-09-09,36.34,36.41,35.41,35.529999,660700,35.529999
2015-09-08,35.869999,36.419998,35.700001,36.18,632000,36.18
2015-09-04,34.759998,35.560001,34.650002,35.23,751700,35.23
2015-09-03,34.860001,35.580002,34.799999,35.16,566600,35.16
2015-09-02,34.400002,34.799999,34.130001,34.790001,622800,34.790001
2015-09-01,34.540001,34.84,33.790001,33.939999,769500,33.939999
2015-08-31,35.040001,35.650002,34.880001,35.200001,668300,35.200001
2015-08-28,34.98,35.709999,34.91,35.220001,480400,35.220001
2015-08-27,35.02,35.490002,34.439999,35.130001,749100,35.130001
2015-08-26,34.310001,34.860001,33.610001,34.720001,608900,34.720001
2015-08-25,35.310001,35.310001,33.509998,33.540001,1004100,33.540001
2015-08-24,33.18,35.75,33.060001,34.32,1393900,34.32
2015-08-21,34.68,35.439999,34.529999,35.009998,1324600,35.009998
2015-08-20,36.400002,36.529999,35.380001,35.470001,713300,35.470001
2015-08-19,37.490002,37.490002,36.709999,36.740002,454900,36.740002
2015-08-18,37.709999,37.990002,37.369999,37.549999,332800,37.549999
2015-08-17,37.290001,37.77,37.040001,37.700001,569900,37.700001
2015-08-14,36.68,37.669998,36.68,37.450001,700800,37.450001
2015-08-13,36.950001,37.41,36.639999,36.740002,600700,36.740002
2015-08-12,37.16,37.34,36.439999,36.93,916300,36.93
2015-08-11,37.540001,38.240002,37.330002,37.650002,462400,37.500003
2015-08-10,37.369999,38.41,37.25,37.939999,875100,37.788844
2015-08-07,37.970001,37.98,36.779999,37.16,962700,37.011953
2015-08-06,38.459999,38.689999,37.959999,38.18,616800,38.02789
2015-08-05,38.75,39.41,38.470001,38.509998,676000,38.356573
2015-08-04,39.25,39.700001,38.529999,38.619999,823900,38.466136
2015-08-03,38.73,39.84,38.310001,39.360001,846800,39.203189
2015-07-31,39.419998,39.73,38.759998,38.790001,1216000,38.63546
2015-07-30,37.310001,39.700001,37.279999,39.369999,1637900,39.213148
2015-07-29,37.02,39.09,36.650002,38.75,2149600,38.595619
2015-07-28,36.00,37.049999,35.599998,37.02,788400,36.872512
2015-07-27,35.709999,36.080002,35.419998,35.790001,413700,35.647412
2015-07-24,36.650002,36.720001,35.639999,35.919998,780200,35.776892
2015-07-23,37.330002,37.380001,36.529999,36.639999,1106500,36.494024
2015-07-22,37.540001,37.810001,37.040001,37.220001,836000,37.071715
2015-07-21,37.099998,38.060001,37.099998,37.68,822000,37.529882
2015-07-20,37.00,37.450001,36.869999,37.029999,806000,36.88247
2015-07-17,36.98,37.459999,36.790001,36.919998,607100,36.772908
2015-07-16,36.970001,37.349998,36.75,36.869999,722400,36.723108
2015-07-15,37.529999,37.599998,36.66,36.709999,734500,36.563745
2015-07-14,37.279999,37.77,37.029999,37.490002,1172500,37.34064
2015-07-13,36.50,37.419998,36.450001,37.360001,962100,37.211157
2015-07-10,36.50,36.77,35.619999,36.389999,743700,36.24502
2015-07-09,35.25,36.310001,35.25,36.040001,1223300,35.896416
2015-07-08,36.290001,36.450001,34.959999,35.439999,3098100,35.298804
2015-07-07,37.060001,37.150002,36.470001,36.869999,2516100,36.723108
2015-07-06,37.470001,37.950001,36.84,37.029999,1546100,36.88247
2015-07-02,38.119999,38.450001,37.560001,37.84,881700,37.689244
2015-07-01,38.68,38.91,37.91,38.02,999100,37.868527
2015-06-30,38.540001,38.799999,37.93,38.369999,927200,38.217132
2015-06-29,39.220001,39.59,38.040001,38.110001,1536500,37.958169
2015-06-26,39.110001,39.540001,38.779999,39.509998,5031900,39.352589
2015-06-25,39.529999,39.57,38.849998,38.98,902500,38.824702
2015-06-24,40.16,40.27,39.200001,39.450001,1717700,39.292831
2015-06-23,40.09,40.330002,39.869999,40.25,890500,40.089643
2015-06-22,40.150002,40.950001,40.110001,40.189999,857800,40.02988
2015-06-19,39.990002,40.209999,39.669998,40.009998,1191500,39.850597
2015-06-18,40.119999,40.950001,39.91,40.240002,883200,40.079684
2015-06-17,40.150002,40.299999,39.470001,40.029999,906600,39.870518
2015-06-16,40.830002,40.93,39.93,40.299999,1198900,40.139443
2015-06-15,40.619999,41.07,40.18,40.970001,635900,40.806775
2015-06-12,41.470001,41.50,40.709999,40.860001,520700,40.697213
2015-06-11,41.52,41.82,41.450001,41.650002,479100,41.484067
2015-06-10,40.939999,41.810001,40.860001,41.419998,456600,41.254979
2015-06-09,40.490002,40.950001,40.139999,40.82,706500,40.657371
2015-06-08,41.889999,41.970001,40.419998,40.549999,700100,40.388447
2015-06-05,40.880001,42.25,40.790001,42.009998,688200,41.842629
2015-06-04,41.040001,41.490002,40.869999,40.990002,422700,40.826696
2015-06-03,40.509998,41.560001,40.349998,41.369999,598900,41.205179
2015-06-02,40.669998,40.900002,40.169998,40.470001,850700,40.308767
2015-06-01,40.509998,40.98,39.290001,40.950001,2061400,40.786855
2015-05-29,41.200001,41.209999,39.880001,40.470001,2374900,40.308767
2015-05-28,41.959999,42.099998,41.380001,41.889999,736800,41.723108
2015-05-27,41.34,42.139999,41.279999,42.099998,1117200,41.932271
2015-05-26,41.91,41.91,41.220001,41.349998,895500,41.185259
2015-05-22,42.200001,42.349998,41.23,41.98,978500,41.81275
2015-05-21,41.02,42.310001,40.93,42.279999,784000,42.111554
2015-05-20,41.759998,41.830002,40.950001,40.98,587900,40.816734
2015-05-19,42.540001,42.549999,41.57,41.75,471900,41.583667
2015-05-18,41.240002,42.560001,41.209999,42.48,554800,42.310758
2015-05-15,41.580002,41.860001,41.27,41.299999,426700,41.135459
2015-05-14,41.91,42.00,41.189999,41.380001,587600,41.215142
2015-05-13,42.049999,42.25,41.330002,41.720001,485700,41.553787
2015-05-12,42.380001,42.50,41.689999,42.07,661900,41.752988
2015-05-11,42.580002,42.950001,42.509998,42.650002,405500,42.328619
2015-05-08,42.689999,43.310001,42.610001,42.610001,436500,42.28892
2015-05-07,41.27,42.529999,41.27,42.41,624300,42.090426
2015-05-06,41.369999,41.650002,40.91,41.360001,488600,41.048339
2015-05-05,42.02,42.439999,41.290001,41.34,893800,41.028489
2015-05-04,42.389999,42.82,42.029999,42.080002,624700,41.762915
2015-05-01,41.099998,42.580002,41.00,42.389999,1164000,42.070576
2015-04-30,40.57,42.049999,40.439999,41.099998,2442500,40.790296
2015-04-29,43.029999,43.110001,42.169998,42.50,1337000,42.179748
2015-04-28,43.57,43.790001,42.93,43.709999,918700,43.380629
2015-04-27,43.610001,44.110001,43.310001,43.549999,1026600,43.221835
2015-04-24,43.73,43.73,43.299999,43.580002,447000,43.251612
2015-04-23,43.029999,43.880001,42.849998,43.630001,434400,43.301234
2015-04-22,43.41,43.540001,43.130001,43.32,523100,42.993569
2015-04-21,43.16,43.48,42.91,43.43,719200,43.102741
2015-04-20,42.279999,43.310001,42.279999,42.990002,683500,42.666057
2015-04-17,42.240002,42.240002,41.68,42.040001,699300,41.723215
2015-04-16,42.959999,43.189999,42.43,42.470001,832300,42.149975
2015-04-15,42.299999,43.27,42.110001,43.049999,1243100,42.725603
2015-04-14,42.07,42.220001,41.119999,42.099998,655500,41.782761
2015-04-13,41.82,42.330002,41.759998,42.00,621500,41.683516
