Date,Open,High,Low,Close,Volume,Adj Close
2015-10-16,11.59,11.80,10.50,11.00,7454500,11.00
2015-10-15,11.02,11.64,10.91,11.57,5090100,11.57
2015-10-14,11.46,11.58,11.04,11.08,5838700,11.08
2015-10-13,11.34,11.78,11.15,11.37,5124100,11.37
2015-10-12,11.67,11.67,10.95,11.52,6406100,11.52
2015-10-09,11.75,11.99,11.44,11.71,6537000,11.71
2015-10-08,11.17,11.96,10.90,11.60,7540800,11.60
2015-10-07,11.19,11.95,11.05,11.31,14067000,11.31
2015-10-06,10.70,11.32,10.53,10.85,11021600,10.85
2015-10-05,10.27,10.92,10.01,10.74,12805000,10.74
2015-10-02,8.95,9.96,8.95,9.85,7484400,9.85
2015-10-01,9.92,10.22,8.68,9.14,8796000,9.14
2015-09-30,9.57,9.98,9.33,9.80,6649100,9.80
2015-09-29,9.77,9.89,9.29,9.41,6462100,9.41
2015-09-28,10.28,10.28,9.61,9.79,6225500,9.79
2015-09-25,11.00,11.04,10.26,10.44,4913200,10.44
2015-09-24,10.80,11.04,10.38,10.88,7333100,10.88
2015-09-23,12.05,12.11,10.91,11.01,7589200,11.01
2015-09-22,12.59,12.65,11.70,12.05,4948100,12.05
2015-09-21,13.05,13.20,12.69,12.85,4849300,12.85
2015-09-18,13.24,13.29,12.88,13.02,9892700,13.02
2015-09-17,13.78,14.05,13.48,13.53,5940800,13.53
2015-09-16,13.09,13.89,13.00,13.85,7818700,13.85
2015-09-15,12.55,13.16,12.44,13.04,4690200,13.04
2015-09-14,12.47,12.75,12.15,12.59,4630800,12.59
2015-09-11,13.05,13.27,12.29,12.53,8581200,12.53
2015-09-10,13.34,13.67,12.98,13.21,5698600,13.21
2015-09-09,13.51,14.07,12.97,13.35,6425000,13.35
2015-09-08,13.73,13.81,13.33,13.37,4424400,13.37
2015-09-04,13.76,13.89,13.09,13.40,6113700,13.40
2015-09-03,14.11,14.70,13.78,14.23,4891200,14.23
2015-09-02,14.47,14.93,13.52,14.17,6577700,14.17
2015-09-01,14.63,15.15,14.03,14.25,9731300,14.25
2015-08-31,14.18,15.50,13.94,15.23,9149600,15.23
2015-08-28,13.72,14.78,13.58,14.39,7638500,14.39
2015-08-27,12.52,14.35,12.46,13.86,9948200,13.86
2015-08-26,12.49,12.76,11.94,12.18,8457700,12.18
2015-08-25,12.43,13.16,11.99,12.24,8455700,12.24
2015-08-24,11.83,12.49,11.46,11.75,7706200,11.75
2015-08-21,12.39,13.07,12.37,12.61,7062600,12.61
2015-08-20,12.58,13.19,12.41,12.49,5457300,12.49
2015-08-19,12.77,13.30,12.43,12.57,5365900,12.57
2015-08-18,12.89,12.97,12.52,12.83,4267100,12.83
2015-08-17,12.84,13.52,12.83,13.02,4754100,13.02
2015-08-14,13.02,13.48,12.86,12.93,4104900,12.93
2015-08-13,13.99,14.17,12.73,12.95,7716700,12.95
2015-08-12,13.54,14.40,13.39,14.20,6741600,14.20
2015-08-11,13.48,13.61,12.89,13.45,6421600,13.45
2015-08-10,13.19,14.40,13.12,13.86,8396500,13.86
2015-08-07,14.17,14.50,13.07,13.15,6699700,13.15
2015-08-06,13.68,14.43,13.58,14.29,7454700,14.29
2015-08-05,14.83,15.00,13.59,13.90,7982500,13.89
2015-08-04,15.15,15.34,13.62,14.46,13297000,14.449597
2015-08-03,16.370001,16.40,15.11,15.26,6461900,15.249022
2015-07-31,16.799999,16.93,16.34,16.52,4875900,16.508116
2015-07-30,16.73,16.99,16.41,16.85,7832700,16.837878
2015-07-29,17.65,17.65,16.25,16.68,8858600,16.668
2015-07-28,16.629999,19.440001,16.18,17.75,15911200,17.73723
2015-07-27,17.32,17.709999,17.049999,17.35,9570400,17.337518
2015-07-24,17.60,17.790001,17.219999,17.639999,7117600,17.627309
2015-07-23,17.610001,18.049999,17.549999,17.84,11221600,17.827166
2015-07-22,17.24,17.629999,17.00,17.389999,8472900,17.377489
2015-07-21,17.030001,18.23,16.969999,17.549999,8928700,17.537373
2015-07-20,16.57,17.280001,15.47,16.66,14043800,16.648014
2015-07-17,18.129999,18.200001,17.120001,17.209999,11267000,17.197618
2015-07-16,19.00,19.040001,18.15,18.200001,5574000,18.186907
2015-07-15,20.10,20.24,18.76,18.93,6241600,18.916382
2015-07-14,19.90,20.51,19.530001,20.030001,5324000,20.015591
2015-07-13,19.82,20.02,19.129999,19.91,4164300,19.895676
2015-07-10,20.139999,20.450001,19.41,19.639999,3962300,19.62587
2015-07-09,20.290001,20.889999,20.24,20.25,6045500,20.235432
2015-07-08,20.51,20.67,19.85,20.030001,4671600,20.015591
2015-07-07,21.17,21.26,20.209999,20.58,7487800,20.565194
2015-07-06,21.43,21.860001,21.299999,21.40,6816200,21.384604
2015-07-02,20.90,22.040001,20.809999,21.790001,8019600,21.774325
2015-07-01,21.65,21.68,20.280001,20.93,8304600,20.914943
2015-06-30,22.139999,22.32,21.440001,21.74,8124200,21.724359
2015-06-29,22.049999,23.52,21.959999,22.030001,7255200,22.014152
2015-06-26,22.620001,22.84,22.23,22.389999,4919600,22.373891
2015-06-25,23.42,23.49,22.25,22.780001,6427600,22.763612
2015-06-24,23.91,24.280001,23.370001,23.42,4221800,23.403151
2015-06-23,23.74,24.00,23.280001,23.91,4129200,23.892798
2015-06-22,23.60,24.10,23.42,23.76,3248000,23.742907
2015-06-19,24.030001,24.110001,23.41,23.49,4163100,23.4731
2015-06-18,24.90,25.02,23.84,24.17,3292400,24.152611
2015-06-17,25.01,25.209999,24.129999,24.91,4503400,24.892079
2015-06-16,25.18,25.33,24.58,24.799999,3136300,24.782157
2015-06-15,25.07,25.75,24.77,25.15,3443100,25.131906
2015-06-12,26.17,26.25,25.18,25.26,4163900,25.241827
2015-06-11,27.389999,27.389999,26.190001,26.34,3539400,26.32105
2015-06-10,27.98,28.280001,27.34,27.389999,2883100,27.370294
2015-06-09,27.67,28.42,27.65,27.790001,3516900,27.770008
2015-06-08,27.209999,27.540001,26.82,27.42,3195500,27.400273
2015-06-05,27.25,27.860001,26.879999,27.10,2743900,27.080504
2015-06-04,27.629999,27.780001,27.280001,27.379999,4599000,27.360301
2015-06-03,28.379999,28.59,27.700001,27.83,2261300,27.809978
2015-06-02,27.950001,28.66,27.690001,28.440001,2483200,28.41954
2015-06-01,27.809999,28.00,27.290001,27.82,3385200,27.799985
2015-05-29,28.540001,28.84,27.82,27.84,3667400,27.819971
2015-05-28,29.42,29.42,28.25,28.50,3703000,28.479496
2015-05-27,29.60,29.98,29.25,29.540001,1903700,29.518749
2015-05-26,31.00,31.049999,29.690001,29.709999,2278700,29.688625
2015-05-22,31.41,31.73,31.10,31.49,1213300,31.467345
2015-05-21,31.32,32.200001,31.32,31.65,1668500,31.62723
2015-05-20,30.93,31.15,30.27,31.08,1468400,31.05764
2015-05-19,31.040001,31.790001,30.77,30.83,2493600,30.80782
2015-05-18,32.060001,32.060001,31.049999,31.370001,2073000,31.347432
2015-05-15,31.52,32.169998,31.209999,32.049999,2217200,32.026942
2015-05-14,31.52,31.780001,31.120001,31.57,2077900,31.547287
2015-05-13,32.599998,32.720001,31.049999,31.290001,3506100,31.26749
2015-05-12,32.400002,33.040001,32.360001,32.549999,1484500,32.526582
2015-05-11,33.240002,33.369999,32.27,32.299999,2579900,32.276762
2015-05-08,32.73,33.389999,32.099998,33.34,2869100,33.316014
2015-05-07,32.860001,32.889999,32.049999,32.32,2036700,32.296748
2015-05-06,32.84,33.349998,32.360001,33.049999,3392300,32.963267
2015-05-05,33.459999,33.549999,32.169998,32.400002,4415800,32.314975
2015-05-04,33.040001,34.139999,33.02,33.209999,4103300,33.122847
2015-05-01,32.650002,33.349998,32.07,33.09,3815700,33.003163
2015-04-30,30.889999,32.93,30.27,32.48,7446100,32.394763
2015-04-29,28.940001,31.33,28.92,30.870001,5890200,30.78899
2015-04-28,30.35,31.00,28.549999,28.91,8173100,28.834132
2015-04-27,30.24,30.309999,29.59,29.879999,4491300,29.801586
2015-04-24,30.549999,30.889999,30.17,30.200001,2047100,30.120748
2015-04-23,30.09,30.76,29.92,30.68,2142100,30.599488
2015-04-22,29.459999,30.190001,29.110001,30.02,3118600,29.94122
2015-04-21,30.049999,30.51,29.370001,29.49,3392800,29.41261
2015-04-20,31.049999,31.700001,30.02,30.049999,6504200,29.97114
