Date,Open,High,Low,Close,Volume,Adj Close
2015-10-16,83.720001,84.110001,83.18,83.629997,593000,83.629997
2015-10-15,83.019997,83.50,82.540001,83.419998,498800,83.419998
2015-10-14,84.620003,84.809998,82.260002,82.519997,796000,82.519997
2015-10-13,85.879997,86.120003,84.599998,84.639999,783500,84.639999
2015-10-12,86.529999,86.599998,85.800003,86.400002,394200,86.400002
2015-10-09,86.68,87.620003,86.489998,86.599998,464700,86.599998
2015-10-08,85.050003,86.760002,84.529999,86.610001,407100,86.610001
2015-10-07,84.860001,85.610001,84.629997,85.419998,489000,85.419998
2015-10-06,83.809998,84.620003,83.779999,84.18,437700,84.18
2015-10-05,83.059998,83.910004,82.709999,83.839996,827400,83.839996
2015-10-02,80.120003,82.260002,79.900002,82.239998,400800,82.239998
2015-10-01,81.669998,81.889999,80.400002,81.269997,538200,81.269997
2015-09-30,80.639999,82.00,80.50,81.839996,1194700,81.839996
2015-09-29,79.639999,80.379997,79.18,80.029999,640900,80.029999
2015-09-28,79.769997,80.540001,79.459999,79.629997,657700,79.629997
2015-09-25,81.790001,81.800003,80.190002,80.550003,666500,80.550003
2015-09-24,80.419998,81.419998,79.82,81.00,554100,81.00
2015-09-23,81.900002,82.599998,80.93,81.349998,467800,81.349998
2015-09-22,82.080002,84.160004,81.57,82.080002,520000,82.080002
2015-09-21,83.730003,84.110001,82.989998,83.279999,712300,83.279999
2015-09-18,83.470001,84.989998,83.129997,83.68,1431100,83.68
2015-09-17,85.32,86.730003,84.790001,85.279999,608100,85.279999
2015-09-16,84.879997,85.220001,84.470001,85.150002,724600,85.150002
2015-09-15,84.00,85.220001,83.620003,85.080002,476800,85.080002
2015-09-14,84.449997,84.709999,83.349998,83.739998,485600,83.739998
2015-09-11,83.599998,84.82,83.089996,84.599998,862600,84.599998
2015-09-10,82.150002,84.209999,82.099998,84.00,1115500,84.00
2015-09-09,84.010002,84.550003,82.040001,82.400002,1049000,82.400002
2015-09-08,82.730003,83.610001,82.110001,83.50,1046400,83.50
2015-09-04,81.120003,82.110001,80.760002,81.860001,959000,81.860001
2015-09-03,81.260002,82.75,81.150002,82.099998,789000,82.099998
2015-09-02,80.029999,80.980003,79.540001,80.959999,1557600,80.959999
2015-09-01,80.620003,80.919998,78.849998,79.25,930300,79.25
2015-08-31,82.989998,83.309998,81.830002,81.849998,1055600,81.849998
2015-08-28,83.389999,83.93,82.720001,83.419998,609200,83.419998
2015-08-27,83.309998,83.900002,82.040001,83.510002,655300,83.510002
2015-08-26,81.139999,82.68,79.900002,82.480003,731700,82.480003
2015-08-25,82.589996,82.589996,79.639999,79.709999,913900,79.709999
2015-08-24,79.629997,83.18,78.150002,80.669998,1521600,80.669998
2015-08-21,84.510002,85.050003,83.540001,83.660004,983900,83.660004
2015-08-20,86.730003,86.889999,85.040001,85.07,511500,85.07
2015-08-19,87.040001,88.300003,86.68,87.449997,663200,87.449997
2015-08-18,87.43,87.940002,87.139999,87.279999,621200,87.279999
2015-08-17,86.879997,87.860001,86.480003,87.809998,378000,87.809998
2015-08-14,86.919998,87.489998,86.580002,87.32,391500,87.32
2015-08-13,86.410004,87.330002,86.07,87.059998,670000,87.059998
2015-08-12,85.989998,86.870003,85.529999,86.699997,664800,86.369997
2015-08-11,87.32,87.360001,86.400002,86.779999,852700,86.449694
2015-08-10,86.730003,88.720001,86.730003,87.93,1364600,87.595318
2015-08-07,85.169998,85.629997,84.669998,85.589996,623000,85.264221
2015-08-06,85.209999,85.279999,84.529999,85.150002,946100,84.825901
2015-08-05,85.330002,85.639999,84.779999,84.910004,856400,84.586816
2015-08-04,85.199997,85.620003,84.690002,84.830002,715000,84.507119
2015-08-03,85.010002,85.540001,84.510002,85.199997,900600,84.875706
2015-07-31,85.449997,85.449997,84.32,84.620003,750000,84.297919
2015-07-30,84.540001,85.519997,84.300003,85.050003,938300,84.726283
2015-07-29,85.029999,85.589996,84.639999,84.839996,1200800,84.517076
2015-07-28,83.809998,85.160004,83.370003,84.730003,1213800,84.407501
2015-07-27,84.970001,85.019997,83.18,83.440002,1704900,83.12241
2015-07-24,90.010002,90.120003,84.68,85.459999,1955100,85.134718
2015-07-23,87.949997,88.709999,87.699997,88.410004,2576000,88.073495
2015-07-22,88.25,88.800003,87.519997,87.720001,1831500,87.386118
2015-07-21,91.489998,91.489998,87.580002,88.910004,2114800,88.571591
2015-07-20,92.839996,93.040001,91.970001,92.190002,473500,91.839106
2015-07-17,92.459999,93.059998,92.199997,92.889999,459800,92.536438
2015-07-16,93.540001,93.889999,92.50,92.82,745600,92.466705
2015-07-15,93.309998,93.779999,92.769997,92.989998,692400,92.636056
2015-07-14,92.900002,93.519997,92.879997,93.309998,823400,92.954838
2015-07-13,93.349998,93.510002,92.559998,93.019997,708900,92.665941
2015-07-10,92.50,92.959999,92.139999,92.550003,531100,92.197736
2015-07-09,92.139999,92.559998,91.580002,91.580002,454100,91.231427
2015-07-08,91.410004,92.309998,91.07,91.330002,871500,90.982379
2015-07-07,91.739998,92.07,90.599998,92.00,957200,91.649827
2015-07-06,91.809998,92.18,91.089996,91.550003,696000,91.201542
2015-07-02,93.599998,93.690002,92.360001,92.639999,361000,92.28739
2015-07-01,93.07,93.410004,92.519997,93.290001,500600,92.934917
2015-06-30,93.190002,93.459999,92.220001,92.349998,625400,91.998493
2015-06-29,93.980003,94.550003,92.57,92.629997,548100,92.277426
2015-06-26,95.129997,95.25,94.120003,94.730003,1242600,94.369439
2015-06-25,95.949997,96.040001,94.739998,94.860001,585500,94.498941
2015-06-24,95.360001,95.989998,95.150002,95.629997,924300,95.266007
2015-06-23,95.18,95.860001,95.019997,95.510002,683700,95.146469
2015-06-22,95.769997,95.919998,94.650002,95.290001,921300,94.927305
2015-06-19,95.510002,96.400002,95.510002,95.529999,687900,95.166389
2015-06-18,95.160004,96.25,94.650002,95.860001,779900,95.495135
2015-06-17,94.360001,95.139999,93.949997,94.809998,577900,94.449129
2015-06-16,92.989998,94.129997,92.720001,94.059998,643900,93.701983
2015-06-15,93.650002,93.730003,92.970001,93.349998,589400,92.994687
2015-06-12,94.32,94.879997,93.900002,94.120003,427400,93.76176
2015-06-11,94.199997,95.089996,94.050003,94.879997,634100,94.518862
2015-06-10,93.790001,94.75,93.650002,94.059998,554600,93.701983
2015-06-09,93.480003,94.019997,93.239998,93.349998,631000,92.994687
2015-06-08,92.93,93.779999,92.849998,93.349998,664800,92.994687
2015-06-05,93.379997,93.839996,92.470001,93.080002,1319600,92.725718
2015-06-04,94.379997,95.059998,93.459999,93.620003,1030400,93.263663
2015-06-03,94.50,95.510002,94.290001,95.07,859500,94.708141
2015-06-02,94.400002,95.059998,94.019997,94.25,1041000,93.891263
2015-06-01,95.25,95.720001,94.82,95.010002,696500,94.648372
2015-05-29,96.50,96.580002,94.720001,95.190002,1688500,94.827687
2015-05-28,96.440002,96.919998,96.169998,96.400002,926400,96.033081
2015-05-27,97.099998,97.220001,96.620003,96.68,822800,96.312014
2015-05-26,97.790001,97.940002,96.589996,96.699997,654800,96.331934
2015-05-22,98.300003,98.480003,97.610001,97.730003,490700,97.35802
2015-05-21,98.620003,98.900002,98.120003,98.370003,634300,97.995584
2015-05-20,98.93,99.040001,98.480003,98.529999,553800,98.154971
2015-05-19,98.949997,99.370003,98.43,98.639999,619700,98.264553
2015-05-18,98.220001,99.099998,98.120003,98.889999,528300,98.513601
2015-05-15,98.410004,98.620003,97.699997,98.220001,657000,97.846153
2015-05-14,97.760002,98.839996,97.440002,98.68,559600,97.975656
2015-05-13,96.459999,97.720001,96.360001,97.230003,775600,96.536009
2015-05-12,96.309998,96.690002,95.910004,96.459999,611400,95.771501
2015-05-11,97.260002,97.50,96.860001,96.900002,759700,96.208363
2015-05-08,96.720001,97.449997,96.650002,97.260002,1341900,96.565794
2015-05-07,96.279999,96.529999,95.650002,95.779999,908300,95.096354
2015-05-06,96.800003,96.93,95.690002,96.129997,723500,95.443854
2015-05-05,97.480003,97.870003,96.150002,96.400002,728900,95.711931
2015-05-04,97.669998,98.449997,97.599998,97.610001,381500,96.913294
2015-05-01,97.57,98.050003,97.089996,97.669998,543000,96.972863
2015-04-30,98.279999,98.68,96.830002,97.330002,925100,96.635294
2015-04-29,98.68,99.190002,98.089996,98.489998,952600,97.78701
2015-04-28,98.300003,99.029999,97.580002,99.00,682400,98.293372
2015-04-27,97.809998,98.470001,97.550003,98.370003,1220400,97.667871
2015-04-24,97.839996,98.230003,97.480003,97.790001,647100,97.09201
2015-04-23,96.029999,98.389999,95.559998,97.949997,882100,97.250864
2015-04-22,96.120003,96.610001,95.199997,96.550003,543500,95.860862
2015-04-21,96.639999,96.959999,95.900002,96.099998,526200,95.41407
2015-04-20,95.68,96.639999,95.510002,96.160004,613800,95.473647
