Date,Open,High,Low,Close,Volume,Adj Close
2015-10-16,145.770004,147.229996,143.669998,144.339996,1186900,144.339996
2015-10-15,140.330002,145.360001,139.669998,145.229996,822600,145.229996
2015-10-14,139.910004,141.210007,139.509995,140.190002,526500,140.190002
2015-10-13,138.899994,140.589996,138.220001,139.440002,572200,139.440002
2015-10-12,137.059998,139.740005,136.75,139.190002,771200,139.190002
2015-10-09,141.110001,141.110001,137.050003,137.619995,1240800,137.619995
2015-10-08,142.550003,143.479996,141.25,141.990005,826800,141.990005
2015-10-07,145.00,145.539993,142.240005,142.679993,822700,142.679993
2015-10-06,147.710007,148.649994,144.539993,144.710007,343400,144.710007
2015-10-05,150.169998,150.949997,147.389999,148.179993,826600,148.179993
2015-10-02,144.820007,148.880005,143.520004,148.869995,456200,148.869995
2015-10-01,148.570007,149.710007,143.470001,146.679993,594900,146.679993
2015-09-30,147.119995,149.800003,145.229996,148.860001,865700,148.860001
2015-09-29,144.580002,146.869995,143.179993,145.289993,663800,145.289993
2015-09-28,148.50,149.550003,142.220001,144.759995,668900,144.759995
2015-09-25,154.139999,154.990005,148.800003,149.860001,692200,149.860001
2015-09-24,154.490005,154.520004,153.070007,153.899994,609200,153.899994
2015-09-23,154.139999,157.149994,153.520004,155.020004,487600,155.020004
2015-09-22,153.050003,154.850006,151.449997,154.440002,661900,154.440002
2015-09-21,153.960007,158.169998,153.279999,154.860001,711700,154.860001
2015-09-18,149.449997,153.550003,149.139999,152.979996,1336600,152.979996
2015-09-17,150.00,151.979996,149.279999,150.539993,398400,150.539993
2015-09-16,148.669998,150.050003,147.279999,149.929993,298100,149.929993
2015-09-15,148.410004,148.970001,147.380005,148.589996,274800,148.589996
2015-09-14,149.610001,150.380005,147.509995,147.800003,456500,147.800003
2015-09-11,148.279999,151.020004,147.149994,149.660004,516500,149.660004
2015-09-10,149.029999,149.990005,148.25,148.570007,306300,148.570007
2015-09-09,149.690002,151.600006,148.470001,148.789993,707800,148.789993
2015-09-08,152.809998,153.070007,147.539993,148.919998,1213800,148.919998
2015-09-04,142.110001,155.570007,142.110001,150.869995,1309000,150.869995
2015-09-03,163.240005,164.539993,160.940002,161.309998,917600,161.309998
2015-09-02,160.759995,162.800003,160.179993,162.399994,874300,162.399994
2015-09-01,159.669998,161.00,158.720001,159.410004,678500,159.410004
2015-08-31,164.199997,165.690002,161.929993,162.419998,309600,162.419998
2015-08-28,163.789993,165.179993,162.740005,164.740005,406000,164.740005
2015-08-27,163.669998,165.589996,162.279999,164.199997,455700,164.199997
2015-08-26,159.779999,162.910004,157.899994,161.270004,591200,161.270004
2015-08-25,160.809998,162.50,156.75,156.979996,434900,156.979996
2015-08-24,153.729996,161.100006,149.720001,157.50,400600,157.50
2015-08-21,164.919998,165.839996,161.509995,162.419998,526400,162.419998
2015-08-20,169.550003,170.570007,166.289993,166.470001,563400,166.470001
2015-08-19,173.850006,173.850006,170.429993,170.899994,411200,170.899994
2015-08-18,173.839996,175.960007,173.100006,175.020004,375500,175.020004
2015-08-17,172.389999,174.559998,170.669998,174.00,402500,174.00
2015-08-14,173.410004,173.979996,171.619995,173.289993,370100,173.289993
2015-08-13,173.839996,174.919998,172.639999,173.869995,298900,173.869995
2015-08-12,172.820007,174.520004,171.009995,173.779999,278200,173.779999
2015-08-11,174.380005,176.029999,172.449997,173.389999,231900,173.389999
2015-08-10,174.740005,176.960007,173.860001,175.600006,179200,175.600006
2015-08-07,174.880005,175.509995,172.149994,173.880005,159400,173.880005
2015-08-06,178.350006,179.509995,171.979996,175.100006,270400,175.100006
2015-08-05,177.089996,179.75,176.380005,178.529999,247500,178.529999
2015-08-04,177.00,178.429993,174.910004,175.970001,211600,175.970001
2015-08-03,177.330002,178.490005,175.970001,177.149994,258300,177.149994
2015-07-31,177.009995,179.009995,175.759995,177.00,278800,177.00
2015-07-30,176.630005,177.220001,174.449997,176.50,186800,176.50
2015-07-29,175.589996,176.899994,174.410004,176.419998,285200,176.419998
2015-07-28,172.639999,175.270004,171.360001,175.199997,252800,175.199997
2015-07-27,172.800003,173.490005,171.169998,171.860001,302600,171.860001
2015-07-24,173.139999,175.75,172.339996,173.389999,308300,173.389999
2015-07-23,172.710007,175.210007,172.710007,173.710007,421000,173.710007
2015-07-22,173.490005,174.75,171.149994,172.50,722800,172.50
2015-07-21,176.649994,176.949997,172.110001,173.649994,478200,173.619999
2015-07-20,174.479996,176.639999,173.779999,176.429993,266800,176.399517
2015-07-17,176.630005,176.740005,173.50,174.070007,331600,174.039939
2015-07-16,176.279999,177.350006,175.059998,176.669998,247700,176.639481
2015-07-15,179.179993,179.970001,175.229996,175.300003,332600,175.269723
2015-07-14,178.309998,179.860001,178.259995,179.679993,203700,179.648956
2015-07-13,177.00,178.570007,176.460007,178.199997,245000,178.169216
2015-07-10,176.660004,177.979996,175.889999,176.119995,265200,176.089573
2015-07-09,175.619995,175.990005,174.039993,174.679993,340700,174.649819
2015-07-08,176.820007,177.75,173.399994,173.899994,349100,173.869955
2015-07-07,176.740005,177.639999,174.940002,177.529999,543000,177.499333
2015-07-06,175.539993,177.639999,174.610001,176.479996,620800,176.449512
2015-07-02,176.660004,177.320007,175.559998,176.589996,266700,176.559493
2015-07-01,178.720001,179.729996,175.759995,176.160004,437200,176.129575
2015-06-30,178.279999,179.070007,177.029999,177.970001,546000,177.93926
2015-06-29,176.889999,179.50,176.169998,176.75,528500,176.719469
2015-06-26,176.149994,178.940002,175.220001,178.880005,464000,178.849106
2015-06-25,174.559998,176.679993,174.559998,175.699997,256300,175.669648
2015-06-24,176.75,177.929993,174.350006,174.449997,198600,174.419863
2015-06-23,177.740005,178.820007,175.940002,177.220001,257200,177.189389
2015-06-22,180.419998,181.009995,176.720001,177.339996,282400,177.309364
2015-06-19,178.669998,181.729996,177.720001,180.00,1357700,179.968908
2015-06-18,177.720001,179.380005,177.320007,177.830002,232800,177.799284
2015-06-17,176.949997,178.389999,176.020004,177.779999,249200,177.74929
2015-06-16,176.360001,177.389999,175.539993,176.389999,213600,176.359531
2015-06-15,176.289993,176.820007,175.270004,176.289993,253000,176.259542
2015-06-12,176.00,178.050003,175.690002,177.470001,363400,177.439346
2015-06-11,173.679993,177.169998,173.679993,176.789993,513800,176.759456
2015-06-10,172.199997,173.779999,171.429993,173.240005,358100,173.210081
2015-06-09,173.699997,173.990005,170.779999,171.429993,494300,171.400381
2015-06-08,175.070007,176.039993,173.210007,173.429993,358000,173.400035
2015-06-05,174.889999,176.690002,170.50,175.369995,1268100,175.339703
2015-06-04,183.009995,184.479996,179.740005,180.139999,578400,180.108883
2015-06-03,182.619995,186.369995,181.75,184.839996,446200,184.808068
2015-06-02,182.119995,183.25,180.919998,182.279999,478100,182.248513
2015-06-01,182.039993,183.899994,180.720001,182.970001,405900,182.938396
2015-05-29,180.410004,182.350006,179.449997,181.770004,430000,181.738606
2015-05-28,178.809998,181.910004,178.710007,180.779999,225900,180.748772
2015-05-27,179.460007,180.690002,178.399994,179.179993,344700,179.149042
2015-05-26,179.660004,180.679993,178.25,179.169998,266400,179.139049
2015-05-22,179.720001,182.199997,178.880005,180.75,233900,180.718778
2015-05-21,182.389999,182.50,179.539993,179.800003,339400,179.768945
2015-05-20,182.789993,183.960007,181.699997,182.779999,204100,182.748426
2015-05-19,182.330002,183.529999,181.240005,183.059998,291800,183.028377
2015-05-18,180.75,182.779999,180.020004,182.339996,372800,182.3085
2015-05-15,181.380005,181.779999,179.589996,180.979996,176000,180.948734
2015-05-14,179.160004,181.020004,178.00,180.779999,217800,180.748772
2015-05-13,178.279999,179.630005,177.759995,178.389999,192600,178.359185
2015-05-12,178.320007,178.929993,177.050003,178.529999,156500,178.499161
2015-05-11,180.139999,181.710007,178.529999,179.330002,239300,179.299025
2015-05-08,178.869995,181.470001,178.869995,180.850006,267900,180.818767
2015-05-07,177.830002,179.419998,176.639999,177.449997,248300,177.419345
2015-05-06,177.199997,178.850006,175.850006,177.820007,425400,177.789292
2015-05-05,178.679993,179.410004,175.479996,177.440002,350000,177.409352
2015-05-04,178.529999,182.649994,177.899994,179.080002,343000,179.049069
2015-05-01,178.190002,180.860001,177.649994,178.00,305900,177.969253
2015-04-30,179.720001,181.720001,177.169998,178.070007,287300,178.039249
2015-04-29,182.009995,183.130005,180.210007,180.880005,358500,180.848761
2015-04-28,180.00,182.580002,176.990005,182.100006,338700,182.068551
2015-04-27,182.820007,183.199997,178.460007,180.669998,410200,180.63879
2015-04-24,182.740005,183.889999,181.429993,181.75,287100,181.718606
2015-04-23,182.960007,184.240005,182.460007,182.990005,352000,182.958397
2015-04-22,181.279999,182.979996,180.449997,182.929993,274800,182.898394
2015-04-21,181.330002,182.520004,180.539993,181.75,256400,181.718606
2015-04-20,181.199997,182.740005,181.00,181.039993,219400,181.008721
