Date,Open,High,Low,Close,Volume,Adj Close
2015-10-15,49.75,49.900002,48.93,49.50,1706000,49.50
2015-10-14,50.360001,50.470001,49.369999,49.48,1326300,49.48
2015-10-13,50.740002,50.93,50.240002,50.299999,1115900,50.299999
2015-10-12,51.41,51.43,50.810001,50.889999,1559300,50.889999
2015-10-09,51.07,51.630001,50.959999,51.279999,1120900,51.279999
2015-10-08,50.799999,51.619999,50.540001,51.330002,1755100,51.018003
2015-10-07,50.919998,51.169998,50.450001,50.84,1702100,50.530979
2015-10-06,51.50,51.50,50.740002,50.77,1237700,50.461405
2015-10-05,50.619999,51.369999,50.599998,51.360001,2212200,51.047819
2015-10-02,49.52,50.619999,49.419998,50.599998,1942200,50.292436
2015-10-01,50.599998,50.889999,49.52,50.02,1952600,49.715964
2015-09-30,51.00,51.220001,50.43,50.68,1882300,50.371952
2015-09-29,50.799999,51.259998,50.029999,50.59,1847900,50.282499
2015-09-28,51.41,51.759998,50.73,50.799999,1539100,50.491221
2015-09-25,51.439999,52.369999,51.189999,51.669998,1541700,51.355932
2015-09-24,51.200001,51.389999,50.82,51.139999,2731800,50.829155
2015-09-23,51.049999,51.43,50.810001,51.360001,1552100,51.047819
2015-09-22,51.189999,51.209999,50.549999,51.119999,1617300,50.809276
2015-09-21,51.369999,51.630001,51.040001,51.470001,1441000,51.157151
2015-09-18,50.84,51.720001,50.84,51.16,2354500,50.849034
2015-09-17,51.509998,52.259998,51.290001,51.57,2118000,51.256542
2015-09-16,50.52,51.630001,50.470001,51.560001,2412600,51.246604
2015-09-15,49.700001,50.470001,49.310001,50.27,2249700,49.964444
2015-09-14,49.48,49.540001,49.07,49.509998,1343700,49.209062
2015-09-11,49.040001,49.400002,48.84,49.400002,1501900,49.099733
2015-09-10,48.77,49.509998,48.509998,49.150002,1521400,48.851253
2015-09-09,49.779999,49.779999,48.59,48.720001,2198900,48.423866
2015-09-08,48.50,49.41,48.50,49.380001,2458700,49.079854
2015-09-04,48.23,48.50,47.439999,47.939999,2019300,47.648605
2015-09-03,46.91,48.68,46.07,48.529999,2364100,48.235019
2015-09-02,47.389999,47.77,47.009998,47.77,2547200,47.47964
2015-09-01,47.18,47.57,46.639999,46.869999,1988000,46.585109
2015-08-31,47.709999,48.139999,47.549999,47.990002,1876200,47.698304
2015-08-28,47.720001,48.119999,47.389999,47.799999,1847600,47.509456
2015-08-27,47.740002,47.990002,47.049999,47.720001,1891200,47.429945
2015-08-26,47.060001,47.50,46.099998,47.43,1956100,47.141706
2015-08-25,47.75,47.900002,46.119999,46.150002,2075900,45.869488
2015-08-24,46.990002,47.09,45.23,47.009998,2537100,46.724257
2015-08-21,49.50,49.50,48.610001,48.610001,1308500,48.314534
2015-08-20,49.799999,50.07,49.50,49.630001,1166300,49.328335
2015-08-19,50.150002,50.439999,49.689999,50.110001,819900,49.805417
2015-08-18,50.529999,50.529999,50.169998,50.23,1358600,49.924686
2015-08-17,50.490002,50.799999,50.209999,50.57,719000,50.26262
2015-08-14,50.290001,50.77,50.169998,50.700001,701500,50.391831
2015-08-13,50.369999,50.619999,50.209999,50.259998,768200,49.954503
2015-08-12,50.029999,50.419998,49.560001,50.400002,1031800,50.093655
2015-08-11,50.09,50.389999,49.799999,50.32,687300,50.014139
2015-08-10,50.529999,50.619999,50.200001,50.48,855800,50.173167
2015-08-07,50.330002,50.50,49.919998,50.279999,1130000,49.974382
2015-08-06,50.23,50.540001,49.939999,50.490002,1364600,50.183108
2015-08-05,49.849998,50.099998,49.540001,50.00,1133800,49.696085
2015-08-04,49.810001,50.040001,49.599998,49.68,1035700,49.37803
2015-08-03,49.419998,49.880001,49.279999,49.880001,1468900,49.576815
2015-07-31,49.52,49.540001,49.220001,49.310001,1143300,49.01028
2015-07-30,48.599998,49.349998,48.48,49.169998,1143800,48.871128
2015-07-29,49.130001,49.139999,48.509998,48.709999,1579500,48.413925
2015-07-28,48.48,49.049999,48.279999,49.00,1135000,48.702163
2015-07-27,48.080002,48.41,47.869999,48.279999,937700,47.986538
2015-07-24,48.23,48.619999,48.07,48.279999,952600,47.986538
2015-07-23,48.400002,48.700001,48.049999,48.200001,1642600,47.907027
2015-07-22,48.00,48.84,47.790001,48.32,1729200,48.026296
2015-07-21,47.529999,47.700001,47.200001,47.459999,839700,47.171523
2015-07-20,47.91,48.009998,47.560001,47.610001,655900,47.320613
2015-07-17,47.950001,47.990002,47.419998,47.849998,699200,47.559152
2015-07-16,47.84,48.119999,47.799999,48.02,717000,47.72812
2015-07-15,47.950001,48.130001,47.43,47.59,720900,47.300734
2015-07-14,47.869999,48.240002,47.630001,48.130001,989700,47.837452
2015-07-13,47.790001,47.959999,47.560001,47.830002,796900,47.539277
2015-07-10,47.48,47.799999,47.360001,47.619999,849300,47.33055
2015-07-09,47.919998,47.93,47.060001,47.119999,1255200,46.833589
2015-07-08,47.700001,47.98,47.509998,47.57,1266300,46.970751
2015-07-07,47.279999,48.040001,47.139999,47.98,1329000,47.375586
2015-07-06,47.389999,47.889999,47.099998,47.27,1088300,46.674531
2015-07-02,47.919998,48.119999,47.48,47.66,1062700,47.059617
2015-07-01,47.779999,47.889999,47.259998,47.84,1640200,47.23735
2015-06-30,47.27,49.16,47.110001,47.650002,4572900,47.049745
2015-06-29,47.50,47.669998,46.98,47.009998,1098400,46.417804
2015-06-26,47.82,48.029999,47.68,47.849998,862600,47.247222
2015-06-25,48.27,48.27,47.68,47.700001,983300,47.099114
2015-06-24,48.279999,48.380001,47.880001,48.009998,918400,47.405207
2015-06-23,48.360001,48.400002,48.119999,48.290001,867300,47.681682
2015-06-22,48.50,48.720001,48.290001,48.299999,834800,47.691554
2015-06-19,48.259998,48.57,48.23,48.27,1553400,47.661933
2015-06-18,47.91,48.43,47.790001,48.240002,1127400,47.632313
2015-06-17,47.529999,47.91,47.290001,47.759998,1024700,47.158356
2015-06-16,46.400002,47.630001,46.34,47.549999,1597700,46.951002
2015-06-15,46.43,46.75,46.299999,46.330002,932900,45.746373
2015-06-12,46.75,46.799999,46.57,46.73,612300,46.141332
2015-06-11,46.860001,47.060001,46.799999,46.830002,694700,46.240075
2015-06-10,46.610001,47.00,46.560001,46.84,1021500,46.249947
2015-06-09,46.349998,46.73,46.18,46.57,1041900,45.983348
2015-06-08,46.59,46.610001,46.080002,46.279999,1146400,45.697
2015-06-05,46.91,46.950001,46.139999,46.540001,2562300,45.953727
2015-06-04,47.220001,47.389999,47.009998,47.07,1315400,46.477049
2015-06-03,47.849998,47.849998,47.220001,47.380001,1978300,46.783146
2015-06-02,48.200001,48.220001,47.580002,47.669998,3112300,47.06949
2015-06-01,48.330002,48.380001,48.110001,48.32,1793000,47.711303
2015-05-29,48.389999,48.389999,48.080002,48.34,2238400,47.731051
2015-05-28,48.07,48.400002,47.900002,48.389999,1485400,47.780421
2015-05-27,47.77,48.16,47.529999,48.119999,1855000,47.513822
2015-05-26,47.799999,47.990002,47.549999,47.740002,2022800,47.138611
2015-05-22,47.849998,48.16,47.349998,47.91,3165400,47.306468
2015-05-21,46.630001,47.049999,46.52,46.93,2396800,46.338814
2015-05-20,46.82,47.02,46.610001,46.700001,1696600,46.111711
2015-05-19,46.77,46.919998,46.490002,46.720001,1606200,46.13146
2015-05-18,46.669998,46.919998,46.52,46.790001,1327700,46.200578
2015-05-15,46.509998,46.970001,46.490002,46.849998,1292000,46.25982
2015-05-14,46.150002,46.529999,46.139999,46.48,916500,45.894482
2015-05-13,45.950001,46.18,45.740002,45.810001,884000,45.232923
2015-05-12,45.66,46.009998,45.439999,45.93,681700,45.351411
2015-05-11,45.810001,46.150002,45.599998,45.799999,611900,45.223047
2015-05-08,45.970001,45.970001,45.689999,45.830002,1331600,45.252672
2015-05-07,45.080002,45.720001,44.950001,45.48,987000,44.907079
2015-05-06,45.380001,45.59,44.919998,45.200001,1204400,44.630607
2015-05-05,45.720001,45.93,45.290001,45.389999,1507800,44.818212
2015-05-04,45.509998,45.959999,45.400002,45.740002,1245700,45.163806
2015-05-01,44.849998,45.599998,44.759998,45.549999,1979500,44.976197
2015-04-30,44.91,45.07,44.599998,44.709999,1193600,44.146778
2015-04-29,45.450001,45.52,44.84,44.939999,1017700,44.37388
2015-04-28,45.580002,45.709999,45.349998,45.470001,870800,44.897206
2015-04-27,45.810001,45.82,45.419998,45.599998,689600,45.025566
2015-04-24,46.080002,46.240002,45.75,45.810001,783900,45.232923
2015-04-23,45.900002,46.450001,45.77,46.07,932500,45.489647
2015-04-22,46.060001,46.369999,45.919998,46.110001,1117700,45.529144
2015-04-21,46.41,46.509998,45.98,46.049999,1086300,45.469898
2015-04-20,46.27,46.619999,46.220001,46.400002,1181900,45.815491
