Date,Open,High,Low,Close,Volume,Adj Close
2015-10-15,21.200001,21.709999,20.93,21.299999,1539700,21.299999
2015-10-14,20.85,21.23,20.82,21.09,2474700,21.09
2015-10-13,20.77,21.15,20.459999,20.889999,3754100,20.889999
2015-10-12,21.18,21.309999,20.65,21.08,2931400,21.08
2015-10-09,20.40,21.27,20.26,21.18,4344500,21.18
2015-10-08,19.18,20.809999,18.92,20.25,6381300,20.25
2015-10-07,19.09,19.389999,18.43,18.99,3695300,18.99
2015-10-06,18.450001,19.049999,18.290001,18.85,5778900,18.85
2015-10-05,18.379999,18.969999,18.379999,18.459999,5125300,18.459999
2015-10-02,17.879999,18.92,17.879999,18.360001,2336400,18.360001
2015-10-01,18.48,18.73,17.719999,18.209999,2623100,18.209999
2015-09-30,17.51,18.309999,17.51,18.290001,3333700,18.290001
2015-09-29,18.15,18.719999,17.639999,17.700001,4643800,17.700001
2015-09-28,18.799999,18.90,17.85,18.049999,3353600,18.049999
2015-09-25,19.459999,19.66,18.879999,18.99,2887100,18.99
2015-09-24,19.780001,19.85,18.700001,19.379999,3537400,19.379999
2015-09-23,20.879999,20.969999,19.93,19.98,1842700,19.98
2015-09-22,21.42,21.42,20.799999,20.92,2622500,20.92
2015-09-21,22.299999,22.459999,21.309999,21.549999,2174000,21.549999
2015-09-18,21.75,22.74,21.57,22.209999,3331800,22.209999
2015-09-17,23.110001,23.24,22.629999,22.690001,1669700,22.690001
2015-09-16,23.01,23.26,22.91,22.969999,2544800,22.969999
2015-09-15,23.23,23.440001,22.959999,23.040001,1495700,23.040001
2015-09-14,23.459999,23.59,23.08,23.18,778000,23.18
2015-09-11,23.25,23.50,23.030001,23.50,1514200,23.50
2015-09-10,23.870001,24.040001,23.370001,23.450001,1290000,23.450001
2015-09-09,24.040001,24.790001,23.790001,23.889999,982000,23.889999
2015-09-08,24.40,24.719999,24.26,24.559999,894500,24.559999
2015-09-04,23.74,24.43,23.700001,24.219999,1261500,24.219999
2015-09-03,24.34,24.610001,24.110001,24.17,1309100,24.17
2015-09-02,24.27,24.33,23.76,24.309999,2614400,24.309999
2015-09-01,24.700001,24.709999,23.860001,24.030001,2538000,24.030001
2015-08-31,25.290001,25.82,25.07,25.360001,1803300,25.360001
2015-08-28,24.91,25.700001,24.91,25.540001,2045300,25.540001
2015-08-27,23.870001,25.18,23.82,25.17,2368600,25.17
2015-08-26,23.959999,24.030001,23.16,23.67,2211900,23.67
2015-08-25,25.83,26.059999,23.41,23.42,2378300,23.42
2015-08-24,25.02,27.690001,23.42,24.49,3483600,24.49
2015-08-21,26.49,27.110001,25.74,25.76,1890600,25.76
2015-08-20,27.120001,27.41,26.40,26.440001,1362000,26.440001
2015-08-19,27.10,27.540001,26.77,27.35,2220300,27.35
2015-08-18,27.65,27.799999,27.26,27.290001,1475500,27.290001
2015-08-17,27.610001,27.82,27.51,27.700001,693100,27.700001
2015-08-14,27.700001,28.27,27.57,27.59,1780800,27.59
2015-08-13,27.959999,27.98,27.549999,27.690001,3734800,27.690001
2015-08-12,27.780001,28.129999,27.51,28.00,5667800,28.00
2015-08-11,27.24,28.129999,26.879999,27.82,2261200,27.82
2015-08-10,27.610001,28.809999,27.52,28.01,2033600,28.01
2015-08-07,26.98,27.57,26.77,27.50,1416800,27.50
2015-08-06,27.209999,27.41,25.82,27.34,3865400,27.34
2015-08-05,29.18,29.18,26.09,27.40,3498300,27.40
2015-08-04,28.280001,28.68,28.049999,28.190001,2533300,28.190001
2015-08-03,28.01,29.950001,27.700001,28.469999,2560100,28.469999
2015-07-31,29.60,29.940001,29.15,29.18,1802000,29.18
2015-07-30,29.42,29.799999,29.290001,29.60,768500,29.60
2015-07-29,29.190001,29.84,28.450001,29.59,2309500,29.59
2015-07-28,28.85,29.50,28.76,29.49,1137800,29.365
2015-07-27,28.60,28.940001,28.32,28.879999,1107700,28.757585
2015-07-24,28.690001,29.379999,28.66,28.76,1326900,28.638095
2015-07-23,28.74,29.23,28.67,28.860001,2724800,28.737671
2015-07-22,29.25,29.73,28.83,28.870001,1951300,28.747629
2015-07-21,29.17,29.620001,28.709999,29.530001,2340300,29.404831
2015-07-20,28.889999,29.540001,28.790001,29.219999,2170900,29.096144
2015-07-17,29.370001,29.59,28.85,29.23,3626900,29.106102
2015-07-16,29.370001,29.66,29.120001,29.190001,4699100,29.066272
2015-07-15,29.52,29.809999,29.24,29.440001,3467600,29.315212
2015-07-14,29.290001,29.93,29.110001,29.629999,3070200,29.504406
2015-07-13,29.40,30.030001,29.40,29.709999,1897000,29.584067
2015-07-10,29.440001,30.09,29.389999,29.799999,1757300,29.673685
2015-07-09,30.26,30.870001,28.940001,29.370001,3338700,29.245509
2015-07-08,30.00,30.82,29.860001,30.24,1571300,30.111821
2015-07-07,30.85,31.190001,29.93,30.76,2238400,30.629617
2015-07-06,29.559999,31.18,29.25,30.440001,4748600,30.310974
2015-07-02,27.93,30.98,27.26,30.34,8031600,30.211397
2015-07-01,29.40,29.40,27.59,27.59,9620000,27.473054
2015-06-30,28.67,29.16,28.65,28.799999,787900,28.677924
2015-06-29,29.50,30.16,28.98,28.98,298900,28.857161
2015-06-26,30.120001,30.120001,29.110001,29.459999,1629100,29.335126
2015-06-25,30.00,30.07,29.65,30.00,532700,29.872838
2015-06-24,31.00,31.00,29.75,29.940001,607500,29.813093
2015-06-23,31.50,31.549999,30.40,30.40,587400,30.271142
2015-06-22,31.10,31.92,31.10,31.50,107900,31.36648
2015-06-19,31.23,31.360001,30.93,31.030001,221100,30.898473
2015-06-18,31.530001,31.879999,31.26,31.530001,231000,31.396354
2015-06-17,31.50,33.00,31.24,31.549999,1048800,31.416267
