Date,Open,High,Low,Close,Volume,Adj Close
2015-10-09,76.870003,77.269997,76.239998,76.800003,466000,76.800003
2015-10-08,76.07,77.029999,75.550003,76.940002,554500,76.940002
2015-10-07,74.919998,76.080002,74.910004,76.07,705800,76.07
2015-10-06,75.32,75.870003,74.709999,74.800003,407100,74.800003
2015-10-05,74.889999,75.489998,74.489998,75.349998,439400,75.349998
2015-10-02,74.129997,74.709999,73.300003,74.650002,402200,74.650002
2015-10-01,74.099998,74.419998,73.410004,74.120003,550300,74.120003
2015-09-30,73.639999,74.129997,73.309998,73.900002,988300,73.900002
2015-09-29,71.349998,73.440002,70.989998,73.269997,647500,73.269997
2015-09-28,71.809998,72.389999,70.169998,71.190002,749700,71.190002
2015-09-25,72.160004,72.93,71.809998,72.419998,503200,71.719998
2015-09-24,73.010002,73.760002,71.480003,72.080002,670000,71.383288
2015-09-23,72.720001,73.419998,72.239998,73.099998,409500,72.393425
2015-09-22,72.720001,73.120003,72.309998,72.610001,509700,71.908163
2015-09-21,72.989998,73.93,72.959999,73.209999,559900,72.502362
2015-09-18,71.779999,74.220001,71.779999,72.879997,849700,72.17555
2015-09-17,72.330002,73.809998,71.32,72.699997,693000,71.99729
2015-09-16,71.68,72.830002,71.480003,72.330002,667400,71.630871
2015-09-15,70.660004,71.82,70.019997,71.559998,585600,70.86831
2015-09-14,70.989998,71.239998,70.239998,70.540001,508800,69.858172
2015-09-11,69.830002,70.82,69.559998,70.730003,386800,70.046338
2015-09-10,69.07,70.709999,68.870003,69.800003,486900,69.125327
2015-09-09,71.57,71.860001,69.349998,69.449997,572800,68.778704
2015-09-08,70.169998,71.029999,69.82,70.779999,623400,70.09585
2015-09-04,70.440002,70.599998,69.360001,69.480003,564200,68.80842
2015-09-03,71.580002,71.769997,70.870003,71.089996,424600,70.402851
2015-09-02,71.540001,71.82,70.379997,71.129997,726500,70.442466
2015-09-01,71.150002,71.809998,70.150002,70.760002,919600,70.076047
2015-08-31,73.910004,75.459999,71.949997,72.029999,899800,71.333768
2015-08-28,73.790001,74.949997,72.559998,73.959999,836100,73.245113
2015-08-27,72.830002,74.669998,72.089996,73.75,896400,73.037144
2015-08-26,72.730003,72.959999,71.370003,72.400002,1135200,71.700194
2015-08-25,73.519997,74.029999,71.360001,71.470001,1616800,70.779183
2015-08-24,75.129997,75.949997,72.739998,72.760002,1241500,72.056715
2015-08-21,78.739998,78.949997,77.449997,77.459999,771000,76.711283
2015-08-20,79.160004,79.480003,78.25,79.00,903200,78.236398
2015-08-19,80.779999,80.959999,80.080002,80.209999,818800,79.434702
2015-08-18,80.779999,81.410004,80.639999,81.279999,870300,80.494359
2015-08-17,80.029999,80.809998,78.580002,80.75,1036100,79.969483
2015-08-14,80.00,80.199997,79.129997,80.120003,827600,79.345575
2015-08-13,79.830002,80.169998,78.970001,80.00,1009500,79.226732
2015-08-12,79.690002,80.099998,78.709999,80.089996,596800,79.315859
2015-08-11,79.57,80.389999,79.260002,79.860001,772900,79.088086
2015-08-10,79.940002,79.959999,79.410004,79.730003,628600,78.959345
2015-08-07,78.949997,79.839996,78.480003,79.620003,528700,78.850408
2015-08-06,78.849998,79.230003,77.589996,79.00,527300,78.236398
2015-08-05,79.389999,79.610001,78.50,78.849998,655100,78.087846
2015-08-04,79.760002,80.129997,79.019997,79.169998,717100,78.404753
2015-08-03,79.900002,79.980003,79.040001,79.75,1177900,78.979149
2015-07-31,79.07,80.620003,79.07,79.629997,1285600,78.860306
2015-07-30,78.459999,78.889999,77.849998,78.699997,998200,77.939295
2015-07-29,78.470001,78.730003,77.809998,78.620003,717000,77.860074
2015-07-28,78.900002,79.25,78.470001,78.620003,566400,77.860074
2015-07-27,78.93,79.830002,78.809998,78.919998,676900,78.15717
2015-07-24,78.169998,79.269997,78.00,78.940002,657500,78.17698
2015-07-23,79.019997,79.050003,77.790001,78.260002,763500,77.503553
2015-07-22,78.470001,79.370003,78.470001,78.919998,410200,78.15717
2015-07-21,79.309998,79.870003,78.43,78.449997,544200,77.691711
2015-07-20,78.339996,79.050003,77.419998,78.889999,439800,78.127461
2015-07-17,78.269997,78.550003,77.349998,78.440002,520400,77.681813
2015-07-16,78.150002,78.660004,78.110001,78.360001,385100,77.602585
2015-07-15,77.790001,78.389999,77.129997,78.010002,396100,77.255969
2015-07-14,77.800003,78.300003,77.279999,77.860001,276200,77.107418
2015-07-13,78.029999,78.639999,77.099998,77.550003,479300,76.800417
2015-07-10,77.349998,78.440002,77.349998,77.559998,457000,76.810315
2015-07-09,77.269997,77.82,77.00,77.209999,560000,76.463699
2015-07-08,76.889999,77.339996,76.699997,76.879997,577600,76.136887
2015-07-07,76.940002,77.720001,75.489998,77.169998,1448400,76.424085
2015-07-06,76.120003,77.019997,75.949997,76.599998,693700,75.859595
2015-07-02,76.379997,77.169998,75.879997,76.379997,493600,75.64172
2015-07-01,74.540001,75.980003,74.040001,75.879997,1000400,75.146553
2015-06-30,74.440002,75.150002,73.959999,74.279999,651800,73.56202
2015-06-29,74.699997,75.620003,74.050003,74.099998,594600,73.383759
2015-06-26,74.199997,74.809998,73.57,74.75,541500,74.027478
2015-06-25,74.980003,75.57,74.639999,74.709999,503100,73.294629
2015-06-24,75.639999,76.089996,75.010002,75.040001,407200,73.618379
2015-06-23,76.129997,76.370003,75.230003,75.519997,833200,74.089281
2015-06-22,77.00,77.279999,76.190002,76.300003,337600,74.85451
2015-06-19,77.610001,77.610001,75.910004,76.809998,1095900,75.354843
2015-06-18,76.440002,77.910004,76.389999,77.730003,562700,76.257419
2015-06-17,75.779999,76.379997,75.07,76.160004,424400,74.717163
2015-06-16,74.769997,75.809998,74.080002,75.800003,396900,74.363983
2015-06-15,75.099998,75.099998,74.139999,74.779999,418200,73.363302
2015-06-12,74.790001,75.50,74.739998,75.160004,503300,73.736108
2015-06-11,74.209999,74.849998,73.970001,74.720001,1251600,73.304441
2015-06-10,73.099998,74.400002,72.730003,73.769997,422100,72.372434
2015-06-09,73.419998,73.940002,72.870003,73.029999,355400,71.646456
2015-06-08,73.699997,74.25,73.199997,73.57,341800,72.176226
2015-06-05,72.559998,74.029999,72.370003,73.580002,495500,72.186039
2015-06-04,73.470001,73.900002,73.120003,73.639999,292500,72.2449
2015-06-03,75.029999,75.309998,73.50,73.629997,424700,72.235087
2015-06-02,75.599998,75.599998,74.699997,74.980003,273500,73.559518
2015-06-01,75.190002,76.120003,74.739998,76.00,384000,74.560191
2015-05-29,76.029999,76.339996,74.760002,74.980003,941000,73.559518
2015-05-28,75.790001,76.150002,75.25,76.029999,449200,74.589621
2015-05-27,74.93,75.839996,74.629997,75.739998,460900,74.305114
2015-05-26,75.410004,75.660004,74.559998,74.940002,360300,73.520275
2015-05-22,75.440002,75.940002,74.760002,75.529999,243600,74.099094
2015-05-21,75.959999,76.279999,75.309998,75.589996,470100,74.157954
2015-05-20,75.800003,76.220001,75.400002,75.870003,321200,74.432656
2015-05-19,75.220001,76.00,75.010002,75.82,454200,74.3836
2015-05-18,75.800003,75.970001,75.080002,75.370003,405200,73.942129
2015-05-15,75.300003,76.279999,73.800003,76.150002,463700,74.70735
2015-05-14,74.169998,75.209999,73.959999,75.050003,349100,73.628191
2015-05-13,75.309998,75.760002,73.760002,73.959999,485400,72.558837
2015-05-12,74.050003,75.220001,73.459999,74.940002,352800,73.520275
2015-05-11,75.519997,75.650002,74.150002,74.510002,561100,73.098421
2015-05-08,76.080002,76.93,75.550003,75.760002,366700,74.32474
2015-05-07,74.059998,75.690002,74.00,75.059998,472900,73.637996
2015-05-06,73.580002,74.18,73.269997,73.860001,482500,72.460733
2015-05-05,75.25,75.349998,73.169998,73.440002,716300,72.048692
2015-05-04,74.989998,75.860001,74.989998,75.50,713900,74.069663
2015-05-01,75.669998,76.260002,74.800003,74.970001,587300,73.549705
2015-04-30,75.860001,76.50,74.559998,75.080002,715800,73.657622
2015-04-29,76.510002,77.480003,75.970001,76.279999,398600,74.834885
2015-04-28,77.57,77.730003,76.720001,77.449997,278700,75.982718
2015-04-27,77.489998,78.169998,76.940002,77.650002,467300,76.178933
2015-04-24,77.410004,78.150002,77.230003,77.269997,350600,75.806127
2015-04-23,77.50,77.879997,77.309998,77.440002,315700,75.972912
2015-04-22,76.639999,77.949997,76.639999,77.50,466000,76.031773
2015-04-21,76.440002,76.910004,76.260002,76.75,400500,75.295982
2015-04-20,76.059998,76.269997,75.459999,76.040001,510200,74.599434
2015-04-17,75.980003,76.610001,75.43,75.970001,433600,74.53076
2015-04-16,75.639999,76.660004,75.489998,76.279999,441300,74.834885
2015-04-15,76.660004,76.970001,75.82,75.849998,376000,74.413031
2015-04-14,76.400002,77.139999,76.400002,76.620003,539800,75.168448
2015-04-13,76.370003,76.82,76.010002,76.019997,413300,74.579808
