Date,Open,High,Low,Close,Volume,Adj Close
2015-10-16,48.470001,48.970001,47.43,48.00,221800,48.00
2015-10-15,48.830002,48.830002,47.25,48.509998,342500,48.509998
2015-10-14,49.790001,50.119999,48.810001,49.00,316100,49.00
2015-10-13,50.299999,50.880001,49.82,49.849998,264100,49.849998
2015-10-12,51.240002,51.32,50.380001,50.549999,223900,50.549999
2015-10-09,50.639999,51.599998,50.639999,51.16,302200,51.16
2015-10-08,49.150002,50.610001,49.150002,50.389999,838900,50.389999
2015-10-07,49.57,50.290001,48.619999,49.259998,598100,49.259998
2015-10-06,49.139999,49.790001,48.919998,49.110001,322400,49.110001
2015-10-05,47.849998,49.43,47.849998,49.220001,259200,49.220001
2015-10-02,45.849998,47.490002,45.52,47.48,205900,47.48
2015-10-01,46.77,47.099998,45.919998,46.290001,219300,46.290001
2015-09-30,46.240002,46.75,45.91,46.610001,295700,46.610001
2015-09-29,46.130001,46.380001,45.369999,45.91,234500,45.91
2015-09-28,46.509998,46.639999,46.009998,46.080002,234400,46.080002
2015-09-25,47.349998,47.349998,46.66,46.869999,240200,46.869999
2015-09-24,47.02,47.299999,46.490002,47.139999,262800,47.139999
2015-09-23,48.490002,48.650002,47.450001,47.549999,131300,47.549999
2015-09-22,48.540001,48.990002,47.900002,48.299999,187600,48.299999
2015-09-21,49.689999,50.049999,49.119999,49.34,163800,49.34
2015-09-18,50.189999,50.529999,49.380001,49.459999,360100,49.459999
2015-09-17,51.959999,51.959999,50.810001,50.91,205400,50.91
2015-09-16,51.349998,52.27,51.34,52.209999,175000,52.209999
2015-09-15,50.299999,51.290001,50.099998,51.130001,153900,51.130001
2015-09-14,51.110001,51.34,50.02,50.099998,180500,50.099998
2015-09-11,50.959999,51.110001,50.380001,51.00,115200,51.00
2015-09-10,51.220001,51.650002,50.720001,51.110001,223100,51.110001
2015-09-09,52.060001,52.41,50.900002,51.32,333600,51.32
2015-09-08,51.029999,51.639999,50.810001,51.580002,223000,51.580002
2015-09-04,50.52,51.060001,50.16,50.34,178800,50.34
2015-09-03,51.279999,51.849998,50.799999,51.279999,127700,51.279999
2015-09-02,51.119999,51.799999,50.599998,51.209999,270900,51.209999
2015-09-01,51.669998,51.959999,50.200001,50.450001,337800,50.450001
2015-08-31,52.34,53.040001,51.82,52.540001,303000,52.540001
2015-08-28,51.540001,52.549999,51.209999,52.549999,287200,52.549999
2015-08-27,51.18,52.169998,50.849998,51.919998,303900,51.919998
2015-08-26,50.73,51.00,49.720001,50.540001,554500,50.209999
2015-08-25,51.689999,51.689999,49.459999,49.84,603900,49.514569
2015-08-24,51.349998,52.25,48.59,50.16,664400,49.83248
2015-08-21,53.810001,54.080002,53.189999,53.209999,599300,52.862564
2015-08-20,54.00,54.330002,53.599998,54.150002,543100,53.796429
2015-08-19,54.380001,54.700001,53.810001,54.330002,338800,53.975254
2015-08-18,55.400002,55.43,54.50,54.830002,220700,54.471989
2015-08-17,54.150002,54.799999,53.709999,54.759998,219100,54.402442
2015-08-14,54.50,54.639999,54.040001,54.299999,198100,53.945447
2015-08-13,54.57,54.990002,54.00,54.259998,226000,53.905707
2015-08-12,53.59,54.84,53.52,54.689999,444000,54.3329
2015-08-11,53.84,54.23,53.669998,54.00,381900,53.647406
2015-08-10,52.919998,54.619999,52.919998,54.619999,384900,54.263357
2015-08-07,52.869999,53.32,52.099998,52.419998,270500,52.077721
2015-08-06,52.869999,53.169998,52.50,52.91,259100,52.564523
2015-08-05,53.32,53.82,52.52,52.880001,293600,52.534721
2015-08-04,53.240002,53.450001,52.75,52.93,212500,52.584393
2015-08-03,53.240002,53.48,52.700001,53.060001,332500,52.713546
2015-07-31,53.43,53.650002,52.939999,53.200001,277300,52.852631
2015-07-30,53.389999,53.630001,52.59,53.220001,378200,52.872501
2015-07-29,53.630001,53.98,52.84,53.740002,440700,53.389106
2015-07-28,51.459999,55.529999,50.720001,53.869999,860800,53.518254
2015-07-27,53.25,53.27,52.630001,52.900002,372400,52.55459
2015-07-24,54.290001,54.630001,53.490002,53.669998,281000,53.319559
2015-07-23,54.810001,55.27,54.310001,54.549999,350600,54.193814
2015-07-22,55.43,55.73,54.919998,55.049999,244600,54.69055
2015-07-21,57.57,57.68,55.509998,55.73,390500,55.36611
2015-07-20,57.34,58.009998,57.18,57.790001,263700,57.412661
2015-07-17,57.959999,57.959999,56.639999,57.43,327000,57.055011
2015-07-16,57.810001,58.279999,57.41,57.950001,320100,57.571616
2015-07-15,57.66,57.950001,56.950001,57.389999,292300,57.015271
2015-07-14,57.810001,57.990002,57.360001,57.75,137500,57.372921
2015-07-13,57.549999,57.959999,57.169998,57.740002,339100,57.362988
2015-07-10,57.490002,57.540001,56.799999,57.099998,212900,56.727163
2015-07-09,56.740002,57.169998,55.990002,56.849998,477300,56.478796
2015-07-08,56.580002,56.990002,55.860001,56.330002,248400,55.962195
2015-07-07,57.759998,57.830002,56.43,57.099998,418200,56.727163
2015-07-06,57.490002,57.66,56.860001,57.41,263300,57.035141
2015-07-02,58.580002,58.849998,57.919998,58.02,180800,57.641158
2015-07-01,59.25,59.43,58.259998,58.349998,268000,57.969002
2015-06-30,59.150002,59.560001,58.240002,58.73,429000,58.346521
2015-06-29,58.959999,59.360001,58.43,58.48,315200,58.098154
2015-06-26,59.779999,59.84,59.349998,59.529999,533400,59.141297
2015-06-25,61.009998,61.009998,59.380001,59.810001,202000,59.419471
2015-06-24,61.279999,61.619999,60.450001,60.790001,179000,60.393072
2015-06-23,60.939999,61.360001,60.560001,61.349998,183500,60.949413
2015-06-22,60.950001,61.150002,60.610001,61.040001,199800,60.64144
2015-06-19,60.59,60.950001,60.060001,60.50,362400,60.104965
2015-06-18,60.450001,60.84,60.16,60.50,184200,60.104965
2015-06-17,60.68,61.009998,59.84,60.330002,200500,59.936076
2015-06-16,60.439999,60.779999,60.209999,60.580002,181900,60.184444
2015-06-15,60.470001,60.650002,59.919998,60.619999,249900,60.22418
2015-06-12,61.389999,61.419998,60.740002,61.150002,133900,60.750722
2015-06-11,61.450001,61.740002,61.009998,61.560001,296200,61.158045
2015-06-10,60.959999,61.459999,60.810001,61.240002,222600,60.840134
2015-06-09,61.41,61.52,60.41,60.560001,237600,60.164574
2015-06-08,61.43,61.73,60.970001,61.110001,212000,60.710982
2015-06-05,60.900002,61.529999,60.580002,61.50,223400,61.098435
2015-06-04,61.279999,61.360001,60.75,61.130001,337000,60.730852
2015-06-03,60.790001,62.110001,60.790001,61.630001,238000,61.227587
2015-06-02,60.27,61.00,60.27,60.73,212900,60.333462
2015-06-01,60.779999,61.02,59.919998,60.490002,334800,60.095032
2015-05-29,61.080002,61.599998,60.259998,60.529999,227200,60.134768
2015-05-28,61.41,61.439999,60.669998,61.23,156800,60.830198
2015-05-27,60.82,61.669998,60.619999,61.560001,253600,61.158045
2015-05-26,62.23,62.330002,60.82,61.139999,359000,60.412943
2015-05-22,62.889999,63.110001,62.360001,62.450001,181700,61.707366
2015-05-21,62.740002,63.68,62.650002,62.959999,221000,62.2113
2015-05-20,62.650002,63.119999,62.169998,62.59,338100,61.845701
2015-05-19,62.639999,62.959999,61.650002,62.490002,310100,61.746892
2015-05-18,62.040001,62.950001,61.779999,62.759998,309000,62.013678
2015-05-15,62.389999,62.630001,61.830002,62.279999,209600,61.539386
2015-05-14,61.91,62.599998,61.52,62.509998,493600,61.76665
2015-05-13,60.970001,61.470001,60.16,61.389999,252500,60.65997
2015-05-12,60.490002,60.84,59.77,60.619999,354900,59.899126
2015-05-11,59.950001,60.77,59.700001,60.419998,494900,59.701504
2015-05-08,60.00,60.619999,59.889999,59.950001,428200,59.237096
2015-05-07,60.240002,60.240002,59.48,59.669998,453800,58.960423
2015-05-06,60.73,61.389999,59.630001,60.43,435000,59.711387
2015-05-05,61.73,62.50,60.389999,60.650002,446500,59.928772
2015-05-04,61.93,62.209999,61.330002,61.700001,369100,60.966285
2015-05-01,61.630001,62.16,61.330002,61.860001,566700,61.124382
2015-04-30,61.360001,62.029999,60.959999,61.110001,704700,60.383301
2015-04-29,61.330002,61.939999,61.009998,61.650002,761100,60.91688
2015-04-28,59.849998,62.16,59.419998,61.970001,1166300,61.233075
2015-04-27,61.200001,61.77,60.720001,60.849998,641800,60.126391
2015-04-24,61.849998,62.040001,60.900002,61.139999,310100,60.412943
2015-04-23,61.459999,61.950001,60.950001,61.549999,379500,60.818067
2015-04-22,61.490002,61.560001,60.700001,61.509998,158700,60.778542
2015-04-21,62.110001,62.110001,60.860001,61.32,206900,60.590803
2015-04-20,61.740002,62.080002,61.380001,61.860001,249000,61.124382
