Date,Open,High,Low,Close,Volume,Adj Close
2015-10-09,93.809998,94.559998,92.650002,92.830002,365000,92.830002
2015-10-08,92.57,94.440002,92.389999,94.00,422000,94.00
2015-10-07,91.620003,92.540001,90.779999,92.540001,630200,92.540001
2015-10-06,92.07,92.709999,90.910004,91.169998,515500,91.169998
2015-10-05,91.529999,92.68,91.169998,92.120003,805900,92.120003
2015-10-02,88.639999,90.989998,87.50,90.959999,715400,90.959999
2015-10-01,90.959999,91.00,88.550003,89.580002,719000,89.580002
2015-09-30,88.50,90.860001,88.190002,90.639999,585800,90.639999
2015-09-29,89.57,89.690002,87.220001,87.669998,1051400,87.669998
2015-09-28,93.269997,93.879997,89.379997,89.589996,1002500,89.589996
2015-09-25,94.559998,94.800003,93.309998,93.790001,603300,93.790001
2015-09-24,96.059998,96.059998,93.540001,93.889999,700800,93.889999
2015-09-23,97.440002,97.910004,95.690002,96.440002,441700,96.440002
2015-09-22,97.129997,97.860001,96.220001,97.040001,347700,97.040001
2015-09-21,97.349998,99.349998,97.160004,98.339996,450700,98.339996
2015-09-18,96.110001,97.610001,95.809998,97.139999,742400,97.139999
2015-09-17,97.959999,98.269997,96.790001,96.980003,408100,96.980003
2015-09-16,96.010002,98.620003,95.00,97.970001,740300,97.970001
2015-09-15,97.790001,98.639999,97.019997,98.169998,301100,98.169998
2015-09-14,97.669998,98.190002,96.93,97.339996,308200,97.339996
2015-09-11,96.760002,98.400002,95.980003,97.650002,441800,97.650002
2015-09-10,95.230003,97.919998,95.160004,97.040001,689200,97.040001
2015-09-09,97.830002,98.410004,95.330002,95.650002,678900,95.650002
2015-09-08,98.480003,98.830002,96.57,97.120003,628900,97.120003
2015-09-04,97.00,97.879997,96.459999,97.209999,390100,97.209999
2015-09-03,98.75,99.68,97.400002,97.75,524200,97.75
2015-09-02,97.269997,98.760002,97.269997,98.269997,386700,98.269997
2015-09-01,97.230003,98.639999,96.110001,96.540001,413900,96.540001
2015-08-31,98.480003,99.82,98.00,98.309998,463600,98.309998
2015-08-28,97.370003,99.040001,97.129997,98.540001,369700,98.540001
2015-08-27,97.599998,98.93,96.650002,98.379997,552100,98.159995
2015-08-26,96.489998,97.650002,94.029999,96.959999,859900,96.743173
2015-08-25,95.260002,97.550003,94.620003,94.830002,854600,94.617939
2015-08-24,92.190002,95.919998,90.510002,93.379997,821800,93.171177
2015-08-21,97.379997,97.889999,95.080002,95.400002,727500,95.186664
2015-08-20,97.730003,98.889999,96.620003,98.010002,928700,97.790828
2015-08-19,98.720001,99.379997,97.699997,98.82,493200,98.599014
2015-08-18,99.379997,100.50,98.57,98.739998,448800,98.519191
2015-08-17,99.139999,99.970001,98.199997,99.300003,428000,99.077944
2015-08-14,98.220001,99.589996,97.860001,99.290001,372600,99.067964
2015-08-13,98.160004,99.129997,97.790001,98.07,298400,97.850691
2015-08-12,98.00,98.360001,96.080002,98.00,575400,97.780848
2015-08-11,98.00,98.75,97.139999,98.400002,527700,98.179955
2015-08-10,99.00,99.260002,98.029999,98.93,638900,98.708768
2015-08-07,97.779999,98.809998,97.010002,98.620003,667500,98.399464
2015-08-06,100.959999,101.660004,97.480003,98.010002,923800,97.790828
2015-08-05,100.980003,102.43,100.400002,101.279999,581300,101.053512
2015-08-04,101.32,101.43,99.980003,100.330002,581800,100.105639
2015-08-03,101.410004,102.690002,99.760002,100.68,872100,100.454855
2015-07-31,100.330002,102.660004,100.190002,101.410004,889800,101.183226
2015-07-30,101.790001,103.150002,100.010002,100.419998,1647900,100.195434
2015-07-29,107.760002,107.800003,98.580002,101.449997,4478800,101.22313
2015-07-28,106.800003,108.879997,106.040001,107.889999,861600,107.648731
2015-07-27,107.809998,107.809998,105.709999,106.699997,603000,106.461389
2015-07-24,108.18,108.690002,107.699997,108.25,616000,108.007926
2015-07-23,108.769997,109.529999,107.910004,107.980003,503800,107.738533
2015-07-22,105.940002,109.07,105.940002,108.980003,742300,108.736297
2015-07-21,106.540001,106.879997,105.400002,105.959999,403100,105.723046
2015-07-20,105.910004,106.68,105.599998,106.410004,475800,106.172045
2015-07-17,105.239998,105.760002,105.050003,105.529999,849700,105.294008
2015-07-16,106.790001,106.940002,105.129997,105.260002,887500,105.024615
2015-07-15,107.959999,108.07,106.019997,106.150002,560600,105.912624
2015-07-14,108.339996,108.75,107.620003,107.959999,386400,107.718574
2015-07-13,107.339996,108.610001,107.339996,108.389999,687500,108.147613
2015-07-10,106.199997,106.970001,104.949997,106.400002,774700,106.162065
2015-07-09,107.330002,107.870003,104.889999,105.370003,838500,105.134369
2015-07-08,107.690002,107.779999,105.860001,106.25,639800,106.012399
2015-07-07,108.160004,108.300003,105.870003,107.760002,643800,107.519024
2015-07-06,107.290001,108.709999,106.919998,107.959999,555900,107.718574
2015-07-02,108.599998,108.980003,107.220001,107.800003,473600,107.558936
2015-07-01,107.970001,108.209999,106.330002,108.040001,946700,107.798397
2015-06-30,106.779999,107.120003,106.089996,106.300003,501600,106.06229
2015-06-29,108.290001,108.480003,105.870003,106.019997,621300,105.78291
2015-06-26,108.290001,109.300003,108.080002,108.839996,657600,108.596603
2015-06-25,107.50,108.580002,107.389999,108.010002,410600,107.768465
2015-06-24,108.050003,108.419998,107.190002,107.379997,302500,107.139869
2015-06-23,107.300003,108.339996,106.889999,108.25,745700,108.007926
2015-06-22,107.230003,107.830002,107.040001,107.349998,417700,107.109937
2015-06-19,107.199997,107.760002,106.309998,106.629997,1022900,106.391546
2015-06-18,106.650002,107.32,106.260002,107.099998,671400,106.860496
2015-06-17,106.669998,107.489998,106.410004,107.279999,649800,107.040094
2015-06-16,105.150002,106.800003,105.150002,106.470001,604200,106.231908
2015-06-15,105.660004,105.660004,104.599998,105.410004,745000,105.174281
2015-06-12,105.529999,106.269997,104.809998,106.099998,611800,105.862733
2015-06-11,104.919998,105.870003,104.919998,105.769997,565400,105.533469
2015-06-10,105.779999,105.779999,104.870003,104.959999,568500,104.725283
2015-06-09,104.099998,105.419998,103.730003,105.309998,759300,105.074498
2015-06-08,105.190002,105.330002,103.949997,103.980003,470100,103.747478
2015-06-05,104.410004,105.25,103.779999,105.07,527400,104.835037
2015-06-04,103.459999,104.949997,103.330002,104.440002,766700,104.206449
2015-06-03,103.889999,104.809998,103.400002,104.089996,630500,103.857225
2015-06-02,103.980003,104.290001,103.370003,103.580002,475400,103.348371
2015-06-01,103.620003,104.50,102.830002,103.879997,630400,103.647696
2015-05-29,102.870003,103.93,102.449997,103.220001,922700,102.989176
2015-05-28,100.830002,103.690002,100.209999,103.18,1068100,102.949264
2015-05-27,98.949997,100.849998,98.440002,100.769997,477300,100.54465
2015-05-26,100.599998,100.639999,98.989998,99.139999,460000,98.918298
2015-05-22,100.620003,101.019997,100.040001,100.68,370800,100.454855
2015-05-21,100.849998,101.150002,100.470001,100.690002,354200,100.464835
2015-05-20,101.07,101.080002,99.410004,100.949997,657400,100.724248
2015-05-19,100.629997,101.440002,100.169998,100.480003,682300,100.255305
2015-05-18,99.440002,100.389999,98.769997,100.25,910400,99.806311
2015-05-15,99.019997,99.279999,98.849998,99.169998,282600,98.731089
2015-05-14,98.480003,99.339996,97.800003,98.910004,358200,98.472245
2015-05-13,98.769997,99.349998,98.00,98.419998,286000,97.984409
2015-05-12,98.989998,99.199997,98.169998,98.889999,490000,98.45233
2015-05-11,99.629997,100.190002,98.849998,99.400002,556800,98.960075
2015-05-08,100.519997,101.209999,99.739998,99.800003,572500,99.358306
2015-05-07,100.110001,100.879997,99.809998,100.209999,463700,99.766487
2015-05-06,100.870003,101.139999,99.470001,100.199997,509100,99.756529
2015-05-05,100.650002,101.370003,100.309998,100.75,629200,100.304098
2015-05-04,100.550003,101.449997,100.519997,100.93,635500,100.483302
2015-05-01,100.139999,100.68,99.050003,100.169998,1122500,99.726663
2015-04-30,99.239998,101.699997,98.610001,99.860001,1407700,99.418038
2015-04-29,99.00,101.480003,96.919998,98.489998,2127400,98.054098
2015-04-28,94.010002,94.029999,92.580002,92.970001,863500,92.558532
2015-04-27,94.639999,95.620003,94.150002,94.400002,510100,93.982204
2015-04-24,95.279999,95.559998,93.980003,94.080002,467800,93.66362
2015-04-23,94.599998,95.260002,94.599998,94.980003,303000,94.559639
2015-04-22,95.230003,95.230003,94.339996,94.790001,350800,94.370477
2015-04-21,95.440002,95.589996,94.580002,94.940002,606700,94.519815
2015-04-20,94.279999,95.040001,93.540001,94.980003,484200,94.559639
2015-04-17,94.00,94.489998,93.199997,93.660004,376600,93.245481
2015-04-16,94.269997,95.199997,94.199997,94.510002,508700,94.091718
2015-04-15,94.190002,95.559998,93.620003,94.449997,638800,94.031978
2015-04-14,93.610001,94.32,92.900002,93.790001,526700,93.374903
2015-04-13,93.68,94.75,93.660004,93.690002,371900,93.275347
