Date,Open,High,Low,Close,Volume,Adj Close
2015-10-15,34.869999,36.00,34.599998,35.93,401100,35.93
2015-10-14,35.049999,35.450001,34.639999,34.959999,631100,34.959999
2015-10-13,34.07,35.27,33.810001,34.759998,450500,34.759998
2015-10-12,35.419998,35.419998,34.48,34.650002,188400,34.650002
2015-10-09,35.419998,36.02,35.189999,35.299999,473800,35.299999
2015-10-08,34.009998,35.279999,33.849998,35.040001,461900,35.040001
2015-10-07,33.919998,34.650002,33.41,34.18,575100,34.18
2015-10-06,32.799999,33.950001,32.720001,33.360001,475100,33.360001
2015-10-05,31.59,33.080002,31.33,32.849998,466800,32.849998
2015-10-02,29.639999,31.280001,29.549999,31.110001,494600,31.110001
2015-10-01,30.049999,30.50,29.25,29.84,452900,29.84
2015-09-30,30.16,30.24,29.299999,29.77,476500,29.77
2015-09-29,29.540001,29.75,29.33,29.60,567500,29.60
2015-09-28,29.52,29.84,29.18,29.34,570800,29.34
2015-09-25,30.74,30.75,29.77,29.82,381300,29.82
2015-09-24,30.01,30.809999,29.780001,30.540001,681400,30.540001
2015-09-23,31.83,32.029999,30.26,30.389999,548200,30.389999
2015-09-22,31.950001,32.540001,31.200001,31.52,968200,31.52
2015-09-21,33.00,33.360001,32.34,32.529999,533900,32.529999
2015-09-18,33.759998,33.889999,32.630001,32.740002,900400,32.740002
2015-09-17,34.57,34.950001,33.77,34.189999,493400,34.189999
2015-09-16,34.439999,35.209999,34.189999,34.52,467800,34.52
2015-09-15,33.66,34.439999,33.459999,34.27,428900,34.27
2015-09-14,34.330002,34.509998,32.799999,33.650002,399700,33.650002
2015-09-11,34.50,34.709999,33.919998,34.419998,246100,34.419998
2015-09-10,34.689999,34.950001,33.970001,34.59,413900,34.59
2015-09-09,36.57,36.57,34.119999,34.639999,668500,34.639999
2015-09-08,36.32,36.59,35.380001,35.779999,651400,35.779999
2015-09-04,36.50,36.849998,35.560001,35.580002,547400,35.580002
2015-09-03,36.98,37.759998,36.50,37.16,695100,37.16
2015-09-02,38.400002,38.549999,37.240002,38.419998,359100,38.239999
2015-09-01,37.889999,38.689999,37.299999,37.52,366900,37.344218
2015-08-31,38.360001,39.360001,37.849998,39.00,309800,38.817283
2015-08-28,37.709999,39.349998,37.52,38.470001,439900,38.289768
2015-08-27,35.580002,38.029999,35.400002,37.779999,614200,37.602998
2015-08-26,35.310001,35.369999,34.360001,35.07,474700,34.905695
2015-08-25,37.09,37.200001,34.549999,34.580002,576000,34.417993
2015-08-24,37.16,38.16,36.07,36.07,625300,35.90101
2015-08-21,36.799999,37.740002,36.52,36.779999,432800,36.607683
2015-08-20,38.52,38.73,37.689999,37.689999,283200,37.513419
2015-08-19,38.080002,38.889999,37.41,38.299999,339200,38.120562
2015-08-18,38.860001,39.25,38.34,38.549999,251600,38.369391
2015-08-17,38.77,39.189999,38.459999,39.169998,336000,38.986485
2015-08-14,38.41,39.689999,38.16,39.080002,331700,38.89691
2015-08-13,38.889999,39.189999,37.84,38.400002,264600,38.220096
2015-08-12,38.75,39.27,37.84,39.110001,371400,38.926769
2015-08-11,39.25,39.610001,38.099998,38.91,310300,38.727705
2015-08-10,38.439999,40.279999,38.029999,40.060001,421300,39.872318
2015-08-07,37.98,39.029999,37.580002,37.990002,485700,37.812017
2015-08-06,37.130001,38.450001,36.52,38.279999,322200,38.100655
2015-08-05,37.419998,37.970001,36.77,37.119999,385600,36.94609
2015-08-04,37.130001,37.48,36.490002,36.75,312000,36.577825
2015-08-03,37.41,37.41,36.459999,36.82,354000,36.647496
2015-07-31,38.139999,38.439999,37.470001,37.540001,599400,37.364124
2015-07-30,38.00,38.790001,37.529999,38.150002,870800,37.971267
2015-07-29,36.639999,37.990002,36.610001,37.799999,445800,37.622905
2015-07-28,35.880001,36.93,35.439999,36.779999,464400,36.607683
2015-07-27,35.049999,35.66,34.490002,35.450001,433500,35.283916
2015-07-24,36.810001,36.990002,35.200001,35.240002,551700,35.074901
2015-07-23,36.91,37.439999,36.720001,36.98,268100,36.806747
2015-07-22,36.869999,37.450001,36.470001,36.689999,327500,36.518104
2015-07-21,37.279999,38.16,37.130001,37.209999,580200,37.035669
2015-07-20,37.700001,37.900002,37.080002,37.389999,287000,37.214826
2015-07-17,38.169998,38.169998,37.360001,37.779999,352800,37.602998
2015-07-16,38.580002,39.040001,38.18,38.240002,389100,38.060846
2015-07-15,40.099998,40.099998,37.959999,38.27,610700,38.090704
2015-07-14,40.07,41.25,39.630001,40.560001,531100,40.369976
2015-07-13,39.110001,40.220001,38.84,40.110001,346500,39.922083
2015-07-10,38.919998,39.169998,38.43,38.869999,245100,38.687891
2015-07-09,38.75,38.950001,38.290001,38.470001,296000,38.289768
2015-07-08,38.549999,39.18,38.150002,38.150002,367700,37.971267
2015-07-07,38.860001,39.419998,37.720001,39.209999,298600,39.026299
2015-07-06,39.040001,39.779999,38.75,39.110001,616400,38.926769
2015-07-02,39.189999,39.689999,38.91,39.57,415800,39.384612
2015-07-01,38.830002,39.490002,38.419998,39.119999,556300,38.93672
2015-06-30,40.080002,40.18,38.41,38.68,536300,38.498783
2015-06-29,41.41,41.619999,39.790001,39.830002,428300,39.643397
2015-06-26,41.900002,42.029999,41.07,41.830002,3565000,41.634026
2015-06-25,42.849998,42.91,41.779999,41.990002,341200,41.793277
2015-06-24,42.689999,43.060001,42.439999,42.889999,419200,42.689058
2015-06-23,42.259998,42.759998,42.040001,42.689999,316700,42.489994
2015-06-22,42.360001,42.549999,42.009998,42.25,279600,42.052057
2015-06-19,42.700001,42.700001,41.82,42.150002,759300,41.952527
2015-06-18,42.57,42.869999,42.040001,42.580002,235100,42.380513
2015-06-17,42.66,42.860001,41.619999,42.459999,600400,42.261072
2015-06-16,41.91,42.610001,41.869999,42.50,279500,42.300886
2015-06-15,42.119999,42.119999,41.130001,41.939999,286800,41.743508
2015-06-12,42.130001,42.349998,41.709999,42.299999,238000,42.101822
2015-06-11,41.650002,42.18,41.490002,42.169998,192300,41.97243
2015-06-10,41.389999,42.16,41.389999,41.759998,180400,41.564351
2015-06-09,41.25,41.889999,40.830002,40.880001,225600,40.688476
2015-06-08,41.439999,41.759998,40.810001,40.959999,205200,40.7681
2015-06-05,41.299999,41.50,40.740002,41.470001,257100,41.275712
2015-06-04,41.52,41.790001,40.900002,41.369999,170800,41.176179
2015-06-03,41.34,42.400002,41.310001,41.779999,178300,41.584258
2015-06-02,40.509998,41.549999,40.509998,41.259998,239000,41.066693
2015-06-01,40.919998,41.110001,39.82,40.389999,311300,40.20077
2015-05-29,41.060001,41.110001,40.41,40.84,429000,40.648663
2015-05-28,41.540001,41.540001,40.669998,41.220001,269300,41.026884
2015-05-27,41.52,41.82,41.130001,41.77,228800,41.574306
2015-05-26,42.619999,42.689999,41.32,41.529999,238200,41.335429
2015-05-22,42.630001,43.07,42.310001,42.759998,227700,42.559666
2015-05-21,43.25,43.439999,42.419998,42.689999,249500,42.489994
2015-05-20,43.599998,43.720001,42.77,43.16,276600,42.957793
2015-05-19,43.830002,44.139999,42.529999,43.41,308900,43.206622
2015-05-18,43.950001,44.150002,43.610001,43.93,271400,43.724186
2015-05-15,44.389999,44.720001,43.990002,44.130001,259000,43.92325
2015-05-14,44.41,44.810001,44.139999,44.509998,260700,44.301467
2015-05-13,44.080002,44.400002,43.580002,44.029999,268900,43.823716
2015-05-12,44.599998,44.599998,43.869999,43.959999,202400,43.754045
2015-05-11,44.049999,44.84,44.049999,44.580002,287700,44.371143
2015-05-08,44.32,44.880001,43.610001,43.790001,326500,43.584843
2015-05-07,44.00,44.09,43.349998,43.759998,258400,43.375825
2015-05-06,44.610001,44.889999,43.869999,44.139999,329300,43.75249
2015-05-05,44.759998,45.419998,44.330002,44.400002,350900,44.010209
2015-05-04,44.549999,45.400002,44.380001,44.610001,369800,44.218365
2015-05-01,44.009998,44.41,43.389999,44.330002,529100,43.940824
2015-04-30,41.330002,44.200001,41.099998,43.25,683100,42.870304
2015-04-29,42.00,42.830002,41.740002,42.639999,396700,42.265658
2015-04-28,41.59,42.799999,41.119999,42.259998,439400,41.888993
2015-04-27,42.029999,42.880001,41.799999,41.959999,602500,41.591628
2015-04-24,42.029999,42.419998,41.73,41.830002,317700,41.462772
2015-04-23,41.240002,42.27,41.240002,41.779999,543500,41.413208
2015-04-22,40.650002,41.220001,40.419998,41.07,648300,40.709442
2015-04-21,40.639999,41.09,40.290001,40.66,384300,40.303041
2015-04-20,40.220001,41.080002,40.200001,40.720001,323400,40.362516
