Date,Open,High,Low,Close,Volume,Adj Close
2015-10-16,19.469999,19.92,19.40,19.780001,793300,19.780001
2015-10-15,19.370001,19.459999,19.00,19.41,666500,19.41
2015-10-14,19.110001,19.299999,18.75,18.83,398100,18.83
2015-10-13,19.08,19.469999,19.00,19.16,401500,19.16
2015-10-12,19.24,19.549999,19.129999,19.26,374900,19.26
2015-10-09,19.75,19.99,19.40,19.60,530600,19.60
2015-10-08,19.48,19.83,19.257999,19.690001,569700,19.690001
2015-10-07,18.93,19.559999,18.90,19.549999,844400,19.549999
2015-10-06,19.299999,19.299999,18.870001,18.889999,895600,18.889999
2015-10-05,18.27,18.799999,18.27,18.639999,637800,18.639999
2015-10-02,17.200001,18.280001,17.10,18.26,1722800,18.26
2015-10-01,17.90,18.01,16.959999,17.43,758300,17.43
2015-09-30,17.950001,17.98,17.50,17.90,785000,17.90
2015-09-29,18.25,18.280001,17.57,17.629999,994300,17.629999
2015-09-28,19.40,19.41,18.17,18.190001,830000,18.190001
2015-09-25,20.610001,20.66,20.02,20.09,653200,19.49
2015-09-24,20.530001,20.719999,20.18,20.49,486700,19.878053
2015-09-23,20.719999,21.110001,20.60,20.73,502700,20.110885
2015-09-22,20.629999,20.84,20.440001,20.60,432700,19.984769
2015-09-21,20.91,21.155001,20.67,20.889999,403600,20.266107
2015-09-18,21.08,21.719999,20.83,20.85,1170300,20.227302
2015-09-17,21.40,21.75,20.889999,21.440001,583900,20.799682
2015-09-16,21.01,21.59,20.75,21.389999,678100,20.751174
2015-09-15,20.450001,21.129999,20.35,21.01,500200,20.382523
2015-09-14,20.58,20.73,20.200001,20.48,409600,19.868352
2015-09-11,20.370001,21.00,20.34,20.85,599700,20.227302
2015-09-10,20.190001,20.60,20.049999,20.52,806500,19.907158
2015-09-09,20.459999,20.719999,20.280001,20.290001,641600,19.684027
2015-09-08,20.52,20.549999,20.08,20.209999,758500,19.606415
2015-09-04,20.290001,20.52,19.969999,20.200001,656600,19.596715
2015-09-03,20.41,21.00,20.299999,20.469999,1246500,19.85865
2015-09-02,20.299999,20.889999,20.190001,20.440001,769500,19.829547
2015-09-01,20.10,20.440001,19.85,20.07,1136600,19.470597
2015-08-31,20.469999,20.68,19.98,20.10,1248700,19.499701
2015-08-28,20.59,20.937,20.50,20.60,690000,19.984769
2015-08-27,20.290001,21.190001,20.15,20.68,635800,20.062379
2015-08-26,20.08,20.43,19.799999,20.190001,773200,19.587014
2015-08-25,19.799999,20.26,19.76,19.76,806000,19.169856
2015-08-24,19.389999,20.76,18.361,19.709999,1069300,19.121348
2015-08-21,21.50,21.709999,20.610001,20.610001,1123100,19.99447
2015-08-20,22.459999,22.75,21.709999,21.77,799000,21.119826
2015-08-19,23.139999,23.139999,22.15,22.77,660600,22.08996
2015-08-18,23.200001,23.42,23.09,23.139999,672000,22.448909
2015-08-17,22.92,23.42,22.629999,23.280001,944500,22.584729
2015-08-14,22.15,23.10,22.075001,23.059999,803000,22.371298
2015-08-13,20.84,22.50,20.84,22.209999,908300,21.546684
2015-08-12,21.25,21.358999,20.76,21.209999,863300,20.576549
2015-08-11,21.90,22.07,21.23,21.549999,648700,20.906395
2015-08-10,21.24,22.02,21.08,22.01,518600,21.352658
2015-08-07,21.280001,21.530001,21.110001,21.26,692800,20.625057
2015-08-06,21.50,22.42,20.799999,21.34,1241000,20.702668
2015-08-05,21.469999,21.691,21.09,21.23,828800,20.595952
2015-08-04,21.18,21.57,21.18,21.469999,636000,20.828784
2015-08-03,20.76,21.219999,20.75,21.190001,592200,20.557148
2015-07-31,20.93,21.049999,20.674999,20.85,1243200,20.227302
2015-07-30,20.84,21.110001,20.690001,20.940001,693700,20.314614
2015-07-29,20.780001,21.09,20.545,20.98,577300,20.353419
2015-07-28,20.60,21.10,20.41,20.85,1202200,20.227302
2015-07-27,20.879999,21.02,20.35,20.709999,1155900,20.091482
2015-07-24,21.790001,21.889999,20.93,21.190001,1046000,20.557148
2015-07-23,22.360001,22.559999,21.82,21.91,828000,21.255644
2015-07-22,23.25,23.52,22.379999,22.440001,948600,21.769816
2015-07-21,23.959999,24.24,22.959999,23.379999,1175200,22.681741
2015-07-20,23.77,24.41,23.52,24.23,817000,23.506356
2015-07-17,24.110001,24.24,23.75,23.860001,606100,23.147407
2015-07-16,23.700001,24.379999,23.67,24.24,994500,23.516057
2015-07-15,23.459999,23.84,23.17,23.799999,963300,23.089197
2015-07-14,23.07,23.459999,23.049999,23.42,1211500,22.720547
2015-07-13,23.049999,23.459999,22.783001,23.27,849100,22.575027
2015-07-10,22.58,23.18,22.459999,23.139999,606800,22.448909
2015-07-09,22.68,23.059999,22.40,22.43,1247900,21.760114
2015-07-08,22.82,23.00,22.469999,22.60,1512600,21.925037
2015-07-07,23.75,23.889999,22.809999,23.059999,1322900,22.371298
2015-07-06,23.26,23.76,23.18,23.75,763000,23.040691
2015-07-02,23.719999,24.16,23.48,23.52,858500,22.817561
2015-07-01,24.67,24.83,23.73,23.969999,1339500,23.25412
2015-06-30,24.59,25.00,24.389999,24.719999,1175100,23.981721
2015-06-29,25.32,25.90,24.65,24.82,1129300,24.078735
2015-06-26,26.99,27.00,25.709999,25.790001,4269300,25.019766
2015-06-25,27.450001,27.620001,27.299999,27.60,1461500,26.34691
2015-06-24,27.50,27.59,27.18,27.42,1013500,26.175082
2015-06-23,27.26,27.719999,27.26,27.51,695600,26.260996
2015-06-22,26.950001,27.370001,26.799999,27.360001,758600,26.117807
2015-06-19,26.450001,26.790001,26.405001,26.74,1776800,25.525955
2015-06-18,26.299999,26.615,26.27,26.42,595100,25.220484
2015-06-17,25.969999,26.459999,25.934999,26.33,947800,25.13457
2015-06-16,25.549999,26.27,25.43,26.17,1090200,24.981835
2015-06-15,26.01,26.120001,25.50,25.68,813800,24.514082
2015-06-12,26.030001,26.379999,25.90,26.120001,775300,24.934105
2015-06-11,25.379999,25.860001,25.360001,25.84,909600,24.666817
2015-06-10,25.58,25.624001,25.309999,25.389999,916800,24.237247
2015-06-09,25.65,25.67,25.139999,25.49,1168100,24.332708
2015-06-08,25.50,25.75,25.50,25.60,780300,24.437714
2015-06-05,25.77,25.77,25.389999,25.52,696200,24.361346
2015-06-04,25.67,26.01,25.40,25.450001,828200,24.294525
2015-06-03,26.129999,26.379999,25.879999,26.00,767300,24.819553
2015-06-02,25.77,26.82,25.68,26.42,1034900,25.220484
2015-06-01,25.799999,26.200001,25.65,25.860001,634100,24.68591
2015-05-29,25.85,26.120001,25.75,26.049999,941300,24.867282
2015-05-28,26.15,26.24,25.879999,25.98,627500,24.80046
2015-05-27,26.01,26.41,25.91,26.129999,872900,24.94365
2015-05-26,26.49,27.00,26.23,26.49,685300,25.287306
2015-05-22,26.16,26.92,26.09,26.780001,923500,25.56414
2015-05-21,25.530001,26.549999,25.34,26.50,1425900,25.296852
2015-05-20,26.09,26.417999,25.65,25.690001,834500,24.523628
2015-05-19,26.76,26.860001,26.17,26.219999,1405300,25.029564
2015-05-18,27.129999,27.50,26.790001,26.860001,866100,25.640508
2015-05-15,27.700001,27.85,27.50,27.530001,553300,26.280089
2015-05-14,27.66,27.959999,27.51,27.809999,1047000,26.547375
2015-05-13,27.959999,28.10,27.58,27.799999,1052900,26.537829
2015-05-12,26.84,28.219999,26.799999,28.110001,1140600,26.833756
2015-05-11,27.41,27.60,26.85,27.41,1376600,26.165536
2015-05-08,27.75,27.99,27.065001,27.65,1405600,26.39464
2015-05-07,28.219999,28.700001,27.50,27.620001,2251900,26.366003
2015-05-06,30.15,30.299999,28.43,28.559999,1775600,27.263324
2015-05-05,29.75,30.65,29.75,30.24,1280400,28.867049
2015-05-04,29.389999,30.389999,29.26,30.16,1716800,28.790681
2015-05-01,30.01,30.32,29.549999,29.969999,1281900,28.609307
2015-04-30,30.18,30.32,29.700001,30.08,2204900,28.714313
2015-04-29,29.780001,30.719999,29.610001,30.32,2839800,28.943417
2015-04-28,27.23,29.889999,27.09,29.48,6802300,28.141554
2015-04-27,28.469999,29.50,27.50,27.51,3688300,26.260996
2015-04-24,30.02,30.309999,28.60,28.60,1920500,27.301509
2015-04-23,30.00,30.549999,29.950001,30.15,307900,28.781135
2015-04-22,31.549999,34.630001,29.549999,30.27,218300,28.895688
2015-04-21,30.42,30.90,29.049999,30.049999,49400,28.685675
2015-04-20,28.00,30.030001,27.00,30.030001,35100,28.666584
