Date,Open,High,Low,Close,Volume,Adj Close
2015-10-09,28.01,28.15,27.82,27.91,20319700,27.91
2015-10-08,27.51,28.02,27.43,27.91,22500200,27.91
2015-10-07,27.52,27.950001,27.00,27.540001,29749700,27.540001
2015-10-06,27.030001,27.469999,26.98,27.23,34609900,27.23
2015-10-05,26.040001,26.98,25.969999,26.85,30217900,26.85
2015-10-02,25.40,25.790001,25.34,25.76,34910700,25.76
2015-10-01,26.049999,26.16,25.549999,25.73,26933200,25.73
2015-09-30,26.00,26.379999,25.879999,26.25,32093700,26.04
2015-09-29,25.639999,25.93,25.559999,25.639999,27095600,25.434879
2015-09-28,25.83,26.02,25.59,25.66,27211200,25.454719
2015-09-25,25.809999,26.299999,25.799999,26.030001,37618300,25.82176
2015-09-24,25.09,25.50,24.92,25.41,35598000,25.206719
2015-09-23,25.219999,25.309999,25.01,25.280001,18804200,25.07776
2015-09-22,25.059999,25.209999,24.969999,25.139999,21305200,24.938879
2015-09-21,25.450001,25.82,25.35,25.540001,21945600,25.33568
2015-09-18,25.57,25.74,25.25,25.540001,40020100,25.33568
2015-09-17,25.959999,26.280001,25.809999,25.879999,25409600,25.672959
2015-09-16,26.07,26.10,25.85,26.07,21245300,25.861439
2015-09-15,25.559999,26.08,25.559999,25.98,20479400,25.772159
2015-09-14,26.15,26.17,25.66,25.700001,18636000,25.4944
2015-09-11,26.00,26.18,25.809999,26.02,21529100,25.81184
2015-09-10,25.90,26.49,25.85,26.26,26424600,26.04992
2015-09-09,26.50,26.73,25.879999,25.940001,25032300,25.73248
2015-09-08,25.98,26.33,25.91,26.299999,20932900,26.089599
2015-09-04,25.42,25.65,25.35,25.52,26903500,25.31584
2015-09-03,25.879999,26.15,25.73,25.90,27958400,25.692799
2015-09-02,25.59,25.66,25.08,25.65,27925300,25.444799
2015-09-01,25.219999,25.620001,25.01,25.120001,32705400,24.91904
2015-08-31,25.940001,26.110001,25.74,25.879999,32388300,25.672959
2015-08-28,25.91,26.049999,25.82,26.00,26918900,25.792
2015-08-27,26.00,26.190001,25.610001,26.17,36504700,25.96064
2015-08-26,25.280001,25.74,24.709999,25.68,54783200,25.47456
2015-08-25,25.940001,25.99,24.60,24.620001,40610100,24.42304
2015-08-24,24.889999,26.08,23.030001,25.190001,61667000,24.98848
2015-08-21,26.879999,27.34,26.469999,26.469999,48502400,26.258239
2015-08-20,27.559999,27.75,27.040001,27.040001,37889400,26.82368
2015-08-19,28.10,28.24,27.719999,27.799999,30023900,27.577599
2015-08-18,28.709999,28.719999,28.18,28.25,32210400,28.024
2015-08-17,28.65,28.969999,28.51,28.83,21264000,28.599359
2015-08-14,28.780001,29.049999,28.75,29.030001,24890800,28.79776
2015-08-13,28.780001,29.209999,28.690001,28.700001,61154000,28.4704
2015-08-12,27.799999,28.10,27.41,27.90,41085000,27.676799
2015-08-11,28.24,28.389999,27.85,28.02,25391900,27.79584
2015-08-10,28.48,28.700001,28.27,28.59,23740000,28.36128
2015-08-07,28.17,28.23,27.90,28.15,16039400,27.924799
2015-08-06,28.370001,28.67,28.00,28.209999,20143800,27.984319
2015-08-05,28.110001,28.60,28.10,28.27,19236200,28.04384
2015-08-04,28.219999,28.459999,27.889999,28.030001,18578100,27.80576
2015-08-03,28.41,28.59,28.110001,28.360001,17450900,28.13312
2015-07-31,28.389999,28.559999,28.16,28.42,20376000,28.19264
2015-07-30,28.219999,28.459999,28.200001,28.299999,17458100,28.073599
2015-07-29,28.200001,28.52,28.02,28.40,21419900,28.172799
2015-07-28,28.34,28.35,27.85,28.209999,23573200,27.984319
2015-07-27,28.309999,28.559999,28.190001,28.209999,30914400,27.984319
2015-07-24,28.450001,28.77,28.379999,28.40,39471700,28.172799
2015-07-23,27.700001,28.25,27.58,28.01,34103200,27.78592
2015-07-22,27.83,28.059999,27.440001,27.530001,26889200,27.30976
2015-07-21,27.959999,28.25,27.790001,27.84,23874000,27.61728
2015-07-20,28.129999,28.16,27.879999,28.030001,19477000,27.80576
2015-07-17,28.27,28.309999,27.969999,28.18,24248900,27.95456
2015-07-16,28.24,28.42,28.209999,28.32,21058100,28.093439
2015-07-15,27.860001,28.24,27.809999,28.110001,23378400,27.88512
2015-07-14,27.870001,28.040001,27.700001,28.030001,20932800,27.80576
2015-07-13,27.49,27.799999,27.42,27.790001,20623100,27.56768
2015-07-10,27.27,27.360001,27.040001,27.280001,16079300,27.06176
2015-07-09,27.379999,27.450001,26.90,26.91,20129700,26.694719
2015-07-08,27.08,27.16,26.84,26.99,27863400,26.774079
2015-07-07,27.219999,27.450001,26.889999,27.360001,25436700,27.14112
2015-07-06,27.00,27.26,26.889999,27.219999,22858200,27.002239
2015-07-02,27.370001,27.57,27.290001,27.33,15635500,27.111359
2015-07-01,27.42,27.50,27.07,27.35,24461300,27.1312
2015-06-30,27.83,27.83,27.33,27.459999,31236800,27.031999
2015-06-29,27.99,28.110001,27.50,27.540001,31838300,27.110754
2015-06-26,28.49,28.49,28.01,28.280001,28087800,27.83922
2015-06-25,28.559999,28.65,28.379999,28.40,14606100,27.957348
2015-06-24,28.790001,28.85,28.49,28.51,20978800,28.065634
2015-06-23,29.00,29.040001,28.620001,28.790001,21041300,28.341271
2015-06-22,29.10,29.219999,28.82,28.940001,20160000,28.488933
2015-06-19,29.24,29.32,28.940001,29.030001,31970100,28.57753
2015-06-18,28.85,29.35,28.82,29.209999,24156100,28.754723
2015-06-17,28.84,29.040001,28.66,28.93,20959000,28.479088
2015-06-16,28.35,28.790001,28.280001,28.709999,16920300,28.262516
2015-06-15,28.23,28.52,28.110001,28.48,25722100,28.036101
2015-06-12,28.66,28.67,28.309999,28.540001,21919500,28.095167
2015-06-11,28.75,29.219999,28.75,28.860001,24387100,28.41018
2015-06-10,28.469999,28.91,28.27,28.66,26223300,28.213296
2015-06-09,28.27,28.42,28.01,28.24,15527500,27.799842
2015-06-08,28.67,28.700001,28.23,28.280001,19011700,27.83922
2015-06-05,28.549999,28.709999,28.49,28.58,25357900,28.134543
2015-06-04,28.90,29.10,28.540001,28.610001,26774500,28.164076
2015-06-03,29.209999,29.299999,29.049999,29.09,20536900,28.636594
2015-06-02,29.09,29.27,28.950001,29.08,15995600,28.62675
2015-06-01,29.60,29.620001,29.049999,29.18,23799400,28.725192
2015-05-29,29.32,29.59,29.190001,29.309999,26018100,28.853165
2015-05-28,29.34,29.559999,29.16,29.35,18219600,28.892542
2015-05-27,29.059999,29.48,29.02,29.309999,23959900,28.853165
2015-05-26,29.190001,29.25,28.75,28.950001,25877100,28.498777
2015-05-22,29.389999,29.450001,29.26,29.26,20079700,28.803945
2015-05-21,29.610001,29.77,29.43,29.43,20806900,28.971295
2015-05-20,29.799999,29.85,29.530001,29.620001,19410900,29.158334
2015-05-19,29.870001,29.90,29.629999,29.74,18926300,29.276463
2015-05-18,29.42,29.90,29.42,29.76,23953000,29.296151
2015-05-15,29.24,29.82,29.16,29.549999,37677300,29.089424
2015-05-14,29.290001,29.66,28.969999,29.049999,56696300,28.597217
2015-05-13,29.139999,29.469999,29.129999,29.35,38264000,28.892542
2015-05-12,29.07,29.440001,28.799999,29.23,31761000,28.774412
2015-05-11,29.50,29.790001,29.200001,29.209999,27045200,28.754723
2015-05-08,28.99,29.370001,28.99,29.23,22572400,28.774412
2015-05-07,28.99,29.120001,28.74,28.809999,22643800,28.360958
2015-05-06,28.90,29.08,28.690001,28.969999,23572000,28.518464
2015-05-05,29.17,29.209999,28.84,28.889999,22463800,28.439711
2015-05-04,29.08,29.360001,29.07,29.17,16484100,28.715347
2015-05-01,28.809999,29.200001,28.780001,29.129999,18936000,28.67597
2015-04-30,28.85,29.02,28.68,28.83,26514500,28.380646
2015-04-29,29.059999,29.25,28.90,29.049999,22463700,28.597217
2015-04-28,28.799999,29.33,28.76,29.32,24315300,28.863009
2015-04-27,28.879999,29.030001,28.709999,28.889999,22952000,28.439711
2015-04-24,29.190001,29.280001,28.67,28.82,27145600,28.370802
2015-04-23,28.40,28.82,28.200001,28.68,22230100,28.232985
2015-04-22,28.67,28.790001,28.42,28.620001,19111700,28.17392
2015-04-21,28.719999,28.92,28.66,28.690001,23956900,28.242829
2015-04-20,28.16,28.629999,28.16,28.48,21921800,28.036101
2015-04-17,28.26,28.40,27.90,27.92,36904700,27.48483
2015-04-16,28.190001,28.639999,28.10,28.60,29863500,28.154232
2015-04-15,28.10,28.42,27.969999,28.25,31160900,27.809687
2015-04-14,28.00,28.059999,27.68,27.809999,19296300,27.376544
2015-04-13,27.99,28.280001,27.940001,27.98,22769600,27.543894
