Date,Open,High,Low,Close,Volume,Adj Close
2015-10-09,34.880001,34.880001,34.029999,34.639999,604900,34.639999
2015-10-08,34.75,35.119999,34.41,34.93,556800,34.93
2015-10-07,34.240002,34.720001,34.169998,34.639999,1006800,34.639999
2015-10-06,33.470001,34.119999,33.360001,34.049999,874700,34.049999
2015-10-05,33.099998,33.580002,33.040001,33.470001,884900,33.470001
2015-10-02,32.560001,32.970001,32.279999,32.970001,766800,32.970001
2015-10-01,33.599998,33.889999,32.869999,32.970001,677600,32.970001
2015-09-30,33.669998,33.880001,32.91,33.66,742600,33.66
2015-09-29,33.810001,33.970001,33.09,33.330002,463600,33.330002
2015-09-28,34.330002,34.580002,33.68,33.73,559500,33.73
2015-09-25,35.27,35.27,34.400002,34.52,374900,34.457
2015-09-24,34.779999,35.07,34.560001,35.029999,416500,34.966068
2015-09-23,34.650002,35.119999,34.619999,34.82,619900,34.756452
2015-09-22,34.810001,35.09,34.400002,34.619999,621600,34.556816
2015-09-21,35.470001,35.720001,35.060001,35.200001,533700,35.13576
2015-09-18,35.619999,36.02,34.919998,34.98,983800,34.91616
2015-09-17,35.869999,36.48,35.73,36.080002,771600,36.014155
2015-09-16,35.029999,35.860001,34.84,35.77,1372800,35.704719
2015-09-15,33.98,34.240002,33.50,34.189999,561700,34.127601
2015-09-14,34.029999,34.189999,33.720001,33.779999,574400,33.718349
2015-09-11,33.23,33.77,33.09,33.740002,376900,33.678425
2015-09-10,33.689999,33.93,33.060001,33.330002,679900,33.269173
2015-09-09,34.68,34.73,33.779999,33.880001,645500,33.818169
2015-09-08,33.700001,34.400002,33.580002,34.279999,562000,34.217437
2015-09-04,33.41,33.68,33.119999,33.290001,527800,33.229246
2015-09-03,33.869999,34.290001,33.720001,33.84,354000,33.778241
2015-09-02,33.75,33.970001,33.52,33.77,667400,33.708369
2015-09-01,34.200001,34.389999,33.41,33.509998,514200,33.448841
2015-08-31,34.52,35.00,34.43,34.720001,395000,34.656636
2015-08-28,34.889999,35.09,34.330002,34.619999,522100,34.556816
2015-08-27,34.700001,35.419998,34.439999,35.00,451700,34.936124
2015-08-26,34.490002,34.669998,33.599998,34.529999,590100,34.46698
2015-08-25,34.490002,34.599998,33.709999,33.740002,894600,33.678425
2015-08-24,33.299999,34.669998,32.610001,33.740002,1001800,33.678425
2015-08-21,35.360001,35.779999,34.619999,34.75,825500,34.68658
2015-08-20,36.040001,36.310001,35.82,35.82,536600,35.754627
2015-08-19,36.490002,36.66,36.189999,36.389999,889800,36.323586
2015-08-18,36.16,36.810001,36.16,36.720001,625500,36.652986
2015-08-17,35.52,36.41,35.48,36.349998,465000,36.283658
2015-08-14,35.799999,35.939999,35.549999,35.73,488200,35.664791
2015-08-13,35.450001,35.939999,35.43,35.73,514800,35.664791
2015-08-12,35.32,35.869999,35.02,35.540001,790500,35.475139
2015-08-11,35.34,35.610001,35.099998,35.59,642000,35.525047
2015-08-10,35.619999,35.950001,35.299999,35.560001,908000,35.495103
2015-08-07,35.459999,37.790001,34.869999,35.59,1130200,35.525047
2015-08-06,37.75,37.869999,35.599998,35.759998,1260700,35.694735
2015-08-05,37.470001,37.84,37.220001,37.799999,614500,37.731013
2015-08-04,37.380001,37.799999,37.23,37.25,383400,37.182017
2015-08-03,37.830002,37.93,37.139999,37.380001,434400,37.311781
2015-07-31,37.59,38.07,37.470001,37.880001,489000,37.810869
2015-07-30,37.080002,37.599998,36.919998,37.529999,642700,37.461505
2015-07-29,37.490002,37.59,37.049999,37.209999,565300,37.14209
2015-07-28,37.43,37.580002,36.919998,37.369999,547100,37.301797
2015-07-27,37.810001,37.810001,37.209999,37.299999,486500,37.231925
2015-07-24,38.779999,38.799999,37.919998,38.02,367800,37.950613
2015-07-23,38.950001,39.220001,38.639999,38.799999,422000,38.729188
2015-07-22,38.439999,38.77,38.330002,38.73,273500,38.659316
2015-07-21,38.950001,39.110001,38.43,38.470001,254700,38.399792
2015-07-20,39.040001,39.16,38.91,39.02,337000,38.948788
2015-07-17,39.619999,39.700001,39.009998,39.139999,320700,39.068568
2015-07-16,39.900002,40.049999,39.700001,39.77,520700,39.697419
2015-07-15,39.889999,40.099998,39.740002,39.77,572900,39.697419
2015-07-14,39.970001,40.209999,39.880001,39.919998,547600,39.847143
2015-07-13,39.049999,40.029999,39.049999,40.00,910900,39.926999
2015-07-10,38.41,39.669998,38.349998,38.75,660100,38.67928
2015-07-09,38.560001,38.560001,37.849998,38.099998,537300,38.030465
2015-07-08,38.419998,38.630001,37.490002,38.200001,842000,38.130284
2015-07-07,39.27,39.330002,37.91,38.709999,943900,38.639352
2015-07-06,38.810001,39.330002,38.73,39.27,789100,39.198331
2015-07-02,38.77,39.220001,38.549999,39.09,914000,39.01866
2015-07-01,39.240002,39.27,38.110001,38.650002,1351000,38.579464
2015-06-30,40.099998,40.110001,38.599998,39.060001,1224400,38.988716
2015-06-29,40.610001,40.849998,39.91,39.93,445900,39.857127
2015-06-26,40.900002,41.029999,40.549999,40.939999,502400,40.865282
2015-06-25,40.889999,41.110001,40.650002,40.830002,320200,40.6926
2015-06-24,41.169998,41.400002,40.599998,40.880001,425700,40.742431
2015-06-23,41.23,41.540001,41.16,41.299999,492100,41.161016
2015-06-22,41.639999,42.299999,41.209999,41.279999,520400,41.141083
2015-06-19,41.25,41.290001,40.889999,40.970001,879700,40.832128
2015-06-18,41.189999,41.57,41.099998,41.23,461600,41.091252
2015-06-17,40.610001,41.259998,40.400002,41.07,847500,40.93179
2015-06-16,40.119999,40.299999,39.889999,40.23,498500,40.094617
2015-06-15,40.029999,40.470001,39.700001,40.400002,561900,40.264047
2015-06-12,39.799999,40.23,39.66,40.139999,461900,40.00492
2015-06-11,39.549999,39.91,39.490002,39.889999,577700,39.755761
2015-06-10,39.060001,39.619999,39.009998,39.439999,737200,39.307274
2015-06-09,39.669998,40.18,38.860001,38.959999,641600,38.82889
2015-06-08,39.939999,40.029999,39.279999,39.279999,363000,39.147813
2015-06-05,39.330002,40.150002,39.009998,40.099998,698400,39.965053
2015-06-04,39.919998,40.049999,39.220001,39.32,905800,39.187679
2015-06-03,39.68,40.200001,39.580002,39.919998,554900,39.785659
2015-06-02,39.66,39.950001,39.439999,39.709999,298400,39.576366
2015-06-01,39.900002,39.900002,39.490002,39.77,564500,39.636166
2015-05-29,40.169998,40.299999,39.75,39.77,350200,39.636166
2015-05-28,40.610001,40.84,40.150002,40.240002,463900,40.104585
2015-05-27,40.490002,40.740002,40.369999,40.66,390500,40.52317
2015-05-26,41.259998,41.27,40.52,40.57,462800,40.433473
2015-05-22,41.450001,41.689999,41.25,41.349998,418900,41.210847
2015-05-21,41.02,41.599998,40.540001,41.529999,548800,41.390241
2015-05-20,41.57,41.57,41.049999,41.130001,601700,40.99159
2015-05-19,41.139999,41.73,40.91,41.50,675400,41.360343
2015-05-18,40.57,41.16,40.450001,41.139999,507700,41.001554
2015-05-15,40.599998,40.869999,40.400002,40.59,526800,40.453406
2015-05-14,40.849998,41.049999,40.540001,40.619999,703200,40.483304
2015-05-13,40.330002,40.779999,40.02,40.75,926400,40.612867
2015-05-12,40.349998,40.450001,39.75,40.439999,1415900,40.303909
2015-05-11,39.990002,40.540001,39.959999,40.450001,1434200,40.313878
2015-05-08,40.91,41.57,39.73,40.009998,1642000,39.875356
2015-05-07,41.200001,41.939999,40.959999,41.23,1410100,41.091252
2015-05-06,41.209999,41.400002,40.560001,41.130001,943600,40.99159
2015-05-05,41.779999,41.939999,40.599998,41.23,1434300,41.091252
2015-05-04,42.029999,42.220001,41.709999,42.07,757000,41.928425
2015-05-01,41.919998,42.450001,41.82,42.110001,688500,41.968291
2015-04-30,42.27,42.57,41.599998,41.709999,684300,41.569636
2015-04-29,43.369999,43.419998,42.439999,42.509998,720000,42.366943
2015-04-28,43.849998,43.959999,43.400002,43.509998,291300,43.363578
2015-04-27,44.740002,44.869999,43.799999,43.91,444400,43.762233
2015-04-24,44.43,44.759998,44.130001,44.75,513600,44.599406
2015-04-23,43.50,44.41,43.450001,44.389999,576500,44.240617
2015-04-22,43.66,43.75,43.240002,43.540001,442200,43.393479
2015-04-21,43.279999,43.709999,43.169998,43.66,401600,43.513074
2015-04-20,43.73,44.110001,42.990002,43.220001,737500,43.074556
2015-04-17,44.049999,44.060001,43.380001,43.529999,658600,43.383511
2015-04-16,43.650002,44.549999,43.25,44.240002,1021800,44.091124
2015-04-15,44.169998,44.240002,43.759998,43.790001,734400,43.642638
2015-04-14,44.459999,44.470001,43.889999,44.139999,583300,43.991459
2015-04-13,44.330002,44.599998,44.23,44.419998,502900,44.270515
