Date,Open,High,Low,Close,Volume,Adj Close
2015-10-15,26.309999,27.01,26.26,26.98,4146800,26.98
2015-10-14,25.85,26.379999,25.85,26.18,3471000,26.18
2015-10-13,25.780001,26.049999,25.67,25.780001,3322600,25.780001
2015-10-12,25.74,25.889999,25.48,25.860001,3536500,25.860001
2015-10-09,26.49,26.58,25.610001,25.719999,5015600,25.719999
2015-10-08,26.00,26.549999,25.82,26.51,3634400,26.51
2015-10-07,25.879999,26.18,25.799999,26.059999,3890500,26.059999
2015-10-06,25.620001,25.870001,25.52,25.620001,5341100,25.620001
2015-10-05,24.82,25.700001,24.799999,25.639999,4026100,25.639999
2015-10-02,24.35,24.65,24.110001,24.65,4967700,24.65
2015-10-01,25.120001,25.200001,24.48,24.60,4437500,24.60
2015-09-30,24.91,25.23,24.83,25.120001,5515700,25.120001
2015-09-29,24.700001,24.83,24.290001,24.690001,5182300,24.690001
2015-09-28,25.200001,25.219999,24.559999,24.610001,6890300,24.610001
2015-09-25,25.27,25.60,25.08,25.360001,5735700,25.360001
2015-09-24,25.00,25.290001,24.809999,25.02,6761400,25.02
2015-09-23,25.43,25.84,25.15,25.15,4016900,25.15
2015-09-22,25.67,25.790001,25.33,25.379999,5220100,25.379999
2015-09-21,25.719999,26.07,25.700001,25.879999,4148400,25.879999
2015-09-18,25.76,25.85,25.41,25.629999,8126800,25.629999
2015-09-17,26.030001,26.389999,25.610001,26.040001,5610200,26.040001
2015-09-16,26.51,26.629999,26.09,26.129999,4929100,26.129999
2015-09-15,26.290001,26.540001,25.809999,26.469999,5446700,26.469999
2015-09-14,26.27,26.290001,25.809999,26.07,3701200,26.07
2015-09-11,26.719999,26.73,26.110001,26.280001,6059300,26.280001
2015-09-10,27.00,27.120001,26.690001,26.780001,7831300,26.780001
2015-09-09,27.24,27.52,26.889999,26.969999,5811200,26.969999
2015-09-08,26.60,27.07,26.549999,26.959999,9591800,26.959999
2015-09-04,26.379999,26.40,26.08,26.18,5944700,26.18
2015-09-03,26.379999,26.940001,26.379999,26.77,5027400,26.77
2015-09-02,26.379999,27.16,26.110001,27.00,10175400,26.460001
2015-09-01,26.58,26.65,25.77,25.90,6195500,25.382
2015-08-31,26.98,27.290001,26.809999,27.040001,5508900,26.499201
2015-08-28,26.700001,27.27,26.620001,27.040001,4785200,26.499201
2015-08-27,26.67,26.799999,26.219999,26.74,7642400,26.2052
2015-08-26,25.76,26.52,25.34,26.370001,8906200,25.842601
2015-08-25,26.59,26.59,25.16,25.17,7080000,24.666601
2015-08-24,25.76,26.690001,24.809999,25.860001,10127900,25.342801
2015-08-21,27.59,27.950001,27.110001,27.110001,5755100,26.567801
2015-08-20,28.16,28.23,27.700001,27.709999,3760700,27.1558
2015-08-19,28.00,28.540001,27.92,28.370001,3766300,27.802601
2015-08-18,28.309999,28.610001,28.049999,28.120001,4753400,27.557601
2015-08-17,28.10,28.58,27.959999,28.42,3292400,27.851601
2015-08-14,27.99,28.379999,27.99,28.27,3816300,27.704601
2015-08-13,28.549999,28.620001,27.75,27.969999,5846300,27.4106
2015-08-12,27.99,28.549999,27.639999,28.530001,5304400,27.959401
2015-08-11,28.620001,28.92,28.10,28.24,4552800,27.6752
2015-08-10,27.82,28.799999,27.719999,28.76,5873000,28.184801
2015-08-07,27.90,28.07,27.33,27.65,7704900,27.097
2015-08-06,27.52,28.059999,26.48,27.93,13508100,27.371401
2015-08-05,28.66,28.91,28.40,28.559999,5688900,27.9888
2015-08-04,28.879999,28.889999,28.370001,28.43,5086300,27.861401
2015-08-03,28.74,29.030001,28.40,28.90,6371700,28.322
2015-07-31,28.42,29.059999,28.379999,28.60,6925000,28.028001
2015-07-30,28.120001,28.219999,27.870001,28.16,5565400,27.5968
2015-07-29,28.120001,28.18,27.780001,28.16,6479000,27.5968
2015-07-28,28.33,28.469999,27.98,28.219999,4480200,27.6556
2015-07-27,27.959999,28.299999,27.50,28.120001,5833200,27.557601
2015-07-24,29.049999,29.049999,28.01,28.030001,6520600,27.469401
2015-07-23,29.209999,29.35,28.90,28.959999,5870200,28.3808
2015-07-22,29.700001,29.799999,29.110001,29.190001,4721100,28.606201
2015-07-21,30.370001,30.389999,29.67,29.719999,4644300,29.1256
2015-07-20,30.940001,31.00,30.459999,30.50,5490000,29.890001
2015-07-17,30.50,31.129999,30.49,30.940001,9012400,30.321201
2015-07-16,29.799999,30.530001,29.75,30.49,5894300,29.8802
2015-07-15,29.85,29.969999,29.43,29.67,5574700,29.076601
2015-07-14,29.93,30.09,29.75,29.98,4625700,29.3804
2015-07-13,29.860001,30.030001,29.610001,30.00,3926900,29.400001
2015-07-10,29.82,30.040001,29.620001,29.76,3685700,29.164801
2015-07-09,29.73,29.84,29.35,29.49,4324900,28.9002
2015-07-08,29.68,29.85,29.389999,29.49,6600800,28.9002
2015-07-07,29.530001,29.940001,29.24,29.879999,4530100,29.2824
2015-07-06,29.43,29.620001,29.209999,29.450001,4921700,28.861001
2015-07-02,29.58,29.690001,29.48,29.610001,3658000,29.017801
2015-07-01,29.49,29.620001,29.379999,29.57,4763100,28.9786
2015-06-30,29.799999,29.860001,29.370001,29.379999,5479000,28.7924
2015-06-29,30.09,30.33,29.50,29.530001,6761600,28.939401
2015-06-26,29.950001,30.24,29.280001,29.99,15536300,29.3902
2015-06-25,31.52,31.639999,29.889999,29.92,16783600,29.321601
2015-06-24,32.560001,32.66,31.51,31.879999,11369700,31.2424
2015-06-23,32.779999,33.009998,32.490002,32.549999,5070500,31.899
2015-06-22,32.639999,32.959999,32.50,32.650002,3486800,31.997002
2015-06-19,32.34,32.599998,32.240002,32.459999,4133700,31.8108
2015-06-18,32.240002,32.490002,32.240002,32.360001,3733600,31.712801
2015-06-17,32.34,32.490002,31.98,32.209999,3219200,31.5658
2015-06-16,32.240002,32.369999,31.90,32.220001,3404800,31.575602
2015-06-15,32.450001,32.50,32.110001,32.369999,2984900,31.7226
2015-06-12,32.66,33.049999,32.540001,32.560001,3084400,31.908802
2015-06-11,32.369999,32.830002,32.299999,32.73,3713300,32.0754
2015-06-10,32.07,32.50,32.07,32.259998,3191800,31.614799
2015-06-09,32.279999,32.279999,31.83,32.07,3086700,31.4286
2015-06-08,32.200001,32.34,32.049999,32.220001,3783000,31.575602
2015-06-05,32.740002,32.779999,32.18,32.18,3876900,31.536401
2015-06-04,32.860001,33.299999,32.720001,32.830002,4776900,32.173402
2015-06-03,32.900002,33.16,32.779999,32.990002,4347200,32.330202
2015-06-02,32.830002,33.119999,32.709999,32.959999,4601100,32.3008
2015-06-01,33.240002,33.369999,32.849998,32.869999,4816600,32.2126
2015-05-29,33.57,33.799999,33.009998,33.240002,5442000,32.575202
2015-05-28,33.849998,34.07,33.82,34.060001,3972300,32.849601
2015-05-27,33.82,34.02,33.610001,33.939999,3260000,32.733863
2015-05-26,33.91,34.00,33.50,33.599998,4141900,32.405945
2015-05-22,34.25,34.360001,33.82,33.950001,4925900,32.743509
2015-05-21,34.43,34.48,34.099998,34.25,4288400,33.032847
2015-05-20,34.060001,34.560001,33.990002,34.360001,4611400,33.138939
2015-05-19,34.380001,34.419998,33.75,33.959999,5358600,32.753152
2015-05-18,34.52,34.720001,34.360001,34.400002,2817200,33.177518
2015-05-15,34.400002,34.599998,34.349998,34.50,2711900,33.273963
2015-05-14,34.43,34.50,34.209999,34.34,2715700,33.119649
2015-05-13,34.91,35.130001,34.220001,34.349998,5368100,33.129292
2015-05-12,34.310001,35.060001,34.060001,35.00,4783100,33.756194
2015-05-11,34.889999,34.950001,34.25,34.400002,4344500,33.177518
2015-05-08,34.959999,35.240002,34.799999,34.950001,3481200,33.707972
2015-05-07,34.549999,34.990002,34.220001,34.650002,3863300,33.418634
2015-05-06,35.68,36.200001,33.939999,34.529999,9387000,33.302896
2015-05-05,36.029999,36.139999,35.41,35.509998,3976100,34.248069
2015-05-04,36.150002,36.389999,35.91,36.02,2612800,34.739947
2015-05-01,36.16,36.23,35.889999,36.139999,2471700,34.855681
2015-04-30,36.139999,36.48,35.810001,35.959999,4176700,34.682078
2015-04-29,36.580002,36.619999,36.09,36.310001,2965300,35.019642
2015-04-28,36.25,37.00,36.060001,36.779999,3517300,35.472937
2015-04-27,36.549999,36.57,36.049999,36.290001,3908300,35.000352
2015-04-24,36.68,36.869999,36.299999,36.41,2542100,35.116087
2015-04-23,36.220001,36.799999,36.200001,36.66,3093400,35.357202
2015-04-22,36.32,36.380001,36.040001,36.27,3602500,34.981062
2015-04-21,35.34,36.50,35.34,36.299999,5934800,35.009995
2015-04-20,34.889999,35.459999,34.799999,35.220001,2639600,33.968377
