Date,Open,High,Low,Close,Volume,Adj Close
2015-10-15,33.080002,33.200001,33.009998,33.119999,5141200,33.119999
2015-10-14,33.18,33.259998,32.950001,33.060001,4474100,33.060001
2015-10-13,33.110001,33.200001,33.07,33.16,5385500,33.16
2015-10-12,33.049999,33.189999,33.00,33.049999,2747100,33.049999
2015-10-09,33.189999,33.240002,33.009998,33.02,3341400,33.02
2015-10-08,33.02,33.240002,32.919998,33.189999,3937600,33.189999
2015-10-07,33.00,33.200001,32.950001,33.110001,6228800,33.110001
2015-10-06,32.900002,33.09,32.830002,32.950001,4127600,32.950001
2015-10-05,33.200001,33.25,32.950001,33.00,3956000,33.00
2015-10-02,32.700001,33.060001,32.580002,33.009998,5160100,33.009998
2015-10-01,32.950001,33.279999,32.720001,32.810001,8563800,32.810001
2015-09-30,32.25,32.580002,32.02,32.470001,4996100,32.470001
2015-09-29,32.549999,32.73,31.940001,32.099998,5403000,32.099998
2015-09-28,33.040001,33.139999,32.419998,32.509998,7119800,32.509998
2015-09-25,33.099998,33.240002,32.91,33.099998,7583000,33.099998
2015-09-24,33.09,33.150002,33.029999,33.080002,9479000,33.080002
2015-09-23,33.060001,33.25,33.040001,33.130001,5202700,33.130001
2015-09-22,33.040001,33.27,33.040001,33.049999,7161500,33.049999
2015-09-21,33.080002,33.25,32.990002,33.119999,11703700,33.119999
2015-09-18,32.419998,33.240002,32.369999,33.130001,22030600,33.130001
2015-09-17,32.889999,33.209999,32.50,32.509998,113943500,32.509998
2015-09-16,28.459999,28.67,28.24,28.540001,2843200,28.540001
2015-09-15,27.92,28.59,27.719999,28.540001,3764600,28.540001
2015-09-14,27.90,28.00,27.40,27.940001,2957800,27.940001
2015-09-11,27.219999,27.969999,26.73,27.799999,4758000,27.799999
2015-09-10,28.23,28.299999,27.10,27.290001,4968500,27.290001
2015-09-09,28.799999,28.969999,28.01,28.059999,4879600,28.059999
2015-09-08,28.00,28.74,27.459999,28.620001,6065600,28.620001
2015-09-04,26.83,27.58,26.68,27.440001,3937500,27.440001
2015-09-03,26.280001,27.73,26.219999,27.17,5384100,27.17
2015-09-02,26.139999,26.370001,25.530001,26.360001,5668400,26.360001
2015-09-01,24.469999,26.209999,23.83,25.66,10273400,25.66
2015-08-31,25.09,25.299999,24.790001,25.17,4432800,25.17
2015-08-28,23.940001,25.25,23.93,25.209999,5566400,25.209999
2015-08-27,23.559999,24.309999,23.49,24.059999,2514400,24.059999
2015-08-26,23.33,23.33,22.60,23.290001,3360300,23.290001
2015-08-25,23.23,23.41,22.59,22.59,3354200,22.59
2015-08-24,22.370001,23.620001,21.370001,22.66,4300800,22.66
2015-08-21,24.190001,24.48,23.74,23.74,3696200,23.74
2015-08-20,24.92,25.120001,24.469999,24.48,2530700,24.48
2015-08-19,25.27,25.33,24.860001,25.09,1692900,25.09
2015-08-18,25.93,25.93,25.299999,25.459999,1773100,25.309998
2015-08-17,25.24,25.98,24.99,25.959999,1639100,25.807053
2015-08-14,25.469999,25.610001,25.15,25.530001,1923100,25.379588
2015-08-13,25.370001,25.82,25.10,25.48,1668500,25.329881
2015-08-12,25.15,25.75,24.870001,25.620001,2691600,25.469058
2015-08-11,26.10,26.34,25.309999,25.440001,2907200,25.290118
2015-08-10,26.10,26.950001,26.10,26.440001,3072000,26.284226
2015-08-07,26.49,26.66,24.469999,25.82,7388300,25.667878
2015-08-06,27.799999,27.959999,26.059999,26.530001,6623500,26.373696
2015-08-05,28.08,28.219999,27.209999,27.60,3532200,27.437392
2015-08-04,28.139999,28.610001,27.83,27.940001,2474800,27.775389
2015-08-03,28.299999,28.33,27.91,28.200001,2062300,28.033857
2015-07-31,27.99,28.50,27.75,28.219999,3432600,28.053738
2015-07-30,26.77,28.950001,26.549999,28.049999,6480500,27.884739
2015-07-29,26.57,26.870001,26.25,26.82,2806200,26.661986
2015-07-28,26.08,26.610001,25.870001,26.59,1956500,26.433342
2015-07-27,25.99,26.139999,25.709999,25.90,2767600,25.747407
2015-07-24,26.32,26.59,26.139999,26.200001,2035900,26.04564
2015-07-23,26.780001,26.780001,26.110001,26.110001,1825200,25.95617
2015-07-22,26.709999,26.90,26.23,26.73,3343200,26.572517
2015-07-21,26.65,27.10,26.559999,26.73,2517000,26.572517
2015-07-20,27.049999,27.190001,26.42,26.559999,2960600,26.403518
2015-07-17,27.030001,27.379999,26.719999,27.15,2962900,26.990042
2015-07-16,27.790001,27.790001,26.549999,27.299999,5858500,27.139158
2015-07-15,26.799999,27.52,26.719999,27.49,3813000,27.328039
2015-07-14,26.76,26.969999,26.469999,26.799999,4198100,26.642104
2015-07-13,26.74,27.030001,26.540001,26.82,3141000,26.661986
2015-07-10,26.719999,27.09,26.50,26.67,6281300,26.512871
2015-07-09,24.950001,25.10,24.690001,24.85,3289500,24.703594
2015-07-08,24.559999,25.129999,24.379999,24.450001,2835500,24.305951
2015-07-07,24.73,24.870001,24.02,24.85,3670600,24.703594
2015-07-06,24.75,25.030001,24.540001,24.610001,4095800,24.465008
2015-07-02,24.98,25.26,24.530001,25.02,4026400,24.872592
2015-07-01,24.200001,24.889999,23.51,24.860001,4019300,24.713535
2015-06-30,24.299999,24.389999,23.889999,23.940001,4077500,23.798955
2015-06-29,24.93,24.950001,23.90,24.01,3674600,23.868542
2015-06-26,24.32,25.219999,24.25,25.190001,7671300,25.041591
2015-06-25,23.85,24.309999,23.85,24.23,3255900,24.087246
2015-06-24,24.40,24.459999,23.74,23.85,3327900,23.709485
2015-06-23,24.549999,24.690001,24.32,24.66,1694800,24.514712
2015-06-22,24.57,24.66,24.389999,24.51,2523400,24.365597
2015-06-19,24.459999,24.540001,24.209999,24.360001,3289500,24.216481
2015-06-18,24.370001,24.540001,24.139999,24.440001,2725700,24.296009
2015-06-17,23.969999,24.49,23.889999,24.290001,1884800,24.146893
2015-06-16,23.67,24.030001,23.57,23.85,2971200,23.709485
2015-06-15,23.629999,23.92,23.469999,23.82,1598500,23.679661
2015-06-12,23.73,24.030001,23.700001,23.940001,1399000,23.798955
2015-06-11,24.09,24.18,23.93,23.98,1563000,23.838718
2015-06-10,23.809999,24.049999,23.809999,23.98,2230000,23.838718
2015-06-09,23.84,24.00,23.41,23.809999,2685200,23.66972
2015-06-08,24.08,24.34,23.76,23.77,2264000,23.629957
2015-06-05,23.440001,24.139999,23.41,24.059999,2484400,23.918247
2015-06-04,23.700001,24.09,23.610001,23.74,3142100,23.600133
2015-06-03,23.889999,24.27,23.57,24.08,4362000,23.93813
2015-06-02,24.49,24.57,24.08,24.299999,4165100,24.156833
2015-06-01,24.559999,24.91,24.51,24.639999,3354900,24.49483
2015-05-29,25.24,25.32,24.43,24.51,7873100,24.365597
2015-05-28,25.23,25.35,24.93,25.290001,4161900,25.141002
2015-05-27,25.83,25.870001,25.10,25.309999,7169900,25.160883
2015-05-26,25.58,26.50,25.209999,25.860001,12455000,25.707643
2015-05-22,24.60,25.190001,24.459999,24.98,6020000,24.832827
2015-05-21,24.48,24.74,24.00,24.639999,9839200,24.49483
2015-05-20,21.450001,25.09,21.43,24.690001,25141600,24.544536
2015-05-19,20.93,21.09,20.74,21.07,3544600,20.796748
2015-05-18,20.459999,21.030001,20.280001,20.91,3868300,20.638823
2015-05-15,20.299999,20.459999,20.059999,20.43,2556200,20.165048
2015-05-14,20.16,20.370001,20.059999,20.299999,2199300,20.036733
2015-05-13,20.059999,20.10,19.75,20.049999,3113700,19.789975
2015-05-12,20.040001,20.129999,19.780001,19.92,2250300,19.661662
2015-05-11,20.49,20.559999,20.059999,20.07,3488600,19.809716
2015-05-08,20.790001,20.92,20.469999,20.549999,2448500,20.283491
2015-05-07,20.709999,20.969999,20.50,20.559999,5888900,20.293361
2015-05-06,20.32,21.91,20.01,20.799999,21025300,20.530249
2015-05-05,20.469999,20.690001,20.33,20.35,2936100,20.086086
2015-05-04,20.26,20.74,20.049999,20.440001,3884900,20.174919
2015-05-01,20.129999,20.469999,19.879999,20.389999,4497200,20.125566
2015-04-30,20.129999,20.389999,19.940001,19.98,3975900,19.720883
2015-04-29,20.32,20.41,20.01,20.18,3979100,19.91829
2015-04-28,20.32,20.549999,20.18,20.34,6506500,20.076215
2015-04-27,20.26,20.51,20.120001,20.450001,9989600,20.184789
2015-04-24,19.610001,20.200001,19.41,20.15,12851300,19.888679
2015-04-23,18.360001,19.92,18.23,19.41,13725100,19.158276
2015-04-22,18.629999,18.690001,18.35,18.41,1847300,18.171245
2015-04-21,18.639999,18.799999,18.42,18.620001,2292300,18.378522
2015-04-20,18.34,18.57,18.23,18.540001,2778800,18.29956
