Date,Open,High,Low,Close,Volume,Adj Close
2015-10-09,24.969999,25.00,24.790001,25.00,291400,25.00
2015-10-08,24.43,24.959999,24.379999,24.940001,664900,24.940001
2015-10-07,24.09,24.450001,23.98,24.42,516300,24.42
2015-10-06,24.15,24.35,23.92,23.969999,314400,23.969999
2015-10-05,23.59,24.16,23.57,24.15,776000,24.15
2015-10-02,22.690001,23.389999,22.60,23.360001,411200,23.360001
2015-10-01,23.10,23.34,22.74,23.00,675100,23.00
2015-09-30,23.07,23.32,23.00,23.110001,728500,23.110001
2015-09-29,22.76,22.92,22.559999,22.85,465200,22.85
2015-09-28,22.75,22.889999,22.57,22.67,489000,22.67
2015-09-25,23.139999,23.200001,22.790001,22.790001,508700,22.790001
2015-09-24,22.709999,23.01,22.59,22.959999,299600,22.959999
2015-09-23,22.870001,23.049999,22.790001,22.91,382700,22.91
2015-09-22,22.790001,22.99,22.610001,22.84,295800,22.84
2015-09-21,23.01,23.33,22.959999,23.09,304900,23.09
2015-09-18,22.969999,23.26,22.76,22.83,1035400,22.83
2015-09-17,23.370001,23.559999,23.200001,23.25,429600,23.25
2015-09-16,23.040001,23.440001,22.90,23.40,488800,23.40
2015-09-15,22.790001,23.190001,22.719999,23.10,370100,23.02
2015-09-14,22.93,22.93,22.709999,22.77,213200,22.691143
2015-09-11,22.52,22.889999,22.360001,22.889999,442600,22.810727
2015-09-10,22.59,22.889999,22.50,22.639999,326400,22.561592
2015-09-09,23.10,23.129999,22.559999,22.620001,414600,22.541663
2015-09-08,22.84,22.92,22.549999,22.870001,463000,22.790797
2015-09-04,22.459999,22.620001,22.41,22.48,282200,22.402147
2015-09-03,22.540001,23.200001,22.51,22.790001,536300,22.711074
2015-09-02,22.50,22.559999,22.09,22.549999,787500,22.471904
2015-09-01,22.50,22.50,22.07,22.25,954100,22.172944
2015-08-31,22.610001,22.780001,22.52,22.60,522300,22.521732
2015-08-28,22.74,22.85,22.559999,22.82,647900,22.740969
2015-08-27,22.48,22.93,22.26,22.889999,1129600,22.810727
2015-08-26,21.809999,22.459999,21.49,22.34,941600,22.262632
2015-08-25,21.93,21.93,21.219999,21.33,776900,21.25613
2015-08-24,20.969999,21.76,20.57,21.17,793700,21.096684
2015-08-21,22.26,22.59,22.040001,22.219999,697900,22.143047
2015-08-20,22.75,22.969999,22.549999,22.639999,432700,22.561592
2015-08-19,23.030001,23.26,22.860001,23.030001,321000,22.950243
2015-08-18,23.360001,23.389999,23.200001,23.24,246500,23.159515
2015-08-17,23.07,23.42,22.860001,23.389999,393200,23.308995
2015-08-14,22.91,23.280001,22.85,23.219999,377400,23.139584
2015-08-13,22.959999,23.15,22.790001,22.860001,414100,22.780832
2015-08-12,22.959999,23.049999,22.48,23.02,604300,22.940277
2015-08-11,23.43,23.59,23.00,23.10,809000,23.02
2015-08-10,23.59,23.790001,23.15,23.639999,781700,23.558129
2015-08-07,23.370001,23.690001,23.24,23.41,798700,23.328926
2015-08-06,24.00,24.059999,22.690001,23.50,1186000,23.418615
2015-08-05,24.93,24.93,24.02,24.10,1190000,24.016537
2015-08-04,25.01,25.190001,24.93,25.030001,556400,24.943317
2015-08-03,25.139999,25.23,24.75,25.00,502000,24.91342
2015-07-31,25.15,25.24,25.049999,25.110001,575800,25.023039
2015-07-30,25.15,25.25,24.90,25.110001,489600,25.023039
2015-07-29,24.58,25.34,24.58,25.27,806500,25.182485
2015-07-28,24.790001,24.790001,24.370001,24.67,738000,24.584563
2015-07-27,25.030001,25.08,24.68,24.709999,434700,24.624423
2015-07-24,25.27,25.41,25.129999,25.129999,541800,25.042969
2015-07-23,25.58,25.620001,25.200001,25.32,381800,25.232311
2015-07-22,25.23,25.67,25.209999,25.58,490500,25.491411
2015-07-21,25.549999,25.65,25.24,25.32,563400,25.232311
2015-07-20,25.60,25.74,25.43,25.60,371600,25.511342
2015-07-17,26.00,26.01,25.530001,25.60,489000,25.511342
2015-07-16,25.969999,26.059999,25.860001,26.00,585600,25.909957
2015-07-15,25.82,26.219999,25.65,25.83,513400,25.740545
2015-07-14,25.610001,25.84,25.58,25.799999,487700,25.710648
2015-07-13,25.549999,25.719999,25.49,25.65,489900,25.561168
2015-07-10,25.48,25.49,25.09,25.360001,439500,25.272174
2015-07-09,25.360001,25.43,25.08,25.129999,586500,25.042969
2015-07-08,25.02,25.139999,24.809999,25.01,599900,24.923385
2015-07-07,25.50,25.540001,24.83,25.27,806100,25.182485
2015-07-06,25.42,25.75,25.290001,25.440001,816200,25.351897
2015-07-02,25.719999,25.82,25.50,25.629999,941900,25.541237
2015-07-01,25.66,25.809999,25.48,25.60,865000,25.511342
2015-06-30,25.91,25.91,25.40,25.49,998400,25.401723
2015-06-29,26.219999,26.360001,25.629999,25.66,629400,25.571134
2015-06-26,26.309999,26.559999,26.200001,26.469999,1786300,26.378328
2015-06-25,26.049999,26.34,26.049999,26.18,918000,26.089334
2015-06-24,26.09,26.280001,26.040001,26.049999,782600,25.959783
2015-06-23,25.700001,26.110001,25.559999,26.049999,1544500,25.959783
2015-06-22,25.60,25.719999,25.50,25.60,511600,25.511342
2015-06-19,25.43,25.559999,25.25,25.440001,878800,25.351897
2015-06-18,25.26,25.719999,25.18,25.50,823000,25.411688
2015-06-17,25.389999,25.40,25.09,25.219999,335000,25.132657
2015-06-16,25.120001,25.43,25.02,25.290001,919300,25.202416
2015-06-15,25.200001,25.27,24.959999,25.10,503000,24.933351
2015-06-12,25.16,25.440001,25.110001,25.389999,470400,25.221424
2015-06-11,25.379999,25.610001,25.200001,25.290001,619500,25.12209
2015-06-10,24.91,25.73,24.889999,25.379999,1211300,25.211491
2015-06-09,24.959999,25.049999,24.74,24.889999,532800,24.724744
2015-06-08,25.120001,25.219999,24.90,24.91,517800,24.744612
2015-06-05,25.00,25.17,24.76,25.120001,458100,24.953219
2015-06-04,25.08,25.219999,24.940001,25.00,428100,24.834014
2015-06-03,25.02,25.299999,24.879999,25.24,750900,25.072421
2015-06-02,24.870001,25.07,24.77,24.959999,566500,24.794279
2015-06-01,24.93,25.09,24.700001,24.98,633500,24.814147
2015-05-29,24.860001,24.959999,24.67,24.83,525200,24.665143
2015-05-28,24.77,25.00,24.700001,24.969999,499700,24.804213
2015-05-27,24.299999,24.809999,24.190001,24.799999,615000,24.635342
2015-05-26,24.48,24.49,24.00,24.280001,488900,24.118796
2015-05-22,24.68,24.709999,24.51,24.58,346800,24.416803
2015-05-21,24.799999,24.860001,24.700001,24.74,397800,24.57574
2015-05-20,24.700001,24.959999,24.59,24.84,529100,24.675077
2015-05-19,24.559999,24.73,24.469999,24.610001,415900,24.446604
2015-05-18,24.35,24.93,24.25,24.620001,658200,24.456538
2015-05-15,24.90,24.92,24.389999,24.41,454500,24.247932
2015-05-14,24.58,24.879999,24.440001,24.860001,521100,24.694945
2015-05-13,24.23,24.440001,24.07,24.40,652400,24.237998
2015-05-12,23.75,24.10,23.370001,24.040001,580100,23.880389
2015-05-11,23.75,24.540001,23.639999,23.889999,989200,23.731384
2015-05-08,24.00,24.01,23.780001,23.780001,380900,23.622115
2015-05-07,23.42,23.879999,23.32,23.809999,619500,23.651915
2015-05-06,23.379999,23.67,22.90,23.42,866200,23.264505
2015-05-05,22.790001,23.02,22.58,22.709999,486000,22.559218
2015-05-04,22.75,23.120001,22.75,22.879999,423600,22.728089
2015-05-01,22.780001,22.91,22.48,22.73,375700,22.579086
2015-04-30,23.129999,23.25,22.639999,22.68,620800,22.529418
2015-04-29,23.40,23.459999,23.17,23.25,297800,23.095633
2015-04-28,22.90,23.42,22.75,23.42,385100,23.264505
2015-04-27,23.25,23.309999,22.799999,22.85,385600,22.69829
2015-04-24,23.10,23.280001,22.940001,23.139999,286000,22.986363
2015-04-23,23.01,23.18,22.91,23.120001,320500,22.966497
2015-04-22,23.00,23.09,22.76,23.040001,397800,22.887029
2015-04-21,22.959999,23.02,22.809999,22.950001,262500,22.797626
2015-04-20,22.59,22.91,22.459999,22.860001,292700,22.708223
2015-04-17,22.709999,22.74,22.32,22.42,294700,22.271144
2015-04-16,22.959999,23.030001,22.83,22.91,237700,22.757891
2015-04-15,23.09,23.16,22.950001,22.98,293800,22.827426
2015-04-14,23.10,23.139999,22.700001,22.959999,300000,22.807558
2015-04-13,23.129999,23.27,22.879999,23.139999,190200,22.986363
