Date,Open,High,Low,Close,Volume,Adj Close
2015-10-16,103.00,103.82,102.290001,103.379997,3820200,103.379997
2015-10-15,100.989998,102.489998,100.25,102.410004,3690900,102.410004
2015-10-14,102.199997,102.720001,100.019997,100.449997,4153200,100.449997
2015-10-13,102.82,103.779999,101.800003,102.050003,4048900,102.050003
2015-10-12,102.199997,103.519997,102.019997,103.07,3415500,103.07
2015-10-09,102.010002,102.519997,101.519997,102.00,4388800,102.00
2015-10-08,101.010002,102.50,100.50,102.169998,5113000,102.169998
2015-10-07,100.57,101.370003,99.980003,101.010002,4393200,101.010002
2015-10-06,102.099998,102.150002,99.639999,99.82,4942100,99.82
2015-10-05,99.860001,102.25,99.760002,101.970001,6911600,101.970001
2015-10-02,95.580002,99.00,95.519997,98.959999,5486500,98.959999
2015-10-01,96.489998,97.099998,95.029999,96.910004,6204900,96.910004
2015-09-30,96.330002,96.889999,95.580002,96.480003,5732600,96.480003
2015-09-29,96.349998,97.32,94.540001,95.120003,6847900,95.120003
2015-09-28,98.300003,98.449997,96.019997,96.349998,5789700,96.349998
2015-09-25,99.790001,99.860001,98.230003,98.610001,4635600,98.610001
2015-09-24,99.50,100.489998,98.599998,99.169998,4707900,99.169998
2015-09-23,100.129997,100.879997,99.459999,100.629997,4022200,100.629997
2015-09-22,99.690002,100.25,99.169998,100.029999,3526000,100.029999
2015-09-21,99.769997,101.089996,99.50,100.910004,3833200,100.910004
2015-09-18,99.709999,100.919998,98.82,99.029999,8845500,99.029999
2015-09-17,101.580002,102.629997,100.370003,101.339996,4370200,101.339996
2015-09-16,101.57,101.989998,100.75,101.540001,3463200,101.540001
2015-09-15,100.800003,102.089996,100.110001,101.599998,3521100,101.599998
2015-09-14,101.540001,101.690002,100.019997,100.160004,3610500,100.160004
2015-09-11,100.57,101.540001,100.209999,101.519997,3365200,101.519997
2015-09-10,99.980003,101.699997,99.580002,100.800003,4125800,100.800003
2015-09-09,103.139999,103.589996,100.010002,100.230003,3816400,100.230003
2015-09-08,101.970001,102.190002,100.669998,102.139999,4592100,102.139999
2015-09-04,100.239998,100.860001,99.629997,100.120003,4361500,100.120003
2015-09-03,101.809998,102.830002,101.190002,101.589996,3960200,101.589996
2015-09-02,101.480003,102.059998,99.860001,101.110001,5798800,101.110001
2015-09-01,100.639999,101.389999,99.800003,100.269997,6763800,100.269997
2015-08-31,104.330002,104.349998,102.040001,102.400002,4957800,102.400002
2015-08-28,105.389999,105.470001,103.379997,104.18,5057600,104.18
2015-08-27,104.43,105.540001,103.050003,105.199997,6129400,105.199997
2015-08-26,103.379997,103.540001,100.839996,102.870003,8751800,102.870003
2015-08-25,104.139999,104.410004,99.93,100.00,8345800,100.00
2015-08-24,96.290001,104.209999,81.370003,100.209999,13518200,100.209999
2015-08-21,104.989998,105.230003,101.050003,102.209999,8168400,102.209999
2015-08-20,106.400002,107.550003,106.019997,106.019997,4733100,106.019997
2015-08-19,108.07,108.25,106.599998,106.760002,4650300,106.760002
2015-08-18,108.339996,108.849998,107.900002,108.459999,3020800,108.459999
2015-08-17,107.07,108.82,106.989998,108.739998,3293500,108.739998
2015-08-14,107.769997,108.110001,107.32,107.669998,2087000,107.669998
2015-08-13,108.779999,108.870003,107.330002,107.669998,3515300,107.669998
2015-08-12,107.589996,108.50,106.760002,108.32,3913800,108.32
2015-08-11,108.07,109.18,107.43,108.080002,2866500,108.080002
2015-08-10,108.660004,109.349998,108.279999,108.620003,3100300,108.620003
2015-08-07,108.120003,108.279999,107.139999,107.739998,4536400,107.739998
2015-08-06,111.410004,111.75,108.089996,108.120003,6749200,108.120003
2015-08-05,110.50,111.559998,110.269997,111.199997,4248300,111.199997
2015-08-04,110.739998,111.300003,106.559998,109.959999,9514000,109.959999
2015-08-03,113.169998,113.580002,112.050003,112.82,4758400,112.82
2015-07-31,113.349998,113.50,112.449997,112.470001,4667200,112.470001
2015-07-30,112.690002,113.150002,112.25,112.940002,3908500,112.940002
2015-07-29,111.669998,113.650002,111.650002,113.449997,4674400,113.449997
2015-07-28,110.32,111.910004,110.059998,111.639999,4032800,111.639999
2015-07-27,109.690002,110.040001,108.760002,109.769997,3962600,109.769997
2015-07-24,110.50,111.269997,109.900002,110.489998,3255600,110.489998
2015-07-23,111.25,111.639999,109.989998,110.190002,2957600,110.190002
2015-07-22,110.110001,111.07,110.010002,110.980003,3130300,110.980003
2015-07-21,110.699997,110.940002,109.57,110.059998,2561400,110.059998
2015-07-20,110.139999,111.150002,109.639999,110.980003,2579300,110.630001
2015-07-17,110.540001,110.540001,109.489998,110.139999,3004400,109.792646
2015-07-16,110.43,110.699997,110.040001,110.540001,2937300,110.191386
2015-07-15,109.529999,110.260002,109.209999,109.900002,4286800,109.553405
2015-07-14,109.199997,109.959999,108.800003,109.82,3756800,109.473656
2015-07-13,108.50,109.160004,107.82,109.160004,3720100,108.815741
2015-07-10,106.849998,107.75,106.639999,107.440002,4486600,107.101164
2015-07-09,106.010002,106.389999,105.589996,105.699997,5564500,105.366646
2015-07-08,105.370003,105.93,104.18,104.190002,4825900,103.861414
2015-07-07,105.099998,106.43,104.07,106.379997,4782300,106.044502
2015-07-06,103.879997,105.769997,103.629997,104.809998,4041100,104.479454
2015-07-02,105.830002,106.220001,105.360001,105.550003,2509700,105.217126
2015-07-01,105.75,105.879997,104.860001,105.709999,3909500,105.376617
2015-06-30,105.440002,105.699997,104.730003,104.879997,4251300,104.549233
2015-06-29,104.980003,105.82,104.760002,104.809998,4671900,104.479454
2015-06-26,105.360001,105.879997,104.82,105.839996,15550100,105.506204
2015-06-25,105.510002,106.110001,104.370003,105.010002,5300400,104.678828
2015-06-24,106.199997,106.879997,104.980003,105.330002,4655100,104.997818
2015-06-23,106.440002,106.68,105.809998,106.470001,3787300,106.134222
2015-06-22,105.93,106.50,105.720001,106.139999,3515700,105.805261
2015-06-19,105.470001,106.080002,104.779999,105.470001,5664400,105.137376
2015-06-18,104.07,106.00,104.040001,105.059998,4827100,104.728665
2015-06-17,103.620003,104.160004,103.190002,103.82,3101900,103.492578
2015-06-16,102.610001,103.279999,102.279999,103.169998,4010100,102.844627
2015-06-15,102.870003,103.349998,101.860001,102.580002,5501500,102.256491
2015-06-12,102.260002,102.82,101.68,102.220001,2930900,101.897626
2015-06-11,102.519997,103.370003,102.360001,102.629997,3361300,102.306329
2015-06-10,100.50,102.379997,100.400002,102.129997,3909200,101.807906
2015-06-09,99.410004,100.449997,99.139999,99.980003,3299700,99.664692
2015-06-08,99.82,99.989998,99.169998,99.410004,3161400,99.09649
2015-06-05,100.620003,100.760002,99.809998,99.949997,3536400,99.634781
2015-06-04,101.199997,101.959999,100.279999,100.870003,3896100,100.551885
2015-06-03,102.400002,102.599998,101.790001,101.910004,2780300,101.588606
2015-06-02,102.050003,102.25,101.199997,101.830002,3002400,101.508856
2015-06-01,102.900002,103.059998,102.089996,102.510002,3292000,102.186712
2015-05-29,103.150002,103.209999,101.82,102.379997,4961500,102.057117
2015-05-28,103.519997,103.720001,102.400002,103.190002,2599900,102.864568
2015-05-27,103.110001,103.860001,103.040001,103.480003,3537700,103.153654
2015-05-26,103.970001,104.32,102.529999,102.849998,3692500,102.525636
2015-05-22,103.900002,104.419998,103.370003,103.949997,3671400,103.622166
2015-05-21,101.269997,104.93,101.099998,103.690002,7691600,103.362991
2015-05-20,102.32,102.32,101.239998,101.269997,3800400,100.950617
2015-05-19,102.650002,102.879997,101.949997,102.32,2969500,101.997309
2015-05-18,101.779999,102.809998,101.699997,102.440002,2599700,102.116933
2015-05-15,102.059998,102.139999,101.389999,102.07,3788700,101.748097
2015-05-14,100.400002,102.00,100.32,101.959999,4289400,101.638444
2015-05-13,100.459999,100.739998,99.470001,99.809998,3913200,99.495223
2015-05-12,100.019997,100.760002,99.769997,100.239998,4019500,99.923867
2015-05-11,100.510002,101.309998,100.339996,100.489998,3129000,100.173078
2015-05-08,99.849998,101.099998,99.849998,100.660004,4350700,100.342548
2015-05-07,98.970001,99.540001,98.50,99.360001,3822900,99.046645
2015-05-06,98.82,99.150002,98.230003,98.870003,3648400,98.558192
2015-05-05,100.110001,100.269997,98.190002,98.739998,4556500,98.428597
2015-05-04,100.57,101.32,100.010002,100.160004,3318800,99.844125
2015-05-01,100.93,101.18,97.870003,100.459999,6699100,100.143174
2015-04-30,100.419998,101.050003,99.010002,99.290001,7990100,98.976866
2015-04-29,101.669998,101.949997,100.190002,100.669998,6140400,100.352511
2015-04-28,101.199997,102.110001,100.739998,101.970001,4087700,101.648414
2015-04-27,102.00,102.529999,101.190002,101.220001,5425500,100.90078
2015-04-24,100.940002,101.849998,100.760002,101.580002,5418800,101.259645
2015-04-23,100.900002,101.230003,100.279999,100.879997,4120600,100.561848
2015-04-22,101.400002,101.669998,100.290001,101.230003,5561800,100.91075
2015-04-21,101.50,101.919998,101.120003,101.410004,5004400,100.741288
2015-04-20,100.809998,101.459999,100.519997,101.279999,4559100,100.61214
