Date,Open,High,Low,Close,Volume,Adj Close
2015-10-16,29.85,30.09,29.83,29.969999,761900,29.969999
2015-10-15,29.780001,29.83,29.389999,29.77,554600,29.77
2015-10-14,29.799999,30.10,29.639999,29.700001,549100,29.700001
2015-10-13,30.08,30.469999,29.709999,29.77,799200,29.77
2015-10-12,30.280001,30.43,30.040001,30.18,749200,30.18
2015-10-09,30.50,30.50,30.10,30.24,638700,30.24
2015-10-08,30.280001,30.59,30.120001,30.440001,684800,30.440001
2015-10-07,31.76,31.76,29.860001,30.290001,918600,30.290001
2015-10-06,29.940001,30.290001,29.799999,29.809999,559200,29.809999
2015-10-05,29.40,30.059999,29.40,29.99,814000,29.99
2015-10-02,28.889999,29.25,28.60,29.25,747600,29.25
2015-10-01,29.540001,29.67,28.700001,28.889999,985900,28.889999
2015-09-30,29.77,30.059999,29.370001,29.540001,948900,29.540001
2015-09-29,29.940001,30.139999,29.690001,29.879999,833600,29.339999
2015-09-28,30.639999,30.73,29.790001,29.940001,761500,29.398916
2015-09-25,30.57,30.950001,30.309999,30.700001,564500,30.145181
2015-09-24,30.98,31.129999,30.23,30.379999,679800,29.830962
2015-09-23,31.030001,31.209999,30.879999,31.030001,964200,30.469217
2015-09-22,31.200001,31.40,30.809999,31.09,1734000,30.528132
2015-09-21,31.790001,31.99,31.379999,31.469999,845100,30.901264
2015-09-18,30.889999,31.889999,30.870001,31.77,2732000,31.195843
2015-09-17,30.780001,31.74,30.68,31.23,1359300,30.665601
2015-09-16,30.50,30.91,30.41,30.85,658800,30.29247
2015-09-15,30.16,30.52,29.93,30.450001,616400,29.899699
2015-09-14,29.790001,30.25,29.530001,30.08,1007300,29.536385
2015-09-11,29.48,29.860001,29.360001,29.76,635600,29.222168
2015-09-10,29.549999,29.860001,29.389999,29.549999,1101300,29.015963
2015-09-09,29.57,29.709999,29.379999,29.50,1054600,28.966867
2015-09-08,29.35,29.50,29.24,29.360001,987900,28.829398
2015-09-04,28.93,29.17,28.75,29.00,670400,28.475903
2015-09-03,29.309999,29.629999,29.200001,29.26,552600,28.731205
2015-09-02,29.07,29.35,28.889999,29.33,866200,28.799939
2015-09-01,28.91,29.17,28.65,28.77,736800,28.25006
2015-08-31,29.90,30.08,29.32,29.379999,1320500,28.849035
2015-08-28,30.00,30.26,29.76,30.17,1089500,29.624759
2015-08-27,29.299999,30.120001,29.10,30.059999,1172900,29.516746
2015-08-26,28.73,29.219999,28.23,29.110001,1289600,28.583916
2015-08-25,29.32,29.32,28.110001,28.129999,1412700,27.621625
2015-08-24,28.00,28.719999,28.00,28.58,1167400,28.063493
2015-08-21,30.83,30.91,30.07,30.07,917500,29.526565
2015-08-20,31.33,31.34,30.959999,31.00,658300,30.439758
2015-08-19,31.51,31.59,31.09,31.379999,701000,30.81289
2015-08-18,31.799999,31.860001,31.52,31.68,564100,31.10747
2015-08-17,31.74,31.940001,31.42,31.799999,712900,31.2253
2015-08-14,32.02,32.02,31.41,31.73,925300,31.156565
2015-08-13,32.150002,32.509998,32.029999,32.09,781400,31.51006
2015-08-12,32.709999,32.830002,32.099998,32.549999,1247300,31.961746
2015-08-11,32.82,33.080002,32.700001,32.799999,1830200,32.207228
2015-08-10,33.459999,33.459999,32.700001,32.84,1337100,32.246506
2015-08-07,33.650002,33.650002,33.16,33.330002,570800,32.727652
2015-08-06,33.290001,34.029999,32.630001,33.75,1299100,33.14006
2015-08-05,34.759998,35.009998,34.299999,34.310001,703400,33.68994
2015-08-04,35.349998,35.48,34.66,34.740002,567600,34.11217
2015-08-03,35.200001,35.400002,35.009998,35.389999,387400,34.75042
2015-07-31,34.990002,35.439999,34.91,35.169998,421100,34.534395
2015-07-30,35.029999,35.029999,34.720001,34.84,257900,34.210361
2015-07-29,34.419998,35.119999,34.400002,35.110001,349000,34.475482
2015-07-28,34.610001,34.669998,34.25,34.450001,719900,33.82741
2015-07-27,34.48,34.779999,34.299999,34.529999,350300,33.905962
2015-07-24,34.650002,34.77,34.41,34.48,277500,33.856866
2015-07-23,34.630001,34.93,34.459999,34.610001,414300,33.984518
2015-07-22,34.560001,34.939999,34.560001,34.810001,382900,34.180904
2015-07-21,35.009998,35.16,34.57,34.59,317000,33.964879
2015-07-20,34.630001,35.110001,34.43,35.080002,540400,34.446025
2015-07-17,34.84,34.849998,34.52,34.59,322600,33.964879
2015-07-16,34.580002,34.900002,34.52,34.75,541000,34.121987
2015-07-15,34.360001,34.599998,34.110001,34.439999,389800,33.817588
2015-07-14,34.00,34.509998,34.00,34.48,423900,33.856866
2015-07-13,34.310001,34.380001,33.869999,34.080002,404200,33.464098
2015-07-10,33.59,34.220001,33.580002,34.00,388700,33.385542
2015-07-09,33.830002,33.919998,33.450001,33.490002,610100,32.88476
2015-07-08,33.68,34.02,33.389999,33.75,850000,33.14006
2015-07-07,33.77,34.049999,33.650002,33.84,597400,33.228433
2015-07-06,33.25,33.720001,33.220001,33.580002,819900,32.973134
2015-07-02,33.360001,33.669998,33.150002,33.290001,383700,32.688374
2015-07-01,33.130001,33.32,32.900002,33.189999,798700,32.590179
2015-06-30,33.27,33.459999,32.98,33.080002,1331100,32.48217
2015-06-29,33.799999,34.009998,33.59,33.59,1213400,32.452712
2015-06-26,33.689999,34.049999,33.560001,34.00,1159800,32.84883
2015-06-25,33.75,33.84,33.380001,33.73,902400,32.587971
2015-06-24,33.610001,33.75,33.50,33.66,778500,32.520342
2015-06-23,33.75,33.889999,33.509998,33.639999,372500,32.501018
2015-06-22,34.450001,34.450001,33.75,33.779999,513000,32.636278
2015-06-19,34.369999,34.580002,34.130001,34.25,789200,33.090365
2015-06-18,34.57,34.939999,34.470001,34.799999,365000,33.621743
2015-06-17,34.299999,34.59,33.950001,34.419998,380300,33.254608
2015-06-16,34.060001,34.41,33.869999,34.27,395100,33.109689
2015-06-15,34.009998,34.150002,33.720001,34.049999,407300,32.897136
2015-06-12,34.23,34.25,34.00,34.099998,488900,32.945443
2015-06-11,34.310001,34.459999,34.139999,34.279999,579000,33.119349
2015-06-10,34.25,34.59,34.07,34.189999,435100,33.032396
2015-06-09,34.41,34.41,34.00,34.119999,417200,32.964766
2015-06-08,34.630001,34.630001,34.240002,34.360001,362500,33.196642
2015-06-05,34.759998,34.84,34.32,34.57,505000,33.399531
2015-06-04,35.18,35.209999,34.82,34.98,393100,33.795649
2015-06-03,35.349998,35.549999,35.00,35.189999,554700,33.998538
2015-06-02,35.310001,35.490002,35.029999,35.439999,442100,34.240073
2015-06-01,35.259998,35.66,35.169998,35.52,501000,34.317366
2015-05-29,35.389999,35.59,34.93,35.16,1046700,33.969555
2015-05-28,35.389999,35.50,35.09,35.459999,439500,34.259397
2015-05-27,34.950001,35.48,34.91,35.43,454500,34.230413
2015-05-26,35.130001,35.259998,34.73,34.91,475200,33.728019
2015-05-22,35.00,35.380001,34.860001,35.240002,417500,34.046848
2015-05-21,35.619999,35.75,34.759998,35.009998,670700,33.824632
2015-05-20,35.57,35.799999,35.419998,35.59,638200,34.384996
2015-05-19,35.43,35.540001,35.27,35.48,612300,34.27872
2015-05-18,35.049999,35.509998,34.84,35.369999,1133900,34.172444
2015-05-15,35.110001,35.27,34.759998,35.240002,1189400,34.046848
2015-05-14,34.43,35.080002,34.209999,35.040001,840600,33.853619
2015-05-13,34.509998,34.75,34.169998,34.279999,1105900,33.119349
2015-05-12,34.259998,34.50,33.810001,34.400002,750500,33.235288
2015-05-11,34.470001,34.810001,34.189999,34.400002,798100,33.235288
2015-05-08,35.290001,35.700001,34.59,34.759998,823800,33.583096
2015-05-07,35.799999,36.200001,33.599998,34.77,2128500,33.59276
2015-05-06,35.540001,35.959999,35.34,35.93,785700,34.713484
2015-05-05,36.610001,36.720001,35.540001,35.610001,732500,34.404319
2015-05-04,36.759998,36.98,36.57,36.610001,591100,35.370461
2015-05-01,36.830002,37.139999,36.599998,36.639999,598000,35.399444
2015-04-30,38.110001,38.110001,36.57,36.790001,963000,35.544367
2015-04-29,39.369999,39.369999,38.080002,38.169998,653500,36.877641
2015-04-28,39.040001,39.32,38.84,39.110001,264100,37.785816
2015-04-27,39.509998,39.720001,39.00,39.16,307100,37.834123
2015-04-24,39.650002,39.77,39.310001,39.419998,219800,38.085318
2015-04-23,39.27,39.73,39.09,39.630001,271500,38.288211
2015-04-22,39.310001,39.490002,39.07,39.360001,286300,38.027352
2015-04-21,39.279999,39.459999,39.080002,39.34,343900,38.008029
2015-04-20,39.240002,39.380001,38.950001,39.09,290900,37.766493
