Date,Open,High,Low,Close,Volume,Adj Close
2015-10-09,9.33,9.35,9.12,9.20,5203700,9.20
2015-10-08,9.16,9.42,9.15,9.34,6350900,9.34
2015-10-07,8.98,9.23,8.90,9.22,9306000,9.22
2015-10-06,8.79,8.98,8.74,8.89,5923100,8.89
2015-10-05,8.75,8.87,8.66,8.78,6229700,8.78
2015-10-02,8.31,8.72,8.26,8.70,7554700,8.70
2015-10-01,8.55,8.63,8.11,8.35,12360900,8.35
2015-09-30,8.40,8.59,8.31,8.52,8507400,8.52
2015-09-29,8.38,8.56,8.20,8.28,7910400,8.28
2015-09-28,8.66,8.71,8.25,8.36,10605800,8.36
2015-09-25,9.00,9.00,8.66,8.76,6517000,8.76
2015-09-24,8.84,8.94,8.70,8.77,7680500,8.77
2015-09-23,9.16,9.16,8.88,8.92,6601700,8.92
2015-09-22,9.16,9.23,9.04,9.11,10088700,9.11
2015-09-21,9.48,9.59,9.35,9.44,7072800,9.33
2015-09-18,9.60,9.68,9.19,9.34,12665700,9.231166
2015-09-17,9.79,9.92,9.67,9.72,4456100,9.606738
2015-09-16,10.02,10.11,9.64,9.77,7624700,9.656155
2015-09-15,10.00,10.11,9.94,10.03,3368100,9.913125
2015-09-14,10.11,10.15,9.87,9.99,3311700,9.873591
2015-09-11,10.01,10.20,9.81,10.04,5092600,9.923009
2015-09-10,10.09,10.26,9.88,10.06,7375200,9.942776
2015-09-09,10.62,10.72,10.20,10.23,6181400,10.110794
2015-09-08,10.13,10.44,10.01,10.41,5278500,10.288697
2015-09-04,10.07,10.13,9.84,9.91,3325800,9.794523
2015-09-03,10.31,10.39,10.03,10.18,7549500,10.061378
2015-09-02,9.85,10.29,9.79,10.24,10894400,10.120678
2015-09-01,9.76,10.08,9.61,9.67,9152400,9.55732
2015-08-31,10.01,10.15,9.87,10.00,6294100,9.883475
2015-08-28,9.84,10.15,9.81,10.09,5703800,9.972426
2015-08-27,9.39,9.94,9.38,9.88,8564800,9.764873
2015-08-26,9.15,9.32,8.86,9.30,7730300,9.191632
2015-08-25,9.58,9.64,8.90,8.92,9868400,8.81606
2015-08-24,8.75,9.22,8.55,9.22,13113500,9.112564
2015-08-21,9.33,9.58,9.26,9.28,6263200,9.171864
2015-08-20,9.66,9.81,9.35,9.44,9476500,9.33
2015-08-19,10.02,10.08,9.76,9.76,8767000,9.646272
2015-08-18,10.33,10.35,9.97,10.02,7209900,9.903242
2015-08-17,10.16,10.35,10.03,10.31,5237300,10.189863
2015-08-14,10.35,10.42,10.07,10.20,8262100,10.081144
2015-08-13,10.56,10.69,10.35,10.37,4809000,10.249163
2015-08-12,10.47,10.64,10.33,10.58,7048000,10.456716
2015-08-11,10.97,11.11,10.53,10.54,10495100,10.417182
2015-08-10,11.13,11.30,11.04,11.16,6796900,11.029958
2015-08-07,11.04,11.20,11.03,11.14,3530000,11.010191
2015-08-06,11.24,11.33,10.87,11.11,5826000,10.98054
2015-08-05,11.31,11.49,11.18,11.20,5143500,11.069491
2015-08-04,11.29,11.34,11.02,11.24,4553100,11.109025
2015-08-03,11.48,11.63,11.14,11.27,7009800,11.138676
2015-07-31,11.54,11.63,11.39,11.48,4557600,11.346229
2015-07-30,11.75,11.83,11.51,11.62,5678100,11.484597
2015-07-29,11.73,11.93,11.57,11.75,6238100,11.613083
2015-07-28,11.43,11.88,11.43,11.85,8172100,11.711918
2015-07-27,11.78,11.86,11.42,11.57,7620700,11.43518
2015-07-24,12.07,12.44,11.71,11.88,14248100,11.741568
2015-07-23,11.53,12.46,11.50,12.15,20907900,12.008421
2015-07-22,11.34,11.34,10.95,11.16,13559200,11.029958
2015-07-21,11.47,11.77,11.45,11.61,6579300,11.474714
2015-07-20,11.76,11.77,11.48,11.51,5073700,11.37588
2015-07-17,11.67,11.74,11.43,11.67,5193200,11.534015
2015-07-16,11.74,11.85,11.49,11.66,5379200,11.524131
2015-07-15,11.91,11.96,11.62,11.69,3886000,11.553782
2015-07-14,11.83,11.97,11.82,11.93,5768400,11.790986
2015-07-13,11.85,11.93,11.61,11.77,5539200,11.63285
2015-07-10,11.78,11.88,11.63,11.73,5059800,11.593315
2015-07-09,11.76,11.85,11.45,11.51,10177200,11.37588
2015-07-08,11.79,11.91,11.40,11.50,8119000,11.365996
2015-07-07,11.72,11.79,11.28,11.73,8651500,11.593315
2015-07-06,11.72,11.90,11.52,11.68,7182600,11.543899
2015-07-02,11.71,11.90,11.61,11.87,7754900,11.731684
2015-07-01,12.12,12.21,11.65,11.68,11038100,11.543899
2015-06-30,11.67,11.84,11.55,11.76,8855300,11.622966
2015-06-29,11.68,11.80,11.52,11.56,10172400,11.425297
2015-06-26,12.23,12.30,11.65,11.80,42912100,11.6625
2015-06-25,12.40,12.47,12.25,12.28,4547300,12.136907
2015-06-24,12.71,12.73,12.34,12.36,5536200,12.215974
2015-06-23,12.51,12.76,12.51,12.68,5574500,12.532246
2015-06-22,12.75,12.85,12.61,12.74,4277400,12.482829
2015-06-19,12.67,12.75,12.59,12.68,7131300,12.42404
2015-06-18,12.64,12.74,12.54,12.65,4388300,12.394645
2015-06-17,12.70,12.77,12.49,12.54,5084600,12.286866
2015-06-16,12.71,12.81,12.59,12.68,8074800,12.42404
2015-06-15,12.72,12.84,12.54,12.67,5863700,12.414242
2015-06-12,12.97,12.99,12.69,12.84,4699400,12.58081
2015-06-11,13.02,13.19,12.93,13.04,5067300,12.776773
2015-06-10,13.31,13.40,13.05,13.14,12070700,12.874755
2015-06-09,12.69,12.75,12.37,12.60,6955000,12.345655
2015-06-08,13.37,13.41,12.57,12.69,13052600,12.433838
2015-06-05,13.36,13.46,13.18,13.38,4105900,13.10991
2015-06-04,13.52,13.66,13.32,13.36,5336900,13.090313
2015-06-03,13.73,13.85,13.58,13.65,4810400,13.374459
2015-06-02,13.75,13.81,13.59,13.61,4988700,13.335266
2015-06-01,13.79,13.95,13.59,13.82,5674000,13.541027
2015-05-29,13.90,13.96,13.60,13.73,6632600,13.452844
2015-05-28,14.12,14.19,13.87,13.95,6209400,13.668403
2015-05-27,13.68,14.07,13.65,13.97,7111400,13.688
2015-05-26,13.67,13.81,13.47,13.64,4967700,13.364662
2015-05-22,13.76,13.95,13.72,13.74,4798300,13.462642
2015-05-21,13.46,13.65,13.40,13.65,5042400,13.374459
2015-05-20,13.62,13.80,13.50,13.51,6910100,13.237286
2015-05-19,13.44,13.73,13.38,13.66,11178300,13.384257
2015-05-18,13.13,13.40,12.92,13.39,6222700,13.119708
2015-05-15,13.20,13.23,12.96,13.07,5915300,12.806167
2015-05-14,13.05,13.24,12.82,13.14,9837700,12.874755
2015-05-13,12.74,12.97,12.62,12.65,6389700,12.394645
2015-05-12,12.61,12.78,12.46,12.69,5871800,12.433838
2015-05-11,12.82,12.82,12.57,12.63,8657300,12.375049
2015-05-08,12.75,12.93,12.68,12.88,9253000,12.620003
2015-05-07,12.67,12.82,12.58,12.69,20909000,12.433838
2015-05-06,12.79,12.84,12.37,12.65,9461900,12.394645
2015-05-05,13.02,13.11,12.45,12.70,15543400,12.443636
2015-05-04,13.36,13.44,12.95,13.08,10386800,12.815965
2015-05-01,13.60,13.71,12.78,13.34,20378800,13.070717
2015-04-30,12.65,13.75,12.26,13.32,22854900,13.05112
2015-04-29,12.83,12.98,12.72,12.80,5826200,12.541618
2015-04-28,12.85,13.01,12.63,12.93,4523800,12.668994
2015-04-27,12.84,13.11,12.75,12.87,4722600,12.610204
2015-04-24,13.30,13.31,12.70,12.78,10838800,12.522021
2015-04-23,13.39,13.39,13.15,13.26,5064700,12.992332
2015-04-22,13.47,13.62,13.27,13.57,4320400,13.296074
2015-04-21,13.45,13.52,13.24,13.46,5774200,13.188295
2015-04-20,13.33,13.54,13.25,13.33,7436900,13.060919
2015-04-17,13.48,13.49,13.19,13.23,6862300,12.962937
2015-04-16,13.66,14.00,13.41,13.59,8119300,13.315671
2015-04-15,13.79,13.92,13.60,13.79,7986700,13.511633
2015-04-14,14.15,14.21,13.62,13.67,7704400,13.394056
2015-04-13,14.11,14.36,14.08,14.14,4743100,13.854569
