Date,Open,High,Low,Close,Volume,Adj Close
2015-10-15,39.439999,41.189999,36.84,40.66,6640300,40.66
2015-10-14,42.220001,42.59,41.220001,41.68,1626300,41.68
2015-10-13,42.759998,43.73,41.970001,42.060001,1587000,42.060001
2015-10-12,43.360001,43.66,42.279999,42.970001,1403800,42.970001
2015-10-09,43.93,44.150002,43.189999,43.32,1240700,43.32
2015-10-08,44.200001,44.23,42.84,43.84,1378200,43.84
2015-10-07,43.950001,44.43,43.09,44.240002,1581800,44.240002
2015-10-06,43.490002,44.509998,43.220001,43.830002,2589700,43.830002
2015-10-05,42.75,45.450001,42.639999,43.73,3749800,43.73
2015-10-02,41.639999,42.349998,41.060001,42.209999,2992900,42.209999
2015-10-01,42.759998,43.419998,41.889999,42.790001,3156500,42.790001
2015-09-30,41.48,42.849998,41.369999,42.77,2607700,42.77
2015-09-29,41.82,42.32,40.52,40.84,1850900,40.84
2015-09-28,44.18,44.490002,40.52,41.57,4511800,41.57
2015-09-25,46.799999,47.060001,44.279999,44.50,2608500,44.50
2015-09-24,47.689999,47.900002,45.880001,46.330002,2017600,46.330002
2015-09-23,48.00,49.060001,47.619999,48.189999,1693600,48.189999
2015-09-22,47.549999,48.32,47.209999,47.900002,1846000,47.900002
2015-09-21,49.470001,49.700001,47.919998,48.110001,1690200,48.110001
2015-09-18,50.439999,50.880001,48.759998,48.849998,2052500,48.849998
2015-09-17,50.330002,51.84,49.700001,51.049999,1453800,51.049999
2015-09-16,51.450001,51.740002,49.68,50.209999,2067800,50.209999
2015-09-15,51.630001,51.689999,50.810001,51.560001,1889700,51.560001
2015-09-14,52.18,52.419998,51.619999,51.740002,671200,51.740002
2015-09-11,51.970001,52.209999,51.419998,51.860001,782700,51.860001
2015-09-10,52.02,53.040001,51.900002,52.16,759200,52.16
2015-09-09,53.540001,53.630001,51.950001,52.09,648200,52.09
2015-09-08,53.220001,53.540001,52.490002,52.990002,862400,52.990002
2015-09-04,51.779999,52.759998,51.669998,52.490002,897500,52.490002
2015-09-03,52.360001,53.810001,52.18,52.529999,973500,52.529999
2015-09-02,52.150002,52.470001,51.049999,52.02,1440800,52.02
2015-09-01,52.669998,53.290001,51.310001,51.599998,1001800,51.599998
2015-08-31,54.970001,55.139999,53.48,53.700001,1306600,53.700001
2015-08-28,54.040001,55.009998,53.700001,54.970001,1216600,54.970001
2015-08-27,52.939999,55.029999,52.849998,54.299999,1447200,54.299999
2015-08-26,52.650002,52.68,51.110001,52.419998,1491400,52.419998
2015-08-25,53.790001,53.849998,51.509998,51.560001,1373500,51.560001
2015-08-24,52.32,53.720001,51.419998,52.630001,2112200,52.630001
2015-08-21,56.07,56.560001,55.419998,55.669998,1344600,55.669998
2015-08-20,58.610001,59.029999,56.509998,56.560001,1544500,56.560001
2015-08-19,59.130001,59.610001,58.66,59.27,986800,59.27
2015-08-18,59.720001,60.23,59.25,59.439999,1477400,59.439999
2015-08-17,57.439999,60.00,57.439999,59.880001,1933300,59.880001
2015-08-14,57.57,58.209999,57.380001,58.189999,1091500,58.189999
2015-08-13,57.779999,58.75,56.860001,57.669998,1510200,57.669998
2015-08-12,56.189999,57.049999,55.25,56.82,1111500,56.82
2015-08-11,56.650002,56.77,55.950001,56.59,1256500,56.59
2015-08-10,56.91,57.700001,56.650002,57.310001,1091600,57.310001
2015-08-07,56.560001,57.080002,55.98,56.560001,929500,56.560001
2015-08-06,56.759998,57.82,55.959999,56.860001,1715600,56.860001
2015-08-05,59.450001,60.130001,54.900002,56.82,4344800,56.82
2015-08-04,61.919998,62.939999,58.299999,59.189999,3297600,59.189999
2015-08-03,58.740002,59.18,58.029999,58.330002,1610300,58.330002
2015-07-31,59.790001,60.330002,58.360001,58.509998,1907800,58.509998
2015-07-30,59.110001,59.470001,58.59,59.400002,1011900,59.400002
2015-07-29,58.740002,59.470001,58.119999,59.389999,1253100,59.389999
2015-07-28,57.830002,58.709999,57.240002,58.48,1375300,58.48
2015-07-27,57.830002,57.84,57.099998,57.630001,1458500,57.630001
2015-07-24,58.799999,58.990002,57.900002,58.200001,1146900,58.200001
2015-07-23,59.150002,59.349998,58.73,58.900002,1142500,58.900002
2015-07-22,58.779999,59.509998,58.509998,59.040001,1187200,59.040001
2015-07-21,60.09,60.299999,58.450001,58.779999,2320000,58.779999
2015-07-20,60.93,60.939999,60.18,60.330002,1335800,60.330002
2015-07-17,61.150002,61.259998,59.990002,60.619999,1106500,60.619999
2015-07-16,61.380001,61.560001,60.360001,60.990002,2424300,60.990002
2015-07-15,63.25,63.43,61.799999,62.41,1026700,62.41
2015-07-14,62.75,63.700001,62.50,63.25,1193900,63.25
2015-07-13,62.189999,62.84,61.689999,62.66,1627100,62.66
2015-07-10,62.360001,62.48,61.330002,61.75,1759700,61.75
2015-07-09,61.990002,62.259998,61.57,61.580002,1798200,61.580002
2015-07-08,62.25,62.439999,61.150002,61.220001,1206700,61.220001
2015-07-07,63.259998,63.369999,61.669998,62.650002,1442700,62.650002
2015-07-06,62.290001,63.889999,62.130001,63.099998,2180700,63.099998
2015-07-02,62.939999,63.43,62.029999,62.650002,1870600,62.650002
2015-07-01,63.400002,63.98,62.73,63.00,1417600,63.00
2015-06-30,63.75,63.919998,62.459999,62.970001,1997300,62.970001
2015-06-29,63.400002,65.00,63.009998,63.049999,2542600,63.049999
2015-06-26,62.450001,64.82,62.200001,64.040001,4941500,64.040001
2015-06-25,55.349998,63.360001,54.869999,62.450001,8944500,62.450001
2015-06-24,56.259998,56.32,55.240002,55.279999,1123500,55.279999
2015-06-23,56.68,57.119999,56.16,56.259998,818500,56.259998
2015-06-22,56.900002,56.900002,56.279999,56.540001,1079300,56.540001
2015-06-19,55.75,56.810001,55.57,56.52,1284300,56.52
2015-06-18,55.380001,55.779999,54.16,55.599998,824000,55.599998
2015-06-17,55.259998,55.900002,54.830002,55.68,1289000,55.68
2015-06-16,54.889999,55.57,54.75,55.169998,1069100,55.169998
2015-06-15,53.709999,55.09,53.470001,55.009998,983700,55.009998
2015-06-12,54.349998,54.950001,53.790001,54.00,942600,54.00
2015-06-11,54.66,55.169998,54.259998,54.490002,939300,54.490002
2015-06-10,54.57,55.080002,53.990002,54.540001,870100,54.540001
2015-06-09,52.860001,54.02,52.610001,53.860001,989800,53.860001
2015-06-08,54.200001,54.200001,52.41,52.759998,1760800,52.759998
2015-06-05,54.41,54.470001,53.75,54.150002,683700,54.150002
2015-06-04,54.330002,54.860001,54.07,54.16,602300,54.16
2015-06-03,55.169998,55.23,54.560001,54.59,554900,54.59
2015-06-02,55.25,55.599998,54.860001,54.93,545100,54.93
2015-06-01,55.580002,55.830002,54.970001,55.360001,895300,55.360001
2015-05-29,54.959999,56.119999,54.349998,55.310001,1262700,55.310001
2015-05-28,54.939999,55.450001,54.130001,54.93,773300,54.93
2015-05-27,54.720001,55.459999,54.639999,55.07,1022300,55.07
2015-05-26,53.740002,55.09,53.59,54.630001,970000,54.630001
2015-05-22,53.259998,54.330002,53.00,53.779999,685900,53.779999
2015-05-21,54.290001,54.669998,53.259998,53.419998,1215900,53.419998
2015-05-20,54.259998,54.790001,53.669998,54.27,1324800,54.27
2015-05-19,52.990002,54.349998,52.779999,54.07,1612100,54.07
2015-05-18,51.400002,52.869999,50.990002,52.860001,840300,52.860001
2015-05-15,51.50,51.580002,50.889999,51.549999,635000,51.549999
2015-05-14,51.48,51.700001,51.150002,51.43,505700,51.43
2015-05-13,50.939999,51.360001,50.720001,50.900002,809000,50.900002
2015-05-12,51.400002,51.540001,50.200001,50.720001,1125000,50.720001
2015-05-11,51.07,51.98,50.830002,51.68,982800,51.68
2015-05-08,51.040001,51.599998,50.66,51.139999,802900,51.139999
2015-05-07,49.580002,50.869999,48.93,50.630001,2231100,50.630001
2015-05-06,53.27,53.27,49.150002,49.380001,1991200,49.380001
2015-05-05,53.599998,53.759998,51.450001,51.52,1526700,51.52
2015-05-04,52.790001,53.779999,52.75,53.459999,1765500,53.459999
2015-05-01,53.84,53.939999,52.619999,52.639999,1534700,52.639999
2015-04-30,54.119999,54.709999,53.27,53.68,1519900,53.68
2015-04-29,54.709999,54.77,53.650002,54.43,750600,54.43
2015-04-28,54.779999,55.040001,53.099998,54.66,708100,54.66
2015-04-27,55.380001,55.75,54.369999,54.59,770000,54.59
2015-04-24,55.34,55.599998,55.119999,55.34,770400,55.34
2015-04-23,54.34,55.279999,54.00,55.220001,859300,55.220001
2015-04-22,53.84,54.779999,53.619999,54.41,1197800,54.41
2015-04-21,53.889999,54.09,53.509998,53.860001,1156900,53.860001
2015-04-20,53.619999,54.09,53.279999,53.790001,662100,53.790001
