Date,Open,High,Low,Close,Volume,Adj Close
2015-10-15,72.419998,72.949997,71.75,72.800003,2241500,72.800003
2015-10-14,71.919998,72.349998,71.709999,72.089996,1850300,72.089996
2015-10-13,71.739998,72.089996,71.440002,71.900002,1668700,71.900002
2015-10-12,71.040001,72.080002,71.00,72.00,1831700,72.00
2015-10-09,70.800003,71.150002,70.459999,71.019997,2538600,71.019997
2015-10-08,69.57,70.839996,69.440002,70.709999,1933400,70.709999
2015-10-07,69.870003,70.019997,69.43,69.779999,1744700,69.779999
2015-10-06,70.169998,70.32,69.449997,69.779999,2378200,69.779999
2015-10-05,69.589996,70.339996,69.239998,70.32,2870300,70.32
2015-10-02,69.510002,69.760002,68.459999,69.349998,3860800,69.349998
2015-10-01,70.449997,70.580002,68.900002,69.160004,3120100,69.160004
2015-09-30,69.510002,70.470001,69.379997,70.379997,2714500,70.379997
2015-09-29,69.459999,69.730003,68.970001,69.290001,2494000,69.290001
2015-09-28,69.940002,70.389999,69.349998,69.43,2861600,69.43
2015-09-25,69.480003,70.690002,69.260002,70.059998,2401800,70.059998
2015-09-24,68.849998,69.559998,68.760002,69.419998,2115400,69.419998
2015-09-23,69.040001,69.370003,68.870003,69.220001,1738400,69.220001
2015-09-22,69.00,69.459999,68.75,69.080002,2504600,69.080002
2015-09-21,69.169998,69.599998,68.870003,69.32,2209300,69.32
2015-09-18,69.059998,70.160004,68.849998,69.00,3509800,69.00
2015-09-17,68.68,70.279999,68.589996,69.459999,1884000,69.459999
2015-09-16,68.25,68.980003,68.059998,68.75,1904800,68.75
2015-09-15,68.190002,68.330002,67.639999,68.080002,1863800,68.080002
2015-09-14,67.889999,68.370003,67.660004,68.110001,2244000,68.110001
2015-09-11,67.139999,67.769997,66.959999,67.760002,2184900,67.760002
2015-09-10,67.989998,68.269997,67.110001,67.269997,2459100,67.269997
2015-09-09,69.029999,69.309998,67.959999,68.080002,2762300,68.080002
2015-09-08,67.940002,68.760002,67.889999,68.720001,3508200,68.720001
2015-09-04,67.690002,68.00,66.900002,67.230003,2843000,67.230003
2015-09-03,68.339996,68.629997,67.800003,68.089996,3032000,68.089996
2015-09-02,68.470001,68.510002,67.43,68.089996,2650400,68.089996
2015-09-01,68.879997,69.269997,67.349998,67.800003,2851100,67.800003
2015-08-31,70.889999,70.889999,69.309998,69.75,3322100,69.75
2015-08-28,71.169998,71.330002,70.120003,71.029999,2427200,71.029999
2015-08-27,70.959999,71.300003,70.239998,71.209999,3314300,71.209999
2015-08-26,70.379997,70.800003,68.830002,70.620003,3872900,70.620003
2015-08-25,73.519997,73.730003,70.110001,70.230003,5231300,69.582005
2015-08-24,73.75,75.00,72.029999,72.360001,6395900,71.692349
2015-08-21,75.410004,75.82,74.93,75.400002,6976200,74.704301
2015-08-20,75.720001,76.589996,75.400002,75.720001,4340200,75.021348
2015-08-19,75.709999,76.519997,75.540001,76.139999,2020600,75.437471
2015-08-18,76.059998,76.400002,75.809998,76.089996,1795400,75.387929
2015-08-17,75.50,76.480003,75.230003,76.220001,2882700,75.516735
2015-08-14,74.519997,75.43,74.18,75.370003,1730100,74.674579
2015-08-13,74.110001,75.00,73.57,74.93,3018100,74.238636
2015-08-12,72.559998,74.529999,72.440002,74.489998,3378500,73.802694
2015-08-11,72.220001,73.110001,71.949997,72.68,1902700,72.009397
2015-08-10,72.410004,72.720001,72.040001,72.349998,1535600,71.68244
2015-08-07,71.209999,72.760002,70.910004,72.339996,1934100,71.67253
2015-08-06,71.300003,71.349998,70.190002,71.330002,2158800,70.671854
2015-08-05,70.260002,71.690002,70.129997,71.160004,2353600,70.503425
2015-08-04,71.400002,71.580002,69.919998,70.25,3071300,69.601817
2015-08-03,71.919998,72.230003,71.269997,71.720001,1749300,71.058255
2015-07-31,71.580002,72.169998,71.50,71.699997,2190500,71.038435
2015-07-30,70.440002,71.18,70.080002,71.050003,1569900,70.394439
2015-07-29,70.040001,70.720001,69.489998,70.650002,2542300,69.998128
2015-07-28,69.080002,70.139999,68.839996,70.129997,2792200,69.482922
2015-07-27,68.599998,69.510002,68.599998,69.139999,2191200,68.502059
2015-07-24,68.209999,68.769997,67.980003,68.589996,2364000,67.95713
2015-07-23,68.529999,68.739998,67.580002,68.230003,2395500,67.600459
2015-07-22,68.699997,69.389999,68.650002,68.730003,2236600,68.095845
2015-07-21,69.120003,69.32,68.419998,68.769997,2424400,68.13547
2015-07-20,69.559998,69.629997,68.900002,69.290001,1237800,68.650676
2015-07-17,69.910004,70.190002,69.510002,69.650002,2048800,69.007355
2015-07-16,69.580002,70.330002,69.440002,70.18,2100200,69.532464
2015-07-15,69.029999,69.559998,68.809998,69.519997,1607700,68.87855
2015-07-14,69.019997,69.43,68.900002,69.199997,1746500,68.561502
2015-07-13,69.00,69.43,68.559998,69.089996,2154500,68.452517
2015-07-10,68.82,69.489998,68.43,68.959999,1849900,68.323719
2015-07-09,69.639999,69.75,68.349998,68.650002,3031600,68.016582
2015-07-08,69.059998,69.650002,68.93,69.43,3279100,68.789384
2015-07-07,68.269997,69.639999,68.080002,69.330002,3035700,68.690308
2015-07-06,67.730003,68.099998,67.25,67.849998,3191500,67.22396
2015-07-02,67.419998,68.050003,67.410004,67.900002,2274400,67.273502
2015-07-01,67.190002,67.300003,66.650002,67.07,2747400,66.451158
2015-06-30,67.489998,67.489998,66.519997,66.870003,3367600,66.253007
2015-06-29,67.199997,68.139999,67.190002,67.290001,2939000,66.66913
2015-06-26,67.00,67.360001,66.580002,67.269997,1928400,66.64931
2015-06-25,67.620003,67.830002,67.040001,67.040001,2670000,66.421436
2015-06-24,67.50,67.849998,67.349998,67.650002,3154000,67.025809
2015-06-23,68.209999,68.269997,67.269997,67.559998,3510900,66.936635
2015-06-22,68.660004,68.730003,67.889999,68.260002,2494900,67.630181
2015-06-19,68.879997,69.139999,67.980003,68.050003,3985500,67.422119
2015-06-18,68.019997,68.93,67.860001,68.849998,3381700,68.214733
2015-06-17,67.360001,68.150002,67.25,68.00,2737200,67.372578
2015-06-16,66.959999,67.419998,66.68,67.370003,1697900,66.748393
2015-06-15,66.769997,67.349998,66.599998,67.099998,2489700,66.48088
2015-06-12,66.93,67.379997,66.760002,66.800003,3758700,66.183653
2015-06-11,67.300003,67.449997,66.900002,67.269997,2135500,66.64931
2015-06-10,67.120003,67.199997,66.75,66.849998,2968300,66.233187
2015-06-09,66.860001,67.139999,66.720001,66.830002,2792700,66.213375
2015-06-08,67.080002,67.370003,66.809998,66.93,3405600,66.312451
2015-06-05,67.290001,67.440002,66.720001,67.139999,3602300,66.520512
2015-06-04,68.260002,68.800003,67.769997,67.879997,3238400,67.253682
2015-06-03,69.589996,69.68,68.029999,68.43,3376100,67.79861
2015-06-02,70.150002,70.18,68.839996,69.589996,3020000,68.947903
2015-06-01,70.599998,70.910004,70.32,70.50,1769100,69.849511
2015-05-29,71.110001,71.129997,70.309998,70.519997,3582000,69.869323
2015-05-28,70.800003,71.220001,70.580002,70.970001,1899700,70.315175
2015-05-27,70.879997,71.059998,70.580002,70.830002,2620000,70.176468
2015-05-26,71.82,71.989998,70.970001,71.510002,2563900,70.208172
2015-05-22,71.800003,72.120003,71.550003,71.970001,1415300,70.659797
2015-05-21,72.07,72.440002,71.660004,72.019997,3154200,70.708882
2015-05-20,72.150002,72.419998,71.760002,71.889999,2738100,70.581251
2015-05-19,71.860001,72.470001,71.769997,72.190002,1792200,70.875793
2015-05-18,71.849998,72.419998,71.800003,72.260002,1396700,70.944518
2015-05-15,71.709999,72.379997,71.599998,72.190002,1714100,70.875793
2015-05-14,71.339996,71.760002,71.230003,71.599998,1722800,70.29653
2015-05-13,71.089996,72.089996,70.650002,70.900002,2544400,69.609276
2015-05-12,70.559998,71.309998,70.269997,71.089996,2253800,69.795812
2015-05-11,71.75,72.220001,70.989998,71.010002,1772800,69.717274
2015-05-08,71.739998,72.330002,71.580002,71.790001,1927800,70.483073
2015-05-07,71.019997,71.529999,70.790001,70.93,2107900,69.638729
2015-05-06,70.830002,71.239998,70.07,70.709999,3461700,69.422733
2015-05-05,71.650002,71.75,70.139999,70.82,3344900,69.530731
2015-05-04,71.449997,72.57,71.449997,71.760002,2210900,70.453621
2015-05-01,71.800003,72.089996,70.849998,71.699997,2282600,70.394708
2015-04-30,72.080002,72.190002,70.970001,71.68,2837300,70.375075
2015-04-29,72.110001,72.510002,71.699997,72.300003,2126100,70.983791
2015-04-28,72.199997,72.760002,71.57,72.739998,2206900,71.415776
2015-04-27,73.68,73.900002,72.019997,72.57,2022500,71.248872
2015-04-24,73.050003,74.339996,72.970001,73.540001,2868100,72.201215
2015-04-23,72.580002,73.459999,72.389999,73.199997,2067300,71.867401
2015-04-22,72.339996,72.669998,71.93,72.519997,2774200,71.19978
2015-04-21,72.779999,73.209999,71.739998,72.089996,3569200,70.777607
2015-04-20,71.620003,73.440002,71.620003,72.75,2332900,71.425596
