Date,Open,High,Low,Close,Volume,Adj Close
2015-10-15,48.950001,49.32,48.360001,48.93,8092800,48.93
2015-10-14,48.580002,49.48,47.93,48.59,15041800,48.59
2015-10-13,48.099998,49.110001,47.720001,47.73,13718700,47.73
2015-10-12,47.52,48.50,47.52,48.50,10616300,48.50
2015-10-09,46.290001,47.330002,46.16,47.209999,10650000,47.209999
2015-10-08,45.799999,46.07,45.169998,45.959999,8797800,45.959999
2015-10-07,45.200001,46.00,44.470001,45.990002,11737900,45.990002
2015-10-06,46.73,47.240002,45.00,45.09,9019500,45.09
2015-10-05,45.220001,47.040001,45.040001,46.959999,8531400,46.959999
2015-10-02,44.939999,44.939999,43.349998,44.869999,10890200,44.869999
2015-10-01,44.709999,45.50,44.139999,45.41,8001600,45.41
2015-09-30,44.720001,45.040001,43.860001,44.869999,9517400,44.869999
2015-09-29,44.509998,44.93,43.57,44.040001,7275600,44.040001
2015-09-28,45.869999,45.939999,44.360001,44.66,7364000,44.66
2015-09-25,46.52,46.84,45.59,46.040001,6871000,46.040001
2015-09-24,46.330002,46.380001,45.060001,45.91,8774700,45.91
2015-09-23,46.50,46.880001,45.93,46.59,4857300,46.59
2015-09-22,46.900002,47.169998,45.959999,46.459999,8217800,46.459999
2015-09-21,46.77,47.669998,46.689999,47.25,7288700,47.25
2015-09-18,47.080002,47.189999,46.549999,46.669998,11803100,46.669998
2015-09-17,47.310001,48.18,46.880001,47.490002,11085800,47.490002
2015-09-16,46.830002,47.41,46.529999,47.09,7895700,47.09
2015-09-15,47.00,47.119999,46.310001,46.889999,7856400,46.889999
2015-09-14,46.970001,47.290001,46.599998,46.889999,5238700,46.889999
2015-09-11,46.50,47.049999,46.27,46.919998,7086800,46.919998
2015-09-10,46.290001,47.00,46.119999,46.490002,8647800,46.490002
2015-09-09,46.939999,47.189999,45.900002,46.009998,9601500,46.009998
2015-09-08,46.220001,46.650002,45.959999,46.59,8049300,46.59
2015-09-04,44.549999,45.990002,44.310001,45.400002,8955300,45.400002
2015-09-03,46.060001,46.549999,44.91,45.060001,10757600,45.060001
2015-09-02,44.650002,46.00,44.349998,45.990002,14854800,45.990002
2015-09-01,43.950001,44.459999,43.299999,43.77,11264000,43.77
2015-08-31,43.970001,44.599998,43.540001,43.779999,8339800,43.779999
2015-08-28,43.939999,44.299999,43.41,43.939999,9205800,43.939999
2015-08-27,44.189999,44.349998,42.77,43.860001,11746300,43.860001
2015-08-26,42.610001,43.880001,41.490002,43.700001,13557700,43.700001
2015-08-25,43.84,43.84,41.369999,41.369999,10339900,41.369999
2015-08-24,39.50,44.16,34.610001,42.150002,14742100,42.150002
2015-08-21,45.50,45.580002,43.59,43.599998,14868100,43.599998
2015-08-20,46.549999,47.080002,45.669998,45.709999,9466800,45.709999
2015-08-19,47.360001,47.59,46.610001,47.080002,9367300,47.080002
2015-08-18,48.080002,48.299999,46.919998,47.360001,8054800,47.360001
2015-08-17,47.77,48.25,47.32,47.990002,8136600,47.990002
2015-08-14,47.360001,47.959999,47.279999,47.630001,6113700,47.630001
2015-08-13,46.889999,47.869999,46.470001,47.450001,9902500,47.450001
2015-08-12,46.799999,46.810001,44.77,46.599998,11334000,46.599998
2015-08-11,46.290001,47.48,46.130001,47.099998,9393600,47.099998
2015-08-10,46.73,47.189999,46.209999,46.32,6316700,46.32
2015-08-07,45.84,46.48,45.759998,46.349998,6825100,46.349998
2015-08-06,46.48,46.790001,45.759998,46.040001,6525100,46.040001
2015-08-05,46.360001,46.529999,46.130001,46.299999,5838700,46.299999
2015-08-04,46.32,47.099998,45.779999,46.349998,11268300,46.214998
2015-08-03,44.68,45.849998,44.57,45.73,12159300,45.596804
2015-07-31,44.150002,44.400002,43.880001,44.34,5973700,44.210854
2015-07-30,44.16,44.369999,43.639999,44.029999,5297100,43.901755
2015-07-29,44.810001,45.330002,43.849998,44.18,10355300,44.05132
2015-07-28,43.93,44.950001,43.900002,44.91,7624700,44.779193
2015-07-27,43.599998,44.18,43.049999,43.93,7301600,43.802048
2015-07-24,45.610001,45.639999,43.759998,44.099998,8550100,43.971551
2015-07-23,46.299999,46.639999,45.049999,45.16,11449800,45.028465
2015-07-22,44.509998,45.419998,44.459999,45.220001,8995500,45.088292
2015-07-21,44.080002,44.73,44.080002,44.650002,6166500,44.519952
2015-07-20,45.099998,45.099998,43.959999,44.09,7746100,43.961582
2015-07-17,44.650002,45.099998,44.380001,44.939999,9625000,44.809105
2015-07-16,44.50,44.869999,44.189999,44.470001,12804800,44.340476
2015-07-15,42.59,44.43,42.400002,43.990002,23558400,43.861875
2015-07-14,42.950001,43.959999,42.610001,43.66,13648600,43.532834
2015-07-13,43.209999,43.52,43.00,43.369999,10131500,43.243678
2015-07-10,41.450001,42.720001,41.310001,42.459999,13746100,42.336328
2015-07-09,40.580002,41.09,40.490002,40.549999,8541600,40.431892
2015-07-08,40.459999,40.880001,40.009998,40.169998,8642700,40.052997
2015-07-07,40.669998,41.299999,39.959999,41.18,9136400,41.060058
2015-07-06,39.880001,40.790001,39.880001,40.48,9714600,40.362096
2015-07-02,40.23,41.029999,39.75,40.00,11310800,39.883494
2015-07-01,41.75,41.810001,38.810001,40.27,30993500,40.152708
2015-06-30,41.68,41.830002,41.029999,41.080002,10416400,40.960351
2015-06-29,41.77,42.450001,41.080002,41.119999,7881500,41.000231
2015-06-26,42.779999,42.900002,42.060001,42.349998,15144800,42.226648
2015-06-25,42.98,43.380001,42.57,42.599998,6208700,42.47592
2015-06-24,42.970001,43.130001,42.50,42.66,7413400,42.535747
2015-06-23,43.380001,43.709999,43.00,43.099998,7789400,42.974464
2015-06-22,42.720001,43.080002,42.360001,42.93,10407000,42.804961
2015-06-19,41.990002,42.810001,41.830002,41.990002,11189300,41.8677
2015-06-18,40.669998,41.43,40.459999,41.349998,7198400,41.229561
2015-06-17,40.419998,41.080002,40.23,40.799999,7057900,40.681164
2015-06-16,40.650002,41.009998,40.040001,40.57,8314900,40.451834
2015-06-15,40.919998,41.200001,40.529999,40.700001,9649400,40.581456
2015-06-12,40.740002,41.560001,40.580002,41.139999,7838300,41.020173
2015-06-11,41.330002,41.790001,40.740002,40.799999,9259100,40.681164
2015-06-10,40.619999,41.560001,40.34,41.060001,11590200,40.940408
2015-06-09,40.099998,41.150002,38.970001,40.720001,29310500,40.601398
2015-06-08,42.369999,42.619999,40.650002,40.75,18359700,40.63131
2015-06-05,42.830002,43.150002,42.279999,42.900002,9897200,42.775049
2015-06-04,43.400002,44.110001,42.439999,42.919998,13390400,42.794988
2015-06-03,43.52,43.77,42.950001,43.240002,9886600,43.114059
2015-06-02,42.990002,43.619999,42.869999,43.209999,18431500,43.084144
2015-06-01,43.209999,44.790001,42.939999,44.349998,17682300,44.220823
2015-05-29,42.189999,43.189999,41.889999,42.919998,12538000,42.794988
2015-05-28,42.639999,43.130001,42.169998,42.25,10886600,42.126941
2015-05-27,42.029999,43.119999,42.029999,42.529999,12382900,42.406124
2015-05-26,43.419998,43.470001,41.720001,41.849998,18594400,41.728104
2015-05-22,43.98,44.00,43.130001,43.18,10619900,43.054232
2015-05-21,43.50,44.150002,42.689999,43.75,16267300,43.622572
2015-05-20,45.860001,45.93,43.16,43.619999,37638100,43.49295
2015-05-19,47.700001,47.869999,46.110001,46.209999,12749000,46.075406
2015-05-18,46.990002,47.59,46.869999,47.369999,7940000,47.232027
2015-05-15,47.830002,47.939999,46.970001,47.00,9614900,46.863106
2015-05-14,47.34,47.779999,46.869999,47.400002,8820200,47.261942
2015-05-13,47.389999,47.98,46.450001,46.779999,16830900,46.643745
2015-05-12,46.32,46.400002,45.950001,46.099998,7549200,45.965726
2015-05-11,46.040001,47.34,45.900002,46.810001,12461400,46.673661
2015-05-08,45.599998,46.43,45.599998,46.169998,9936500,46.035522
2015-05-07,44.27,45.970001,44.27,45.360001,15678600,45.227883
2015-05-06,43.540001,44.259998,42.84,44.060001,12783300,43.93167
2015-05-05,44.380001,45.00,43.880001,43.900002,11350400,43.682399
2015-05-04,45.91,46.50,45.119999,45.290001,9653100,45.065508
2015-05-01,44.810001,46.029999,44.68,45.66,11469900,45.433673
2015-04-30,44.759998,45.720001,44.360001,44.639999,9256600,44.418729
2015-04-29,45.84,46.00,44.259998,45.029999,11460600,44.806795
2015-04-28,46.290001,46.450001,45.16,46.200001,8684600,45.970997
2015-04-27,47.040001,47.099998,46.330002,46.450001,10000200,46.219758
2015-04-24,46.77,47.380001,46.68,46.98,10280600,46.74713
2015-04-23,46.27,46.93,46.119999,46.43,10077000,46.199857
2015-04-22,46.349998,46.619999,45.669998,46.529999,9691300,46.29936
2015-04-21,45.900002,46.389999,45.560001,46.23,9400600,46.000848
2015-04-20,45.139999,45.82,44.759998,45.73,8819100,45.503326
