Date,Open,High,Low,Close,Volume,Adj Close
2015-10-15,17.459999,17.549999,17.09,17.440001,2256200,17.440001
2015-10-14,17.389999,17.629999,17.280001,17.440001,1481700,17.440001
2015-10-13,17.780001,17.99,17.459999,17.459999,1695400,17.459999
2015-10-12,18.00,18.040001,17.82,17.870001,1353100,17.870001
2015-10-09,18.00,18.120001,17.84,18.040001,1806500,18.040001
2015-10-08,17.610001,17.99,17.540001,17.84,2823900,17.84
2015-10-07,17.280001,17.75,17.190001,17.610001,2678100,17.610001
2015-10-06,16.90,17.25,16.83,17.110001,2233000,17.110001
2015-10-05,16.290001,16.93,16.18,16.90,1963100,16.90
2015-10-02,15.68,16.110001,15.50,16.110001,1961700,16.110001
2015-10-01,15.93,16.059999,15.64,15.85,2274300,15.85
2015-09-30,15.75,15.97,15.63,15.88,3052800,15.88
2015-09-29,15.47,15.58,15.36,15.48,2716700,15.48
2015-09-28,15.69,15.76,15.33,15.42,2391400,15.42
2015-09-25,16.18,16.27,15.72,15.79,3290200,15.79
2015-09-24,16.07,16.139999,15.54,15.99,2813300,15.99
2015-09-23,16.57,16.68,16.25,16.34,1232400,16.34
2015-09-22,16.57,16.629999,16.360001,16.530001,2334800,16.530001
2015-09-21,17.190001,17.379999,17.00,17.07,1227500,17.07
2015-09-18,17.50,17.620001,17.120001,17.18,2603000,17.18
2015-09-17,17.950001,18.110001,17.690001,17.74,1715700,17.74
2015-09-16,17.42,18.00,17.32,17.950001,1372500,17.950001
2015-09-15,17.07,17.43,16.92,17.370001,1792400,17.370001
2015-09-14,17.25,17.299999,17.00,17.049999,1218800,17.049999
2015-09-11,17.219999,17.35,17.049999,17.23,1236700,17.23
2015-09-10,17.190001,17.49,17.15,17.290001,1122800,17.290001
2015-09-09,17.51,17.67,17.200001,17.23,1837500,17.23
2015-09-08,17.129999,17.27,17.02,17.209999,1107200,17.209999
2015-09-04,16.82,16.92,16.73,16.790001,1242200,16.790001
2015-09-03,17.09,17.459999,16.959999,17.10,1406900,17.10
2015-09-02,17.040001,17.09,16.68,17.00,1228200,17.00
2015-09-01,17.17,17.41,16.709999,16.82,3183500,16.82
2015-08-31,17.389999,17.74,17.370001,17.540001,1629500,17.540001
2015-08-28,17.120001,17.52,17.120001,17.450001,1750400,17.450001
2015-08-27,16.74,17.26,16.709999,17.190001,2309200,17.190001
2015-08-26,16.469999,16.629999,16.049999,16.559999,1794700,16.559999
2015-08-25,16.93,17.00,16.08,16.10,1948000,16.10
2015-08-24,15.60,16.940001,15.59,16.299999,3077000,16.299999
2015-08-21,17.26,17.469999,16.99,17.030001,2532300,17.030001
2015-08-20,18.129999,18.17,17.629999,17.65,2001700,17.65
2015-08-19,18.549999,18.559999,18.16,18.299999,1130300,18.299999
2015-08-18,18.860001,18.92,18.57,18.66,1497700,18.60
2015-08-17,18.469999,18.85,18.360001,18.85,1675200,18.789389
2015-08-14,18.40,18.629999,18.379999,18.559999,904500,18.500321
2015-08-13,18.50,18.610001,18.370001,18.40,1324700,18.340836
2015-08-12,18.360001,18.52,18.120001,18.459999,1471700,18.400642
2015-08-11,18.74,18.790001,18.459999,18.540001,2032600,18.480387
2015-08-10,18.76,19.17,18.76,19.08,2065300,19.018649
2015-08-07,18.440001,18.85,18.379999,18.68,2042300,18.619936
2015-08-06,18.639999,18.74,18.389999,18.530001,2332400,18.470419
2015-08-05,18.540001,18.77,18.51,18.65,2792100,18.590032
2015-08-04,18.530001,18.690001,18.360001,18.440001,1971100,18.380708
2015-08-03,18.610001,18.629999,18.35,18.469999,2240300,18.41061
2015-07-31,18.65,18.75,18.42,18.559999,2383600,18.500321
2015-07-30,18.459999,18.639999,18.450001,18.540001,1503100,18.480387
2015-07-29,18.469999,18.809999,18.42,18.68,1927800,18.619936
2015-07-28,18.299999,18.540001,18.120001,18.440001,2509700,18.380708
2015-07-27,17.969999,18.290001,17.76,18.16,3452300,18.101608
2015-07-24,18.790001,18.790001,17.93,18.15,3871900,18.09164
2015-07-23,18.74,19.17,18.00,18.93,5421700,18.869132
2015-07-22,19.299999,19.35,19.030001,19.08,3797000,19.018649
2015-07-21,19.290001,19.59,19.26,19.379999,2459700,19.317684
2015-07-20,19.66,19.76,19.32,19.35,1939100,19.287782
2015-07-17,19.74,19.969999,19.58,19.68,2684000,19.616721
2015-07-16,20.43,20.49,19.73,19.780001,2855900,19.716399
2015-07-15,20.18,20.280001,20.030001,20.219999,1925800,20.154983
2015-07-14,20.139999,20.24,20.01,20.24,1524700,20.174919
2015-07-13,19.84,20.209999,19.76,20.190001,1382600,20.125081
2015-07-10,19.629999,19.75,19.50,19.629999,1394900,19.56688
2015-07-09,19.690001,19.690001,19.34,19.35,3403600,19.287782
2015-07-08,19.809999,19.870001,19.00,19.139999,2881100,19.078456
2015-07-07,20.25,20.290001,19.709999,20.15,2028800,20.085209
2015-07-06,20.34,20.639999,20.129999,20.25,1933300,20.184887
2015-07-02,20.60,20.620001,20.41,20.59,1315700,20.523794
2015-07-01,20.75,20.809999,20.459999,20.52,1795500,20.45402
2015-06-30,20.82,20.82,20.35,20.58,1842300,20.513826
2015-06-29,21.120001,21.24,20.60,20.629999,2350200,20.563665
2015-06-26,21.51,21.52,21.33,21.34,3438400,21.271383
2015-06-25,21.82,21.860001,21.41,21.469999,1188900,21.400964
2015-06-24,21.84,21.98,21.620001,21.74,925000,21.670096
2015-06-23,21.950001,22.049999,21.83,21.879999,1173300,21.809646
2015-06-22,21.92,21.98,21.799999,21.92,767400,21.849518
2015-06-19,21.790001,21.90,21.610001,21.75,1739900,21.680064
2015-06-18,21.549999,21.85,21.48,21.82,1184300,21.749839
2015-06-17,21.440001,21.59,21.370001,21.530001,1111100,21.460772
2015-06-16,21.27,21.450001,21.16,21.42,1040600,21.351126
2015-06-15,21.41,21.42,21.08,21.24,1379000,21.171704
2015-06-12,21.65,21.77,21.559999,21.629999,568500,21.560449
2015-06-11,22.040001,22.08,21.719999,21.780001,946400,21.709969
2015-06-10,21.879999,22.209999,21.790001,21.99,1258200,21.919292
2015-06-09,21.67,21.719999,21.360001,21.66,1339100,21.590354
2015-06-08,21.66,21.75,21.57,21.59,817200,21.520579
2015-06-05,21.82,21.870001,21.58,21.719999,1128400,21.65016
2015-06-04,22.040001,22.08,21.799999,21.82,1557900,21.749839
2015-06-03,21.93,22.280001,21.790001,22.139999,1244800,22.06881
2015-06-02,21.639999,21.91,21.610001,21.809999,1365000,21.739871
2015-06-01,21.870001,22.040001,21.59,21.709999,1563000,21.640192
2015-05-29,21.950001,22.07,21.549999,21.77,1546400,21.70
2015-05-28,22.040001,22.110001,21.84,22.01,1030800,21.939229
2015-05-27,21.82,22.02,21.67,22.02,1446500,21.949197
2015-05-26,22.07,22.09,21.620001,21.799999,1316400,21.729903
2015-05-22,22.110001,22.34,22.02,22.129999,763900,22.058842
2015-05-21,21.889999,22.290001,21.860001,22.110001,999000,22.038907
2015-05-20,22.10,22.120001,21.790001,21.92,963200,21.849518
2015-05-19,22.139999,22.17,21.83,21.969999,907800,21.899356
2015-05-18,22.049999,22.110001,21.85,22.08,968800,22.009003
2015-05-15,21.889999,22.01,21.719999,22.01,795400,21.939229
2015-05-14,21.950001,22.02,21.75,21.889999,909600,21.819614
2015-05-13,21.75,21.969999,21.67,21.860001,1289400,21.789711
2015-05-12,21.940001,21.950001,21.549999,21.75,1275700,21.620257
2015-05-11,21.92,22.17,21.809999,22.040001,1140100,21.908528
2015-05-08,21.75,21.889999,21.610001,21.870001,1088000,21.739542
2015-05-07,21.469999,21.50,21.219999,21.469999,1460300,21.341927
2015-05-06,21.620001,21.67,21.290001,21.450001,1487700,21.322048
2015-05-05,21.799999,22.040001,21.49,21.51,1466100,21.381689
2015-05-04,21.52,21.92,21.450001,21.84,2445500,21.709721
2015-05-01,21.690001,21.780001,21.26,21.469999,1668600,21.341927
2015-04-30,21.65,21.83,21.459999,21.57,2238700,21.441331
2015-04-29,21.790001,21.91,21.65,21.809999,3001600,21.679899
2015-04-28,21.65,21.809999,21.43,21.77,2916000,21.640139
2015-04-27,21.83,22.01,21.620001,21.709999,2243900,21.580495
2015-04-24,21.91,21.950001,21.690001,21.809999,1977000,21.679899
2015-04-23,22.50,22.73,21.50,21.799999,3782400,21.669958
2015-04-22,21.33,21.620001,21.309999,21.57,3298400,21.441331
2015-04-21,21.24,21.49,21.219999,21.389999,2468700,21.262404
2015-04-20,20.969999,21.33,20.969999,21.18,1628100,21.053658
