Date,Open,High,Low,Close,Volume,Adj Close
2015-10-09,30.450001,30.90,30.24,30.49,405300,30.49
2015-10-08,29.790001,30.549999,29.68,30.440001,796300,30.440001
2015-10-07,29.42,30.07,29.23,29.91,964200,29.91
2015-10-06,29.190001,29.51,29.15,29.23,592400,29.23
2015-10-05,28.389999,29.23,28.25,29.17,571100,29.17
2015-10-02,27.32,28.18,27.10,28.139999,960400,28.139999
2015-10-01,28.07,28.200001,27.48,27.75,1069100,27.75
2015-09-30,26.50,28.200001,26.360001,28.08,2221500,28.08
2015-09-29,27.440001,27.57,27.209999,27.450001,2064300,27.450001
2015-09-28,28.139999,28.450001,27.33,27.379999,914700,27.379999
2015-09-25,28.780001,28.92,28.33,28.379999,1015000,28.379999
2015-09-24,29.01,29.120001,28.32,28.700001,839100,28.700001
2015-09-23,29.51,29.68,29.27,29.389999,1026100,29.389999
2015-09-22,29.58,29.620001,29.299999,29.43,631400,29.43
2015-09-21,29.66,30.059999,29.610001,29.93,711200,29.93
2015-09-18,30.16,30.33,29.379999,29.57,1532400,29.57
2015-09-17,31.10,31.10,30.48,30.530001,775700,30.530001
2015-09-16,30.58,31.33,30.559999,31.280001,530800,31.280001
2015-09-15,30.49,30.60,30.34,30.58,632400,30.58
2015-09-14,30.83,30.83,30.24,30.370001,482100,30.370001
2015-09-11,30.27,30.83,30.24,30.809999,463800,30.809999
2015-09-10,30.639999,30.959999,30.309999,30.370001,477200,30.370001
2015-09-09,31.10,31.190001,30.57,30.629999,563000,30.629999
2015-09-08,30.76,30.91,30.52,30.83,826400,30.83
2015-09-04,30.700001,30.75,30.219999,30.26,880100,30.26
2015-09-03,30.75,31.360001,30.67,31.10,689500,31.10
2015-09-02,31.01,31.040001,30.219999,30.799999,1425800,30.799999
2015-09-01,31.15,32.700001,30.51,30.809999,2013400,30.809999
2015-08-31,31.389999,31.58,31.049999,31.309999,867000,31.309999
2015-08-28,31.23,31.690001,31.02,31.57,676000,31.57
2015-08-27,31.129999,31.469999,30.889999,31.459999,904800,31.459999
2015-08-26,30.84,30.99,30.110001,30.84,1640400,30.84
2015-08-25,31.030001,31.290001,30.120001,30.309999,1348600,30.309999
2015-08-24,30.200001,31.780001,29.85,30.43,1136000,30.43
2015-08-21,32.00,32.310001,31.639999,31.639999,657700,31.639999
2015-08-20,33.130001,33.130001,32.43,32.529999,715400,32.529999
2015-08-19,33.849998,34.02,33.389999,33.48,494300,33.48
2015-08-18,34.18,34.380001,34.00,34.049999,491300,34.049999
2015-08-17,33.75,34.209999,33.549999,34.209999,620000,34.209999
2015-08-14,33.860001,34.23,33.790001,34.150002,337300,33.980001
2015-08-13,33.720001,33.98,33.57,33.860001,410500,33.691443
2015-08-12,33.389999,33.869999,33.189999,33.790001,341900,33.621792
2015-08-11,33.84,33.939999,33.580002,33.610001,414600,33.442688
2015-08-10,33.529999,34.240002,33.389999,34.150002,438900,33.980001
2015-08-07,33.049999,33.389999,32.93,33.34,608600,33.174032
2015-08-06,33.369999,33.369999,32.889999,33.07,554900,32.905375
2015-08-05,33.59,33.880001,33.23,33.279999,640200,33.114329
2015-08-04,33.490002,33.689999,33.18,33.439999,704900,33.273532
2015-08-03,33.529999,33.610001,33.189999,33.459999,469200,33.293433
2015-07-31,33.560001,33.830002,33.470001,33.599998,674600,33.432736
2015-07-30,33.200001,33.560001,33.080002,33.459999,548300,33.293433
2015-07-29,31.98,33.48,31.98,33.310001,1208000,33.144182
2015-07-28,32.259998,32.380001,31.99,32.130001,648300,31.970056
2015-07-27,31.700001,32.139999,31.620001,32.040001,906000,31.880504
2015-07-24,32.220001,32.290001,31.860001,31.93,497100,31.771051
2015-07-23,32.52,32.669998,32.25,32.32,431200,32.159109
2015-07-22,32.700001,32.740002,32.299999,32.52,590300,32.358114
2015-07-21,33.310001,33.389999,32.779999,32.82,588400,32.65662
2015-07-20,33.349998,33.43,33.209999,33.330002,505000,33.164083
2015-07-17,33.84,33.84,33.25,33.279999,539600,33.114329
2015-07-16,33.98,34.119999,33.810001,33.880001,477600,33.711344
2015-07-15,34.110001,34.169998,33.700001,33.73,581900,33.56209
2015-07-14,34.00,34.470001,34.00,34.110001,711200,33.940199
2015-07-13,33.869999,34.099998,33.779999,33.919998,583500,33.751142
2015-07-10,34.23,34.259998,33.560001,33.759998,961700,33.591939
2015-07-09,34.610001,34.740002,33.98,34.009998,888300,33.840694
2015-07-08,34.810001,34.84,34.139999,34.25,650000,34.079501
2015-07-07,35.110001,35.110001,34.549999,35.029999,684000,34.855617
2015-07-06,35.419998,35.560001,35.00,35.110001,592000,34.935221
2015-07-02,35.830002,35.93,35.529999,35.700001,496900,35.522284
2015-07-01,36.00,36.00,35.419998,35.740002,552900,35.562086
2015-06-30,35.900002,35.950001,35.720001,35.799999,610500,35.621785
2015-06-29,35.82,35.93,35.650002,35.669998,703100,35.492431
2015-06-26,35.98,36.16,35.93,36.029999,670700,35.850639
2015-06-25,36.189999,36.189999,35.950001,36.009998,618800,35.830738
2015-06-24,36.009998,36.130001,35.880001,36.060001,432300,35.880492
2015-06-23,36.00,36.119999,35.849998,36.009998,335000,35.830738
2015-06-22,36.310001,36.330002,35.919998,36.02,600400,35.840691
2015-06-19,36.380001,36.400002,36.09,36.099998,746100,35.92029
2015-06-18,36.189999,36.610001,36.099998,36.349998,441600,36.169046
2015-06-17,36.099998,36.419998,35.959999,36.099998,668800,35.92029
2015-06-16,35.869999,36.34,35.599998,36.110001,553800,35.930243
2015-06-15,35.59,35.970001,35.330002,35.900002,1091700,35.721289
2015-06-12,35.75,35.919998,35.66,35.849998,772900,35.671535
2015-06-11,35.66,35.959999,35.630001,35.939999,721300,35.591933
2015-06-10,35.650002,35.91,35.50,35.650002,956700,35.304745
2015-06-09,35.790001,35.93,35.490002,35.540001,681900,35.195809
2015-06-08,35.970001,36.139999,35.529999,35.720001,490700,35.374067
2015-06-05,35.68,35.98,35.57,35.959999,454300,35.61174
2015-06-04,36.119999,36.119999,35.709999,35.790001,652100,35.443388
2015-06-03,36.200001,36.549999,36.16,36.279999,284800,35.928641
2015-06-02,35.990002,36.369999,35.919998,36.07,410800,35.720675
2015-06-01,35.66,36.16,35.549999,36.029999,754900,35.681062
2015-05-29,36.16,36.540001,35.639999,35.66,971000,35.314646
2015-05-28,36.380001,36.400002,36.080002,36.279999,575600,35.928641
2015-05-27,36.360001,36.549999,36.029999,36.490002,565100,36.13661
2015-05-26,36.299999,36.459999,36.110001,36.32,928900,35.968254
2015-05-22,36.43,36.580002,36.290001,36.41,637100,36.057383
2015-05-21,35.169998,37.220001,35.169998,36.419998,937300,36.067284
2015-05-20,35.68,35.740002,35.369999,35.639999,995400,35.294839
2015-05-19,36.02,36.16,35.59,35.669998,553800,35.324548
2015-05-18,35.959999,36.130001,35.669998,35.939999,502800,35.591933
2015-05-15,36.299999,36.59,35.91,36.07,492000,35.720675
2015-05-14,36.080002,36.380001,35.84,36.360001,601800,36.007868
2015-05-13,35.75,36.080002,35.529999,35.869999,676400,35.522612
2015-05-12,35.610001,35.900002,35.41,35.650002,848900,35.304745
2015-05-11,35.290001,35.52,35.09,35.400002,683100,35.057166
2015-05-08,35.540001,35.599998,35.240002,35.380001,778000,35.037359
2015-05-07,35.009998,35.310001,34.93,35.110001,702400,34.769974
2015-05-06,35.490002,35.529999,34.84,35.150002,795500,34.809587
2015-05-05,35.279999,35.700001,35.139999,35.299999,927500,34.958132
2015-05-04,36.25,36.759998,35.68,35.740002,2043600,35.393873
2015-05-01,37.450001,37.790001,37.349998,37.700001,266400,37.33489
2015-04-30,37.68,37.91,37.290001,37.369999,465300,37.008085
2015-04-29,37.68,38.049999,37.68,37.900002,402700,37.532954
2015-04-28,37.599998,38.080002,37.400002,38.049999,505500,37.681499
2015-04-27,37.50,37.759998,37.43,37.709999,290100,37.344792
2015-04-24,37.599998,37.610001,37.130001,37.369999,204300,37.008085
2015-04-23,37.41,37.720001,37.279999,37.529999,383600,37.166535
2015-04-22,37.459999,37.599998,37.080002,37.470001,347400,37.107118
2015-04-21,37.93,38.07,37.27,37.380001,887300,37.01799
2015-04-20,37.700001,38.040001,37.68,37.740002,450200,37.374504
2015-04-17,37.34,37.66,37.119999,37.66,571300,37.295277
2015-04-16,37.400002,37.830002,37.209999,37.580002,393200,37.216054
2015-04-15,37.139999,37.919998,36.98,37.59,460600,37.225955
2015-04-14,36.98,37.139999,36.779999,37.009998,438500,36.65157
2015-04-13,37.32,37.50,37.09,37.139999,347100,36.780313
