Date,Open,High,Low,Close,Volume,Adj Close
2015-10-16,56.900002,57.27,56.66,57.27,5845700,57.27
2015-10-15,56.790001,56.790001,56.080002,56.700001,5426900,56.700001
2015-10-14,55.900002,56.77,55.540001,56.400002,5491700,56.400002
2015-10-13,55.150002,55.970001,55.130001,55.759998,4468800,55.759998
2015-10-12,55.959999,56.139999,55.459999,55.66,4521300,55.66
2015-10-09,56.41,56.419998,55.720001,56.18,5364100,56.18
2015-10-08,55.34,56.709999,55.259998,56.130001,7084200,56.130001
2015-10-07,55.330002,55.73,54.540001,55.380001,10442500,55.380001
2015-10-06,54.970001,57.959999,54.779999,55.209999,40317600,55.209999
2015-10-05,49.66,51.419998,49.529999,51.279999,7501600,51.279999
2015-10-02,47.73,49.27,47.43,49.259998,4566500,49.259998
2015-10-01,48.439999,48.50,47.779999,48.349998,4661800,48.349998
2015-09-30,48.119999,48.639999,47.860001,48.200001,5375800,48.200001
2015-09-29,47.16,47.900002,47.110001,47.50,4708200,47.50
2015-09-28,48.110001,48.509998,47.209999,47.32,6666700,47.32
2015-09-25,48.330002,48.849998,48.139999,48.549999,5993500,48.549999
2015-09-24,47.57,48.259998,47.439999,48.029999,7087300,48.029999
2015-09-23,48.450001,48.77,47.860001,47.91,5313300,47.91
2015-09-22,48.259998,48.779999,47.759998,48.57,8788300,48.57
2015-09-21,47.610001,48.32,47.529999,48.240002,5385100,48.240002
2015-09-18,47.580002,48.060001,47.369999,47.529999,9630000,47.529999
2015-09-17,48.369999,48.959999,47.970001,48.080002,5884600,48.080002
2015-09-16,48.290001,48.57,48.189999,48.41,4792600,48.41
2015-09-15,48.029999,48.48,47.880001,48.299999,4331800,48.299999
2015-09-14,48.59,48.59,47.900002,47.98,6217600,47.98
2015-09-11,48.43,48.549999,48.09,48.439999,6486800,48.439999
2015-09-10,48.560001,49.009998,48.279999,48.619999,7180500,48.619999
2015-09-09,50.18,50.349998,48.77,48.84,7038500,48.84
2015-09-08,49.459999,49.740002,49.25,49.610001,6285700,49.610001
2015-09-04,49.740002,49.939999,48.59,48.599998,8772200,48.599998
2015-09-03,50.990002,51.580002,50.509998,50.560001,7636400,50.560001
2015-09-02,50.77,50.93,50.060001,50.650002,4847100,50.650002
2015-09-01,50.16,50.77,49.779999,50.02,6544000,50.02
2015-08-31,51.200001,51.799999,50.66,51.50,4652800,51.50
2015-08-28,51.540001,52.240002,51.450001,51.84,6008700,51.84
2015-08-27,51.360001,52.119999,50.849998,52.02,6225400,52.02
2015-08-26,50.049999,50.689999,49.290001,50.66,9769300,50.66
2015-08-25,50.950001,51.029999,49.009998,49.060001,10839300,49.060001
2015-08-24,49.369999,51.189999,48.009998,49.98,13763800,49.98
2015-08-21,52.299999,52.52,51.720001,52.00,8010300,52.00
2015-08-20,52.759998,52.860001,52.389999,52.41,6080000,52.41
2015-08-19,53.509998,53.900002,52.900002,53.150002,4547500,53.150002
2015-08-18,53.990002,54.41,53.75,53.900002,4309700,53.900002
2015-08-17,53.549999,54.509998,53.34,54.27,5133500,54.27
2015-08-14,53.75,54.200001,53.130001,53.860001,5602500,53.860001
2015-08-13,53.139999,53.389999,52.830002,53.029999,4279700,53.029999
2015-08-12,52.75,53.279999,52.360001,53.279999,6037000,53.279999
2015-08-11,53.950001,54.400002,53.349998,53.389999,5373500,53.009999
2015-08-10,53.82,54.459999,53.50,54.389999,5621200,54.002881
2015-08-07,54.43,54.57,53.209999,53.43,4901700,53.049715
2015-08-06,54.50,54.68,54.169998,54.470001,5452400,54.082314
2015-08-05,55.470001,55.619999,54.290001,54.57,4783100,54.1816
2015-08-04,55.23,55.48,54.470001,54.639999,4851800,54.251102
2015-08-03,55.880001,56.00,54.880001,55.290001,4822900,54.896477
2015-07-31,55.950001,56.110001,55.48,55.759998,4804100,55.363129
2015-07-30,55.369999,55.75,55.16,55.59,3596000,55.194341
2015-07-29,56.029999,56.439999,55.25,55.459999,6331000,55.065265
2015-07-28,53.380001,57.25,52.790001,55.900002,13935600,55.502136
2015-07-27,56.830002,57.060001,56.259998,56.73,6172200,56.326227
2015-07-24,58.400002,58.639999,56.59,56.939999,5352300,56.534731
2015-07-23,59.02,59.099998,58.27,58.48,3231800,58.063771
2015-07-22,59.549999,59.549999,58.73,58.900002,3780000,58.480784
2015-07-21,59.439999,60.150002,59.060001,59.279999,4372800,58.858076
2015-07-20,59.830002,59.849998,59.07,59.57,4215600,59.146013
2015-07-17,59.610001,59.740002,59.23,59.669998,4479400,59.2453
2015-07-16,59.16,60.00,58.919998,59.77,6469900,59.34459
2015-07-15,59.759998,59.790001,58.810001,59.00,4419800,58.58007
2015-07-14,59.41,59.650002,59.02,59.43,3476500,59.00701
2015-07-13,58.880001,59.830002,58.75,59.509998,6047800,59.086439
2015-07-10,58.380001,58.66,57.91,58.25,4910100,57.835409
2015-07-09,59.099998,59.150002,57.869999,57.900002,6661900,57.487901
2015-07-08,58.790001,58.799999,58.060001,58.16,5544900,57.746049
2015-07-07,59.82,60.040001,58.919998,59.099998,8859700,58.679357
2015-07-06,59.57,60.240002,59.07,60.00,8139700,59.572953
2015-07-02,61.09,61.209999,59.810001,59.990002,12006300,59.563026
2015-07-01,61.630001,61.93,61.290001,61.43,5796500,60.992775
2015-06-30,64.26,64.669998,63.629997,63.949997,7601800,60.29899
2015-06-29,64.759996,65.549999,63.549997,63.639999,8092900,60.00669
2015-06-26,66.379999,66.689997,65.559997,65.599998,10638500,61.854789
2015-06-25,66.549997,66.759999,66.119998,66.15,5660900,62.373391
2015-06-24,68.200001,68.329995,66.139998,66.199998,10266600,62.420535
2015-06-23,69.679995,70.079995,68.489995,68.499997,7114800,64.589223
2015-06-22,69.939999,70.199996,69.630001,69.990001,3201200,65.99416
2015-06-19,69.969997,70.169998,69.659999,69.839995,5323800,65.852718
2015-06-18,69.489997,70.550002,69.339998,70.150002,3903600,66.145026
2015-06-17,69.409997,69.809997,69.049996,69.489997,3594300,65.522702
2015-06-16,69.000002,69.459999,68.800002,69.35,2876900,65.390698
2015-06-15,68.859998,69.169996,68.299997,69.049996,3850000,65.107822
2015-06-12,69.449997,69.830001,68.79,69.120002,2888400,65.173831
2015-06-11,69.659999,70.22,69.659999,69.759995,2663900,65.777286
2015-06-10,69.199994,70.110001,69.19,69.689997,3069100,65.711284
2015-06-09,69.519995,69.959995,69.179998,69.209996,4301200,65.258687
2015-06-08,69.000002,69.619999,68.849996,69.410005,3568400,65.447277
2015-06-05,69.689997,69.790001,69.03,69.07,4877500,65.126684
2015-06-04,70.709994,70.929999,69.550001,69.689997,5937800,65.711284
2015-06-03,71.699993,71.779994,71.209999,71.269995,5510200,67.201077
2015-06-02,71.510003,71.779994,70.870002,71.269995,13180900,67.201077
2015-06-01,71.379993,71.900002,70.910002,71.639997,4079500,67.549956
2015-05-29,71.239997,71.480005,70.879996,71.009999,5839200,66.955924
2015-05-28,70.50,71.500001,70.50,71.439997,3687900,67.361374
2015-05-27,70.719996,71.180001,70.529998,70.78,4213200,66.739057
2015-05-26,70.709994,70.879996,70.110001,70.749994,4348300,66.710764
2015-05-22,70.910002,71.110003,70.639996,70.790002,2722600,66.748488
2015-05-21,70.62,71.099993,70.430002,70.980001,4080700,66.927639
2015-05-20,71.439997,71.439997,70.50,70.66,4763100,66.625908
2015-05-19,70.18,71.379993,70.139999,71.249999,5837300,67.182223
2015-05-18,70.30,70.42,69.919995,69.989993,5651300,65.994153
2015-05-15,69.819999,70.749994,69.669993,70.249998,10306000,66.239313
2015-05-14,69.999995,70.809998,69.550001,69.669993,16050200,65.692422
2015-05-13,69.870001,70.749994,69.279994,69.329996,35649200,65.371836
2015-05-12,74.839994,75.129996,74.229999,74.849996,6382300,70.114661
2015-05-11,75.050004,75.519994,74.819998,75.400002,6156900,70.629872
2015-05-08,74.249995,75.360002,74.149999,75.279994,6905900,70.517456
2015-05-07,72.499995,73.429998,72.279998,73.330002,3849100,68.690828
2015-05-06,73.339996,73.809994,72.269996,72.719999,3979100,68.119417
2015-05-05,73.620004,74.109999,72.359998,72.789997,3865700,68.184987
2015-05-04,74.300005,74.599993,73.940004,74.029999,2880100,69.34654
2015-05-01,73.970002,74.480001,73.819996,74.040001,3244500,69.35591
2015-04-30,74.080001,74.249995,72.959999,73.199991,3705600,68.569043
2015-04-29,74.389999,74.749999,73.989998,74.179997,4952700,69.487049
2015-04-28,75.360002,75.800003,74.699997,74.819998,6501300,70.086561
2015-04-27,71.820002,75.529996,71.699993,74.809996,13283700,70.077192
2015-04-24,71.309995,71.540001,70.830002,71.519997,3960600,66.995333
2015-04-23,71.480005,71.569999,70.760004,70.790002,4964900,66.31152
2015-04-22,70.649998,71.559997,69.730005,71.439997,6013900,66.920394
2015-04-21,72.300002,72.829997,70.42,70.689998,8152200,66.217843
2015-04-20,71.959998,72.879999,71.940002,72.839991,6606000,68.231818
