Date,Open,High,Low,Close,Volume,Adj Close
2015-10-15,17.93,18.09,17.809999,18.01,1527100,18.01
2015-10-14,18.030001,18.15,17.809999,17.84,1344300,17.84
2015-10-13,17.66,18.190001,17.57,18.030001,1913200,18.030001
2015-10-12,17.91,17.969999,17.58,17.73,1176800,17.73
2015-10-09,17.799999,18.190001,17.790001,17.91,2366500,17.91
2015-10-08,17.40,17.860001,17.200001,17.76,2040600,17.76
2015-10-07,17.200001,17.450001,17.01,17.440001,1432700,17.440001
2015-10-06,17.23,17.33,16.98,17.110001,1504600,17.110001
2015-10-05,16.74,17.40,16.65,17.299999,2108300,17.299999
2015-10-02,15.99,16.65,15.78,16.639999,1644900,16.639999
2015-10-01,16.52,16.639999,15.95,16.129999,2001300,16.129999
2015-09-30,16.559999,16.709999,16.200001,16.52,1758300,16.52
2015-09-29,17.200001,17.280001,16.309999,16.450001,1876600,16.450001
2015-09-28,17.60,17.76,17.10,17.219999,1771400,17.219999
2015-09-25,17.870001,18.07,17.60,17.629999,1377900,17.629999
2015-09-24,17.60,17.809999,17.50,17.700001,1360800,17.700001
2015-09-23,17.66,17.790001,17.52,17.75,860200,17.75
2015-09-22,17.469999,17.65,17.35,17.60,1359500,17.60
2015-09-21,17.719999,18.10,17.59,17.700001,1865100,17.700001
2015-09-18,17.360001,17.790001,17.32,17.540001,1931500,17.540001
2015-09-17,17.379999,17.870001,17.290001,17.620001,1913500,17.620001
2015-09-16,17.120001,17.49,17.059999,17.41,1012200,17.41
2015-09-15,16.700001,17.120001,16.51,17.110001,1224400,17.110001
2015-09-14,16.32,16.68,16.23,16.65,1717500,16.65
2015-09-11,16.34,16.389999,16.059999,16.309999,2569400,16.309999
2015-09-10,16.51,16.780001,16.309999,16.41,1783900,16.41
2015-09-09,17.440001,17.50,16.49,16.52,2151900,16.52
2015-09-08,16.82,17.469999,16.700001,17.360001,2116100,17.360001
2015-09-04,16.59,16.76,16.41,16.59,659300,16.59
2015-09-03,16.40,16.91,16.290001,16.790001,1125100,16.790001
2015-09-02,16.26,16.459999,16.18,16.42,1283200,16.42
2015-09-01,16.18,16.290001,15.98,16.08,1606400,16.08
2015-08-31,16.780001,16.889999,16.290001,16.459999,2272500,16.459999
2015-08-28,16.610001,16.93,16.60,16.809999,1079000,16.809999
2015-08-27,16.690001,16.73,16.299999,16.68,1607800,16.68
2015-08-26,16.09,16.629999,15.83,16.549999,2424600,16.549999
2015-08-25,16.68,16.68,15.75,15.76,3358100,15.76
2015-08-24,15.97,16.639999,15.55,16.26,3050600,16.26
2015-08-21,16.67,17.17,16.66,16.84,2228300,16.84
2015-08-20,17.219999,17.59,16.940001,16.940001,2350500,16.940001
2015-08-19,17.33,17.73,17.24,17.530001,1799100,17.460001
2015-08-18,17.43,17.700001,17.299999,17.51,2284800,17.44008
2015-08-17,17.02,17.48,16.83,17.440001,2811400,17.37036
2015-08-14,16.719999,17.040001,16.610001,16.99,1677100,16.922156
2015-08-13,17.08,17.18,16.66,16.690001,1999000,16.623355
2015-08-12,16.780001,17.18,16.549999,17.07,3949600,17.001837
2015-08-11,17.040001,18.23,16.48,16.77,7066100,16.703035
2015-08-10,17.950001,18.00,14.56,17.209999,12644900,17.141277
2015-08-07,17.690001,17.889999,17.51,17.73,2428700,17.659201
2015-08-06,18.16,18.23,17.540001,17.66,1558000,17.589481
2015-08-05,17.959999,18.280001,17.950001,18.18,2017200,18.107405
2015-08-04,17.83,18.129999,17.76,17.91,1162400,17.838482
2015-08-03,17.76,17.85,17.58,17.799999,1239900,17.728921
2015-07-31,17.83,18.030001,17.700001,17.799999,1450400,17.728921
2015-07-30,17.629999,17.83,17.48,17.75,931200,17.679122
2015-07-29,17.49,17.799999,17.379999,17.700001,1148000,17.629322
2015-07-28,17.139999,17.530001,16.93,17.49,1648900,17.42016
2015-07-27,17.09,17.23,16.98,17.10,1150100,17.031717
2015-07-24,17.66,17.68,17.200001,17.200001,2030900,17.131319
2015-07-23,17.98,18.040001,17.719999,17.74,1379000,17.669161
2015-07-22,17.690001,18.10,17.67,18.00,1837000,17.928123
2015-07-21,17.809999,17.809999,17.58,17.700001,1696800,17.629322
2015-07-20,17.549999,17.84,17.219999,17.799999,2338100,17.728921
2015-07-17,17.280001,17.74,17.18,17.59,2301000,17.519761
2015-07-16,17.18,17.77,17.09,17.299999,3407800,17.230918
2015-07-15,17.290001,17.32,16.309999,16.65,3070000,16.583514
2015-07-14,17.040001,17.440001,17.01,17.370001,2082700,17.30064
2015-07-13,16.889999,17.219999,16.83,17.040001,1226800,16.971958
2015-07-10,16.91,17.00,16.74,16.790001,1089200,16.722956
2015-07-09,16.780001,16.92,16.59,16.74,1497200,16.673154
2015-07-08,16.549999,16.889999,16.440001,16.58,1526900,16.513793
2015-07-07,16.25,16.780001,16.129999,16.65,2764900,16.583514
2015-07-06,15.96,16.280001,15.96,16.209999,1457500,16.14527
2015-07-02,16.25,16.299999,16.09,16.16,1204200,16.09547
2015-07-01,16.27,16.40,16.08,16.25,1711200,16.185111
2015-06-30,16.18,16.27,15.94,16.17,1767200,16.105431
2015-06-29,16.379999,16.52,15.97,16.07,2632300,16.00583
2015-06-26,16.67,16.85,16.26,16.48,4272400,16.414192
2015-06-25,16.879999,17.040001,16.58,16.58,2329400,16.513793
2015-06-24,17.49,17.530001,16.84,16.860001,2254900,16.792676
2015-06-23,17.32,17.52,17.24,17.50,1397500,17.43012
2015-06-22,17.469999,17.48,17.299999,17.35,1301400,17.280719
2015-06-19,17.49,17.700001,17.35,17.370001,1728000,17.30064
2015-06-18,17.41,17.639999,17.40,17.440001,1670700,17.37036
2015-06-17,17.90,17.93,17.26,17.33,2221700,17.260799
2015-06-16,17.620001,18.02,17.559999,17.860001,1293600,17.788683
2015-06-15,17.49,17.77,17.35,17.65,1001400,17.57952
2015-06-12,17.67,17.709999,17.540001,17.620001,704500,17.549641
2015-06-11,17.620001,17.790001,17.58,17.719999,967400,17.649241
2015-06-10,17.41,17.700001,17.40,17.639999,1252700,17.56956
2015-06-09,17.559999,17.57,17.309999,17.360001,1475300,17.290679
2015-06-08,17.780001,17.790001,17.48,17.549999,1369600,17.479919
2015-06-05,17.65,17.889999,17.459999,17.870001,1640200,17.798643
2015-06-04,17.92,18.129999,17.58,17.67,1841300,17.599441
2015-06-03,18.129999,18.299999,17.73,17.790001,2662200,17.718963
2015-06-02,18.51,18.620001,18.34,18.530001,1805000,18.456008
2015-06-01,18.58,18.76,18.459999,18.610001,2206600,18.535688
2015-05-29,18.139999,18.51,18.10,18.42,2266100,18.346446
2015-05-28,18.42,18.610001,18.17,18.200001,2230000,18.127325
2015-05-27,18.58,18.68,18.459999,18.50,1788800,18.426127
2015-05-26,18.639999,18.77,18.450001,18.540001,1768900,18.465968
2015-05-22,18.610001,19.00,18.60,18.790001,1720100,18.71497
2015-05-21,18.879999,19.08,18.59,18.60,1700900,18.525728
2015-05-20,18.66,19.17,18.639999,18.90,2344800,18.754808
2015-05-19,18.950001,19.08,18.57,18.620001,2517800,18.47696
2015-05-18,18.82,19.02,18.719999,18.92,2217400,18.774655
2015-05-15,18.75,18.98,18.68,18.83,1925300,18.685346
2015-05-14,18.51,18.74,18.35,18.709999,2844200,18.566267
2015-05-13,18.27,18.60,18.209999,18.41,3311300,18.268573
2015-05-12,17.370001,18.469999,17.26,18.290001,6274400,18.149496
2015-05-11,17.68,17.940001,16.809999,17.33,5088100,17.196869
2015-05-08,16.059999,16.450001,15.96,16.280001,2306500,16.154936
2015-05-07,15.92,16.27,15.88,15.92,2096000,15.797701
2015-05-06,16.15,16.16,15.76,15.98,1269300,15.85724
2015-05-05,16.17,16.309999,15.94,16.08,1293500,15.956472
2015-05-04,16.299999,16.34,16.09,16.24,1641600,16.115243
2015-05-01,16.26,16.370001,16.110001,16.309999,872700,16.184705
2015-04-30,16.639999,16.639999,16.200001,16.25,1312600,16.125166
2015-04-29,16.77,16.91,16.60,16.68,887400,16.551863
2015-04-28,16.690001,16.870001,16.610001,16.799999,1129400,16.67094
2015-04-27,16.93,16.93,16.620001,16.709999,815200,16.581631
2015-04-24,16.90,17.040001,16.799999,16.83,763600,16.70071
2015-04-23,16.85,17.049999,16.700001,16.860001,933600,16.730481
2015-04-22,17.120001,17.139999,16.690001,16.860001,1443300,16.730481
2015-04-21,17.34,17.49,17.129999,17.129999,704500,16.998405
2015-04-20,17.360001,17.559999,17.27,17.299999,591100,17.167099
