Date,Open,High,Low,Close,Volume,Adj Close
2015-10-15,54.93,55.43,54.549999,55.360001,3222700,55.360001
2015-10-14,55.00,55.330002,54.52,54.619999,2241100,54.619999
2015-10-13,55.52,55.73,55.110001,55.130001,2534400,55.130001
2015-10-12,55.849998,56.09,55.470001,55.540001,2173700,55.540001
2015-10-09,55.77,56.349998,55.48,55.759998,2626400,55.759998
2015-10-08,55.16,55.900002,54.970001,55.720001,2828900,55.720001
2015-10-07,54.84,55.470001,54.57,55.25,4048200,55.25
2015-10-06,54.389999,54.810001,54.150002,54.560001,2173900,54.560001
2015-10-05,53.00,54.849998,52.959999,54.549999,4898000,54.549999
2015-10-02,50.470001,52.169998,50.200001,52.169998,3934500,52.169998
2015-10-01,51.73,52.09,51.43,51.75,3533500,51.75
2015-09-30,51.57,52.00,51.389999,51.990002,3406700,51.990002
2015-09-29,50.849998,51.299999,50.52,51.099998,4060000,51.099998
2015-09-28,51.580002,51.740002,50.360001,50.599998,4253100,50.599998
2015-09-25,52.029999,52.549999,51.799999,52.099998,2305100,52.099998
2015-09-24,51.240002,51.689999,50.860001,51.450001,2503200,51.450001
2015-09-23,51.93,52.110001,51.639999,51.84,2023700,51.84
2015-09-22,52.119999,52.25,51.43,51.950001,3128900,51.950001
2015-09-21,52.73,53.130001,52.610001,52.93,1948400,52.93
2015-09-18,52.23,52.84,52.080002,52.259998,5323500,52.259998
2015-09-17,53.400002,54.240002,52.990002,53.189999,3800200,53.189999
2015-09-16,53.049999,53.48,52.720001,53.389999,2356700,53.389999
2015-09-15,52.439999,53.02,52.009998,52.900002,3613900,52.900002
2015-09-14,52.610001,52.75,52.240002,52.389999,2264200,52.389999
2015-09-11,52.16,52.630001,51.689999,52.610001,3071300,52.610001
2015-09-10,52.330002,52.91,52.200001,52.50,2743200,52.50
2015-09-09,53.209999,53.75,52.330002,52.450001,2614400,52.450001
2015-09-08,52.279999,52.939999,52.169998,52.84,3181100,52.84
2015-09-04,51.720001,51.82,50.970001,51.400002,2813700,51.400002
2015-09-03,52.110001,52.759998,51.93,52.200001,3442000,52.200001
2015-09-02,52.150002,52.16,51.07,51.77,3210000,51.77
2015-09-01,52.209999,52.68,51.040001,51.349998,4462300,51.349998
2015-08-31,53.98,54.34,53.529999,53.73,3000000,53.73
2015-08-28,54.130001,54.459999,53.549999,53.950001,3081700,53.950001
2015-08-27,53.619999,54.630001,53.299999,54.439999,3919200,54.439999
2015-08-26,52.48,53.049999,51.66,52.98,4498300,52.98
2015-08-25,53.66,53.779999,51.25,51.259998,5401400,51.259998
2015-08-24,51.66,53.610001,50.919998,52.349998,7782900,52.349998
2015-08-21,55.049999,55.990002,54.240002,54.240002,6352600,54.240002
2015-08-20,55.509998,56.84,55.110001,55.490002,4204000,55.490002
2015-08-19,55.48,56.009998,55.110001,55.880001,4072100,55.880001
2015-08-18,55.57,55.950001,55.450001,55.619999,5888400,55.619999
2015-08-17,55.700001,55.799999,55.23,55.540001,2641900,55.540001
2015-08-14,55.09,56.209999,54.869999,55.970001,3791800,55.970001
2015-08-13,55.380001,55.560001,54.689999,55.09,3289700,55.09
2015-08-12,54.939999,55.509998,54.240002,55.50,3722500,55.50
2015-08-11,55.41,55.709999,55.139999,55.52,3292400,55.52
2015-08-10,55.150002,55.990002,55.009998,55.880001,3906400,55.880001
2015-08-07,53.720001,54.919998,53.200001,54.77,6181500,54.77
2015-08-06,54.52,54.580002,53.549999,53.59,4627300,53.59
2015-08-05,55.310001,55.450001,54.310001,54.470001,2513300,54.470001
2015-08-04,54.950001,55.23,54.740002,54.849998,2743100,54.849998
2015-08-03,55.779999,55.810001,54.91,55.150002,3490900,54.870001
2015-07-31,56.259998,56.34,55.75,55.810001,2954800,55.52665
2015-07-30,55.369999,56.380001,55.310001,56.279999,3176600,55.994262
2015-07-29,55.240002,55.490002,55.009998,55.400002,6006500,55.118732
2015-07-28,55.490002,55.52,55.00,55.110001,4470400,54.830204
2015-07-27,55.349998,55.669998,55.009998,55.240002,4436800,54.959545
2015-07-24,57.209999,57.259998,55.57,55.810001,5208900,55.52665
2015-07-23,58.810001,58.830002,56.900002,57.240002,8283500,56.949391
2015-07-22,59.330002,59.52,59.00,59.50,2615600,59.197915
2015-07-21,59.580002,59.880001,59.130001,59.43,1985300,59.12827
2015-07-20,59.16,59.73,59.099998,59.66,1791400,59.357102
2015-07-17,59.049999,59.23,58.91,59.150002,2442200,58.849693
2015-07-16,59.240002,59.560001,59.09,59.310001,2670500,59.008881
2015-07-15,58.709999,59.150002,58.599998,58.799999,2120800,58.501468
2015-07-14,58.240002,58.810001,58.119999,58.77,2158000,58.471621
2015-07-13,57.93,58.490002,57.900002,58.450001,2042000,58.153246
2015-07-10,57.509998,57.57,57.029999,57.380001,2278000,57.088679
2015-07-09,57.549999,57.630001,56.610001,56.75,3051100,56.461877
2015-07-08,57.549999,57.939999,56.549999,56.59,2961000,56.302689
2015-07-07,58.25,58.459999,57.290001,58.34,4126800,58.043804
2015-07-06,57.75,58.23,57.68,58.060001,2716900,57.765227
2015-07-02,58.599998,58.939999,58.310001,58.450001,2071800,58.153246
2015-07-01,58.259998,58.459999,57.889999,58.419998,3018600,58.123396
2015-06-30,57.82,58.110001,57.509998,57.619999,3211300,57.327459
2015-06-29,58.470001,58.57,57.310001,57.330002,4199100,57.038934
2015-06-26,59.130001,59.549999,59.060001,59.119999,4075200,58.819843
2015-06-25,59.189999,59.34,58.869999,59.040001,3067000,58.740251
2015-06-24,59.290001,59.459999,59.119999,59.32,3075000,59.018828
2015-06-23,59.330002,59.509998,59.049999,59.50,2152700,59.197915
2015-06-22,59.209999,59.32,59.040001,59.130001,1970000,58.829794
2015-06-19,58.580002,58.98,58.380001,58.75,2996300,58.451722
2015-06-18,58.389999,59.029999,58.139999,58.759998,3043000,58.46167
2015-06-17,58.209999,58.48,57.689999,58.139999,4394100,57.844819
2015-06-16,58.130001,58.490002,57.669998,58.060001,3621900,57.765227
2015-06-15,58.740002,58.779999,58.09,58.220001,3369900,57.924415
2015-06-12,59.00,59.360001,58.68,59.34,2715300,59.038727
2015-06-11,58.82,59.41,58.700001,59.209999,2510400,58.909386
2015-06-10,57.869999,58.939999,57.869999,58.740002,2204800,58.441775
2015-06-09,57.799999,58.110001,57.599998,57.669998,1994900,57.377204
2015-06-08,58.25,58.529999,57.650002,57.650002,2566500,57.357309
2015-06-05,58.380001,58.509998,57.860001,58.299999,3755100,58.004006
2015-06-04,58.48,58.619999,57.93,58.16,2564200,57.864718
2015-06-03,58.50,59.060001,58.459999,58.77,2383600,58.471621
2015-06-02,58.110001,58.799999,57.919998,58.389999,2302400,58.09355
2015-06-01,58.34,58.709999,58.169998,58.32,2229700,58.023905
2015-05-29,58.91,59.09,58.139999,58.27,3750000,57.97416
2015-05-28,59.209999,59.490002,58.919998,59.040001,1518100,58.740251
2015-05-27,59.130001,59.490002,58.709999,59.380001,2237700,59.078525
2015-05-26,59.50,59.560001,58.470001,58.700001,2838200,58.401977
2015-05-22,59.41,59.779999,59.349998,59.540001,1911400,59.237713
2015-05-21,59.740002,60.049999,59.529999,59.599998,1600100,59.297405
2015-05-20,60.119999,60.279999,59.709999,59.970001,1431400,59.66553
2015-05-19,59.77,60.220001,59.68,60.119999,1557300,59.814766
2015-05-18,59.48,59.849998,59.419998,59.799999,1325100,59.496391
2015-05-15,60.419998,60.57,59.41,59.50,1893000,59.197915
2015-05-14,59.91,60.389999,59.82,60.34,2063400,60.03365
2015-05-13,58.889999,59.77,58.869999,59.720001,2053300,59.416799
2015-05-12,59.02,59.299999,58.619999,58.889999,2428200,58.591011
2015-05-11,58.82,59.700001,58.799999,59.419998,2445900,59.118319
2015-05-08,58.549999,59.07,58.380001,59.009998,4594200,58.710401
2015-05-07,58.290001,58.330002,57.700001,57.91,4905100,57.615987
2015-05-06,58.950001,59.23,57.970001,58.349998,4914200,58.053752
2015-05-05,58.849998,59.529999,58.509998,58.610001,3312100,58.312434
2015-05-04,59.330002,59.41,59.040001,59.32,2387900,58.74025
2015-05-01,58.209999,59.369999,58.209999,59.310001,3178000,58.73035
2015-04-30,58.00,58.509998,57.77,57.970001,4645400,57.403446
2015-04-29,58.50,58.68,57.77,58.310001,3628700,57.740123
2015-04-28,58.709999,58.970001,58.470001,58.919998,3354300,58.344158
2015-04-27,58.450001,58.799999,58.25,58.650002,3912700,58.0768
2015-04-24,58.380001,58.610001,58.16,58.389999,4176800,57.819339
2015-04-23,57.919998,58.700001,57.790001,58.669998,5097800,58.096601
2015-04-22,58.060001,58.759998,57.50,57.889999,9578600,57.324226
2015-04-21,59.610001,59.849998,59.23,59.259998,4484300,58.680835
2015-04-20,59.220001,59.689999,59.009998,59.490002,3135600,58.908591
