Date,Open,High,Low,Close,Volume,Adj Close
2015-10-16,64.610001,65.790001,64.349998,65.360001,1470500,65.360001
2015-10-15,62.040001,64.169998,62.040001,64.07,1451500,64.07
2015-10-14,62.990002,63.209999,61.810001,61.900002,1106000,61.900002
2015-10-13,63.220001,63.599998,62.709999,63.00,985400,63.00
2015-10-12,63.259998,63.50,62.700001,63.360001,696300,63.360001
2015-10-09,63.080002,63.830002,62.869999,63.259998,1091000,63.259998
2015-10-08,62.619999,63.16,62.080002,63.00,1405900,63.00
2015-10-07,61.799999,62.740002,61.560001,62.68,1528600,62.68
2015-10-06,63.459999,63.529999,61.41,61.580002,1191100,61.580002
2015-10-05,63.290001,63.91,62.869999,63.66,1637300,63.66
2015-10-02,60.48,62.84,60.150002,62.810001,1223300,62.810001
2015-10-01,61.50,62.049999,60.689999,61.580002,1446800,61.200003
2015-09-30,61.27,61.73,60.700001,61.470001,1285800,61.090682
2015-09-29,60.490002,62.040001,60.23,60.700001,1231800,60.325433
2015-09-28,63.779999,64.150002,60.07,60.509998,1601900,60.136603
2015-09-25,65.889999,66.080002,63.98,64.410004,1054000,64.012542
2015-09-24,65.43,65.790001,64.620003,65.519997,778300,65.115685
2015-09-23,66.290001,66.660004,65.830002,66.059998,493600,65.652354
2015-09-22,66.519997,66.620003,65.68,66.110001,727500,65.702048
2015-09-21,67.550003,67.970001,66.849998,67.300003,614900,66.884708
2015-09-18,67.440002,67.830002,66.730003,66.900002,912800,66.487174
2015-09-17,67.989998,68.980003,67.849998,68.160004,578800,67.739401
2015-09-16,67.00,68.059998,66.75,67.919998,1113400,67.500877
2015-09-15,66.300003,67.010002,65.849998,66.699997,917600,66.288404
2015-09-14,65.800003,66.190002,65.540001,66.080002,810900,65.672235
2015-09-11,65.160004,65.639999,64.709999,65.620003,1334100,65.215074
2015-09-10,65.440002,66.010002,65.260002,65.459999,829200,65.056058
2015-09-09,66.919998,67.00,65.480003,65.599998,1099500,65.195193
2015-09-08,66.190002,66.709999,65.639999,66.300003,1315400,65.890878
2015-09-04,65.940002,66.199997,64.510002,65.169998,1144100,64.767847
2015-09-03,67.110001,68.349998,66.769997,66.93,1021600,66.516988
2015-09-02,66.480003,66.940002,65.629997,66.559998,826800,66.149269
2015-09-01,66.220001,66.989998,65.360001,65.699997,848500,65.294575
2015-08-31,68.879997,69.370003,67.669998,67.800003,750300,67.381622
2015-08-28,68.620003,69.32,68.300003,68.889999,739400,68.464892
2015-08-27,68.169998,69.599998,67.839996,69.080002,1038400,68.653722
2015-08-26,66.400002,67.870003,65.730003,67.709999,1165700,67.292174
2015-08-25,68.470001,68.489998,65.050003,65.309998,3299900,64.906982
2015-08-24,67.290001,70.029999,66.339996,67.309998,1845200,66.89464
2015-08-21,70.510002,71.309998,70.150002,70.18,1595300,69.746933
2015-08-20,72.660004,72.870003,70.879997,70.980003,956800,70.541999
2015-08-19,73.139999,73.989998,72.57,73.440002,699200,72.986818
2015-08-18,73.489998,73.989998,73.18,73.50,699600,73.046446
2015-08-17,72.379997,73.629997,71.849998,73.57,614500,73.116013
2015-08-14,72.089996,72.849998,71.730003,72.720001,707700,72.27126
2015-08-13,72.25,72.690002,71.910004,72.199997,541400,71.754465
2015-08-12,72.059998,72.459999,71.360001,72.389999,637500,71.943295
2015-08-11,73.010002,73.43,71.809998,72.550003,947000,72.102311
2015-08-10,72.900002,73.910004,72.870003,73.639999,721900,73.185581
2015-08-07,73.699997,73.800003,71.260002,72.43,1144000,71.983049
2015-08-06,74.349998,74.519997,73.459999,73.889999,700300,73.434038
2015-08-05,74.879997,75.239998,73.980003,74.480003,949300,74.020401
2015-08-04,74.400002,75.080002,74.029999,74.580002,591000,74.119783
2015-08-03,74.040001,74.480003,73.720001,74.199997,643300,73.742123
2015-07-31,73.739998,74.489998,73.650002,73.809998,1099100,73.35453
2015-07-30,73.480003,73.650002,72.959999,73.489998,427100,73.036505
2015-07-29,72.370003,73.849998,71.839996,73.660004,971000,73.205462
2015-07-28,72.260002,72.389999,70.419998,72.120003,1416700,71.674964
2015-07-27,73.129997,73.330002,71.959999,71.989998,1622800,71.545761
2015-07-24,74.169998,74.839996,73.260002,73.370003,1057000,72.91725
2015-07-23,71.949997,75.25,71.239998,74.400002,1900100,73.940893
2015-07-22,71.809998,72.540001,71.559998,72.470001,915700,72.022803
2015-07-21,73.360001,73.43,72.059998,72.089996,939700,71.645143
2015-07-20,73.389999,73.389999,72.559998,73.089996,776100,72.638972
2015-07-17,73.720001,73.860001,72.93,73.260002,663100,72.807929
2015-07-16,73.849998,73.919998,72.900002,73.870003,737200,73.414165
2015-07-15,74.099998,74.220001,72.849998,73.239998,927700,72.788048
2015-07-14,73.400002,74.150002,73.00,74.080002,1400400,73.622868
2015-07-13,72.419998,73.220001,72.419998,73.18,1493500,72.72842
2015-07-10,71.760002,71.989998,71.150002,71.580002,745000,71.138295
2015-07-09,70.510002,71.029999,70.309998,70.839996,1342700,70.402856
2015-07-08,71.00,71.32,69.599998,69.690002,831500,69.259959
2015-07-07,71.32,71.559998,70.360001,71.379997,660200,70.939525
2015-07-06,70.82,71.260002,70.419998,71.07,1514600,70.63144
2015-07-02,72.910004,72.910004,71.699997,71.830002,939500,71.009094
2015-07-01,73.00,73.360001,72.480003,72.900002,1103700,72.066866
2015-06-30,71.889999,72.660004,71.639999,72.519997,1105500,71.691204
2015-06-29,72.190002,72.849998,71.129997,71.190002,1067000,70.376409
2015-06-26,72.919998,73.690002,72.709999,72.75,1400500,71.918578
2015-06-25,71.970001,73.82,71.400002,72.830002,1317700,71.997666
2015-06-24,72.110001,72.349998,71.629997,71.699997,1272900,70.880575
2015-06-23,71.660004,72.480003,71.410004,72.099998,1504500,71.276005
2015-06-22,73.760002,73.760002,72.190002,72.269997,1111100,71.444061
2015-06-19,72.769997,73.620003,72.610001,73.339996,1345000,72.501832
2015-06-18,72.980003,73.129997,72.709999,72.860001,1120300,72.027322
2015-06-17,72.949997,73.279999,72.120003,72.830002,771300,71.997666
2015-06-16,72.449997,72.779999,72.269997,72.57,1220500,71.740635
2015-06-15,72.650002,73.059998,72.300003,72.669998,932200,71.839491
2015-06-12,73.629997,74.150002,72.959999,73.040001,988000,72.205265
2015-06-11,74.080002,74.290001,73.709999,74.160004,863800,73.312468
2015-06-10,73.779999,74.370003,73.57,73.690002,1504000,72.847838
2015-06-09,73.75,74.010002,73.559998,73.709999,1507900,72.867606
2015-06-08,74.059998,74.50,73.779999,73.839996,941500,72.996118
2015-06-05,74.68,74.839996,73.870003,73.959999,1097500,73.114749
2015-06-04,74.279999,75.620003,74.019997,74.940002,1360400,74.083552
2015-06-03,74.959999,75.589996,74.150002,74.360001,976500,73.510179
2015-06-02,75.370003,75.400002,74.410004,74.760002,728100,73.905609
2015-06-01,75.839996,76.300003,75.00,75.480003,1510100,74.617382
2015-05-29,76.360001,76.419998,75.150002,75.230003,1631200,74.370239
2015-05-28,77.160004,77.550003,75.660004,76.040001,2300700,75.17098
2015-05-27,77.32,78.089996,76.790001,77.160004,2064800,76.278182
2015-05-26,78.150002,78.150002,76.199997,77.379997,3515900,76.495662
2015-05-22,73.57,89.00,73.57,79.599998,14985900,78.690292
2015-05-21,74.57,74.839996,73.559998,73.879997,1093500,73.035662
2015-05-20,72.529999,75.00,72.489998,74.669998,2109900,73.816634
2015-05-19,72.809998,73.00,72.559998,72.75,1103200,71.918578
2015-05-18,71.459999,72.860001,71.449997,72.809998,1405100,71.97789
2015-05-15,71.93,72.160004,71.370003,71.620003,707700,70.801495
2015-05-14,71.389999,71.949997,71.080002,71.699997,1100100,70.880575
2015-05-13,70.650002,71.309998,70.290001,70.879997,1142400,70.069947
2015-05-12,69.830002,70.629997,69.699997,70.260002,1478700,69.457037
2015-05-11,70.769997,71.309998,70.510002,70.550003,1183200,69.743724
2015-05-08,71.489998,71.93,70.50,71.019997,934500,70.208346
2015-05-07,70.269997,71.120003,70.010002,71.019997,1338700,70.208346
2015-05-06,70.040001,70.410004,69.470001,70.07,1592900,69.269206
2015-05-05,71.279999,71.449997,69.830002,69.889999,1539100,69.091263
2015-05-04,71.730003,72.519997,71.610001,71.660004,939700,70.841039
2015-05-01,71.849998,72.349998,71.199997,71.699997,963000,70.880575
2015-04-30,72.360001,72.760002,71.139999,71.419998,1549200,70.603776
2015-04-29,73.330002,73.449997,71.82,72.25,1562700,71.424293
2015-04-28,74.519997,74.800003,72.309998,73.790001,1590800,72.946694
2015-04-27,75.919998,75.980003,74.349998,74.519997,1767600,73.668347
2015-04-24,75.589996,75.989998,74.760002,75.809998,1208700,74.943605
2015-04-23,76.290001,76.290001,74.940002,75.209999,2380200,74.350463
2015-04-22,76.019997,76.360001,74.860001,76.290001,2452000,75.418123
2015-04-21,76.389999,76.589996,76.089996,76.209999,1141700,75.339035
2015-04-20,75.839996,76.339996,75.720001,76.150002,1425100,75.279723
