Date,Open,High,Low,Close,Volume,Adj Close
2015-10-15,29.379999,29.950001,28.93,29.92,6875500,29.92
2015-10-14,30.379999,30.42,28.82,29.290001,11728200,29.290001
2015-10-13,30.68,31.120001,30.27,30.42,4587200,30.42
2015-10-12,30.75,30.98,30.32,30.93,3172800,30.93
2015-10-09,30.639999,30.75,30.040001,30.65,4661500,30.65
2015-10-08,30.58,30.780001,30.23,30.65,5215400,30.65
2015-10-07,30.219999,30.59,29.93,30.58,6081800,30.58
2015-10-06,31.15,31.15,29.91,30.00,8000900,30.00
2015-10-05,29.90,31.120001,29.90,31.07,5860000,31.07
2015-10-02,29.15,29.73,28.540001,29.73,5871500,29.73
2015-10-01,29.43,29.709999,28.959999,29.58,4530300,29.58
2015-09-30,29.290001,29.540001,28.66,29.360001,5741600,29.360001
2015-09-29,29.41,29.59,28.58,28.82,6677400,28.82
2015-09-28,30.51,30.57,28.969999,29.32,6321800,29.32
2015-09-25,30.860001,31.09,30.440001,30.639999,3996700,30.639999
2015-09-24,29.809999,30.540001,29.43,30.48,5489300,30.48
2015-09-23,30.049999,30.57,29.870001,30.15,4309300,30.15
2015-09-22,30.25,30.41,29.40,29.950001,7389800,29.950001
2015-09-21,31.51,31.959999,30.34,30.690001,9522900,30.690001
2015-09-18,31.790001,32.310001,31.40,31.610001,8345500,31.610001
2015-09-17,31.68,33.060001,31.52,32.150002,8364300,32.150002
2015-09-16,31.34,31.690001,30.91,31.58,6492900,31.58
2015-09-15,31.48,31.639999,31.27,31.32,6025600,31.32
2015-09-14,31.309999,31.50,30.93,31.43,5072900,31.43
2015-09-11,30.82,31.360001,30.700001,31.34,6053000,31.34
2015-09-10,30.639999,30.83,29.82,30.780001,5857100,30.780001
2015-09-09,31.870001,31.91,30.809999,30.92,5568600,30.92
2015-09-08,30.950001,31.50,30.700001,31.48,4963100,31.48
2015-09-04,30.780001,30.969999,30.290001,30.389999,5316200,30.389999
2015-09-03,31.139999,31.42,30.83,31.280001,5327500,31.280001
2015-09-02,29.99,30.68,29.549999,30.68,4413100,30.68
2015-09-01,29.639999,30.17,29.360001,29.66,5069200,29.66
2015-08-31,30.120001,30.610001,30.07,30.370001,5252300,30.370001
2015-08-28,30.389999,30.60,29.799999,30.129999,5720400,30.129999
2015-08-27,29.969999,30.450001,29.42,30.32,7769300,30.32
2015-08-26,28.969999,29.620001,28.15,29.52,9657900,29.52
2015-08-25,30.450001,30.450001,28.280001,28.280001,7526300,28.280001
2015-08-24,29.440001,29.940001,27.65,29.530001,7366500,29.530001
2015-08-21,31.34,31.48,30.83,31.01,6985600,31.01
2015-08-20,31.959999,32.290001,31.639999,31.66,5498800,31.66
2015-08-19,31.530001,32.369999,31.459999,32.209999,10564300,32.209999
2015-08-18,31.620001,32.16,31.42,31.66,12136700,31.66
2015-08-17,30.52,31.40,30.48,31.209999,4970000,31.209999
2015-08-14,30.58,30.66,30.33,30.639999,3798400,30.639999
2015-08-13,30.00,30.85,29.90,30.68,6670500,30.68
2015-08-12,29.74,29.99,29.139999,29.959999,6982500,29.959999
2015-08-11,28.42,29.389999,28.42,29.379999,4376700,29.379999
2015-08-10,28.780001,29.190001,28.690001,29.059999,3143000,29.059999
2015-08-07,28.559999,28.629999,28.16,28.51,3781500,28.51
2015-08-06,28.83,28.879999,28.43,28.620001,4304900,28.620001
2015-08-05,29.370001,29.459999,28.51,28.709999,4267000,28.709999
2015-08-04,29.65,29.709999,28.889999,29.17,4233900,29.106999
2015-08-03,29.690001,29.700001,29.23,29.68,5248800,29.615898
2015-07-31,29.559999,29.799999,29.17,29.690001,6623500,29.625877
2015-07-30,28.49,29.49,28.360001,29.469999,8909000,29.406351
2015-07-29,27.77,28.709999,27.610001,28.58,9496800,28.518274
2015-07-28,27.15,27.889999,26.139999,27.59,11021300,27.530412
2015-07-27,26.559999,26.98,26.469999,26.74,6516700,26.682247
2015-07-24,27.48,27.629999,26.51,26.73,5394900,26.672269
2015-07-23,27.950001,28.00,27.15,27.43,3621900,27.370758
2015-07-22,27.08,27.969999,27.01,27.860001,4215500,27.799829
2015-07-21,26.940001,27.200001,26.780001,27.110001,3160600,27.051449
2015-07-20,27.209999,27.219999,26.57,26.860001,5121300,26.801989
2015-07-17,27.639999,27.690001,27.030001,27.139999,5857500,27.081383
2015-07-16,27.76,27.76,27.24,27.540001,5337300,27.480521
2015-07-15,28.370001,28.370001,27.50,27.620001,6786000,27.560348
2015-07-14,28.24,28.40,28.16,28.34,1760000,28.278792
2015-07-13,28.35,28.48,28.139999,28.27,2734400,28.208944
2015-07-10,28.01,28.299999,27.85,28.190001,3539600,28.129116
2015-07-09,27.90,28.059999,27.66,27.67,3309500,27.610239
2015-07-08,27.91,28.049999,27.459999,27.549999,4970900,27.490497
2015-07-07,27.540001,28.120001,27.280001,28.10,5966700,28.039311
2015-07-06,27.34,27.99,27.290001,27.559999,3978700,27.500476
2015-07-02,27.66,27.940001,27.299999,27.59,3395900,27.530412
2015-07-01,27.719999,27.719999,27.129999,27.559999,2911300,27.500476
2015-06-30,27.66,27.91,27.32,27.360001,4860900,27.300909
2015-06-29,27.66,27.92,27.35,27.389999,4418200,27.330843
2015-06-26,27.969999,28.10,27.68,27.969999,4960300,27.90959
2015-06-25,28.08,28.32,27.809999,27.860001,3152300,27.799829
2015-06-24,28.33,28.700001,27.75,27.92,6506600,27.859699
2015-06-23,27.629999,27.969999,27.540001,27.610001,4080100,27.550369
2015-06-22,27.43,27.73,27.43,27.58,3814900,27.520433
2015-06-19,26.950001,27.66,26.93,27.290001,5854800,27.231061
2015-06-18,26.66,26.98,26.629999,26.82,3261700,26.762075
2015-06-17,26.52,26.629999,26.209999,26.59,3042900,26.532572
2015-06-16,26.52,26.65,26.33,26.51,3853700,26.452745
2015-06-15,26.639999,27.209999,26.620001,26.65,4329200,26.592442
2015-06-12,26.23,26.75,26.219999,26.709999,3585100,26.652312
2015-06-11,26.42,26.84,26.389999,26.42,2935600,26.362939
2015-06-10,25.940001,26.360001,25.84,26.280001,3002200,26.223242
2015-06-09,25.92,26.07,25.60,25.790001,3113700,25.7343
2015-06-08,26.129999,26.209999,25.90,25.92,2535200,25.864019
2015-06-05,26.049999,26.23,25.85,26.16,2466300,26.1035
2015-06-04,26.23,26.639999,26.10,26.209999,4410400,26.153391
2015-06-03,26.440001,26.799999,26.120001,26.459999,4609800,26.402851
2015-06-02,26.34,26.51,26.139999,26.309999,2703900,26.253176
2015-06-01,26.280001,26.549999,26.17,26.440001,4057600,26.382896
2015-05-29,26.25,26.50,26.10,26.120001,4003400,26.063588
2015-05-28,26.26,26.77,26.18,26.35,4233800,26.29309
2015-05-27,26.290001,26.41,25.93,26.370001,4423600,26.313048
2015-05-26,26.629999,26.67,26.25,26.27,3985900,26.213263
2015-05-22,26.860001,26.879999,26.58,26.65,3956400,26.592442
2015-05-21,26.870001,27.030001,26.629999,26.90,6157000,26.841902
2015-05-20,26.85,27.049999,26.40,26.92,4704400,26.861859
2015-05-19,27.200001,27.469999,26.610001,26.77,6263100,26.712183
2015-05-18,26.299999,26.57,26.110001,26.459999,4841000,26.402851
2015-05-15,25.780001,26.309999,25.48,26.309999,6455200,26.253176
2015-05-14,25.48,25.870001,25.32,25.790001,3837800,25.7343
2015-05-13,25.48,25.719999,25.26,25.280001,2590200,25.225402
2015-05-12,25.24,25.60,25.08,25.440001,3886800,25.322193
2015-05-11,25.889999,26.00,25.370001,25.440001,4168600,25.322193
2015-05-08,26.030001,26.450001,25.879999,25.92,3760400,25.79997
2015-05-07,25.200001,25.809999,25.190001,25.719999,3945200,25.600895
2015-05-06,25.27,25.379999,24.92,25.27,3299600,25.15298
2015-05-05,25.60,25.799999,25.15,25.18,5165000,25.063397
2015-05-04,25.82,26.07,25.49,25.620001,3351900,25.50136
2015-05-01,25.530001,25.93,25.440001,25.790001,3827700,25.670572
2015-04-30,25.77,25.92,25.34,25.40,6600500,25.282377
2015-04-29,26.209999,26.23,25.719999,25.940001,5323900,25.819877
2015-04-28,26.129999,26.469999,25.860001,26.40,4017600,26.277746
2015-04-27,26.639999,26.690001,26.15,26.26,5866000,26.138395
2015-04-24,26.27,26.66,26.16,26.57,5558000,26.446959
2015-04-23,26.92,26.92,25.93,26.15,15602000,26.028904
2015-04-22,28.34,28.639999,26.66,27.030001,17809900,26.90483
2015-04-21,28.129999,28.969999,28.129999,28.559999,8286100,28.427744
2015-04-20,28.549999,28.610001,27.709999,28.040001,6062500,27.910153
