Date,Open,High,Low,Close,Volume,Adj Close
2015-10-15,106.50,108.00,106.260002,107.889999,6698100,107.889999
2015-10-14,106.50,106.849998,105.230003,105.730003,5464700,105.730003
2015-10-13,105.739998,107.389999,105.309998,106.589996,8295000,106.589996
2015-10-12,105.910004,106.699997,105.620003,106.349998,5133600,106.349998
2015-10-09,105.089996,106.050003,104.669998,105.559998,7312400,105.559998
2015-10-08,103.199997,104.889999,102.699997,104.610001,7419800,104.610001
2015-10-07,104.489998,104.589996,102.660004,103.389999,6947200,103.389999
2015-10-06,104.190002,104.510002,103.209999,103.769997,5597600,103.769997
2015-10-05,103.699997,104.199997,102.610001,103.849998,7044800,103.849998
2015-10-02,101.209999,103.010002,99.879997,103.00,9079300,103.00
2015-10-01,102.970001,103.470001,101.080002,102.669998,7488000,102.669998
2015-09-30,100.779999,102.43,100.50,102.199997,9125400,102.199997
2015-09-29,98.510002,100.059998,97.769997,99.419998,9432400,99.419998
2015-09-28,99.900002,100.389999,98.300003,98.489998,8190700,98.489998
2015-09-25,101.510002,101.800003,99.580002,100.300003,7155100,100.300003
2015-09-24,101.00,101.330002,99.239998,100.620003,10599700,100.620003
2015-09-23,102.440002,102.629997,101.379997,101.57,5807000,101.57
2015-09-22,102.18,102.75,101.480003,102.489998,8300500,102.489998
2015-09-21,103.68,103.830002,102.459999,103.410004,7134900,103.410004
2015-09-18,103.199997,104.209999,102.389999,102.839996,13423100,102.839996
2015-09-17,104.199997,105.949997,103.75,104.199997,7645600,104.199997
2015-09-16,103.32,104.07,102.75,103.959999,6499500,103.959999
2015-09-15,103.25,103.800003,101.830002,103.43,9153500,103.43
2015-09-14,104.650002,104.900002,102.989998,103.82,6955600,103.82
2015-09-11,102.349998,104.50,102.199997,104.480003,9504700,104.480003
2015-09-10,101.849998,103.220001,101.330002,102.599998,9003500,102.599998
2015-09-09,104.75,104.949997,101.68,101.910004,9495600,101.910004
2015-09-08,102.949997,104.150002,102.519997,104.010002,8501400,104.010002
2015-09-04,100.959999,101.82,100.360001,100.970001,9205400,100.970001
2015-09-03,102.199997,103.029999,101.459999,101.989998,8930600,101.989998
2015-09-02,100.919998,101.940002,99.550003,101.889999,12109700,101.889999
2015-09-01,99.309998,101.339996,99.160004,99.510002,14169500,99.510002
2015-08-31,102.300003,102.459999,100.910004,101.879997,8473600,101.879997
2015-08-28,102.190002,103.339996,101.809998,102.480003,10992100,102.480003
2015-08-27,101.349998,102.620003,99.779999,102.169998,17378300,102.169998
2015-08-26,98.690002,99.489998,96.260002,99.230003,13691200,99.230003
2015-08-25,99.730003,100.089996,95.720001,95.889999,18961000,95.889999
2015-08-24,93.379997,100.00,90.00,95.360001,29907400,95.360001
2015-08-21,97.50,100.629997,96.610001,98.839996,30804400,98.839996
2015-08-20,104.339996,105.00,99.760002,100.019997,34534500,100.019997
2015-08-19,106.580002,107.75,105.769997,106.449997,9420800,106.449997
2015-08-18,108.040001,108.25,106.800003,106.940002,11969000,106.940002
2015-08-17,107.300003,109.279999,106.839996,109.050003,7922300,109.050003
2015-08-14,107.610001,107.669998,106.519997,107.160004,7088700,107.160004
2015-08-13,107.209999,108.510002,106.75,107.519997,9698500,107.519997
2015-08-12,107.00,107.440002,105.510002,106.989998,16923500,106.989998
2015-08-11,110.339996,110.489998,107.949997,108.00,13528500,108.00
2015-08-10,110.00,111.00,109.739998,111.00,11477400,111.00
2015-08-07,108.75,109.559998,107.660004,109.349998,15771600,109.349998
2015-08-06,110.400002,110.400002,104.239998,108.550003,57099300,108.550003
2015-08-05,110.830002,113.949997,109.50,110.529999,60905900,110.529999
2015-08-04,121.50,122.080002,120.610001,121.690002,10018300,121.690002
2015-08-03,120.879997,121.730003,120.169998,121.120003,8323300,121.120003
2015-07-31,120.120003,120.720001,119.599998,120.00,5691500,120.00
2015-07-30,119.709999,120.349998,119.010002,120.029999,4412400,120.029999
2015-07-29,118.849998,119.860001,118.410004,119.839996,6062600,119.839996
2015-07-28,118.68,118.900002,117.870003,118.459999,6366100,118.459999
2015-07-27,118.629997,118.800003,117.779999,118.25,5174800,118.25
2015-07-24,119.349998,119.800003,118.580002,118.910004,4084300,118.910004
2015-07-23,119.300003,119.669998,118.57,118.800003,3304600,118.800003
2015-07-22,119.279999,119.699997,118.93,119.330002,4711800,119.330002
2015-07-21,119.760002,119.800003,118.830002,119.309998,4375400,119.309998
2015-07-20,119.290001,119.900002,118.889999,119.580002,6611400,119.580002
2015-07-17,118.690002,118.900002,118.029999,118.860001,5106200,118.860001
2015-07-16,119.00,119.150002,118.540001,119.07,6293500,119.07
2015-07-15,118.040001,118.900002,117.849998,118.300003,4838400,118.300003
2015-07-14,118.029999,118.139999,117.699997,117.849998,5049000,117.849998
2015-07-13,117.75,118.309998,117.25,118.050003,7595200,118.050003
2015-07-10,117.050003,117.43,115.669998,116.440002,7020700,116.440002
2015-07-09,116.830002,117.209999,115.510002,115.599998,7016800,115.599998
2015-07-08,116.50,116.68,115.110001,115.190002,8445200,115.190002
2015-07-07,116.419998,117.190002,114.860001,117.099998,8359900,117.099998
2015-07-06,114.470001,115.860001,114.269997,115.699997,5880500,115.699997
2015-07-02,115.379997,115.669998,114.449997,114.970001,5549500,114.970001
2015-07-01,114.949997,115.25,114.339996,115.129997,5435400,115.129997
2015-06-30,113.93,114.860001,113.550003,114.139999,6946700,113.48
2015-06-29,114.160004,115.190002,113.00,113.050003,7618200,112.396307
2015-06-26,114.970001,115.18,114.410004,114.989998,9509600,114.325084
2015-06-25,114.620003,115.279999,114.389999,114.449997,6213500,113.788205
2015-06-24,114.300003,114.559998,113.709999,113.769997,5636200,113.112137
2015-06-23,113.93,114.519997,113.720001,114.410004,6003100,113.748443
2015-06-22,113.400002,114.470001,113.269997,113.529999,5906200,112.873527
2015-06-19,112.830002,113.480003,112.400002,112.620003,9587700,111.968793
2015-06-18,111.830002,113.550003,111.580002,113.220001,6929900,112.565322
2015-06-17,111.199997,111.940002,110.879997,111.489998,4732300,110.845322
2015-06-16,110.349998,111.290001,109.900002,111.059998,3848300,110.417808
2015-06-15,109.269997,110.410004,108.93,110.18,5742200,109.542899
2015-06-12,110.330002,110.529999,109.540001,109.949997,4009900,109.314226
2015-06-11,110.010002,110.959999,110.010002,110.620003,5036300,109.980357
2015-06-10,108.900002,110.25,108.730003,110.00,5128700,109.36394
2015-06-09,109.349998,109.410004,107.650002,108.519997,7711800,107.892494
2015-06-08,110.029999,110.239998,109.209999,109.290001,6068100,108.658046
2015-06-05,110.300003,110.769997,109.800003,110.300003,4323500,109.662208
2015-06-04,110.949997,111.25,109.989998,110.300003,5748200,109.662208
2015-06-03,110.75,111.82,110.50,111.169998,4510300,110.527173
2015-06-02,110.919998,111.25,110.019997,110.75,4425900,110.109603
2015-06-01,111.480003,111.769997,110.550003,110.959999,6778900,110.318388
2015-05-29,110.330002,110.519997,109.410004,110.370003,5264900,109.731803
2015-05-28,110.110001,110.540001,109.599998,110.529999,3392000,109.890874
2015-05-27,109.510002,110.610001,109.300003,110.370003,3984200,109.731803
2015-05-26,110.169998,110.849998,108.760002,109.440002,5970800,108.80718
2015-05-22,110.300003,110.900002,110.120003,110.260002,4267700,109.622438
2015-05-21,110.040001,110.639999,109.900002,110.389999,4880600,109.751684
2015-05-20,110.779999,110.809998,110.019997,110.199997,4393500,109.56278
2015-05-19,110.690002,110.989998,110.470001,110.559998,4549600,109.920699
2015-05-18,110.470001,110.739998,110.010002,110.330002,4868900,109.692033
2015-05-15,110.099998,110.690002,109.68,110.300003,5852200,109.662208
2015-05-14,109.690002,110.00,109.010002,109.93,4662000,109.294345
2015-05-13,109.699997,109.870003,108.779999,109.190002,4141400,108.558626
2015-05-12,108.599998,109.660004,107.669998,109.239998,6345000,108.608332
2015-05-11,110.139999,110.139999,108.489998,108.599998,6728500,107.972034
2015-05-08,110.260002,110.699997,109.57,110.110001,6260600,109.473304
2015-05-07,109.599998,109.779999,108.720001,109.260002,8291200,108.628221
2015-05-06,111.559998,111.959999,109.220001,109.720001,8975300,109.08556
2015-05-05,113.269997,113.300003,110.559998,110.809998,14619300,110.169254
2015-05-04,111.480003,111.529999,110.50,111.029999,7566200,110.387983
2015-05-01,109.949997,110.669998,109.269997,110.519997,6205100,109.88093
2015-04-30,109.68,110.190002,107.68,108.720001,7770300,108.091342
2015-04-29,109.660004,110.379997,109.260002,109.809998,6024700,109.175036
2015-04-28,110.75,111.150002,108.889999,109.919998,7324500,109.284401
2015-04-27,111.50,111.660004,110.07,110.160004,8479100,109.523018
2015-04-24,109.529999,110.480003,109.190002,109.529999,6355600,108.896656
2015-04-23,107.959999,109.900002,107.610001,109.00,5983800,108.369722
2015-04-22,108.019997,108.25,106.970001,107.940002,4060500,107.315854
2015-04-21,108.93,108.989998,107.580002,107.68,4579400,107.057355
2015-04-20,107.830002,108.50,107.32,108.220001,8094200,107.594234
