Date,Open,High,Low,Close,Volume,Adj Close
2015-10-15,26.780001,27.139999,26.360001,27.110001,1200900,27.110001
2015-10-14,27.01,27.17,26.25,26.58,934000,26.58
2015-10-13,27.129999,27.360001,26.68,27.09,1022300,27.09
2015-10-12,27.200001,27.219999,26.780001,27.209999,955200,27.209999
2015-10-09,27.030001,27.389999,26.75,27.26,910600,27.26
2015-10-08,26.24,27.09,26.10,27.030001,1049300,27.030001
2015-10-07,25.809999,26.85,25.809999,26.42,1718800,26.42
2015-10-06,25.309999,25.84,25.309999,25.73,908900,25.73
2015-10-05,24.50,25.57,24.50,25.33,1472200,25.33
2015-10-02,23.57,24.40,23.42,24.389999,1784300,24.389999
2015-10-01,24.35,24.41,23.76,23.83,2578200,23.83
2015-09-30,24.76,25.030001,23.76,24.290001,5904600,24.290001
2015-09-29,26.040001,26.209999,24.190001,24.700001,4034600,24.700001
2015-09-28,25.91,26.40,25.82,25.879999,1216400,25.879999
2015-09-25,26.18,26.18,25.809999,25.950001,1140100,25.950001
2015-09-24,25.690001,26.139999,25.450001,26.00,2615100,26.00
2015-09-23,25.950001,26.02,25.719999,25.93,1522400,25.93
2015-09-22,26.129999,26.440001,25.450001,25.969999,1832800,25.969999
2015-09-21,26.290001,26.690001,26.08,26.629999,1448100,26.629999
2015-09-18,25.99,26.43,25.66,26.24,2515200,26.24
2015-09-17,26.040001,26.67,25.950001,26.26,1577700,26.26
2015-09-16,25.299999,26.219999,25.299999,25.93,1295700,25.93
2015-09-15,24.92,25.43,24.809999,25.34,969500,25.34
2015-09-14,25.33,25.33,24.73,24.82,1388100,24.82
2015-09-11,25.360001,25.469999,24.93,25.379999,778100,25.379999
2015-09-10,25.299999,25.709999,25.120001,25.459999,1789700,25.459999
2015-09-09,26.049999,26.07,25.290001,25.34,1133700,25.34
2015-09-08,25.68,26.24,25.58,25.809999,1785200,25.809999
2015-09-04,25.48,25.799999,25.23,25.23,1694900,25.23
2015-09-03,25.60,26.35,25.450001,25.84,1302000,25.84
2015-09-02,25.639999,25.690001,24.93,25.50,1769000,25.50
2015-09-01,24.969999,25.299999,24.790001,25.23,4444600,25.23
2015-08-31,25.540001,25.67,25.08,25.360001,1922000,25.360001
2015-08-28,25.09,26.02,25.09,25.709999,2383900,25.709999
2015-08-27,25.33,25.690001,24.879999,25.32,2365000,25.32
2015-08-26,24.870001,25.17,24.35,25.10,3069200,25.10
2015-08-25,25.35,25.35,24.17,24.209999,4183100,24.209999
2015-08-24,24.620001,25.360001,24.08,24.860001,7105200,24.860001
2015-08-21,26.030001,26.26,25.51,25.99,5009100,25.99
2015-08-20,27.43,27.43,25.99,26.27,7410000,26.27
2015-08-19,27.57,27.98,27.309999,27.60,2438600,27.60
2015-08-18,27.74,27.77,27.51,27.75,2627600,27.75
2015-08-17,27.049999,27.780001,26.91,27.67,1901200,27.67
2015-08-14,27.26,27.379999,27.02,27.120001,1584000,27.120001
2015-08-13,27.450001,27.450001,27.01,27.25,3516800,27.25
2015-08-12,27.25,27.50,27.00,27.49,1710400,27.49
2015-08-11,27.93,27.93,27.200001,27.25,2673300,27.25
2015-08-10,27.90,28.10,27.68,27.959999,2563200,27.959999
2015-08-07,27.85,27.99,27.25,27.75,6543200,27.75
2015-08-06,27.00,28.110001,26.379999,27.969999,9599000,27.969999
2015-08-05,29.889999,29.98,26.52,26.719999,4081100,26.719999
2015-08-04,29.93,30.57,29.75,30.059999,729700,30.059999
2015-08-03,30.24,30.52,29.860001,30.01,1078000,30.01
2015-07-31,29.809999,30.440001,29.65,30.299999,1537900,30.299999
2015-07-30,29.299999,29.77,28.99,29.67,918100,29.67
2015-07-29,28.870001,29.469999,28.629999,29.34,1164200,29.34
2015-07-28,29.24,29.309999,28.67,28.889999,1776800,28.889999
2015-07-27,29.450001,30.120001,28.799999,29.10,1420100,29.10
2015-07-24,29.92,29.92,29.379999,29.50,747900,29.50
2015-07-23,29.889999,30.15,29.559999,29.66,1011700,29.66
2015-07-22,29.540001,29.959999,29.290001,29.91,1057600,29.91
2015-07-21,30.18,30.18,29.41,29.459999,1915300,29.459999
2015-07-20,30.860001,30.860001,29.790001,30.24,1890600,30.24
2015-07-17,32.610001,32.610001,30.98,31.00,1859700,31.00
2015-07-16,32.169998,32.779999,32.009998,32.68,1054400,32.68
2015-07-15,31.950001,32.16,31.780001,31.940001,876500,31.940001
2015-07-14,31.530001,31.950001,31.459999,31.889999,913500,31.889999
2015-07-13,31.51,31.98,31.389999,31.459999,1247700,31.459999
2015-07-10,30.889999,31.43,30.790001,31.32,674900,31.32
2015-07-09,31.08,31.26,30.559999,30.559999,940000,30.559999
2015-07-08,31.52,31.98,30.780001,30.85,1477200,30.85
2015-07-07,31.15,31.700001,30.530001,31.620001,1657000,31.620001
2015-07-06,31.07,31.530001,30.91,31.00,1539000,31.00
2015-07-02,31.24,31.66,30.99,31.25,2240600,31.25
2015-07-01,31.27,31.41,30.99,31.09,1532400,31.09
2015-06-30,31.17,31.549999,30.959999,31.08,2473300,31.08
2015-06-29,31.76,32.07,30.889999,31.00,1789100,31.00
2015-06-26,31.77,32.130001,31.49,31.549999,4864500,31.549999
2015-06-25,31.879999,31.940001,31.559999,31.65,1373700,31.65
2015-06-24,32.080002,32.099998,31.60,31.76,1482900,31.76
2015-06-23,31.879999,32.029999,31.51,32.00,1501000,32.00
2015-06-22,32.049999,32.32,31.799999,31.93,1133300,31.93
2015-06-19,31.74,31.99,31.440001,31.950001,4325600,31.950001
2015-06-18,31.41,32.049999,31.35,31.790001,1143100,31.790001
2015-06-17,30.809999,31.360001,30.799999,31.27,1149600,31.27
2015-06-16,30.52,30.950001,30.440001,30.83,958200,30.83
2015-06-15,30.209999,30.77,29.98,30.60,1316400,30.60
2015-06-12,30.690001,30.84,30.290001,30.379999,1205000,30.379999
2015-06-11,31.02,31.139999,30.450001,30.77,828400,30.77
2015-06-10,31.040001,31.23,30.780001,30.92,713500,30.92
2015-06-09,31.450001,31.450001,30.85,30.93,1007400,30.93
2015-06-08,31.809999,31.940001,31.23,31.42,1227300,31.42
2015-06-05,31.34,32.189999,31.200001,31.889999,1230800,31.889999
2015-06-04,31.35,31.57,31.07,31.459999,1694400,31.459999
2015-06-03,31.67,31.690001,31.190001,31.50,861300,31.50
2015-06-02,31.40,31.799999,31.129999,31.58,905500,31.58
2015-06-01,31.50,31.74,31.35,31.440001,1249700,31.440001
2015-05-29,30.969999,31.58,30.969999,31.450001,1936200,31.450001
2015-05-28,31.049999,31.15,30.90,31.02,1258400,31.02
2015-05-27,30.60,31.15,30.440001,31.01,1251500,31.01
2015-05-26,30.959999,30.959999,30.440001,30.610001,1464600,30.610001
2015-05-22,31.040001,31.18,30.709999,30.959999,1278300,30.959999
2015-05-21,31.139999,31.290001,30.879999,31.00,1512000,31.00
2015-05-20,31.08,31.299999,30.91,31.07,1399600,31.07
2015-05-19,30.60,31.07,30.42,30.90,1532600,30.90
2015-05-18,29.389999,30.799999,29.26,30.639999,1875500,30.639999
2015-05-15,29.16,29.48,29.02,29.459999,1375100,29.459999
2015-05-14,29.219999,29.450001,28.969999,29.16,1254500,29.16
2015-05-13,29.530001,29.65,28.940001,29.09,1718200,29.09
2015-05-12,28.40,29.84,28.24,29.379999,4243500,29.379999
2015-05-11,28.870001,29.280001,28.52,28.530001,1893900,28.530001
2015-05-08,29.360001,29.389999,28.860001,28.91,1710700,28.91
2015-05-07,29.360001,29.51,28.91,29.08,1828500,29.08
2015-05-06,30.299999,30.49,29.50,29.59,2365300,29.59
2015-05-05,30.90,31.33,30.33,30.34,3193700,30.34
2015-05-04,30.48,31.02,30.459999,30.90,1937400,30.90
2015-05-01,30.280001,30.629999,30.190001,30.50,1789600,30.50
2015-04-30,30.01,30.50,29.969999,30.23,3862800,30.23
2015-04-29,29.870001,30.370001,29.780001,30.17,2861700,30.17
2015-04-28,30.27,30.290001,29.719999,29.93,2672600,29.93
2015-04-27,31.200001,31.219999,30.299999,30.440001,1824200,30.440001
2015-04-24,31.84,31.84,30.99,31.02,1852500,31.02
2015-04-23,31.620001,32.189999,31.40,31.799999,2177900,31.799999
2015-04-22,31.889999,31.950001,31.50,31.690001,1720100,31.690001
2015-04-21,32.220001,32.34,31.76,31.77,1634100,31.77
2015-04-20,31.32,32.66,31.32,32.169998,2457000,32.169998
