Date,Open,High,Low,Close,Volume,Adj Close
2015-10-16,47.00,47.849998,46.599998,47.799999,3205800,47.799999
2015-10-15,47.279999,47.849998,46.130001,46.75,4256200,46.75
2015-10-14,49.290001,49.400002,46.77,47.080002,2300800,47.080002
2015-10-13,50.00,50.389999,49.02,49.279999,1628900,49.279999
2015-10-12,50.959999,51.00,50.169998,50.209999,804000,50.209999
2015-10-09,50.700001,50.889999,50.080002,50.849998,1204000,50.849998
2015-10-08,51.150002,51.380001,50.34,50.740002,1483100,50.740002
2015-10-07,51.439999,51.630001,50.849998,51.25,1458000,51.25
2015-10-06,52.25,52.689999,51.16,51.23,1191900,51.23
2015-10-05,51.27,52.369999,51.009998,52.279999,1226100,52.279999
2015-10-02,49.43,51.02,48.630001,51.02,1510800,51.02
2015-10-01,49.540001,49.950001,48.900002,49.880001,1785100,49.880001
2015-09-30,49.380001,49.830002,48.970001,49.610001,1373800,49.610001
2015-09-29,48.549999,49.060001,48.119999,49.00,1881100,49.00
2015-09-28,49.00,49.18,48.169998,48.439999,1286500,48.439999
2015-09-25,49.93,50.139999,49.099998,49.200001,790100,49.200001
2015-09-24,48.98,49.619999,48.759998,49.43,790700,49.43
2015-09-23,49.279999,49.59,48.810001,49.290001,946300,49.290001
2015-09-22,49.419998,49.650002,48.990002,49.310001,1024800,49.310001
2015-09-21,50.110001,50.790001,49.68,49.860001,1128100,49.860001
2015-09-18,50.50,51.25,49.82,49.98,2029200,49.98
2015-09-17,51.830002,52.220001,51.119999,51.349998,1093500,51.349998
2015-09-16,50.720001,51.990002,50.610001,51.919998,887900,51.919998
2015-09-15,50.470001,51.049999,50.049999,50.810001,898400,50.810001
2015-09-14,50.889999,51.240002,50.23,50.41,786900,50.41
2015-09-11,50.029999,50.939999,49.650002,50.799999,844100,50.799999
2015-09-10,50.330002,50.990002,49.98,50.23,1383900,50.23
2015-09-09,51.400002,51.84,50.34,50.419998,1245200,50.419998
2015-09-08,50.720001,51.48,50.459999,51.400002,1074000,51.262001
2015-09-04,49.740002,50.330002,49.580002,49.950001,693100,49.815893
2015-09-03,50.200001,50.779999,50.07,50.209999,1104400,50.075194
2015-09-02,49.740002,50.23,49.299999,50.18,917000,50.045275
2015-09-01,49.279999,50.200001,49.169998,49.299999,1795400,49.167637
2015-08-31,50.299999,50.599998,49.849998,50.130001,1084800,49.99541
2015-08-28,49.599998,50.57,49.029999,50.400002,1886800,50.264686
2015-08-27,48.529999,49.82,48.380001,49.599998,2262200,49.466831
2015-08-26,47.93,48.189999,46.919998,47.700001,2729500,47.571934
2015-08-25,48.25,48.610001,46.91,46.990002,1975200,46.863841
2015-08-24,45.34,48.720001,44.939999,47.09,3265400,46.963571
2015-08-21,50.880001,51.349998,49.400002,49.439999,2246600,49.307261
2015-08-20,52.790001,52.950001,51.490002,51.549999,2355800,51.411596
2015-08-19,52.700001,53.490002,52.02,53.41,2153000,53.266603
2015-08-18,52.93,53.830002,51.41,52.610001,4790300,52.468752
2015-08-17,50.400002,51.25,50.040001,50.700001,3759200,50.56388
2015-08-14,50.490002,51.060001,50.139999,50.400002,1703500,50.264686
2015-08-13,50.310001,51.02,49.610001,50.439999,2088700,50.304576
2015-08-12,50.509998,51.009998,49.650002,50.82,1344700,50.683557
2015-08-11,50.650002,51.900002,50.639999,50.93,1614600,50.793262
2015-08-10,50.349998,51.740002,50.349998,51.41,1611700,51.271973
2015-08-07,49.77,50.23,49.43,50.060001,1105700,49.925599
2015-08-06,51.900002,52.220001,49.919998,50.00,1669800,49.865758
2015-08-05,51.77,52.400002,51.650002,52.00,1073100,51.860389
2015-08-04,50.790001,52.240002,50.34,51.549999,1560300,51.411596
2015-08-03,51.009998,51.220001,50.360001,50.630001,706700,50.494068
2015-07-31,50.52,51.09,50.150002,50.98,787100,50.843127
2015-07-30,50.43,50.75,50.240002,50.400002,622900,50.264686
2015-07-29,49.669998,50.560001,49.650002,50.470001,983200,50.334498
2015-07-28,49.380001,49.82,48.790001,49.709999,1126800,49.576536
2015-07-27,49.490002,49.939999,49.00,49.240002,1310400,49.107801
2015-07-24,50.470001,50.540001,49.790001,49.869999,757100,49.736106
2015-07-23,51.330002,51.650002,50.369999,50.419998,1133200,50.284629
2015-07-22,50.459999,51.27,50.200001,51.23,803800,51.092456
2015-07-21,50.869999,51.200001,50.43,50.459999,1202600,50.324522
2015-07-20,51.43,52.02,50.77,50.84,1502400,50.703503
2015-07-17,52.32,52.32,51.419998,51.470001,1373500,51.331813
2015-07-16,51.950001,52.540001,51.68,52.400002,1180900,52.259316
2015-07-15,51.810001,52.150002,51.419998,51.790001,882000,51.650953
2015-07-14,51.889999,52.290001,51.68,51.799999,1003300,51.660925
2015-07-13,51.639999,52.200001,51.549999,51.82,879200,51.680872
2015-07-10,50.77,51.32,50.66,51.189999,806800,51.052562
2015-07-09,51.990002,51.990002,49.93,50.389999,2021500,50.254711
2015-07-08,52.220001,52.68,51.380001,51.599998,1388600,51.461461
2015-07-07,52.150002,52.419998,51.220001,52.09,1433500,51.950147
2015-07-06,50.849998,52.110001,50.630001,52.02,1257800,51.880336
2015-07-02,51.990002,51.990002,51.18,51.209999,881800,51.072509
2015-07-01,52.240002,52.349998,51.650002,51.82,972100,51.680872
2015-06-30,51.869999,52.169998,51.50,51.77,994500,51.631007
2015-06-29,52.43,52.799999,51.50,51.549999,610200,51.411596
2015-06-26,52.400002,53.330002,52.299999,52.93,1772700,52.787892
2015-06-25,52.25,52.57,52.16,52.279999,742500,52.139636
2015-06-24,52.509998,52.709999,51.43,52.150002,1210200,52.009988
2015-06-23,53.130001,53.279999,52.43,52.50,958100,52.359046
2015-06-22,53.150002,53.310001,52.330002,52.970001,972200,52.827786
2015-06-19,53.240002,53.75,52.830002,52.860001,1232300,52.71808
2015-06-18,53.049999,53.75,53.049999,53.209999,1182400,53.067139
2015-06-17,53.310001,53.630001,52.689999,52.970001,846500,52.827786
2015-06-16,53.970001,54.150002,53.299999,53.369999,751500,53.226709
2015-06-15,53.459999,54.07,53.25,53.959999,848100,53.815126
2015-06-12,53.580002,53.98,53.139999,53.950001,874600,53.805154
2015-06-11,52.98,53.889999,52.860001,53.630001,1088900,53.486014
2015-06-10,53.450001,53.709999,52.880001,52.900002,1783900,52.757974
2015-06-09,53.869999,54.290001,53.360001,53.509998,1145700,53.228705
2015-06-08,54.290001,54.48,53.82,54.049999,768700,53.765867
2015-06-05,54.130001,54.400002,53.509998,54.18,529200,53.895185
2015-06-04,53.73,54.18,53.630001,54.130001,929700,53.845449
2015-06-03,53.48,54.41,53.18,54.00,1166400,53.716131
2015-06-02,53.299999,53.939999,53.279999,53.380001,750200,53.099391
2015-06-01,54.080002,54.27,53.279999,53.41,1017000,53.129232
2015-05-29,54.040001,54.18,53.529999,53.720001,647800,53.437604
2015-05-28,53.830002,54.099998,53.580002,54.060001,586200,53.775817
2015-05-27,53.869999,54.240002,53.650002,53.740002,901400,53.4575
2015-05-26,54.09,54.27,53.389999,53.639999,948500,53.358023
2015-05-22,53.939999,54.369999,53.66,54.189999,867200,53.905131
2015-05-21,53.50,54.25,52.849998,54.02,1014100,53.736026
2015-05-20,53.599998,53.959999,52.950001,53.560001,1731500,53.278445
2015-05-19,53.779999,55.200001,52.060001,53.43,4991400,53.149128
2015-05-18,56.18,56.810001,55.939999,56.290001,1740700,55.994094
2015-05-15,55.73,56.32,55.630001,55.990002,948100,55.695672
2015-05-14,55.939999,56.029999,55.200001,55.66,812900,55.367405
2015-05-13,56.200001,56.939999,55.52,55.93,958300,55.635986
2015-05-12,55.540001,55.849998,54.66,55.610001,589300,55.317668
2015-05-11,55.540001,56.32,55.450001,55.990002,599700,55.695672
2015-05-08,55.91,56.540001,55.610001,55.619999,608800,55.327614
2015-05-07,54.919998,55.889999,54.919998,55.349998,1040100,55.059033
2015-05-06,54.93,55.099998,54.189999,54.34,952900,54.054344
2015-05-05,55.580002,55.77,54.59,54.810001,892300,54.521874
2015-05-04,55.369999,55.75,55.240002,55.41,670400,55.118719
2015-05-01,54.459999,55.560001,54.25,55.279999,719300,54.989401
2015-04-30,54.700001,55.299999,53.919998,54.259998,1020800,53.974763
2015-04-29,55.580002,55.73,54.41,54.880001,670300,54.591506
2015-04-28,56.110001,56.299999,55.369999,55.790001,686000,55.496722
2015-04-27,56.84,57.040001,56.259998,56.279999,950400,55.984144
2015-04-24,57.099998,57.380001,56.549999,56.59,545100,56.292516
2015-04-23,56.959999,57.43,56.400002,56.84,958300,56.541202
2015-04-22,56.540001,56.93,56.200001,56.790001,915100,56.491465
2015-04-21,56.799999,57.189999,56.279999,56.529999,1114400,56.23283
2015-04-20,55.669998,56.82,55.459999,56.490002,1239500,56.193043
