Date,Open,High,Low,Close,Volume,Adj Close
2015-10-09,60.16,60.389999,59.23,59.580002,177100,59.580002
2015-10-08,59.27,60.169998,58.799999,60.009998,309600,60.009998
2015-10-07,57.52,59.34,57.50,59.290001,398600,59.290001
2015-10-06,57.029999,57.639999,56.540001,57.310001,422600,57.310001
2015-10-05,56.330002,57.049999,55.73,56.98,306700,56.98
2015-10-02,54.560001,55.599998,54.099998,55.57,233500,55.57
2015-10-01,55.66,56.00,54.330002,55.220001,311000,55.220001
2015-09-30,54.810001,55.919998,54.360001,55.740002,583900,55.740002
2015-09-29,53.810001,54.560001,53.549999,54.130001,606100,54.130001
2015-09-28,54.720001,54.869999,53.759998,53.82,385600,53.82
2015-09-25,56.060001,56.060001,54.610001,54.900002,289400,54.900002
2015-09-24,55.41,55.950001,55.07,55.59,353700,55.59
2015-09-23,56.150002,56.73,55.779999,55.790001,180200,55.790001
2015-09-22,57.220001,57.43,55.970001,56.23,426700,56.23
2015-09-21,58.209999,58.59,57.59,57.75,202100,57.75
2015-09-18,58.470001,58.700001,57.32,57.50,365600,57.50
2015-09-17,59.060001,60.419998,58.59,59.400002,175100,59.400002
2015-09-16,58.93,59.400002,58.560001,59.299999,160000,59.299999
2015-09-15,58.650002,59.290001,57.939999,58.91,398400,58.91
2015-09-14,58.549999,58.77,58.16,58.369999,128700,58.369999
2015-09-11,58.139999,58.91,57.630001,58.560001,151100,58.560001
2015-09-10,58.169998,59.150002,57.93,58.389999,200900,58.389999
2015-09-09,59.57,59.619999,58.290001,58.439999,246700,58.439999
2015-09-08,60.189999,60.189999,58.889999,59.040001,352900,59.040001
2015-09-04,56.849998,59.310001,56.849998,59.119999,485000,59.119999
2015-09-03,57.360001,57.98,57.080002,57.650002,312100,57.650002
2015-09-02,56.869999,57.07,55.759998,56.98,340100,56.98
2015-09-01,57.25,57.630001,56.07,56.279999,400100,56.279999
2015-08-31,58.740002,59.720001,57.93,58.009998,465500,58.009998
2015-08-28,58.98,59.259998,58.240002,58.82,273600,58.82
2015-08-27,58.299999,59.169998,57.560001,58.810001,285700,58.810001
2015-08-26,56.84,58.25,55.52,57.849998,311800,57.849998
2015-08-25,57.75,58.650002,55.619999,55.639999,518300,55.639999
2015-08-24,55.889999,58.68,51.610001,56.900002,533500,56.900002
2015-08-21,59.490002,60.509998,58.59,59.130001,425300,59.130001
2015-08-20,61.450001,61.759998,60.439999,60.470001,224800,60.470001
2015-08-19,62.599998,62.919998,61.919998,62.400002,205400,62.10
2015-08-18,63.77,63.91,63.099998,63.16,167500,62.856345
2015-08-17,62.799999,64.089996,62.41,63.98,248300,63.672402
2015-08-14,62.639999,63.560001,62.299999,63.200001,212800,62.896153
2015-08-13,62.950001,63.509998,62.66,62.91,176600,62.607547
2015-08-12,63.02,63.380001,61.880001,63.060001,209200,62.756827
2015-08-11,63.450001,64.099998,63.310001,63.50,375500,63.19471
2015-08-10,63.330002,64.290001,63.189999,64.129997,204600,63.821679
2015-08-07,63.220001,63.509998,62.66,63.119999,182800,62.816536
2015-08-06,64.400002,64.400002,63.110001,63.709999,456700,63.4037
2015-08-05,64.839996,64.970001,64.129997,64.360001,283800,64.050576
2015-08-04,64.040001,64.720001,64.040001,64.620003,241700,64.309328
2015-08-03,64.330002,64.43,63.419998,64.120003,181400,63.811732
2015-07-31,64.260002,65.00,63.68,64.43,259900,64.12024
2015-07-30,64.160004,64.300003,63.380001,64.239998,314600,63.931151
2015-07-29,62.740002,64.309998,62.459999,64.220001,312900,63.91125
2015-07-28,62.610001,63.00,62.060001,62.939999,370600,62.637401
2015-07-27,61.779999,62.59,61.560001,62.34,409300,62.040287
2015-07-24,63.610001,63.790001,61.959999,62.029999,396200,61.731776
2015-07-23,63.509998,66.470001,62.459999,63.950001,548400,63.642548
2015-07-22,60.880001,61.529999,60.759998,61.48,244000,61.184421
2015-07-21,61.330002,62.209999,60.880001,61.02,233400,60.726634
2015-07-20,61.16,61.490002,60.830002,61.290001,262000,60.995336
2015-07-17,61.09,61.310001,60.639999,61.110001,214600,60.816201
2015-07-16,61.389999,61.77,60.849998,60.91,211700,60.617162
2015-07-15,61.630001,61.650002,61.009998,61.09,207400,60.796297
2015-07-14,61.580002,61.919998,60.950001,61.689999,236700,61.393411
2015-07-13,61.380001,62.060001,61.279999,61.509998,308600,61.214276
2015-07-10,60.209999,61.02,59.82,60.84,426400,60.547499
2015-07-09,61.509998,61.98,58.73,59.639999,672400,59.353268
2015-07-08,60.490002,61.139999,60.459999,60.709999,412500,60.418123
2015-07-07,61.93,61.93,60.139999,61.310001,364200,61.015241
2015-07-06,61.950001,62.200001,61.599998,61.66,304800,61.363556
2015-07-02,62.830002,62.830002,62.09,62.299999,219100,62.000479
2015-07-01,62.48,63.150002,62.220001,62.549999,338400,62.249277
2015-06-30,61.32,62.529999,60.689999,62.00,799200,61.701922
2015-06-29,62.349998,62.59,60.720001,60.77,421400,60.477836
2015-06-26,63.25,63.470001,62.75,62.860001,622900,62.557788
2015-06-25,64.199997,64.730003,63.02,63.139999,360400,62.836441
2015-06-24,64.599998,64.730003,63.939999,64.00,386800,63.692307
2015-06-23,64.559998,64.940002,64.360001,64.639999,409700,64.329229
2015-06-22,64.699997,64.82,64.360001,64.480003,324200,64.170002
2015-06-19,65.190002,65.199997,64.370003,64.370003,528900,64.06053
2015-06-18,64.269997,65.389999,64.269997,65.080002,251400,64.767116
2015-06-17,64.760002,64.910004,63.889999,64.07,227600,63.76197
2015-06-16,63.799999,64.839996,63.799999,64.639999,292700,64.329229
2015-06-15,64.379997,64.550003,63.27,64.120003,251400,63.811732
2015-06-12,64.93,65.519997,64.610001,65.019997,243700,64.707399
2015-06-11,65.370003,65.489998,64.989998,65.360001,357300,65.045769
2015-06-10,64.139999,65.550003,64.129997,65.309998,295600,64.996006
2015-06-09,63.82,64.129997,63.299999,63.77,259400,63.463413
2015-06-08,64.129997,64.57,63.779999,63.970001,302900,63.662452
2015-06-05,63.970001,64.410004,63.16,64.190002,228100,63.881395
2015-06-04,64.080002,64.519997,63.75,63.970001,220200,63.662452
2015-06-03,64.349998,65.050003,63.950001,64.519997,197200,64.209803
2015-06-02,63.75,64.309998,63.509998,63.939999,173200,63.632594
2015-06-01,64.120003,64.449997,63.259998,64.139999,227800,63.831633
2015-05-29,64.349998,64.790001,63.50,63.830002,289200,63.523126
2015-05-28,64.830002,64.860001,64.230003,64.610001,152200,64.299374
2015-05-27,64.419998,65.220001,63.669998,65.050003,315700,64.737261
2015-05-26,66.00,66.00,64.190002,64.419998,264600,64.110285
2015-05-22,66.50,66.790001,66.080002,66.089996,161300,65.772255
2015-05-21,66.949997,67.389999,66.349998,66.639999,269600,66.319614
2015-05-20,66.599998,66.980003,66.25,66.879997,321500,66.558458
2015-05-19,64.830002,67.470001,64.830002,66.419998,608200,66.10067
2015-05-18,64.25,64.919998,63.959999,64.790001,199500,64.478509
2015-05-15,64.620003,64.620003,63.970001,64.410004,218400,64.100339
2015-05-14,64.169998,64.809998,64.099998,64.68,188400,64.369038
2015-05-13,64.00,64.389999,63.360001,64.059998,184400,63.453457
2015-05-12,64.629997,65.190002,63.639999,63.810001,371300,63.205828
2015-05-11,64.900002,65.910004,64.830002,65.07,196700,64.453896
2015-05-08,65.300003,65.589996,65.050003,65.139999,260600,64.523233
2015-05-07,64.370003,64.959999,64.019997,64.57,281500,63.95863
2015-05-06,64.519997,64.980003,63.84,64.510002,304500,63.899201
2015-05-05,65.360001,65.639999,63.779999,64.18,351500,63.572324
2015-05-04,65.440002,65.940002,65.260002,65.68,293400,65.058121
2015-05-01,65.220001,65.989998,64.720001,65.489998,214900,64.869918
2015-04-30,66.580002,67.139999,64.540001,64.75,388400,64.136926
2015-04-29,67.269997,67.339996,66.459999,66.75,324400,66.11799
2015-04-28,66.559998,67.559998,66.459999,67.349998,363700,66.712307
2015-04-27,67.50,67.739998,66.339996,66.629997,370900,65.999123
2015-04-24,67.779999,67.889999,66.790001,67.370003,301900,66.732122
2015-04-23,69.580002,69.580002,66.900002,67.540001,556600,66.900511
2015-04-22,68.980003,69.690002,68.370003,69.57,384600,68.911289
2015-04-21,68.470001,69.349998,68.470001,69.099998,259500,68.445738
2015-04-20,67.50,68.120003,67.269997,68.050003,259600,67.405684
2015-04-17,67.230003,67.639999,66.639999,66.949997,290600,66.316093
2015-04-16,68.300003,68.470001,67.910004,68.110001,164500,67.465114
2015-04-15,68.949997,69.379997,68.199997,68.349998,218900,67.702839
2015-04-14,68.519997,69.190002,68.239998,68.769997,184600,68.118861
2015-04-13,68.720001,68.830002,68.330002,68.510002,216600,67.861328
