Date,Open,High,Low,Close,Volume,Adj Close
2015-10-09,17.92,18.059999,17.59,17.860001,1082600,17.860001
2015-10-08,17.65,18.09,17.32,17.82,1985700,17.82
2015-10-07,17.76,18.25,17.110001,17.65,1686400,17.65
2015-10-06,16.75,17.790001,16.719999,17.549999,2236600,17.549999
2015-10-05,16.190001,16.959999,16.00,16.709999,1426800,16.709999
2015-10-02,14.85,16.08,14.85,16.049999,999200,16.049999
2015-10-01,14.99,15.57,14.86,15.01,1468200,15.01
2015-09-30,15.22,15.37,14.50,14.80,1330600,14.80
2015-09-29,15.46,15.61,15.05,15.17,826300,15.17
2015-09-28,15.44,15.65,15.12,15.44,948900,15.44
2015-09-25,16.08,16.084999,15.32,15.74,1004200,15.74
2015-09-24,16.09,16.360001,15.90,16.08,1000000,16.08
2015-09-23,16.040001,16.459999,15.95,16.200001,1298600,16.200001
2015-09-22,15.94,16.290001,15.76,16.09,1268200,16.09
2015-09-21,16.969999,17.044001,16.07,16.110001,2470900,16.110001
2015-09-18,16.940001,17.030001,16.540001,16.719999,2756200,16.719999
2015-09-17,16.73,17.469999,16.50,17.24,2408000,17.24
2015-09-16,15.98,16.85,15.88,16.75,1222500,16.75
2015-09-15,16.280001,16.444,15.50,15.95,1640200,15.95
2015-09-14,16.25,16.41,16.059999,16.26,2256300,16.26
2015-09-11,15.97,16.280001,15.72,16.190001,3082900,16.190001
2015-09-10,16.33,16.559999,15.70,16.190001,1770900,16.190001
2015-09-09,17.450001,17.709999,16.08,16.42,3070400,16.42
2015-09-08,17.540001,17.65,17.280001,17.469999,1778100,17.469999
2015-09-04,17.120001,17.530001,17.10,17.41,1401600,17.41
2015-09-03,17.01,17.440001,16.84,17.370001,1362200,17.370001
2015-09-02,17.10,17.139999,16.450001,17.01,2574700,17.01
2015-09-01,16.620001,17.26,16.51,16.870001,2333800,16.870001
2015-08-31,16.25,17.25,15.96,17.059999,1040000,17.059999
2015-08-28,16.09,16.783001,16.09,16.34,959400,16.34
2015-08-27,15.66,16.17,15.48,16.15,872500,16.15
2015-08-26,15.42,15.44,15.02,15.35,1486800,15.35
2015-08-25,15.39,15.48,14.89,15.08,1621200,15.08
2015-08-24,14.75,15.69,14.00,14.99,2169300,14.99
2015-08-21,15.89,16.17,15.48,15.50,2389100,15.50
2015-08-20,16.540001,16.700001,15.86,16.01,2535300,16.01
2015-08-19,17.09,17.219999,16.49,16.51,829400,16.51
2015-08-18,17.33,17.52,17.01,17.200001,610800,17.200001
2015-08-17,17.190001,17.530001,17.110001,17.41,621300,17.41
2015-08-14,17.49,17.790001,17.110001,17.190001,1288200,17.190001
2015-08-13,18.549999,18.77,17.35,17.52,1207400,17.52
2015-08-12,18.99,19.299999,18.059999,18.440001,1808500,18.440001
2015-08-11,18.440001,19.129999,18.35,19.07,2470600,19.07
2015-08-10,18.219999,18.889999,18.120001,18.719999,1233000,18.719999
2015-08-07,18.17,18.68,18.049999,18.17,1786600,18.17
2015-08-06,16.83,18.35,16.83,18.200001,2788500,18.200001
2015-08-05,16.559999,17.32,16.32,17.040001,1852600,17.040001
2015-08-04,17.07,17.559999,16.455,16.620001,1833100,16.620001
2015-08-03,17.27,17.67,16.969999,17.07,1503300,17.07
2015-07-31,18.299999,18.299999,17.360001,17.40,937800,17.40
2015-07-30,18.950001,18.959999,18.17,18.219999,828300,18.219999
2015-07-29,18.059999,19.08,18.01,18.98,1003700,18.98
2015-07-28,17.92,18.24,17.440001,18.08,1029200,18.08
2015-07-27,18.16,18.379999,17.74,17.809999,1072600,17.809999
2015-07-24,19.57,19.57,18.25,18.389999,803200,18.389999
2015-07-23,18.709999,19.67,18.469999,19.620001,1061600,19.620001
2015-07-22,18.85,19.01,18.51,18.67,845900,18.67
2015-07-21,18.870001,19.139999,18.76,18.90,648400,18.90
2015-07-20,18.60,18.860001,18.57,18.83,687100,18.83
2015-07-17,18.700001,18.766001,18.469999,18.60,1343300,18.60
2015-07-16,18.85,18.955,18.639999,18.73,574200,18.73
2015-07-15,19.58,19.67,18.780001,18.83,664900,18.83
2015-07-14,19.60,19.83,19.50,19.73,516400,19.73
2015-07-13,19.77,19.790001,19.360001,19.66,573000,19.66
2015-07-10,19.360001,19.77,19.209999,19.74,1566800,19.74
2015-07-09,18.68,19.629999,18.43,19.35,1470000,19.35
2015-07-08,19.00,19.040001,18.02,18.469999,1949000,18.469999
2015-07-07,19.15,19.295,18.58,19.10,1680000,19.10
2015-07-06,19.309999,19.58,19.02,19.190001,2138500,19.190001
2015-07-02,19.50,19.65,19.27,19.60,1045800,19.60
2015-07-01,19.84,20.014999,19.459999,19.66,1424500,19.66
2015-06-30,20.25,20.299999,19.60,19.91,938500,19.91
2015-06-29,20.209999,20.33,20.01,20.120001,1245400,20.120001
2015-06-26,20.90,20.982,20.32,20.33,687600,20.33
2015-06-25,21.459999,21.57,20.58,20.90,729100,20.90
2015-06-24,21.860001,22.030001,21.41,21.440001,470000,21.440001
2015-06-23,21.91,22.174999,21.85,21.969999,307300,21.969999
2015-06-22,21.75,22.134001,21.559999,21.92,673100,21.92
2015-06-19,21.469999,21.809999,21.34,21.73,772800,21.73
2015-06-18,21.360001,21.77,20.83,21.52,568500,21.52
2015-06-17,21.43,21.610001,21.07,21.299999,568000,21.299999
2015-06-16,21.50,21.799999,21.18,21.41,569800,21.41
2015-06-15,21.74,21.74,20.93,21.48,2557400,21.48
2015-06-12,21.950001,22.15,21.719999,21.799999,469800,21.799999
2015-06-11,22.559999,22.642,21.950001,22.01,698800,22.01
2015-06-10,22.709999,22.860001,22.50,22.66,619900,22.66
2015-06-09,22.780001,22.969999,22.459999,22.51,413700,22.51
2015-06-08,22.940001,22.969999,22.26,22.67,415900,22.67
2015-06-05,23.040001,23.690001,22.99,23.030001,493400,23.030001
2015-06-04,23.309999,23.379999,23.00,23.09,406100,23.09
2015-06-03,22.780001,23.51,22.75,23.389999,1072500,23.389999
2015-06-02,23.00,23.09,22.77,22.790001,792600,22.790001
2015-06-01,23.59,23.709999,22.709999,22.85,909900,22.85
2015-05-29,22.809999,23.450001,22.610001,23.120001,1174100,23.120001
2015-05-28,23.02,23.18,22.610001,22.90,571000,22.90
2015-05-27,22.799999,23.360001,22.639999,23.10,511700,23.10
2015-05-26,23.48,23.530001,22.719999,22.92,689900,22.92
2015-05-22,23.700001,24.030001,23.42,23.629999,342500,23.629999
2015-05-21,23.98,24.125,23.629999,24.030001,694800,24.030001
2015-05-20,24.01,24.219999,23.690001,23.85,766500,23.85
2015-05-19,24.879999,24.879999,23.120001,24.040001,1104800,24.040001
2015-05-18,24.709999,25.40,24.299999,25.27,814100,25.27
2015-05-15,24.93,25.17,24.469999,24.90,500600,24.90
2015-05-14,25.370001,25.50,24.85,24.98,884400,24.98
2015-05-13,25.75,25.860001,25.139999,25.33,573400,25.33
2015-05-12,25.10,25.700001,25.02,25.59,1389200,25.59
2015-05-11,24.889999,25.030001,24.23,25.00,602300,25.00
2015-05-08,23.719999,24.98,23.219999,24.93,954600,24.93
2015-05-07,23.98,25.00,22.84,23.620001,1049800,23.620001
2015-05-06,25.030001,25.065001,24.24,24.42,712100,24.42
2015-05-05,24.40,25.040001,24.09,24.950001,834600,24.950001
2015-05-04,24.690001,24.940001,24.299999,24.309999,543100,24.309999
2015-05-01,23.860001,24.940001,23.860001,24.639999,1307400,24.639999
2015-04-30,23.66,23.959999,23.219999,23.90,1319400,23.90
2015-04-29,22.41,24.15,22.299999,23.799999,1166400,23.799999
2015-04-28,22.18,22.50,21.790001,22.469999,373500,22.469999
2015-04-27,22.610001,22.66,21.879999,22.280001,682600,22.280001
2015-04-24,22.74,22.940001,22.40,22.49,358400,22.49
2015-04-23,22.27,22.93,21.860001,22.83,542300,22.83
2015-04-22,22.85,22.969999,22.16,22.290001,652800,22.290001
2015-04-21,23.709999,23.940001,22.77,22.82,749000,22.82
2015-04-20,23.389999,23.75,23.280001,23.690001,1086100,23.690001
2015-04-17,22.860001,23.35,22.52,23.309999,1092400,23.309999
2015-04-16,22.33,23.165001,22.040001,22.98,1715500,22.98
2015-04-15,21.84,22.51,21.77,22.299999,1858600,22.299999
2015-04-14,21.43,21.790001,21.07,21.74,1392900,21.74
2015-04-13,21.68,21.73,21.360001,21.40,808300,21.40
