Date,Open,High,Low,Close,Volume,Adj Close
2015-10-09,83.419998,84.18,83.370003,83.699997,1144500,83.699997
2015-10-08,82.940002,83.790001,82.489998,83.599998,1054300,83.599998
2015-10-07,82.040001,83.110001,81.839996,83.110001,1526800,83.110001
2015-10-06,82.769997,83.279999,81.900002,81.959999,1209900,81.959999
2015-10-05,80.440002,82.690002,80.440002,82.57,1654500,82.57
2015-10-02,78.489998,79.669998,78.010002,79.57,996500,79.57
2015-10-01,78.949997,79.32,78.389999,79.220001,1144000,79.220001
2015-09-30,79.07,79.18,78.519997,79.050003,1347000,79.050003
2015-09-29,77.120003,78.43,77.00,78.239998,1710200,78.239998
2015-09-28,77.980003,78.25,76.800003,77.190002,1266200,77.190002
2015-09-25,78.480003,79.269997,78.059998,78.209999,868900,78.209999
2015-09-24,77.300003,77.970001,77.080002,77.82,770800,77.82
2015-09-23,77.18,77.730003,76.779999,77.629997,656600,77.629997
2015-09-22,77.269997,77.50,76.559998,77.260002,1058900,77.260002
2015-09-21,77.50,78.220001,77.50,78.059998,880600,78.059998
2015-09-18,77.209999,78.129997,77.00,77.230003,1442600,77.230003
2015-09-17,77.279999,78.720001,77.110001,77.809998,778200,77.809998
2015-09-16,76.809998,77.449997,76.809998,77.260002,971100,77.260002
2015-09-15,76.400002,77.040001,76.040001,76.800003,1048900,76.800003
2015-09-14,76.43,76.519997,75.919998,76.199997,897900,76.199997
2015-09-11,75.650002,76.470001,75.580002,76.449997,997800,76.449997
2015-09-10,75.760002,76.370003,75.349998,75.949997,981200,75.949997
2015-09-09,78.059998,78.239998,75.809998,76.019997,1293700,75.539999
2015-09-08,76.650002,77.769997,76.529999,77.669998,1320100,77.179582
2015-09-04,76.190002,76.300003,75.300003,75.769997,1107200,75.291577
2015-09-03,76.739998,77.50,76.709999,76.949997,1116700,76.464127
2015-09-02,76.089996,76.620003,75.660004,76.610001,1113700,76.126277
2015-09-01,75.519997,76.290001,75.089996,75.410004,1820200,74.933857
2015-08-31,76.879997,77.050003,76.440002,76.730003,1166100,76.245523
2015-08-28,76.730003,77.169998,76.330002,77.110001,1007800,76.62312
2015-08-27,77.209999,77.650002,75.690002,77.059998,2228000,76.573433
2015-08-26,76.32,76.68,73.809998,76.620003,3405900,76.136216
2015-08-25,78.260002,78.480003,74.93,75.019997,1593700,74.546313
2015-08-24,75.989998,77.82,72.00,76.75,1984600,76.265393
2015-08-21,80.980003,80.980003,78.959999,79.00,1309200,78.501186
2015-08-20,81.900002,82.18,81.349998,81.419998,725900,80.905904
2015-08-19,82.379997,83.209999,81.830002,82.589996,1029200,82.068515
2015-08-18,82.800003,83.129997,82.57,82.779999,713400,82.257318
2015-08-17,81.860001,83.00,81.860001,83.00,610800,82.47593
2015-08-14,82.07,82.400002,81.730003,82.25,653000,81.730665
2015-08-13,81.510002,82.50,81.50,82.120003,609600,81.601489
2015-08-12,81.209999,81.800003,80.529999,81.610001,992000,81.094707
2015-08-11,81.309998,81.910004,81.190002,81.660004,788400,81.144394
2015-08-10,82.379997,82.669998,81.529999,81.769997,974300,81.253693
2015-08-07,82.269997,82.779999,81.779999,81.870003,1191300,81.353067
2015-08-06,83.370003,83.57,82.099998,82.290001,1632300,81.770414
2015-08-05,82.120003,83.360001,81.870003,83.239998,1989900,82.714412
2015-08-04,80.50,81.739998,80.50,81.529999,1296500,81.01521
2015-08-03,80.339996,81.059998,80.220001,80.610001,788200,80.101021
2015-07-31,80.220001,80.410004,79.93,80.220001,1504500,79.713484
2015-07-30,79.080002,80.099998,79.00,79.82,1000600,79.316008
2015-07-29,79.089996,79.660004,78.699997,79.50,1309400,78.998029
2015-07-28,77.910004,79.080002,77.809998,78.980003,1087700,78.481316
2015-07-27,77.57,78.010002,77.029999,77.639999,1381900,77.149773
2015-07-24,77.459999,78.349998,77.300003,77.919998,895800,77.428004
2015-07-23,78.93,79.370003,76.43,77.260002,1261300,76.772175
2015-07-22,78.480003,79.470001,78.470001,78.720001,1024200,78.222955
2015-07-21,79.290001,79.669998,78.540001,78.779999,659500,78.282574
2015-07-20,78.959999,79.269997,78.610001,79.150002,625500,78.650241
2015-07-17,78.589996,78.75,78.209999,78.669998,464700,78.173268
2015-07-16,78.830002,78.989998,78.57,78.760002,726100,78.262704
2015-07-15,78.349998,78.93,78.110001,78.32,729300,77.825479
2015-07-14,78.470001,78.940002,78.080002,78.57,972100,78.073901
2015-07-13,77.720001,78.360001,77.440002,78.309998,751700,77.81554
2015-07-10,76.879997,77.699997,76.690002,77.18,895900,76.692678
2015-07-09,77.07,77.779999,76.220001,76.339996,1005700,75.857978
2015-07-08,77.059998,77.160004,76.129997,76.129997,1096100,75.649305
2015-07-07,75.239998,77.529999,75.169998,77.339996,1781100,76.851664
2015-07-06,73.779999,75.449997,73.57,75.150002,1443800,74.675497
2015-07-02,74.529999,74.849998,73.760002,74.18,925600,73.71162
2015-07-01,73.309998,74.57,73.160004,74.57,1631600,74.099157
2015-06-30,73.839996,73.940002,72.709999,72.900002,1216100,72.439704
2015-06-29,74.279999,74.419998,73.290001,73.330002,687400,72.866989
2015-06-26,74.739998,75.160004,74.559998,74.870003,782400,74.397266
2015-06-25,74.519997,75.029999,74.459999,74.690002,1243400,74.218402
2015-06-24,74.330002,75.360001,74.330002,74.419998,982100,73.950103
2015-06-23,74.580002,74.82,74.239998,74.25,566800,73.781178
2015-06-22,74.889999,75.330002,74.650002,74.68,465700,74.208463
2015-06-19,74.769997,74.989998,74.470001,74.599998,1283800,74.128967
2015-06-18,74.25,75.059998,74.150002,74.769997,717100,74.297891
2015-06-17,73.489998,74.25,73.260002,74.089996,840900,73.622185
2015-06-16,72.830002,73.599998,72.760002,73.540001,719300,73.075662
2015-06-15,73.339996,73.639999,72.580002,72.75,1264900,72.290649
2015-06-12,73.919998,74.139999,73.50,73.540001,673900,73.075662
2015-06-11,73.690002,74.360001,73.690002,74.169998,1064600,73.701681
2015-06-10,73.620003,74.309998,73.400002,74.040001,1089200,73.095534
2015-06-09,73.459999,73.650002,72.779999,73.269997,1291200,72.335352
2015-06-08,73.809998,73.989998,73.43,73.459999,697700,72.522931
2015-06-05,75.139999,75.25,73.300003,73.860001,1578100,72.91783
2015-06-04,75.809998,76.089996,75.150002,75.260002,1082900,74.299973
2015-06-03,76.419998,76.480003,75.690002,76.139999,1148800,75.168745
2015-06-02,76.459999,76.50,75.68,76.00,621800,75.030531
2015-06-01,76.730003,77.07,76.169998,76.459999,690300,75.484662
2015-05-29,76.860001,77.089996,76.25,76.639999,883900,75.662367
2015-05-28,77.139999,77.510002,76.639999,76.989998,900900,76.0079
2015-05-27,76.660004,77.459999,76.480003,77.370003,824800,76.383058
2015-05-26,76.980003,77.199997,76.339996,76.440002,1069800,75.464921
2015-05-22,77.610001,77.790001,76.949997,77.059998,977900,76.077007
2015-05-21,77.459999,77.839996,77.07,77.690002,844200,76.698976
2015-05-20,77.589996,77.910004,77.400002,77.400002,1075400,76.412674
2015-05-19,77.339996,77.940002,77.129997,77.480003,1576900,76.491655
2015-05-18,77.32,77.75,77.309998,77.349998,856700,76.363309
2015-05-15,77.629997,78.470001,77.169998,77.410004,1670700,76.422549
2015-05-14,77.349998,77.910004,77.18,77.660004,993900,76.66936
2015-05-13,75.93,77.080002,75.93,77.010002,1976300,76.02765
2015-05-12,75.959999,75.980003,75.300003,75.760002,802000,74.793595
2015-05-11,76.25,77.330002,76.239998,76.370003,830200,75.395814
2015-05-08,76.370003,76.900002,76.160004,76.510002,818400,75.534028
2015-05-07,75.800003,76.260002,75.599998,75.75,1194500,74.78372
2015-05-06,75.849998,76.239998,75.300003,75.519997,1063300,74.556651
2015-05-05,75.860001,76.339996,75.239998,75.550003,790600,74.586274
2015-05-04,75.809998,76.290001,75.690002,76.169998,781400,75.198361
2015-05-01,74.830002,75.989998,74.720001,75.970001,1470300,75.000915
2015-04-30,75.18,75.559998,74.230003,74.580002,1467700,73.628647
2015-04-29,76.220001,76.269997,74.769997,75.300003,1896700,74.339463
2015-04-28,77.139999,77.610001,76.080002,76.25,1771900,75.277342
2015-04-27,79.169998,79.169998,77.059998,77.239998,1204200,76.254711
2015-04-24,79.190002,79.739998,78.669998,78.860001,1273800,77.854049
2015-04-23,79.599998,79.980003,78.269997,78.949997,1884400,77.942897
2015-04-22,79.519997,79.589996,78.07,78.809998,1436900,77.804684
2015-04-21,78.150002,79.440002,78.120003,79.190002,1862800,78.179841
2015-04-20,77.199997,78.43,77.160004,77.790001,919000,76.797699
2015-04-17,77.900002,78.07,76.669998,76.980003,1025900,75.998033
2015-04-16,78.150002,78.589996,77.900002,78.360001,976900,77.360427
2015-04-15,78.449997,79.040001,77.790001,78.019997,1321500,77.02476
2015-04-14,77.989998,78.400002,77.599998,78.150002,1159400,77.153107
2015-04-13,78.720001,78.889999,78.080002,78.099998,861500,77.103742
