Date,Open,High,Low,Close,Volume,Adj Close
2015-10-09,102.830002,106.330002,102.760002,105.379997,1244800,105.379997
2015-10-08,102.580002,107.75,100.559998,102.639999,3788000,102.639999
2015-10-07,107.370003,108.290001,105.739998,108.029999,958000,108.029999
2015-10-06,108.739998,109.209999,106.860001,107.260002,655100,107.260002
2015-10-05,107.07,108.43,105.910004,108.349998,767300,108.349998
2015-10-02,105.419998,106.959999,103.75,106.879997,1005100,106.879997
2015-10-01,107.989998,108.919998,103.50,105.330002,724000,105.330002
2015-09-30,107.470001,108.709999,106.980003,107.910004,506700,107.910004
2015-09-29,107.809998,107.809998,104.300003,105.870003,1031100,105.870003
2015-09-28,112.00,112.839996,107.480003,108.540001,839300,108.540001
2015-09-25,110.800003,114.699997,110.650002,112.949997,662500,112.949997
2015-09-24,110.18,110.720001,108.910004,110.290001,383900,110.290001
2015-09-23,111.169998,111.32,110.199997,110.970001,177300,110.970001
2015-09-22,109.889999,111.169998,109.389999,110.870003,299900,110.870003
2015-09-21,112.169998,112.650002,110.220001,111.029999,358600,111.029999
2015-09-18,111.68,113.089996,111.400002,111.68,594900,111.68
2015-09-17,111.629997,113.639999,110.870003,112.599998,386900,112.599998
2015-09-16,111.540001,111.989998,110.089996,111.620003,339100,111.620003
2015-09-15,110.150002,111.919998,109.129997,111.82,638100,111.82
2015-09-14,110.220001,110.959999,109.370003,110.290001,262800,110.290001
2015-09-11,107.620003,110.239998,107.309998,110.220001,304600,110.220001
2015-09-10,107.779999,108.639999,107.529999,107.93,384500,107.620001
2015-09-09,111.730003,111.980003,107.959999,108.18,561900,107.869283
2015-09-08,107.489998,109.18,106.68,109.00,455200,108.686927
2015-09-04,104.220001,105.529999,104.080002,105.50,496200,105.19698
2015-09-03,105.360001,105.940002,104.349998,105.150002,303500,104.847987
2015-09-02,104.599998,105.57,104.230003,105.18,454200,104.877899
2015-09-01,103.760002,105.349998,103.330002,103.849998,812700,103.551718
2015-08-31,107.75,108.269997,105.739998,105.940002,330500,105.635719
2015-08-28,108.800003,108.800003,107.00,108.410004,255100,108.098625
2015-08-27,107.269997,108.519997,106.269997,107.800003,327800,107.490377
2015-08-26,106.660004,106.660004,103.260002,106.300003,572400,105.994685
2015-08-25,103.529999,106.300003,103.080002,105.019997,1039200,104.718355
2015-08-24,99.25,105.260002,99.00,101.779999,735500,101.487663
2015-08-21,106.18,107.080002,104.449997,104.480003,891200,104.179913
2015-08-20,109.879997,110.300003,107.32,107.660004,569900,107.35078
2015-08-19,112.400002,112.400002,110.410004,110.529999,751100,110.212531
2015-08-18,115.00,115.059998,112.860001,112.900002,319900,112.575727
2015-08-17,113.75,114.989998,112.879997,114.989998,295900,114.65972
2015-08-14,114.199997,114.50,113.169998,114.169998,239400,113.842076
2015-08-13,111.970001,114.459999,111.940002,114.199997,333100,113.871988
2015-08-12,112.00,112.410004,109.580002,111.879997,410700,111.558652
2015-08-11,112.690002,113.559998,111.599998,113.489998,555800,113.164029
2015-08-10,113.730003,114.400002,112.510002,113.139999,295000,112.815035
2015-08-07,111.940002,113.580002,110.800003,113.43,415900,113.104203
2015-08-06,114.419998,114.779999,111.660004,111.839996,481800,111.518766
2015-08-05,115.540001,116.269997,114.25,114.400002,399800,114.071419
2015-08-04,114.419998,115.610001,113.949997,115.230003,354200,114.899036
2015-08-03,113.839996,114.690002,113.389999,114.269997,337100,113.941787
2015-07-31,114.190002,114.910004,113.400002,113.839996,365700,113.513022
2015-07-30,113.510002,114.080002,112.089996,113.839996,295100,113.513022
2015-07-29,111.599998,113.800003,111.599998,113.510002,436500,113.183975
2015-07-28,111.470001,111.989998,110.75,111.769997,371400,111.448968
2015-07-27,110.720001,112.410004,110.559998,111.309998,452600,110.99029
2015-07-24,112.330002,112.760002,110.889999,110.959999,530800,110.641297
2015-07-23,112.709999,113.230003,111.529999,111.650002,467300,111.329317
2015-07-22,111.220001,112.860001,111.220001,112.309998,608300,111.987418
2015-07-21,110.949997,111.57,110.099998,111.370003,535800,111.050123
2015-07-20,109.970001,111.830002,109.970001,111.040001,762300,110.721069
2015-07-17,115.199997,115.32,109.57,110.040001,2245500,109.723941
2015-07-16,116.959999,119.00,114.529999,115.57,1306800,115.238056
2015-07-15,118.800003,119.309998,117.900002,118.540001,548300,118.199527
2015-07-14,119.220001,119.699997,118.220001,118.790001,536200,118.448809
2015-07-13,117.309998,119.730003,116.690002,119.43,703500,119.08697
2015-07-10,115.019997,116.25,114.010002,115.919998,345600,115.587049
2015-07-09,114.449997,115.00,113.57,113.690002,599500,113.363459
2015-07-08,112.410004,114.489998,112.400002,113.239998,424800,112.914747
2015-07-07,113.370003,113.949997,112.099998,113.419998,445100,113.09423
2015-07-06,113.010002,113.339996,112.480003,113.129997,412000,112.805062
2015-07-02,114.68,115.019997,113.209999,113.879997,295800,113.552908
2015-07-01,114.769997,115.43,114.410004,114.550003,381800,114.220989
2015-06-30,114.110001,114.970001,113.080002,113.400002,558200,113.074291
2015-06-29,112.150002,114.410004,111.849998,114.00,733600,113.672566
2015-06-26,112.459999,115.239998,112.040001,114.900002,878000,114.569982
2015-06-25,112.279999,112.870003,111.169998,111.720001,589200,111.399116
2015-06-24,113.309998,113.82,111.559998,111.639999,379300,111.319344
2015-06-23,113.980003,113.980003,112.830002,113.620003,211100,113.29366
2015-06-22,112.790001,113.879997,112.150002,113.860001,346300,113.532969
2015-06-19,112.709999,112.769997,111.830002,111.910004,356800,111.588573
2015-06-18,111.349998,113.199997,111.290001,112.57,269200,112.246673
2015-06-17,110.970001,111.50,109.900002,110.919998,211400,110.601411
2015-06-16,110.540001,111.410004,110.349998,110.760002,203100,110.441874
2015-06-15,111.160004,111.349998,110.32,110.809998,220200,110.491726
2015-06-12,111.669998,113.089996,111.389999,112.290001,226300,111.967478
2015-06-11,112.440002,112.900002,111.410004,111.93,255300,111.608512
2015-06-10,110.519997,112.580002,109.989998,112.389999,310800,111.758079
2015-06-09,109.959999,110.550003,108.790001,110.43,355700,109.8091
2015-06-08,109.699997,110.599998,109.010002,109.870003,443800,109.252251
2015-06-05,108.839996,110.18,108.199997,110.00,526300,109.381518
2015-06-04,108.75,109.349998,108.209999,109.029999,580900,108.41697
2015-06-03,109.489998,109.830002,108.75,108.989998,484800,108.377194
2015-06-02,108.480003,109.43,108.050003,108.870003,606400,108.257874
2015-06-01,109.580002,109.730003,108.440002,109.050003,546000,108.436862
2015-05-29,109.110001,109.690002,108.25,108.660004,404900,108.049056
2015-05-28,108.849998,109.989998,108.599998,109.209999,366900,108.595959
2015-05-27,108.529999,109.419998,108.529999,108.650002,421000,108.03911
2015-05-26,108.800003,109.18,107.440002,108.559998,324200,107.949612
2015-05-22,110.07,110.239998,108.940002,109.029999,190300,108.41697
2015-05-21,110.029999,110.379997,109.610001,110.07,168400,109.451124
2015-05-20,110.279999,111.139999,109.25,110.410004,178800,109.789216
2015-05-19,111.360001,111.419998,110.269997,110.550003,255800,109.928428
2015-05-18,110.25,111.290001,109.800003,111.089996,287800,110.465386
2015-05-15,110.230003,110.400002,109.230003,110.339996,246700,109.719602
2015-05-14,109.32,110.18,108.480003,109.910004,290000,109.292027
2015-05-13,109.010002,109.739998,108.50,108.68,227800,108.06894
2015-05-12,109.129997,109.940002,107.510002,109.059998,528100,108.446801
2015-05-11,109.099998,110.510002,108.57,109.839996,349600,109.222414
2015-05-08,109.160004,109.980003,108.360001,109.129997,363700,108.516407
2015-05-07,105.879997,108.599998,105.629997,107.93,348700,107.323157
2015-05-06,106.099998,106.82,105.25,106.129997,343100,105.533274
2015-05-05,107.93,109.470001,105.629997,105.709999,493600,105.115638
2015-05-04,108.800003,109.919998,107.849998,107.93,409700,107.323157
2015-05-01,108.559998,110.050003,107.470001,108.339996,350700,107.730848
2015-04-30,108.809998,109.68,107.720001,107.849998,430000,107.243605
2015-04-29,111.139999,111.400002,108.120003,109.389999,517000,108.774947
2015-04-28,110.349998,112.160004,109.099998,111.790001,496500,111.161454
2015-04-27,113.730003,113.82,110.040001,110.25,786500,109.630112
2015-04-24,110.00,114.00,109.699997,113.959999,1178100,113.319251
2015-04-23,106.860001,110.660004,106.860001,109.230003,2411500,108.61585
2015-04-22,98.970001,100.519997,98.599998,99.800003,608000,99.238871
2015-04-21,99.949997,100.129997,99.300003,99.400002,270200,98.841118
2015-04-20,100.00,100.639999,99.330002,99.660004,292000,99.099659
2015-04-17,100.080002,100.32,98.720001,99.239998,298300,98.682014
2015-04-16,98.769997,100.650002,98.769997,100.43,559000,99.865326
2015-04-15,98.949997,100.080002,98.010002,98.360001,522300,97.806965
2015-04-14,100.199997,100.50,98.099998,98.489998,554200,97.936231
2015-04-13,100.220001,101.00,100.00,100.199997,320200,99.636616
