Date,Open,High,Low,Close,Volume,Adj Close
2015-10-09,20.540001,20.719999,20.469999,20.66,2532200,20.66
2015-10-08,20.35,20.60,20.24,20.549999,1892700,20.549999
2015-10-07,19.92,20.379999,19.92,20.370001,2414200,20.370001
2015-10-06,19.940001,20.17,19.82,19.889999,1411400,19.889999
2015-10-05,19.59,19.98,19.50,19.940001,2007100,19.940001
2015-10-02,19.10,19.48,18.84,19.48,1859100,19.48
2015-10-01,19.07,19.299999,18.969999,19.200001,1643500,19.200001
2015-09-30,19.26,19.290001,18.93,19.049999,2553100,19.049999
2015-09-29,18.91,19.290001,18.809999,19.120001,2500000,19.120001
2015-09-28,19.02,19.16,18.690001,18.860001,1955300,18.860001
2015-09-25,19.07,19.41,18.91,19.139999,3242500,19.139999
2015-09-24,18.940001,19.059999,18.440001,18.969999,2512800,18.969999
2015-09-23,18.82,19.07,18.74,18.99,1154600,18.99
2015-09-22,18.860001,19.139999,18.700001,18.780001,1785200,18.780001
2015-09-21,18.969999,19.32,18.969999,19.15,1656900,19.15
2015-09-18,18.639999,19.219999,18.639999,18.950001,3590900,18.950001
2015-09-17,18.799999,19.379999,18.68,19.00,2713100,19.00
2015-09-16,18.57,18.84,18.52,18.790001,2289500,18.790001
2015-09-15,18.34,18.559999,18.18,18.530001,2232500,18.530001
2015-09-14,18.360001,18.389999,18.200001,18.33,1682600,18.33
2015-09-11,17.950001,18.32,17.93,18.309999,2027600,18.309999
2015-09-10,17.76,18.24,17.76,18.01,1976200,18.01
2015-09-09,18.309999,18.34,17.780001,17.799999,1668000,17.799999
2015-09-08,18.01,18.110001,17.92,18.030001,1475800,18.030001
2015-09-04,18.10,18.110001,17.620001,17.76,1820800,17.76
2015-09-03,18.219999,18.40,17.809999,18.299999,1962300,18.299999
2015-09-02,18.00,18.209999,17.870001,18.139999,2428300,18.139999
2015-09-01,17.75,17.99,17.610001,17.82,3201400,17.82
2015-08-31,18.48,18.48,18.030001,18.059999,3606400,18.059999
2015-08-28,18.50,18.59,18.15,18.530001,1820300,18.530001
2015-08-27,18.370001,18.68,18.15,18.549999,2539200,18.549999
2015-08-26,17.969999,18.209999,17.709999,18.17,3042300,18.17
2015-08-25,18.60,18.68,17.60,17.610001,3192000,17.610001
2015-08-24,17.93,18.73,17.93,18.23,3857000,18.23
2015-08-21,19.77,19.870001,19.27,19.27,3468900,19.27
2015-08-20,19.959999,20.110001,19.860001,19.92,2099700,19.92
2015-08-19,20.209999,20.42,20.02,20.09,2386400,20.09
2015-08-18,19.84,20.049999,19.790001,20.01,2197200,20.01
2015-08-17,19.75,19.940001,19.59,19.889999,3190800,19.889999
2015-08-14,19.65,19.82,19.51,19.77,1219000,19.77
2015-08-13,19.639999,20.049999,19.43,19.709999,2396600,19.709999
2015-08-12,19.60,19.799999,19.35,19.68,4017900,19.68
2015-08-11,19.74,19.99,19.60,19.870001,4112600,19.700001
2015-08-10,20.02,20.09,19.90,20.030001,1921400,19.858632
2015-08-07,19.77,20.08,19.440001,19.92,1211900,19.749573
2015-08-06,19.809999,19.84,19.41,19.82,1735400,19.650428
2015-08-05,20.110001,20.200001,19.709999,19.83,1858800,19.660343
2015-08-04,20.23,20.41,20.01,20.049999,1705500,19.87846
2015-08-03,20.190001,20.299999,20.110001,20.219999,1398200,20.047005
2015-07-31,20.15,20.40,20.08,20.17,3151800,19.997434
2015-07-30,19.85,20.059999,19.74,20.02,2517700,19.848718
2015-07-29,19.700001,20.08,19.60,19.99,2331200,19.818974
2015-07-28,19.67,20.00,19.549999,19.719999,1663200,19.551283
2015-07-27,19.68,19.870001,19.559999,19.65,1970400,19.481882
2015-07-24,19.52,19.780001,19.51,19.700001,2326800,19.531456
2015-07-23,19.709999,19.75,19.40,19.57,2579500,19.402567
2015-07-22,19.700001,19.860001,19.700001,19.73,1863300,19.561198
2015-07-21,19.540001,19.790001,19.540001,19.719999,3298700,19.551283
2015-07-20,19.50,19.60,19.360001,19.540001,1023100,19.372825
2015-07-17,19.66,19.780001,19.450001,19.530001,1636000,19.36291
2015-07-16,19.379999,19.67,19.379999,19.65,1541200,19.481882
2015-07-15,19.280001,19.43,19.15,19.35,988800,19.18445
2015-07-14,19.290001,19.42,19.209999,19.290001,3024200,19.124964
2015-07-13,19.379999,19.530001,19.209999,19.27,3055200,19.105134
2015-07-10,19.15,19.389999,19.129999,19.209999,2369200,19.045646
2015-07-09,19.209999,19.48,19.030001,19.07,1995900,18.906845
2015-07-08,19.27,19.40,19.08,19.10,2617200,18.936589
2015-07-07,19.209999,19.48,19.129999,19.360001,4262000,19.194364
2015-07-06,18.74,19.16,18.74,19.10,3315700,18.936589
2015-07-02,18.99,19.17,18.84,18.889999,2198400,18.728384
2015-07-01,18.549999,18.860001,18.48,18.85,2496500,18.688727
2015-06-30,18.610001,18.73,18.50,18.57,3011200,18.411122
2015-06-29,18.65,18.92,18.49,18.49,2184000,18.331807
2015-06-26,18.709999,18.889999,18.620001,18.85,2278700,18.688727
2015-06-25,19.040001,19.049999,18.639999,18.68,3665700,18.520182
2015-06-24,19.08,19.290001,19.049999,19.07,2878200,18.906845
2015-06-23,18.91,19.18,18.889999,19.059999,2783200,18.89693
2015-06-22,19.15,19.200001,18.950001,18.959999,2815000,18.797785
2015-06-19,19.219999,19.23,19.040001,19.08,4091700,18.916759
2015-06-18,19.040001,19.40,18.99,19.290001,2133900,19.124964
2015-06-17,18.92,19.02,18.719999,19.00,3111000,18.837444
2015-06-16,18.84,18.99,18.809999,18.91,2234500,18.748214
2015-06-15,18.91,19.01,18.74,18.83,1933700,18.668898
2015-06-12,19.129999,19.24,19.049999,19.059999,1314900,18.89693
2015-06-11,19.110001,19.25,19.09,19.18,2916700,19.015904
2015-06-10,18.82,19.18,18.76,19.01,2424800,18.847358
2015-06-09,18.98,19.030001,18.76,18.809999,1525700,18.649069
2015-06-08,19.09,19.17,18.98,18.98,1419400,18.817614
2015-06-05,18.93,19.24,18.85,19.049999,2278200,18.887015
2015-06-04,19.110001,19.299999,19.110001,19.190001,1799900,19.025819
2015-06-03,19.440001,19.559999,19.15,19.16,3329600,18.996075
2015-06-02,19.559999,19.59,19.34,19.440001,2516200,19.27368
2015-06-01,19.60,19.799999,19.51,19.65,2259800,19.481882
2015-05-29,19.77,19.860001,19.530001,19.559999,3419600,19.392652
2015-05-28,19.870001,19.940001,19.67,19.76,1774300,19.590942
2015-05-27,19.66,19.959999,19.65,19.93,2287300,19.759487
2015-05-26,20.02,20.120001,19.559999,19.639999,2057900,19.471968
2015-05-22,19.959999,20.200001,19.91,20.07,1437800,19.898289
2015-05-21,20.110001,20.129999,19.879999,20.030001,1550800,19.858632
2015-05-20,20.110001,20.26,19.93,20.09,1803300,19.918118
2015-05-19,19.860001,20.23,19.860001,20.08,1923200,19.908204
2015-05-18,19.83,20.00,19.700001,19.959999,1202500,19.789229
2015-05-15,19.799999,20.049999,19.75,19.92,1843900,19.749573
2015-05-14,19.48,19.799999,19.440001,19.75,2182800,19.581027
2015-05-13,19.629999,19.84,19.309999,19.35,1686500,19.18445
2015-05-12,19.41,19.620001,19.25,19.530001,1650200,19.36291
2015-05-11,20.01,20.10,19.57,19.67,1676600,19.333165
2015-05-08,19.959999,20.49,19.93,20.07,2302400,19.726315
2015-05-07,19.549999,19.74,19.49,19.68,2640200,19.342994
2015-05-06,19.620001,19.65,19.450001,19.559999,2935100,19.225048
2015-05-05,20.07,20.09,19.52,19.610001,2963000,19.274193
2015-05-04,20.110001,20.27,20.040001,20.129999,1962000,19.785287
2015-05-01,19.85,20.10,19.799999,20.02,2943600,19.677172
2015-04-30,19.700001,20.02,19.620001,19.809999,3631900,19.470767
2015-04-29,20.00,20.17,19.75,19.98,2475000,19.637856
2015-04-28,20.299999,20.41,20.030001,20.209999,1456300,19.863917
2015-04-27,20.469999,20.57,20.24,20.35,1531900,20.001521
2015-04-24,20.450001,20.540001,20.299999,20.42,1301000,20.070322
2015-04-23,20.34,20.469999,20.309999,20.379999,1279800,20.031006
2015-04-22,20.40,20.50,20.280001,20.40,1955200,20.050664
2015-04-21,20.559999,20.719999,20.309999,20.40,2316000,20.050664
2015-04-20,20.540001,20.690001,20.43,20.459999,1850000,20.109636
2015-04-17,20.59,20.709999,20.34,20.48,1932200,20.129294
2015-04-16,20.51,20.780001,20.41,20.709999,2423500,20.355355
2015-04-15,20.65,20.73,20.559999,20.58,2254900,20.227582
2015-04-14,20.51,20.68,20.469999,20.620001,2434400,20.266898
2015-04-13,20.540001,20.65,20.42,20.469999,2124200,20.119465
