Date,Open,High,Low,Close,Volume,Adj Close
2015-10-09,66.599998,67.199997,66.25,66.68,1472000,66.68
2015-10-08,65.849998,67.169998,65.290001,66.760002,2601900,66.760002
2015-10-07,67.239998,67.580002,65.959999,66.43,2051600,66.43
2015-10-06,68.32,68.830002,67.75,67.940002,2135800,67.390002
2015-10-05,68.93,68.970001,67.989998,68.470001,1606200,67.91571
2015-10-02,67.699997,68.519997,67.050003,68.519997,1291200,67.965301
2015-10-01,68.540001,69.00,67.699997,68.419998,1514400,67.866112
2015-09-30,68.559998,69.25,67.68,68.540001,1813800,67.985143
2015-09-29,68.290001,68.660004,67.220001,67.889999,2010700,67.340404
2015-09-28,70.639999,70.699997,67.93,68.110001,2094400,67.558624
2015-09-25,71.669998,72.110001,70.389999,70.760002,2641800,70.187173
2015-09-24,70.779999,71.669998,69.940002,71.459999,1674000,70.881503
2015-09-23,69.919998,71.449997,69.690002,71.110001,2611300,70.534338
2015-09-22,69.209999,69.75,67.290001,69.690002,3037100,69.125835
2015-09-21,69.830002,70.599998,69.699997,70.269997,2023300,69.701134
2015-09-18,69.629997,70.480003,69.07,69.459999,4059300,68.897694
2015-09-17,69.300003,71.379997,69.089996,70.279999,2774500,69.711055
2015-09-16,70.129997,70.269997,68.169998,69.330002,2377200,68.768749
2015-09-15,70.360001,70.660004,69.370003,70.040001,2089100,69.473
2015-09-14,70.459999,70.910004,69.970001,70.199997,1513600,69.631701
2015-09-11,69.559998,70.269997,69.019997,70.239998,1293900,69.671378
2015-09-10,69.080002,70.029999,68.800003,69.669998,1124500,69.105993
2015-09-09,71.019997,71.019997,68.82,68.959999,1232800,68.401741
2015-09-08,70.019997,70.50,69.239998,70.419998,1510800,69.849921
2015-09-04,68.510002,69.290001,68.139999,68.779999,1478600,68.223198
2015-09-03,69.190002,69.650002,69.019997,69.209999,1702100,68.649718
2015-09-02,68.040001,68.959999,67.709999,68.959999,1683300,68.401741
2015-09-01,66.919998,67.720001,66.690002,67.07,1607300,66.527042
2015-08-31,68.93,69.010002,67.970001,68.010002,915700,67.459435
2015-08-28,68.739998,69.559998,68.209999,69.050003,1114500,68.491017
2015-08-27,68.510002,69.699997,67.93,68.849998,1729100,68.292631
2015-08-26,68.25,68.529999,66.449997,68.160004,1646300,67.608222
2015-08-25,68.00,69.160004,66.769997,66.82,1810900,66.279066
2015-08-24,67.050003,70.410004,65.93,66.769997,2912300,66.229468
2015-08-21,71.07,71.43,69.82,70.18,1451900,69.611866
2015-08-20,72.07,72.900002,71.550003,71.610001,1407300,71.03029
2015-08-19,71.339996,72.800003,71.209999,72.269997,1342400,71.684943
2015-08-18,72.690002,73.129997,71.599998,71.610001,1083700,71.03029
2015-08-17,71.989998,72.82,71.800003,72.57,844400,71.982518
2015-08-14,72.029999,72.389999,71.669998,72.370003,863700,71.78414
2015-08-13,70.739998,72.660004,70.709999,71.949997,845700,71.367534
2015-08-12,70.339996,70.760002,69.449997,70.720001,1254300,70.147496
2015-08-11,70.620003,71.300003,70.32,70.970001,1138600,70.395472
2015-08-10,72.169998,72.580002,71.010002,71.110001,753900,70.534338
2015-08-07,70.900002,71.849998,70.00,71.769997,1431700,71.188991
2015-08-06,74.339996,74.82,70.230003,70.800003,2769100,70.22685
2015-08-05,74.120003,75.489998,74.120003,74.910004,1159300,74.303578
2015-08-04,73.910004,74.029999,73.470001,73.989998,909600,73.39102
2015-08-03,73.889999,73.959999,73.139999,73.910004,1044100,73.311674
2015-07-31,73.989998,74.529999,73.330002,73.760002,1161900,73.162887
2015-07-30,73.080002,74.050003,72.400002,73.800003,1094900,73.202564
2015-07-29,72.879997,73.68,72.449997,73.18,1211100,72.58758
2015-07-28,72.309998,72.489998,71.779999,72.43,1099300,71.843652
2015-07-27,72.949997,73.080002,72.050003,72.309998,1205000,71.72462
2015-07-24,75.139999,75.139999,72.889999,73.07,1713000,72.47847
2015-07-23,75.00,75.599998,74.459999,74.870003,1881500,74.263901
2015-07-22,73.120003,75.120003,73.019997,74.589996,2445200,73.986162
2015-07-21,72.919998,73.099998,72.25,73.010002,1011200,72.418958
2015-07-20,72.690002,73.720001,72.599998,72.949997,1046800,72.359439
2015-07-17,72.919998,72.970001,72.32,72.589996,753700,72.002352
2015-07-16,71.699997,73.00,71.50,72.949997,1375200,72.359439
2015-07-15,72.43,72.459999,71.349998,71.389999,755600,70.81207
2015-07-14,72.379997,72.519997,71.870003,72.339996,1147100,71.754376
2015-07-13,72.690002,72.980003,72.220001,72.370003,1292500,71.78414
2015-07-10,72.349998,72.370003,71.620003,72.160004,649300,71.575841
2015-07-09,72.199997,72.870003,71.480003,71.559998,1916600,70.980692
2015-07-08,71.059998,71.480003,70.620003,70.839996,1150600,70.266519
2015-07-07,70.870003,72.220001,70.489998,72.099998,1671200,70.970776
2015-07-06,70.230003,70.730003,69.910004,70.690002,1548000,69.582863
2015-07-02,70.660004,70.889999,69.919998,70.309998,1459800,69.20881
2015-07-01,71.690002,71.760002,70.059998,70.220001,1997600,69.120223
2015-06-30,71.940002,72.00,70.82,71.080002,1806400,69.966754
2015-06-29,72.120003,72.510002,71.160004,71.199997,2238400,70.08487
2015-06-26,71.599998,73.00,71.239998,72.959999,3065700,71.817307
2015-06-25,71.540001,72.080002,71.169998,71.230003,1706700,70.114407
2015-06-24,69.199997,71.529999,68.940002,70.839996,3670000,69.730508
2015-06-23,73.040001,73.400002,69.360001,69.389999,7588900,68.30322
2015-06-22,69.360001,69.50,68.879997,69.379997,1530700,68.293375
2015-06-19,68.989998,69.410004,68.610001,68.870003,1290200,67.791368
2015-06-18,68.760002,69.400002,68.540001,69.160004,987400,68.076827
2015-06-17,67.870003,68.339996,67.800003,68.260002,853100,67.190921
2015-06-16,68.169998,68.480003,67.790001,67.940002,812700,66.875933
2015-06-15,67.669998,68.199997,66.830002,68.129997,1077200,67.062952
2015-06-12,67.870003,68.440002,67.190002,68.110001,1528400,67.043269
2015-06-11,67.089996,67.610001,66.839996,67.050003,997800,65.999873
2015-06-10,65.029999,67.120003,64.910004,66.949997,1495600,65.901433
2015-06-09,65.190002,65.370003,64.760002,65.010002,953800,63.991822
2015-06-08,64.82,65.540001,64.529999,65.410004,874300,64.385559
2015-06-05,64.209999,64.879997,63.68,64.839996,699100,63.824479
2015-06-04,65.169998,65.269997,64.220001,64.389999,1291100,63.38153
2015-06-03,65.230003,65.440002,64.75,65.32,792400,64.296965
2015-06-02,65.650002,65.849998,65.010002,65.059998,1006100,64.041035
2015-06-01,65.540001,66.040001,65.050003,65.800003,776700,64.76945
2015-05-29,65.220001,65.760002,64.650002,65.540001,3597500,64.51352
2015-05-28,64.919998,65.599998,64.720001,64.940002,1988800,63.922919
2015-05-27,64.660004,65.50,64.580002,64.919998,1520500,63.903228
2015-05-26,64.699997,64.830002,63.799999,64.18,798800,63.17482
2015-05-22,64.709999,64.910004,64.379997,64.75,734300,63.735892
2015-05-21,64.160004,64.669998,64.059998,64.57,814000,63.558711
2015-05-20,65.040001,65.040001,64.269997,64.379997,729000,63.371684
2015-05-19,64.209999,65.400002,63.900002,65.129997,1177200,64.109938
2015-05-18,63.790001,64.209999,63.540001,64.07,613600,63.066542
2015-05-15,63.619999,63.970001,63.48,63.93,657500,62.928735
2015-05-14,63.130001,63.540001,62.560001,63.389999,946900,62.397192
2015-05-13,63.73,64.110001,62.66,62.759998,1465500,61.777058
2015-05-12,63.650002,63.970001,62.880001,63.68,851500,62.682651
2015-05-11,63.830002,64.650002,63.799999,64.160004,1292500,63.155136
2015-05-08,63.59,64.82,63.59,63.959999,1200600,62.958264
2015-05-07,61.82,63.369999,61.66,63.07,1575200,62.082204
2015-05-06,61.91,62.259998,61.310001,61.639999,1386600,60.6746
2015-05-05,63.130001,63.169998,61.720001,61.75,1521800,60.782878
2015-05-04,64.010002,64.339996,63.119999,63.18,1128200,62.190482
2015-05-01,64.169998,64.480003,63.869999,63.990002,1112800,62.987797
2015-04-30,64.129997,64.620003,63.50,63.77,1476400,62.771241
2015-04-29,65.75,65.760002,64.379997,64.43,1785000,63.420904
2015-04-28,65.779999,66.379997,65.50,66.370003,947700,65.330523
2015-04-27,67.010002,67.150002,65.849998,65.940002,1221400,64.907257
2015-04-24,66.07,67.190002,65.610001,67.010002,1264500,65.960499
2015-04-23,65.480003,66.00,64.919998,65.809998,1746100,64.779288
2015-04-22,65.290001,65.410004,64.839996,65.199997,1074600,64.178841
2015-04-21,65.220001,65.529999,64.650002,65.290001,1355000,64.267436
2015-04-20,65.309998,65.489998,65.010002,65.220001,1378600,64.198532
2015-04-17,65.959999,66.059998,64.900002,64.940002,1671500,63.922919
2015-04-16,67.010002,67.339996,66.239998,66.43,1313300,65.389581
2015-04-15,68.00,68.300003,67.040001,67.050003,1184600,65.999873
2015-04-14,68.489998,68.610001,67.779999,67.900002,1372400,66.836559
2015-04-13,68.360001,69.440002,68.360001,68.599998,1306100,67.525592
