Date,Open,High,Low,Close,Volume,Adj Close
2015-10-15,64.099998,65.07,62.560001,64.959999,359200,64.959999
2015-10-14,64.93,65.790001,64.019997,64.400002,299200,64.400002
2015-10-13,64.209999,65.650002,63.849998,64.910004,435700,64.910004
2015-10-12,67.949997,67.949997,64.389999,64.949997,270700,64.949997
2015-10-09,66.690002,68.690002,65.980003,67.989998,515500,67.989998
2015-10-08,65.75,66.980003,63.970001,66.650002,660500,66.650002
2015-10-07,64.50,66.57,63.700001,65.889999,717100,65.889999
2015-10-06,64.32,65.650002,63.630001,64.029999,618300,64.029999
2015-10-05,61.799999,64.529999,61.73,63.990002,753000,63.990002
2015-10-02,56.869999,61.830002,56.869999,61.799999,879600,61.799999
2015-10-01,59.049999,60.209999,56.91,57.669998,520600,57.669998
2015-09-30,58.950001,59.41,57.049999,58.220001,555300,58.220001
2015-09-29,59.860001,61.040001,57.889999,58.59,525400,58.59
2015-09-28,60.650002,60.650002,59.209999,59.23,354700,59.23
2015-09-25,61.259998,61.799999,60.540001,61.450001,502200,61.450001
2015-09-24,60.990002,61.360001,60.150002,60.77,429000,60.77
2015-09-23,62.439999,62.50,61.23,61.439999,258500,61.439999
2015-09-22,62.279999,63.099998,61.580002,62.07,443600,62.07
2015-09-21,64.029999,64.029999,62.459999,62.98,368600,62.98
2015-09-18,64.879997,65.129997,63.040001,63.25,413400,63.25
2015-09-17,66.470001,67.559998,64.879997,65.900002,444700,65.900002
2015-09-16,65.300003,67.989998,65.00,66.949997,623500,66.949997
2015-09-15,64.110001,65.32,64.050003,65.010002,308100,65.010002
2015-09-14,63.779999,64.43,62.91,63.799999,390800,63.799999
2015-09-11,63.880001,64.190002,63.00,64.139999,354700,64.139999
2015-09-10,65.07,65.879997,63.59,64.769997,492500,64.769997
2015-09-09,66.410004,68.110001,63.470001,64.720001,926300,64.720001
2015-09-08,67.07,67.720001,65.730003,66.629997,771400,66.629997
2015-09-04,66.959999,68.220001,66.220001,66.910004,535600,66.910004
2015-09-03,69.139999,69.360001,66.470001,68.139999,443300,68.139999
2015-09-02,68.650002,69.43,66.269997,69.050003,464000,69.050003
2015-09-01,66.349998,68.860001,66.010002,67.550003,848000,67.550003
2015-08-31,66.709999,69.269997,65.139999,68.940002,703600,68.940002
2015-08-28,65.209999,68.169998,64.93,67.610001,686000,67.610001
2015-08-27,61.82,67.540001,61.48,66.010002,1164000,66.010002
2015-08-26,58.75,61.650002,58.25,60.689999,1157700,60.689999
2015-08-25,56.869999,57.389999,55.259998,56.279999,573900,56.279999
2015-08-24,53.580002,57.00,53.369999,55.110001,416300,55.110001
2015-08-21,58.299999,59.580002,57.099998,57.150002,417700,57.150002
2015-08-20,59.689999,60.619999,58.16,58.459999,414600,58.459999
2015-08-19,60.68,61.310001,58.919998,59.73,315700,59.73
2015-08-18,61.150002,62.029999,60.869999,61.150002,305900,61.150002
2015-08-17,61.220001,61.799999,60.43,61.490002,397100,61.490002
2015-08-14,61.02,61.830002,60.389999,61.02,438200,61.02
2015-08-13,62.240002,62.889999,59.790001,60.720001,422200,60.720001
2015-08-12,62.380001,63.709999,61.16,62.639999,362400,62.639999
2015-08-11,61.32,62.700001,61.139999,62.32,584700,62.32
2015-08-10,59.529999,62.529999,59.150002,62.450001,663100,62.450001
2015-08-07,59.040001,60.330002,58.59,58.939999,781900,58.939999
2015-08-06,58.09,59.779999,56.810001,59.509998,439600,59.509998
2015-08-05,58.27,58.650002,57.419998,58.290001,718100,58.290001
2015-08-04,58.490002,59.299999,57.009998,57.240002,579500,57.240002
2015-08-03,57.599998,58.380001,56.240002,57.560001,852400,57.560001
2015-07-31,60.349998,61.279999,58.25,58.41,938200,58.41
2015-07-30,63.330002,63.98,61.540001,62.00,413900,62.00
2015-07-29,61.490002,63.560001,61.490002,63.439999,686600,63.439999
2015-07-28,61.330002,62.259998,60.110001,61.900002,631800,61.900002
2015-07-27,60.540001,61.150002,59.990002,60.650002,627400,60.650002
2015-07-24,61.939999,62.349998,61.16,61.43,316800,61.43
2015-07-23,62.599998,63.299999,60.98,61.959999,523300,61.959999
2015-07-22,62.779999,63.18,61.200001,62.00,947300,62.00
2015-07-21,63.93,64.559998,63.23,63.290001,587500,63.290001
2015-07-20,64.599998,65.089996,63.599998,63.889999,592500,63.889999
2015-07-17,66.489998,66.699997,64.669998,64.82,392800,64.82
2015-07-16,67.769997,67.769997,66.059998,66.370003,403300,66.370003
2015-07-15,70.459999,70.620003,67.120003,67.220001,708400,67.220001
2015-07-14,71.00,72.550003,70.75,70.800003,380900,70.800003
2015-07-13,70.629997,71.440002,70.080002,70.919998,371900,70.919998
2015-07-10,71.870003,72.50,70.32,70.43,349400,70.43
2015-07-09,71.279999,72.349998,71.18,71.339996,422500,71.339996
2015-07-08,72.110001,73.239998,70.32,71.279999,455800,71.279999
2015-07-07,71.75,73.360001,70.160004,72.75,507400,72.75
2015-07-06,71.57,72.849998,71.510002,72.160004,628700,72.160004
2015-07-02,73.269997,73.800003,72.349998,73.120003,361800,73.120003
2015-07-01,75.120003,75.480003,71.980003,72.550003,370700,72.550003
2015-06-30,75.889999,75.970001,74.870003,75.25,516300,75.25
2015-06-29,76.540001,76.75,75.059998,75.18,486200,75.18
2015-06-26,75.959999,77.349998,75.32,77.209999,676300,77.209999
2015-06-25,75.980003,76.610001,75.830002,76.099998,359700,76.099998
2015-06-24,75.160004,76.330002,75.160004,76.029999,280800,76.029999
2015-06-23,74.639999,75.800003,74.449997,75.50,208100,75.50
2015-06-22,73.540001,75.00,72.839996,74.970001,315000,74.970001
2015-06-19,73.519997,73.970001,72.690002,73.209999,308900,73.209999
2015-06-18,75.639999,76.00,73.410004,73.889999,239200,73.889999
2015-06-17,76.550003,77.830002,74.669998,75.220001,258000,75.220001
2015-06-16,74.910004,76.080002,74.809998,75.959999,332400,75.959999
2015-06-15,76.099998,76.370003,74.480003,74.699997,309900,74.699997
2015-06-12,78.599998,78.769997,76.959999,77.25,415800,77.25
2015-06-11,79.029999,79.029999,77.980003,78.779999,379900,78.779999
2015-06-10,77.839996,79.199997,77.220001,79.059998,242400,79.059998
2015-06-09,76.900002,77.209999,76.209999,76.559998,246000,76.559998
2015-06-08,76.279999,77.269997,75.839996,76.260002,219300,76.260002
2015-06-05,75.190002,77.019997,75.050003,76.599998,210900,76.599998
2015-06-04,76.269997,76.470001,75.25,75.589996,246500,75.589996
2015-06-03,77.339996,78.400002,76.370003,76.82,206800,76.82
2015-06-02,75.989998,78.349998,75.989998,77.339996,357600,77.339996
2015-06-01,75.559998,76.169998,74.269997,75.410004,303600,75.410004
2015-05-29,75.769997,76.629997,75.459999,75.580002,359700,75.580002
2015-05-28,76.139999,76.389999,74.690002,75.830002,254300,75.830002
2015-05-27,75.029999,76.360001,74.980003,76.300003,487000,76.300003
2015-05-26,75.900002,76.639999,74.790001,75.120003,256200,75.120003
2015-05-22,76.57,77.639999,76.43,76.769997,190900,76.769997
2015-05-21,76.690002,77.489998,76.690002,77.279999,528700,77.279999
2015-05-20,76.790001,77.099998,75.839996,76.18,556300,76.18
2015-05-19,76.309998,76.639999,75.43,76.279999,496100,76.279999
2015-05-18,76.580002,77.50,75.879997,77.120003,550900,77.120003
2015-05-15,76.650002,77.419998,75.940002,76.800003,500900,76.800003
2015-05-14,77.690002,78.50,76.769997,77.040001,308300,77.040001
2015-05-13,77.779999,77.989998,76.830002,77.389999,692800,77.389999
2015-05-12,76.779999,78.269997,76.480003,76.959999,906200,76.959999
2015-05-11,77.550003,77.629997,76.00,76.019997,1379800,76.019997
2015-05-08,78.839996,79.029999,77.00,77.760002,939300,77.760002
2015-05-07,78.660004,78.709999,76.540001,77.860001,523200,77.860001
2015-05-06,79.860001,80.790001,78.620003,79.139999,470500,79.139999
2015-05-05,81.129997,81.68,78.660004,78.910004,519500,78.910004
2015-05-04,79.889999,81.010002,79.510002,80.199997,541700,80.199997
2015-05-01,79.480003,80.93,78.889999,79.769997,782800,79.769997
2015-04-30,76.370003,81.779999,75.849998,79.720001,1094700,79.720001
2015-04-29,73.669998,76.330002,73.279999,75.849998,465300,75.849998
2015-04-28,74.129997,74.830002,73.830002,74.080002,444200,74.080002
2015-04-27,73.959999,74.790001,73.360001,74.370003,535200,74.370003
2015-04-24,73.669998,73.779999,72.669998,73.389999,754000,73.389999
2015-04-23,72.040001,74.110001,71.599998,74.07,614300,74.07
2015-04-22,70.800003,72.25,70.580002,71.760002,566200,71.760002
2015-04-21,72.400002,72.529999,70.260002,70.860001,453200,70.860001
2015-04-20,72.190002,73.260002,72.019997,72.32,383800,72.32
