Date,Open,High,Low,Close,Volume,Adj Close
2015-10-09,29.610001,29.879999,29.040001,29.440001,396400,29.440001
2015-10-08,28.379999,29.60,28.209999,29.52,504400,29.52
2015-10-07,27.700001,28.43,27.700001,28.42,329200,28.42
2015-10-06,27.469999,27.83,27.02,27.57,586200,27.57
2015-10-05,26.75,27.77,26.60,27.57,604900,27.57
2015-10-02,26.370001,26.540001,25.799999,26.540001,604400,26.540001
2015-10-01,27.24,27.309999,26.18,26.52,470800,26.52
2015-09-30,27.389999,27.450001,26.870001,27.209999,478400,27.209999
2015-09-29,26.719999,27.110001,26.67,27.09,431200,27.09
2015-09-28,27.66,27.889999,26.610001,26.66,842900,26.66
2015-09-25,27.870001,28.00,27.639999,27.83,634400,27.83
2015-09-24,27.57,27.82,27.450001,27.76,494500,27.76
2015-09-23,27.959999,28.120001,27.469999,27.639999,869700,27.639999
2015-09-22,28.18,28.27,27.74,27.940001,585500,27.940001
2015-09-21,27.85,28.51,27.690001,28.459999,1680700,28.459999
2015-09-18,26.469999,27.27,26.200001,27.120001,1151800,27.120001
2015-09-17,26.709999,27.26,26.540001,26.83,686800,26.83
2015-09-16,26.34,26.76,25.790001,26.549999,843200,26.549999
2015-09-15,26.15,27.08,26.129999,26.68,612100,26.68
2015-09-14,26.309999,26.35,25.82,26.16,344200,26.16
2015-09-11,25.950001,26.50,25.690001,26.299999,408500,26.299999
2015-09-10,25.82,26.290001,25.77,26.120001,402400,26.120001
2015-09-09,26.08,26.389999,25.68,25.860001,700500,25.860001
2015-09-08,25.469999,26.120001,25.299999,25.82,753200,25.82
2015-09-04,25.09,25.459999,25.049999,25.17,800500,25.17
2015-09-03,25.379999,25.50,24.719999,25.43,1002500,25.43
2015-09-02,25.639999,25.65,24.98,25.639999,555400,25.639999
2015-09-01,25.66,26.030001,25.280001,25.360001,765000,25.360001
2015-08-31,27.049999,27.16,26.120001,26.16,868000,26.16
2015-08-28,27.02,27.629999,27.02,27.34,665000,27.34
2015-08-27,26.360001,27.129999,26.26,27.01,724700,27.01
2015-08-26,25.91,26.299999,25.59,26.23,847600,26.23
2015-08-25,25.76,25.969999,25.040001,25.459999,1512100,25.459999
2015-08-24,24.01,26.440001,24.00,25.23,1291600,25.23
2015-08-21,25.290001,26.16,25.08,25.40,1765300,25.40
2015-08-20,25.219999,26.299999,24.540001,25.98,2021300,25.98
2015-08-19,25.25,29.77,24.90,25.49,4870200,25.49
2015-08-18,27.67,27.67,26.83,27.049999,831900,27.049999
2015-08-17,27.25,27.66,27.030001,27.610001,927600,27.610001
2015-08-14,27.58,27.84,27.299999,27.35,703500,27.35
2015-08-13,28.139999,28.40,27.65,27.68,752800,27.68
2015-08-12,27.99,28.219999,27.49,28.139999,1030900,28.139999
2015-08-11,28.870001,29.16,28.209999,28.280001,766500,28.280001
2015-08-10,29.00,29.620001,28.790001,29.360001,919200,29.360001
2015-08-07,29.25,29.889999,28.700001,28.790001,711300,28.790001
2015-08-06,29.809999,29.91,29.360001,29.41,501500,29.41
2015-08-05,30.34,30.50,29.76,29.780001,501600,29.780001
2015-08-04,30.049999,30.48,29.76,30.110001,394800,30.110001
2015-08-03,30.34,30.82,29.799999,30.040001,446100,30.040001
2015-07-31,31.02,31.290001,30.34,30.379999,446800,30.379999
2015-07-30,30.889999,31.01,30.52,30.85,256100,30.85
2015-07-29,30.35,31.219999,29.92,31.00,362800,31.00
2015-07-28,30.309999,30.690001,29.93,30.559999,350900,30.559999
2015-07-27,30.27,30.51,29.84,30.15,499600,30.15
2015-07-24,31.360001,31.360001,30.42,30.469999,341500,30.469999
2015-07-23,31.50,32.119999,31.33,31.389999,304900,31.389999
2015-07-22,31.059999,31.459999,30.940001,31.42,284600,31.42
2015-07-21,31.58,31.93,31.120001,31.190001,258500,31.190001
2015-07-20,31.08,31.82,30.889999,31.59,354800,31.59
2015-07-17,31.98,31.98,30.959999,31.129999,433300,31.129999
2015-07-16,32.060001,32.18,31.84,31.959999,261200,31.959999
2015-07-15,32.07,32.139999,31.65,31.82,378900,31.82
2015-07-14,31.48,32.049999,31.379999,32.02,341600,32.02
2015-07-13,31.67,31.67,31.33,31.48,397500,31.48
2015-07-10,31.42,31.90,31.34,31.43,401600,31.43
2015-07-09,30.299999,31.16,30.27,31.09,688600,31.09
2015-07-08,30.280001,30.48,29.75,30.01,698000,30.01
2015-07-07,30.219999,30.57,29.879999,30.549999,822900,30.549999
2015-07-06,30.00,30.200001,29.700001,30.15,3138400,30.15
2015-07-02,30.549999,30.780001,29.959999,30.200001,679900,30.200001
2015-07-01,30.08,30.76,29.969999,30.709999,1378200,30.709999
2015-06-30,30.10,30.26,29.32,29.98,2348500,29.98
2015-06-29,32.349998,32.52,30.25,30.280001,1941200,30.280001
2015-06-26,32.98,33.080002,32.169998,32.669998,3291100,32.669998
2015-06-25,33.360001,33.439999,32.73,33.00,867800,33.00
2015-06-24,33.91,34.02,33.240002,33.360001,874400,33.360001
2015-06-23,33.91,34.119999,33.580002,33.990002,406200,33.990002
2015-06-22,34.049999,34.18,33.779999,33.869999,602400,33.869999
2015-06-19,33.849998,34.099998,33.630001,33.889999,518000,33.889999
2015-06-18,33.810001,34.099998,33.599998,33.869999,306400,33.869999
2015-06-17,33.73,34.139999,33.560001,33.77,395000,33.77
2015-06-16,33.099998,33.82,33.040001,33.700001,365100,33.700001
2015-06-15,33.240002,33.459999,32.59,33.150002,405800,33.150002
2015-06-12,33.299999,34.029999,33.240002,33.400002,676200,33.400002
2015-06-11,32.900002,33.34,32.669998,33.330002,459300,33.330002
2015-06-10,33.349998,33.560001,32.810001,32.900002,823800,32.900002
2015-06-09,33.389999,33.50,32.91,33.18,627800,33.18
2015-06-08,33.50,33.68,33.150002,33.41,1184200,33.41
2015-06-05,33.02,33.57,32.779999,33.540001,625800,33.540001
2015-06-04,32.549999,33.150002,32.540001,33.130001,827000,33.130001
2015-06-03,32.43,32.849998,32.299999,32.75,501800,32.75
2015-06-02,32.25,32.709999,32.080002,32.52,498100,32.34
2015-06-01,32.029999,32.400002,31.620001,32.32,530000,32.141106
2015-05-29,31.49,32.049999,31.309999,31.809999,929100,31.633929
2015-05-28,31.610001,31.610001,31.09,31.52,648800,31.345535
2015-05-27,31.059999,31.700001,30.92,31.620001,513700,31.444982
2015-05-26,31.809999,31.93,31.01,31.02,645700,30.848303
2015-05-22,31.780001,32.189999,31.68,32.009998,388100,31.832821
2015-05-21,31.370001,31.959999,31.360001,31.860001,329200,31.683653
2015-05-20,31.200001,31.40,31.10,31.35,575500,31.176476
2015-05-19,31.27,31.40,30.91,31.09,744700,30.917915
2015-05-18,31.450001,31.450001,30.40,31.370001,1410500,31.196366
2015-05-15,31.92,32.029999,31.639999,31.860001,599800,31.683653
2015-05-14,31.76,32.009998,31.48,31.99,635600,31.812933
2015-05-13,31.620001,31.74,31.280001,31.719999,473800,31.544427
2015-05-12,31.77,31.83,31.219999,31.620001,603000,31.444982
2015-05-11,31.42,31.940001,31.129999,31.91,740500,31.733376
2015-05-08,31.52,31.690001,31.299999,31.52,663600,31.345535
2015-05-07,31.280001,31.52,31.030001,31.48,619500,31.305756
2015-05-06,31.379999,31.43,30.860001,31.23,911300,31.057139
2015-05-05,30.790001,31.23,30.43,31.190001,1180300,31.017362
2015-05-04,30.040001,30.92,30.01,30.75,623900,30.579797
2015-05-01,30.459999,30.49,30.01,30.040001,539100,29.873728
2015-04-30,30.75,30.99,30.15,30.24,768600,30.072619
2015-04-29,30.90,31.15,30.639999,30.83,765800,30.659354
2015-04-28,30.99,31.15,30.75,31.01,766400,30.838358
2015-04-27,30.41,31.190001,30.40,31.08,1612200,30.90797
2015-04-24,33.099998,34.400002,30.389999,30.700001,4181600,30.530074
2015-04-23,36.610001,37.790001,36.380001,37.57,759800,37.362047
2015-04-22,36.189999,36.689999,35.919998,36.490002,557900,36.288027
2015-04-21,36.50,36.630001,35.91,36.27,726500,36.069244
2015-04-20,35.669998,36.43,35.349998,36.349998,978100,36.148799
2015-04-17,35.720001,35.939999,35.279999,35.880001,315000,35.681403
2015-04-16,36.040001,36.130001,35.490002,36.029999,476500,35.83057
2015-04-15,35.540001,36.299999,35.310001,36.150002,514000,35.949909
2015-04-14,34.799999,35.34,34.700001,35.34,936700,35.144391
2015-04-13,35.18,35.240002,34.939999,34.959999,453200,34.766493
