Date,Open,High,Low,Close,Volume,Adj Close
2015-10-16,75.599998,76.559998,75.309998,76.50,1115900,76.50
2015-10-15,73.309998,75.370003,73.129997,75.230003,1070100,75.230003
2015-10-14,73.57,73.980003,73.019997,73.239998,634300,73.239998
2015-10-13,73.449997,74.220001,73.18,73.349998,488000,73.349998
2015-10-12,72.949997,73.760002,72.870003,73.639999,594300,73.639999
2015-10-09,73.190002,73.739998,72.709999,73.160004,803100,73.160004
2015-10-08,73.349998,73.360001,72.220001,73.099998,659100,73.099998
2015-10-07,72.449997,73.190002,71.860001,73.190002,1061500,73.190002
2015-10-06,73.330002,73.480003,71.68,72.150002,1181500,72.150002
2015-10-05,73.349998,73.889999,72.669998,73.360001,1066900,73.360001
2015-10-02,71.660004,73.389999,70.940002,72.900002,810600,72.900002
2015-10-01,72.330002,72.739998,71.480003,72.050003,1583700,72.050003
2015-09-30,71.629997,72.790001,70.400002,72.330002,1182700,72.330002
2015-09-29,70.889999,71.529999,70.269997,71.18,1458600,71.18
2015-09-28,71.980003,72.00,70.120003,70.93,1962800,70.93
2015-09-25,74.580002,74.870003,71.800003,72.260002,1237600,72.260002
2015-09-24,74.959999,75.160004,73.940002,74.349998,986400,74.349998
2015-09-23,75.239998,76.190002,75.089996,75.519997,845200,75.519997
2015-09-22,75.339996,75.849998,75.110001,75.360001,1386900,75.360001
2015-09-21,75.220001,76.25,75.07,76.019997,1566200,76.019997
2015-09-18,75.18,75.790001,74.809998,74.989998,1467000,74.989998
2015-09-17,75.760002,76.410004,75.550003,75.769997,1333900,75.769997
2015-09-16,75.190002,76.099998,75.00,75.82,1910400,75.82
2015-09-15,74.910004,75.440002,74.599998,75.150002,1103700,75.150002
2015-09-14,75.230003,75.470001,74.610001,74.769997,1200800,74.769997
2015-09-11,74.379997,75.00,73.940002,75.00,846600,75.00
2015-09-10,74.559998,74.980003,74.019997,74.639999,1018300,74.639999
2015-09-09,75.959999,76.199997,74.599998,74.739998,1011800,74.739998
2015-09-08,75.480003,75.599998,74.959999,75.459999,1394100,75.459999
2015-09-04,74.459999,75.18,74.260002,74.550003,955600,74.550003
2015-09-03,75.279999,75.82,74.830002,75.440002,1614700,75.440002
2015-09-02,74.540001,75.120003,73.949997,75.120003,990700,75.120003
2015-09-01,74.080002,75.099998,73.699997,74.050003,1309300,74.050003
2015-08-31,76.209999,77.07,75.459999,75.639999,1223000,75.639999
2015-08-28,76.459999,76.800003,75.870003,76.290001,1188100,76.290001
2015-08-27,76.559998,77.129997,75.550003,76.650002,1264200,76.650002
2015-08-26,75.18,76.300003,74.110001,76.120003,1580300,76.120003
2015-08-25,75.269997,76.010002,74.169998,74.330002,2147000,74.330002
2015-08-24,76.00,76.57,71.650002,74.080002,1967800,74.080002
2015-08-21,78.040001,78.129997,75.889999,75.989998,1301000,75.989998
2015-08-20,79.510002,79.699997,78.519997,78.529999,1522400,78.529999
2015-08-19,79.940002,80.339996,79.349998,80.080002,1160700,80.080002
2015-08-18,80.25,80.629997,79.949997,80.00,722500,80.00
2015-08-17,79.949997,80.300003,79.610001,80.279999,874300,80.279999
2015-08-14,79.709999,80.32,79.470001,80.279999,533000,80.279999
2015-08-13,79.809998,80.349998,79.449997,79.650002,781300,79.650002
2015-08-12,80.230003,80.32,79.169998,79.949997,836200,79.949997
2015-08-11,80.720001,81.099998,80.50,80.769997,1010500,80.769997
2015-08-10,81.330002,81.889999,80.93,81.050003,949900,81.050003
2015-08-07,80.989998,81.349998,80.309998,81.019997,1104500,81.019997
2015-08-06,80.489998,81.290001,80.489998,81.139999,1514000,81.139999
2015-08-05,79.989998,80.989998,79.610001,80.489998,1803500,80.489998
2015-08-04,79.919998,80.660004,79.690002,80.199997,941100,80.199997
2015-08-03,79.07,79.75,78.940002,79.709999,725900,79.709999
2015-07-31,78.629997,79.610001,78.400002,79.029999,611200,79.029999
2015-07-30,79.050003,79.360001,78.269997,78.629997,755800,78.629997
2015-07-29,79.160004,79.410004,78.669998,79.07,513000,79.07
2015-07-28,78.599998,79.040001,77.779999,79.019997,578100,79.019997
2015-07-27,79.199997,79.209999,78.209999,78.43,790000,78.43
2015-07-24,79.910004,79.959999,79.129997,79.389999,519400,79.389999
2015-07-23,80.290001,80.989998,79.910004,80.129997,602700,80.129997
2015-07-22,79.660004,80.25,79.629997,80.059998,1034500,80.059998
2015-07-21,80.00,80.260002,79.07,79.620003,1124700,79.620003
2015-07-20,79.970001,80.279999,79.760002,79.879997,851400,79.879997
2015-07-17,79.839996,80.019997,79.510002,79.970001,1263500,79.970001
2015-07-16,79.989998,80.410004,79.599998,79.839996,581300,79.839996
2015-07-15,80.260002,80.400002,79.620003,79.669998,981900,79.669998
2015-07-14,79.709999,80.220001,79.440002,80.07,1162100,80.07
2015-07-13,79.709999,79.860001,78.910004,79.50,973100,79.50
2015-07-10,79.50,79.519997,79.120003,79.300003,942500,79.300003
2015-07-09,79.75,79.75,78.790001,78.82,884800,78.82
2015-07-08,79.160004,79.50,78.669998,78.809998,889700,78.809998
2015-07-07,79.940002,80.040001,78.849998,79.660004,1200000,79.660004
2015-07-06,78.529999,80.110001,78.529999,79.550003,2066900,79.550003
2015-07-02,79.540001,79.769997,78.940002,78.940002,1252100,78.940002
2015-07-01,79.959999,80.400002,79.199997,79.32,1735800,79.32
2015-06-30,79.970001,80.150002,79.309998,79.470001,1737500,79.470001
2015-06-29,80.209999,81.209999,79.559998,79.610001,1215000,79.610001
2015-06-26,80.980003,81.379997,80.860001,81.080002,1525300,81.080002
2015-06-25,80.57,81.349998,79.75,80.910004,1538800,80.910004
2015-06-24,81.550003,81.550003,80.190002,80.190002,979600,80.190002
2015-06-23,82.110001,82.309998,81.489998,81.57,836300,81.57
2015-06-22,83.330002,83.330002,82.040001,82.129997,1260700,82.129997
2015-06-19,81.440002,82.370003,81.019997,82.190002,2855200,82.190002
2015-06-18,81.449997,81.760002,80.900002,81.449997,887100,81.449997
2015-06-17,81.699997,81.699997,80.730003,81.07,969800,81.07
2015-06-16,81.209999,82.00,81.209999,81.510002,821000,81.510002
2015-06-15,81.040001,81.510002,80.779999,81.279999,730900,81.279999
2015-06-12,81.739998,82.139999,81.309998,81.400002,483900,81.400002
2015-06-11,82.019997,82.379997,81.739998,82.190002,689300,82.190002
2015-06-10,81.75,82.019997,81.440002,81.68,970000,81.68
2015-06-09,82.00,82.470001,81.43,81.489998,791700,81.489998
2015-06-08,82.309998,82.699997,81.809998,81.870003,1063000,81.870003
2015-06-05,82.379997,82.75,81.849998,82.540001,633700,82.540001
2015-06-04,83.629997,83.93,82.449997,82.599998,852400,82.599998
2015-06-03,84.00,84.120003,83.57,83.959999,474300,83.959999
2015-06-02,83.839996,83.919998,83.269997,83.82,679500,83.82
2015-06-01,83.940002,84.400002,83.389999,83.879997,682500,83.879997
2015-05-29,84.18,84.400002,83.25,83.779999,926300,83.779999
2015-05-28,84.010002,84.339996,83.769997,84.230003,712000,84.230003
2015-05-27,83.809998,84.080002,83.589996,84.059998,671500,84.059998
2015-05-26,84.019997,84.160004,83.68,83.75,784000,83.75
2015-05-22,83.389999,84.339996,83.309998,84.089996,715300,84.089996
2015-05-21,83.459999,83.68,83.050003,83.489998,681700,83.489998
2015-05-20,83.089996,83.730003,82.860001,83.690002,778900,83.690002
2015-05-19,83.00,83.529999,82.699997,83.199997,669200,83.199997
2015-05-18,81.610001,82.940002,81.260002,82.699997,1110300,82.699997
2015-05-15,81.889999,82.199997,81.019997,81.480003,1316900,81.480003
2015-05-14,81.400002,81.910004,81.209999,81.860001,957900,81.860001
2015-05-13,81.269997,81.699997,80.889999,80.980003,822000,80.980003
2015-05-12,81.07,81.300003,80.620003,80.919998,1545600,80.919998
2015-05-11,82.18,82.370003,81.510002,81.589996,818700,81.589996
2015-05-08,82.489998,82.919998,82.080002,82.169998,712300,82.169998
2015-05-07,81.330002,82.019997,81.330002,81.760002,1072700,81.760002
2015-05-06,81.919998,82.059998,81.169998,81.410004,1057200,81.410004
2015-05-05,80.580002,83.279999,80.410004,81.510002,1505500,81.510002
2015-05-04,82.690002,83.019997,82.25,82.339996,944300,82.339996
2015-05-01,81.690002,82.449997,81.610001,82.400002,1061100,82.400002
2015-04-30,82.489998,82.699997,80.989998,81.099998,1141200,81.099998
2015-04-29,83.260002,83.360001,81.809998,82.639999,570900,82.639999
2015-04-28,83.690002,84.00,82.059998,83.589996,740100,83.589996
2015-04-27,85.099998,85.169998,83.639999,83.790001,1355800,83.790001
2015-04-24,83.50,84.099998,83.129997,83.910004,786100,83.910004
2015-04-23,83.150002,83.720001,82.480003,83.410004,609400,83.410004
2015-04-22,83.139999,83.580002,82.629997,83.220001,581200,83.220001
2015-04-21,82.239998,83.300003,81.959999,83.120003,945800,83.120003
2015-04-20,81.709999,82.080002,81.510002,81.839996,691700,81.839996
