Date,Open,High,Low,Close,Volume,Adj Close
2015-10-16,51.18,51.369999,50.509998,50.73,1379000,50.73
2015-10-15,50.91,51.599998,50.439999,51.360001,1181700,51.360001
2015-10-14,52.02,52.029999,50.580002,50.830002,1364700,50.830002
2015-10-13,51.599998,52.529999,51.48,51.889999,725700,51.889999
2015-10-12,51.689999,52.27,51.610001,52.00,853000,52.00
2015-10-09,52.099998,52.330002,51.50,51.689999,1352700,51.689999
2015-10-08,51.68,53.18,51.68,52.279999,1044100,52.279999
2015-10-07,51.549999,52.50,50.970001,51.990002,2556800,51.990002
2015-10-06,52.560001,52.860001,52.290001,52.490002,1136800,52.490002
2015-10-05,52.200001,52.77,51.509998,52.509998,1116000,52.509998
2015-10-02,50.959999,51.900002,50.389999,51.900002,1561400,51.900002
2015-10-01,52.470001,52.790001,51.16,51.349998,1457600,51.349998
2015-09-30,52.400002,52.900002,52.34,52.669998,1439500,52.669998
2015-09-29,51.740002,52.18,51.360001,51.919998,1111400,51.919998
2015-09-28,52.59,52.759998,51.529999,51.93,925300,51.93
2015-09-25,52.93,53.419998,52.459999,52.66,583500,52.66
2015-09-24,52.509998,52.849998,52.009998,52.529999,865200,52.529999
2015-09-23,53.18,53.43,52.599998,53.00,598900,53.00
2015-09-22,52.23,53.139999,51.950001,53.099998,1238000,53.099998
2015-09-21,52.889999,53.389999,52.549999,52.66,1193500,52.66
2015-09-18,53.799999,54.259998,52.669998,52.75,1501000,52.75
2015-09-17,54.310001,54.919998,54.18,54.560001,653600,54.560001
2015-09-16,54.459999,54.689999,53.84,54.279999,906900,54.279999
2015-09-15,54.09,54.880001,53.830002,54.529999,649800,54.529999
2015-09-14,54.900002,55.119999,54.009998,54.110001,784600,54.110001
2015-09-11,53.919998,54.880001,53.580002,54.830002,562700,54.830002
2015-09-10,53.290001,54.290001,53.279999,53.91,597300,53.91
2015-09-09,54.400002,54.880001,53.439999,53.610001,824800,53.610001
2015-09-08,54.02,54.220001,53.16,54.040001,1320800,54.040001
2015-09-04,53.189999,53.669998,52.91,53.34,1231100,53.34
2015-09-03,53.389999,54.099998,53.299999,53.84,1225100,53.84
2015-09-02,52.720001,53.419998,52.720001,53.220001,1167600,53.220001
2015-09-01,52.32,53.029999,51.900002,52.50,1618700,52.18
2015-08-31,54.00,54.16,53.110001,53.130001,1076400,52.806161
2015-08-28,54.130001,54.52,53.779999,54.240002,939600,53.909396
2015-08-27,54.240002,54.540001,53.279999,54.150002,1061100,53.819945
2015-08-26,54.009998,54.360001,52.50,53.830002,2004900,53.501896
2015-08-25,53.740002,54.07,52.799999,52.810001,1768000,52.488112
2015-08-24,56.73,56.73,50.73,52.82,1803800,52.49805
2015-08-21,54.360001,54.59,52.599998,53.919998,2020700,53.591343
2015-08-20,55.009998,55.349998,54.400002,54.470001,882700,54.137994
2015-08-19,55.630001,55.900002,54.77,55.57,1001100,55.231288
2015-08-18,56.279999,56.75,55.779999,55.900002,610900,55.559278
2015-08-17,55.490002,56.209999,55.200001,56.099998,824400,55.758056
2015-08-14,56.110001,56.700001,55.869999,56.040001,678500,55.698424
2015-08-13,56.049999,57.00,56.049999,56.200001,1208400,55.857449
2015-08-12,54.860001,56.27,54.369999,56.18,1308200,55.83757
2015-08-11,55.00,55.84,54.959999,55.549999,821900,55.211409
2015-08-10,56.650002,57.040001,55.41,55.50,984600,55.161715
2015-08-07,56.119999,56.400002,55.439999,56.23,1858100,55.887265
2015-08-06,57.00,57.950001,54.860001,56.48,4048000,56.135741
2015-08-05,59.709999,60.279999,58.970001,59.34,2044800,58.978309
2015-08-04,59.400002,59.400002,58.610001,59.200001,1313700,58.839163
2015-08-03,59.599998,59.689999,58.610001,59.169998,1686800,58.809343
2015-07-31,58.93,60.34,58.799999,59.900002,1119400,59.534897
2015-07-30,58.349998,59.16,58.060001,58.880001,976600,58.521114
2015-07-29,57.369999,58.779999,57.290001,58.490002,987100,58.133492
2015-07-28,56.73,57.240002,56.02,56.939999,575000,56.592936
2015-07-27,56.389999,56.939999,56.310001,56.580002,761200,56.235134
2015-07-24,58.040001,58.220001,56.490002,56.82,759300,56.473669
2015-07-23,59.560001,59.779999,57.799999,57.860001,874100,57.507331
2015-07-22,57.75,59.529999,57.549999,59.200001,1131700,58.839163
2015-07-21,57.25,57.720001,56.93,57.610001,563100,57.258854
2015-07-20,57.240002,57.849998,57.009998,57.34,674300,56.9905
2015-07-17,58.279999,58.299999,56.939999,57.200001,938400,56.851354
2015-07-16,58.82,58.950001,58.029999,58.369999,799800,58.01422
2015-07-15,58.93,58.990002,58.029999,58.099998,732900,57.745866
2015-07-14,58.889999,59.32,58.330002,58.650002,747600,58.292516
2015-07-13,59.23,59.23,58.549999,59.02,1488100,58.66026
2015-07-10,59.00,59.00,58.380001,58.509998,606100,58.153366
2015-07-09,58.360001,58.720001,58.130001,58.25,866700,57.894953
2015-07-08,57.830002,58.580002,57.66,57.75,1267000,57.398
2015-07-07,57.830002,58.209999,57.130001,58.189999,1293100,57.835317
2015-07-06,57.139999,57.610001,57.009998,57.580002,1167100,57.229038
2015-07-02,58.27,58.360001,57.330002,57.540001,661100,57.189281
2015-07-01,58.509998,58.509998,57.75,57.93,876800,57.576904
2015-06-30,57.509998,58.060001,57.080002,57.650002,895500,57.298611
2015-06-29,58.529999,58.68,57.23,57.240002,916800,56.891111
2015-06-26,59.07,59.07,58.080002,58.790001,1406100,58.431662
2015-06-25,58.139999,59.310001,58.139999,58.610001,1650600,58.252759
2015-06-24,58.130001,58.48,57.459999,57.549999,868900,57.199219
2015-06-23,58.860001,59.259998,58.119999,58.400002,1498800,58.04404
2015-06-22,58.080002,58.380001,57.830002,58.369999,582800,58.01422
2015-06-19,57.849998,58.200001,57.540001,57.720001,996800,57.368185
2015-06-18,57.919998,58.240002,57.669998,57.900002,550400,57.547088
2015-06-17,57.400002,57.889999,57.07,57.790001,412900,57.437758
2015-06-16,57.439999,57.470001,56.959999,57.389999,661600,57.040194
2015-06-15,57.27,57.700001,56.639999,57.639999,803100,57.28867
2015-06-12,57.400002,58.009998,57.110001,57.610001,649900,57.258854
2015-06-11,56.689999,57.709999,56.68,57.439999,1030000,57.089889
2015-06-10,56.360001,57.34,56.220001,56.68,791400,56.334523
2015-06-09,56.450001,56.860001,55.970001,56.57,624300,55.946898
2015-06-08,56.880001,57.27,56.599998,56.639999,687800,56.016127
2015-06-05,56.73,57.040001,56.189999,56.970001,739000,56.342494
2015-06-04,56.73,57.080002,56.389999,56.669998,792200,56.045795
2015-06-03,56.470001,56.91,55.91,56.77,932100,56.144696
2015-06-02,55.84,56.580002,55.48,56.279999,1208000,55.660091
2015-06-01,55.360001,56.02,55.07,55.959999,1066100,55.343616
2015-05-29,55.52,55.540001,54.400002,55.18,1429100,54.572209
2015-05-28,56.290001,56.439999,55.41,55.580002,735800,54.967805
2015-05-27,55.93,56.439999,55.639999,56.119999,802700,55.501854
2015-05-26,56.049999,56.299999,55.400002,55.66,1043700,55.046922
2015-05-22,55.939999,56.48,55.779999,56.09,939900,55.472186
2015-05-21,55.52,56.029999,55.43,55.889999,535800,55.274388
2015-05-20,55.650002,56.130001,55.25,55.810001,620300,55.195271
2015-05-19,55.419998,55.869999,55.16,55.77,755200,55.155711
2015-05-18,55.139999,55.349998,54.650002,55.23,822400,54.621658
2015-05-15,55.57,55.599998,55.16,55.32,783000,54.710666
2015-05-14,55.200001,55.73,54.57,55.349998,2015700,54.740335
2015-05-13,54.389999,54.560001,54.130001,54.349998,905300,53.75135
2015-05-12,54.16,54.669998,53.16,54.369999,1162400,53.77113
2015-05-11,55.189999,55.23,54.450001,54.50,1034000,53.899699
2015-05-08,55.560001,56.139999,55.16,55.290001,788800,54.680998
2015-05-07,54.189999,55.290001,54.080002,54.959999,918200,54.354631
2015-05-06,54.540001,54.540001,53.669998,54.040001,1554200,53.444767
2015-05-05,55.509998,55.509998,54.34,54.389999,993100,53.79091
2015-05-04,56.59,57.049999,55.549999,55.610001,937100,54.997473
2015-05-01,55.66,56.299999,55.389999,56.240002,1073200,55.620535
2015-04-30,56.290001,56.48,55.290001,55.369999,1503800,54.760115
2015-04-29,56.240002,56.799999,55.080002,56.599998,2811000,55.976566
2015-04-28,56.82,57.380001,56.349998,57.259998,791200,56.629297
2015-04-27,57.630001,57.959999,56.799999,56.900002,942200,56.273265
2015-04-24,57.650002,57.82,57.220001,57.59,829700,56.955664
2015-04-23,56.869999,57.560001,56.330002,57.360001,1198100,56.728197
2015-04-22,56.630001,57.200001,56.169998,56.950001,1627600,56.322714
2015-04-21,57.639999,58.259998,56.68,56.84,3862400,56.213925
2015-04-20,58.84,59.57,58.529999,59.02,2316700,58.369913
