Date,Open,High,Low,Close,Volume,Adj Close
2015-10-15,121.599998,121.870003,120.230003,121.580002,900000,121.580002
2015-10-14,120.129997,121.889999,119.900002,121.339996,1109300,121.339996
2015-10-13,119.629997,121.059998,119.120003,120.160004,1641900,120.160004
2015-10-12,120.150002,120.800003,119.410004,120.57,989300,120.57
2015-10-09,119.00,120.739998,118.959999,120.540001,2140200,120.540001
2015-10-08,118.110001,120.730003,117.720001,120.529999,1650500,120.529999
2015-10-07,117.50,118.360001,116.129997,118.269997,1764400,118.269997
2015-10-06,115.739998,117.550003,115.550003,117.190002,1960200,117.190002
2015-10-05,114.949997,115.779999,114.510002,115.739998,1526500,115.739998
2015-10-02,110.879997,114.230003,110.699997,114.199997,1503900,114.199997
2015-10-01,110.209999,112.400002,109.639999,112.330002,1800900,112.330002
2015-09-30,109.32,110.040001,108.580002,109.720001,1684800,109.720001
2015-09-29,107.75,108.730003,107.029999,108.360001,1674300,108.360001
2015-09-28,109.540001,110.18,107.279999,107.32,1298500,107.32
2015-09-25,111.489998,111.68,109.809998,110.459999,1415200,110.459999
2015-09-24,109.050003,111.00,108.690002,110.540001,1417800,110.540001
2015-09-23,111.010002,111.040001,109.650002,110.040001,1073900,110.040001
2015-09-22,111.50,111.690002,110.019997,110.860001,984800,110.860001
2015-09-21,113.089996,113.870003,112.489998,112.730003,881600,112.730003
2015-09-18,112.300003,113.089996,111.68,112.550003,1898400,112.550003
2015-09-17,113.449997,115.349998,113.040001,113.540001,1597600,113.540001
2015-09-16,110.129997,113.75,110.129997,113.599998,1600900,113.599998
2015-09-15,109.510002,110.82,109.019997,110.209999,1489600,110.209999
2015-09-14,110.010002,110.300003,108.470001,108.919998,1231300,108.919998
2015-09-11,109.379997,110.209999,108.779999,109.989998,1095800,109.989998
2015-09-10,110.139999,111.419998,109.690002,110.440002,1620800,110.110003
2015-09-09,110.32,112.00,110.00,110.519997,2552200,110.189758
2015-09-08,108.379997,108.629997,107.089996,108.589996,1386100,108.265525
2015-09-04,107.190002,107.980003,106.50,106.540001,1429500,106.221655
2015-09-03,108.790001,109.32,108.080002,108.830002,1101700,108.504813
2015-09-02,106.769997,108.110001,105.529999,107.980003,2889800,107.657355
2015-09-01,106.779999,107.669998,104.940002,105.419998,2168300,105.104999
2015-08-31,109.449997,110.389999,108.379997,109.139999,1033000,108.813885
2015-08-28,109.480003,110.760002,109.209999,110.459999,988000,110.12994
2015-08-27,108.239998,110.739998,107.849998,109.919998,1824100,109.591553
2015-08-26,106.57,106.68,104.260002,106.489998,1952700,106.171801
2015-08-25,109.129997,109.389999,104.389999,104.529999,2222800,104.217659
2015-08-24,104.470001,109.279999,103.089996,105.349998,2321900,105.035208
2015-08-21,111.919998,112.169998,109.739998,109.900002,1448900,109.571616
2015-08-20,114.080002,114.849998,112.57,112.620003,1211900,112.28349
2015-08-19,115.120003,115.720001,114.540001,114.860001,633400,114.516794
2015-08-18,116.019997,116.699997,115.57,115.900002,577700,115.553688
2015-08-17,116.150002,116.650002,115.290001,116.349998,817500,116.00234
2015-08-14,115.50,116.550003,115.080002,116.480003,697200,116.131956
2015-08-13,115.25,115.849998,114.330002,115.279999,626500,114.935537
2015-08-12,115.389999,115.860001,114.190002,115.040001,1180700,114.696257
2015-08-11,115.339996,116.150002,114.669998,115.93,1129800,115.583597
2015-08-10,115.050003,116.589996,114.720001,116.589996,774300,116.241621
2015-08-07,116.129997,116.50,114.139999,114.360001,889100,114.018288
2015-08-06,116.540001,117.18,115.949997,116.309998,743600,115.962459
2015-08-05,116.739998,117.690002,115.93,116.75,843100,116.401146
2015-08-04,115.889999,115.970001,114.989998,115.32,685000,114.975419
2015-08-03,115.25,115.980003,114.660004,115.279999,1022500,114.935537
2015-07-31,116.50,116.959999,115.559998,115.809998,923000,115.463953
2015-07-30,115.339996,116.25,115.209999,116.099998,893000,115.753087
2015-07-29,113.879997,115.779999,113.050003,115.32,1281400,114.975419
2015-07-28,108.379997,114.279999,108.239998,113.769997,2405000,113.430047
2015-07-27,109.00,109.099998,107.720001,108.389999,1841900,108.066126
2015-07-24,111.239998,111.239998,109.139999,109.529999,999200,109.202719
2015-07-23,111.949997,112.330002,111.18,111.239998,879000,110.907608
2015-07-22,112.440002,112.879997,111.769997,111.849998,924200,111.515786
2015-07-21,112.989998,113.419998,111.889999,112.57,941600,112.233636
2015-07-20,112.709999,113.610001,112.379997,112.769997,1178800,112.433035
2015-07-17,114.470001,114.860001,112.080002,112.779999,1532300,112.443008
2015-07-16,115.07,115.279999,114.169998,114.699997,825100,114.357269
2015-07-15,114.709999,115.480003,114.199997,114.599998,1110400,114.257569
2015-07-14,113.610001,114.910004,113.18,114.699997,856500,114.357269
2015-07-13,113.260002,113.82,112.879997,113.730003,494200,113.390174
2015-07-10,111.769997,112.449997,111.470001,112.279999,543100,111.944502
2015-07-09,112.209999,112.209999,110.580002,110.610001,751200,110.279493
2015-07-08,111.32,111.510002,110.400002,110.620003,1190200,110.289466
2015-07-07,111.900002,112.379997,110.459999,112.18,945300,111.844802
2015-07-06,111.650002,113.019997,111.309998,111.900002,901600,111.56564
2015-07-02,113.779999,113.849998,112.150002,112.809998,816600,112.472917
2015-07-01,113.669998,114.00,112.949997,113.199997,886300,112.861751
2015-06-30,113.690002,114.00,112.650002,113.07,1608500,112.732142
2015-06-29,114.800003,115.239998,112.889999,112.93,1197600,112.592561
2015-06-26,116.449997,116.550003,115.559998,115.730003,771600,115.384197
2015-06-25,116.25,116.959999,115.699997,115.959999,710500,115.613506
2015-06-24,117.019997,117.379997,116.239998,116.260002,683200,115.912613
2015-06-23,117.959999,117.959999,116.900002,117.220001,655300,116.869743
2015-06-22,117.540001,118.089996,117.239998,117.730003,997300,117.378221
2015-06-19,117.459999,118.269997,117.050003,117.169998,2385300,116.819889
2015-06-18,115.629997,117.540001,115.379997,117.220001,1263900,116.869743
2015-06-17,115.00,115.440002,114.029999,115.040001,1024800,114.696257
2015-06-16,113.849998,114.620003,113.540001,114.449997,965800,114.108016
2015-06-15,114.00,114.139999,113.349998,113.879997,1023600,113.539719
2015-06-12,115.279999,115.279999,114.160004,114.260002,687500,113.918589
2015-06-11,115.93,116.279999,115.599998,115.709999,780500,115.035239
2015-06-10,114.230003,115.790001,114.07,115.610001,810800,114.935823
2015-06-09,113.900002,114.330002,113.230003,113.660004,959200,112.997198
2015-06-08,113.989998,114.459999,113.580002,113.599998,660400,112.937542
2015-06-05,113.559998,114.480003,113.330002,114.010002,789300,113.345155
2015-06-04,115.580002,115.82,113.900002,114.019997,860700,113.355091
2015-06-03,115.980003,116.580002,115.489998,116.360001,899000,115.68145
2015-06-02,114.230003,116.300003,114.230003,115.669998,949400,114.995471
2015-06-01,114.989998,115.510002,114.110001,115.059998,1149900,114.389027
2015-05-29,114.949997,115.010002,114.080002,114.650002,2303500,113.981422
2015-05-28,113.879997,114.839996,113.790001,114.800003,1350400,114.130549
2015-05-27,113.82,114.629997,113.589996,114.449997,1115200,113.782584
2015-05-26,114.910004,114.93,113.449997,113.82,862200,113.156261
2015-05-22,115.610001,116.110001,115.099998,115.260002,998200,114.587866
2015-05-21,115.440002,116.309998,115.349998,116.040001,854200,115.363316
2015-05-20,116.00,116.139999,115.339996,115.57,800600,114.896056
2015-05-19,116.25,116.300003,115.43,115.730003,1134200,115.055126
2015-05-18,115.68,116.120003,115.470001,115.849998,756800,115.174422
2015-05-15,116.00,116.230003,115.059998,116.120003,870700,115.442851
2015-05-14,114.839996,116.00,114.330002,115.989998,855000,115.313605
2015-05-13,113.57,114.440002,113.190002,114.010002,1020100,113.345155
2015-05-12,112.980003,113.860001,112.519997,113.449997,976500,112.788416
2015-05-11,114.330002,114.760002,113.449997,113.580002,1191300,112.917662
2015-05-08,112.529999,115.57,112.339996,114.790001,932800,114.120605
2015-05-07,112.300003,113.389999,112.099998,113.279999,954600,112.619409
2015-05-06,112.800003,113.190002,112.019997,112.50,1596500,111.843958
2015-05-05,114.410004,114.870003,112.120003,112.360001,1342400,111.704776
2015-05-04,114.25,114.669998,113.699997,113.970001,1085700,113.305387
2015-05-01,112.279999,114.040001,112.080002,113.949997,1500300,113.2855
2015-04-30,114.07,114.209999,111.839996,111.980003,1766800,111.326994
2015-04-29,112.559998,114.639999,111.580002,114.410004,2125400,113.742824
2015-04-28,113.82,114.379997,110.029999,112.970001,3208600,112.311219
2015-04-27,116.190002,116.489998,115.540001,116.089996,1533200,115.41302
2015-04-24,115.889999,116.139999,115.25,115.589996,699600,114.915936
2015-04-23,116.010002,116.410004,115.629997,115.849998,505200,115.174422
2015-04-22,115.879997,116.059998,115.050003,116.050003,1109400,115.37326
2015-04-21,116.230003,116.629997,115.459999,115.879997,981800,115.204245
2015-04-20,115.980003,116.440002,115.650002,116.150002,857500,115.472675
