Date,Open,High,Low,Close,Volume,Adj Close
2015-10-09,63.610001,63.93,62.91,63.139999,1675900,63.139999
2015-10-08,62.740002,63.91,62.740002,63.720001,1571100,63.720001
2015-10-07,63.25,63.400002,62.66,62.939999,2143600,62.939999
2015-10-06,63.599998,63.75,62.450001,63.040001,2461100,63.040001
2015-10-05,63.330002,63.84,62.720001,63.68,1920100,63.68
2015-10-02,62.709999,63.139999,62.040001,63.119999,1589200,63.119999
2015-10-01,63.080002,63.259998,61.369999,62.18,2588100,62.18
2015-09-30,62.099998,63.150002,61.91,63.07,2433800,63.07
2015-09-29,61.580002,62.130001,61.299999,61.790001,1657500,61.790001
2015-09-28,61.790001,62.389999,61.52,61.630001,2008200,61.630001
2015-09-25,61.869999,63.049999,61.57,62.330002,2448800,61.912002
2015-09-24,60.810001,61.939999,60.759998,61.810001,2034800,61.395489
2015-09-23,60.830002,61.209999,60.369999,61.080002,2171000,60.670385
2015-09-22,61.150002,61.52,60.59,60.849998,2148400,60.441924
2015-09-21,61.470001,62.060001,61.169998,61.610001,2764100,61.196829
2015-09-18,59.939999,62.16,59.880001,61.290001,3917500,60.878976
2015-09-17,59.779999,61.84,59.549999,61.099998,4289700,60.690247
2015-09-16,59.23,59.889999,59.16,59.709999,2561200,59.30957
2015-09-15,58.259998,59.310001,57.900002,59.16,2860000,58.763259
2015-09-14,58.02,58.459999,57.790001,58.220001,1600200,57.829564
2015-09-11,56.84,57.93,56.689999,57.919998,1650200,57.531573
2015-09-10,57.299999,57.93,57.029999,57.240002,2153900,56.856137
2015-09-09,58.16,58.32,57.130001,57.290001,2020700,56.905801
2015-09-08,57.82,58.360001,57.349998,57.869999,1936700,57.481909
2015-09-04,57.029999,57.48,56.68,57.049999,2339300,56.667408
2015-09-03,57.580002,58.09,57.349998,57.610001,1919500,57.223654
2015-09-02,57.779999,57.889999,57.060001,57.540001,2752600,57.154124
2015-09-01,57.869999,58.16,56.880001,57.209999,2028800,56.826335
2015-08-31,59.41,59.450001,57.900002,58.48,2038900,58.087819
2015-08-28,59.830002,60.200001,58.860001,59.639999,1532600,59.240039
2015-08-27,59.560001,60.189999,59.099998,59.869999,2824800,59.468496
2015-08-26,58.060001,58.880001,57.279999,58.700001,2978900,58.306345
2015-08-25,60.310001,60.509998,57.41,57.490002,4176700,57.10446
2015-08-24,61.669998,62.810001,59.32,59.68,7175600,59.279772
2015-08-21,61.23,63.18,60.77,62.139999,4400000,61.723274
2015-08-20,61.509998,62.639999,61.299999,61.740002,2576400,61.325959
2015-08-19,61.18,62.189999,60.900002,61.939999,2795100,61.524614
2015-08-18,61.459999,61.740002,60.939999,61.23,1898400,60.819377
2015-08-17,60.970001,61.860001,60.48,61.740002,1584100,61.325959
2015-08-14,60.540001,61.209999,60.240002,61.139999,1783000,60.72998
2015-08-13,60.459999,60.779999,59.970001,60.59,2140000,60.183669
2015-08-12,59.00,61.169998,58.66,60.689999,4666600,60.282997
2015-08-11,59.209999,59.970001,58.41,59.00,4864900,58.604332
2015-08-10,61.00,61.150002,59.470001,59.540001,3271300,59.140712
2015-08-07,60.439999,61.27,59.919998,61.009998,2219000,60.600851
2015-08-06,60.099998,60.630001,59.490002,60.599998,2441300,60.1936
2015-08-05,59.98,60.240002,59.650002,59.860001,1375600,59.458565
2015-08-04,60.009998,60.049999,59.50,59.669998,1403600,59.269837
2015-08-03,60.049999,60.639999,59.889999,60.150002,1855600,59.746621
2015-07-31,59.700001,61.240002,59.700001,60.009998,2500700,59.607557
2015-07-30,58.84,59.759998,58.639999,59.529999,1162200,59.130776
2015-07-29,58.75,59.099998,58.34,59.080002,1718100,58.683797
2015-07-28,58.869999,59.07,58.32,58.880001,2066200,58.485138
2015-07-27,57.43,58.990002,57.43,58.93,2618100,58.534802
2015-07-24,57.650002,58.00,57.41,57.650002,2198200,57.263387
2015-07-23,58.220001,58.509998,57.189999,57.75,1723800,57.362715
2015-07-22,58.009998,58.82,57.98,58.400002,2435200,58.008357
2015-07-21,58.189999,58.299999,57.830002,57.990002,1807600,57.601107
2015-07-20,58.43,58.43,57.919998,58.189999,1403000,57.799763
2015-07-17,59.169998,59.169998,58.470001,58.540001,1475500,58.147418
2015-07-16,58.209999,59.189999,58.150002,59.139999,2321900,58.743392
2015-07-15,57.849998,58.150002,57.360001,58.110001,1337500,57.720301
2015-07-14,57.830002,58.310001,57.779999,57.939999,1838800,57.551439
2015-07-13,58.099998,58.43,57.439999,57.720001,2305700,57.332917
2015-07-10,57.48,58.34,57.18,57.950001,1567000,57.561374
2015-07-09,58.25,58.509998,57.380001,57.580002,1935000,57.193857
2015-07-08,58.529999,59.099998,58.040001,58.25,1938800,57.859362
2015-07-07,58.07,59.110001,57.810001,58.830002,2545200,58.435474
2015-07-06,57.380001,57.84,56.889999,57.599998,2128400,57.213719
2015-07-02,56.669998,57.75,56.669998,57.549999,3146200,57.164055
2015-07-01,55.75,56.41,55.52,56.400002,2402100,56.02177
2015-06-30,55.75,55.84,55.330002,55.580002,2326400,55.207269
2015-06-29,56.189999,56.669998,55.66,55.68,2642800,55.306597
2015-06-26,55.810001,56.419998,55.639999,56.23,4130500,55.852908
2015-06-25,56.34,56.41,55.709999,56.00,4512800,55.209254
2015-06-24,57.689999,57.91,55.18,56.07,6909500,55.278266
2015-06-23,58.200001,58.48,57.349998,57.630001,2242200,56.816239
2015-06-22,58.16,58.91,58.16,58.380001,2389600,57.555649
2015-06-19,58.889999,59.43,58.529999,58.610001,2303300,57.7824
2015-06-18,58.049999,59.200001,58.029999,58.860001,1965300,58.02887
2015-06-17,57.540001,58.130001,57.25,57.990002,1657400,57.171156
2015-06-16,57.299999,57.810001,57.099998,57.580002,1371000,56.766946
2015-06-15,57.240002,57.48,56.880001,57.360001,1674200,56.550051
2015-06-12,57.50,57.869999,57.169998,57.200001,1085900,56.39231
2015-06-11,57.990002,58.220001,57.610001,57.869999,1183600,57.052848
2015-06-10,57.619999,58.07,57.34,57.419998,1831300,56.609201
2015-06-09,57.43,57.599998,57.25,57.259998,1157300,56.451461
2015-06-08,57.689999,57.82,57.360001,57.52,1775500,56.707792
2015-06-05,58.00,58.34,57.50,57.68,1807400,56.865532
2015-06-04,58.169998,59.09,58.169998,58.84,1811900,58.009152
2015-06-03,59.490002,59.540001,58.09,58.619999,2113900,57.792258
2015-06-02,60.380001,60.470001,59.18,59.540001,1919100,58.699269
2015-06-01,60.91,61.220001,60.740002,60.779999,1253400,59.921757
2015-05-29,61.060001,61.34,60.740002,60.810001,2414400,59.951336
2015-05-28,60.830002,61.25,60.580002,61.049999,1766400,60.187945
2015-05-27,60.48,60.919998,60.310001,60.779999,1625400,59.921757
2015-05-26,60.709999,60.759998,59.91,60.459999,1745800,59.606276
2015-05-22,60.810001,60.939999,60.220001,60.740002,919500,59.882325
2015-05-21,60.830002,61.110001,60.509998,60.830002,1171700,59.971054
2015-05-20,60.709999,61.34,60.490002,60.810001,1255300,59.951336
2015-05-19,60.459999,60.98,60.220001,60.580002,1399100,59.724584
2015-05-18,60.16,61.049999,60.110001,60.77,1397900,59.9119
2015-05-15,59.900002,60.619999,59.599998,60.439999,2472900,59.586558
2015-05-14,59.09,59.759998,59.049999,59.75,2047300,58.906303
2015-05-13,59.599998,60.060001,58.57,58.84,2090200,58.009152
2015-05-12,59.849998,59.970001,58.98,59.52,3177000,58.679551
2015-05-11,60.43,61.419998,60.16,60.27,1391700,59.41896
2015-05-08,60.950001,61.25,60.310001,60.669998,2603400,59.81331
2015-05-07,59.869999,60.50,59.73,60.139999,2258100,59.290795
2015-05-06,60.240002,60.360001,59.049999,59.599998,2319600,58.758419
2015-05-05,61.639999,61.779999,60.080002,60.369999,1925800,59.517547
2015-05-04,61.599998,62.310001,61.290001,61.919998,2439100,61.045659
2015-05-01,61.02,61.59,60.50,61.540001,2241600,60.671028
2015-04-30,61.869999,61.93,60.419998,60.939999,3235900,60.079498
2015-04-29,62.830002,62.970001,61.330002,62.009998,4306400,61.134389
2015-04-28,60.82,61.939999,60.720001,61.66,2384600,60.789332
2015-04-27,61.889999,61.900002,60.639999,61.009998,2091600,60.148509
2015-04-24,60.450001,61.869999,60.279999,61.580002,2769500,60.710464
2015-04-23,60.009998,60.73,59.889999,60.439999,3384600,59.586558
2015-04-22,60.549999,60.810001,59.779999,60.009998,4858100,59.16263
2015-04-21,61.650002,62.080002,60.369999,60.50,3722800,59.645712
2015-04-20,60.52,62.279999,60.52,61.650002,2949300,60.779475
2015-04-17,61.360001,61.970001,60.77,61.07,3245000,60.207663
2015-04-16,62.389999,62.509998,61.09,61.68,3399500,60.80905
2015-04-15,63.110001,63.59,62.389999,62.490002,1990100,61.607614
2015-04-14,62.91,63.330002,62.68,62.990002,1697500,62.100554
2015-04-13,63.57,63.580002,62.700001,62.810001,1430500,61.923095
