Date,Open,High,Low,Close,Volume,Adj Close
2015-10-15,83.790001,84.959999,83.790001,84.349998,1820500,84.349998
2015-10-14,83.160004,83.540001,82.769997,83.129997,978800,83.129997
2015-10-13,84.059998,84.190002,82.949997,83.050003,1354100,83.050003
2015-10-12,84.459999,84.68,83.860001,84.529999,938900,84.529999
2015-10-09,83.959999,84.68,83.870003,84.449997,1486300,84.449997
2015-10-08,82.739998,83.970001,82.309998,83.910004,1232800,83.910004
2015-10-07,83.120003,83.809998,82.870003,82.980003,1944100,82.980003
2015-10-06,83.07,83.389999,82.559998,83.080002,2063000,83.080002
2015-10-05,81.900002,83.199997,81.43,83.080002,1488900,83.080002
2015-10-02,80.190002,81.269997,79.489998,81.230003,2355800,81.230003
2015-10-01,80.459999,81.169998,80.190002,80.949997,2742900,80.949997
2015-09-30,79.739998,80.760002,79.370003,80.68,2813400,80.68
2015-09-29,77.330002,78.870003,77.050003,78.730003,2326900,78.730003
2015-09-28,78.809998,79.57,77.120003,77.190002,2614400,77.190002
2015-09-25,79.699997,80.879997,79.160004,79.769997,2014100,79.769997
2015-09-24,77.769997,78.709999,77.059998,78.540001,1683800,78.540001
2015-09-23,77.489998,78.419998,77.230003,78.349998,1887700,78.349998
2015-09-22,77.449997,77.860001,77.019997,77.349998,1154000,77.349998
2015-09-21,78.199997,78.900002,77.949997,78.510002,1824900,78.510002
2015-09-18,78.230003,78.989998,77.529999,77.639999,2446100,77.639999
2015-09-17,78.099998,79.860001,77.860001,78.860001,2000200,78.860001
2015-09-16,77.400002,78.419998,77.260002,78.110001,1276600,78.110001
2015-09-15,76.32,77.730003,76.07,77.400002,1428700,77.400002
2015-09-14,76.830002,76.860001,75.610001,76.379997,1241600,76.379997
2015-09-11,75.82,76.440002,75.400002,76.419998,1847000,76.419998
2015-09-10,76.239998,76.800003,75.699997,76.010002,2051500,76.010002
2015-09-09,78.370003,78.540001,76.309998,76.459999,1927300,76.459999
2015-09-08,78.370003,78.510002,76.989998,77.650002,2217200,77.650002
2015-09-04,78.620003,79.129997,77.080002,77.349998,2044900,77.349998
2015-09-03,78.730003,79.699997,78.730003,79.269997,2467800,79.269997
2015-09-02,78.080002,78.75,77.68,78.739998,1385800,78.739998
2015-09-01,78.300003,78.550003,76.870003,77.230003,2843300,77.230003
2015-08-31,80.110001,80.389999,79.50,79.769997,1679600,79.769997
2015-08-28,79.800003,80.379997,79.550003,80.349998,1889600,80.349998
2015-08-27,79.040001,80.449997,78.610001,80.07,2418900,80.07
2015-08-26,77.519997,78.620003,76.43,78.400002,2618700,78.160001
2015-08-25,78.540001,78.830002,75.650002,75.730003,3798800,75.498176
2015-08-24,75.660004,78.260002,73.669998,76.559998,5634100,76.325629
2015-08-21,81.50,81.970001,79.769997,79.830002,3004400,79.585623
2015-08-20,83.00,83.209999,82.110001,82.18,2227500,81.928428
2015-08-19,83.489998,84.480003,83.040001,83.419998,2705100,83.16463
2015-08-18,83.18,85.220001,82.599998,83.82,6233700,83.563407
2015-08-17,86.849998,88.00,82.709999,82.800003,11082200,82.546533
2015-08-14,89.220001,89.459999,88.209999,88.82,3324700,88.548101
2015-08-13,88.870003,90.470001,88.459999,89.809998,2209100,89.535068
2015-08-12,89.43,89.43,87.25,88.839996,2029100,88.568036
2015-08-11,89.00,90.349998,88.900002,90.279999,2447200,90.00363
2015-08-10,91.459999,91.68,89.760002,89.889999,1934600,89.614825
2015-08-07,90.040001,90.720001,89.139999,90.470001,1664800,90.193051
2015-08-06,91.18,91.449997,89.989998,90.040001,1279100,89.764367
2015-08-05,90.830002,91.25,90.50,91.010002,1398000,90.731399
2015-08-04,89.50,90.760002,89.129997,90.190002,956400,89.91391
2015-08-03,89.199997,89.870003,88.760002,89.510002,1181200,89.235991
2015-07-31,89.839996,89.980003,88.980003,89.110001,1278000,88.837214
2015-07-30,89.089996,89.800003,88.610001,89.529999,845200,89.255926
2015-07-29,87.970001,89.839996,87.970001,89.620003,1195600,89.345655
2015-07-28,87.150002,88.120003,87.150002,88.019997,1356800,87.750547
2015-07-27,88.080002,88.470001,86.629997,86.870003,1694100,86.604073
2015-07-24,89.199997,89.489998,88.160004,88.400002,902000,88.129388
2015-07-23,89.519997,89.660004,88.949997,89.150002,764900,88.877092
2015-07-22,89.110001,89.75,88.580002,89.32,864400,89.04657
2015-07-21,88.650002,89.769997,88.010002,89.239998,1174800,88.966813
2015-07-20,88.690002,89.099998,88.260002,88.529999,1456000,88.258988
2015-07-17,89.239998,89.269997,88.519997,88.68,1347100,88.40853
2015-07-16,90.029999,90.370003,89.25,89.309998,1932600,89.036599
2015-07-15,88.879997,89.949997,88.809998,89.419998,1496900,89.146263
2015-07-14,89.279999,89.629997,88.550003,89.199997,1278900,88.926935
2015-07-13,88.260002,89.309998,88.00,89.18,1265500,88.906999
2015-07-10,87.209999,87.730003,87.00,87.419998,951000,87.152385
2015-07-09,87.300003,87.57,86.050003,86.220001,1298800,85.956062
2015-07-08,87.190002,87.769997,86.110001,86.199997,2287900,85.936119
2015-07-07,87.160004,88.400002,86.650002,88.239998,1643100,87.969874
2015-07-06,86.870003,87.629997,86.50,86.93,1379100,86.663887
2015-07-02,87.970001,88.349998,87.360001,87.519997,1064700,87.252077
2015-07-01,87.110001,87.690002,86.949997,87.669998,991600,87.40162
2015-06-30,86.620003,86.900002,85.989998,86.660004,1556300,86.394717
2015-06-29,87.43,87.559998,85.980003,86.050003,1611100,85.786584
2015-06-26,87.080002,88.029999,86.839996,88.00,1995800,87.730611
2015-06-25,87.779999,87.800003,86.550003,86.75,1747700,86.484438
2015-06-24,87.730003,87.910004,87.25,87.480003,1180800,87.212207
2015-06-23,88.129997,88.669998,87.690002,87.709999,870800,87.441498
2015-06-22,88.610001,89.489998,88.190002,88.330002,758600,88.059603
2015-06-19,88.07,88.849998,87.980003,88.32,968300,88.049631
2015-06-18,88.339996,89.00,88.260002,88.339996,1363000,88.069567
2015-06-17,87.919998,88.199997,87.050003,87.910004,1132400,87.64089
2015-06-16,86.769997,88.190002,86.440002,87.830002,1455000,87.561134
2015-06-15,86.410004,86.760002,86.160004,86.449997,1146500,86.185353
2015-06-12,87.639999,87.82,86.779999,86.989998,1026000,86.723701
2015-06-11,88.379997,88.650002,87.540001,87.690002,1192100,87.421563
2015-06-10,88.370003,88.949997,88.019997,88.349998,1143300,88.079538
2015-06-09,87.470001,88.309998,87.459999,87.949997,1329700,87.680761
2015-06-08,87.529999,88.029999,87.190002,87.529999,1381100,87.262049
2015-06-05,87.389999,87.790001,86.870003,87.459999,1363200,87.192263
2015-06-04,87.129997,87.709999,86.949997,87.389999,1487700,87.122478
2015-06-03,87.50,87.760002,87.040001,87.360001,1316800,87.092571
2015-06-02,87.25,87.839996,87.059998,87.260002,1035900,86.992879
2015-06-01,88.010002,88.169998,86.610001,87.730003,1044000,87.461441
2015-05-29,88.769997,88.769997,87.43,87.43,1676700,87.162357
2015-05-28,88.459999,88.620003,87.800003,88.459999,1033600,88.189202
2015-05-27,88.470001,89.120003,88.110001,88.769997,1028800,88.498251
2015-05-26,89.980003,89.989998,88.040001,88.480003,2315100,87.969883
2015-05-22,89.400002,90.330002,89.260002,90.220001,1578000,89.699849
2015-05-21,88.980003,89.529999,88.519997,89.349998,1453300,88.834862
2015-05-20,89.330002,89.879997,89.059998,89.080002,1217400,88.566422
2015-05-19,89.019997,89.620003,88.419998,89.57,1287800,89.053595
2015-05-18,88.620003,89.519997,88.620003,89.169998,1034900,88.655899
2015-05-15,89.589996,89.589996,88.269997,88.949997,1750000,88.437167
2015-05-14,88.160004,89.510002,88.120003,89.389999,2668900,88.874632
2015-05-13,87.769997,88.239998,87.290001,87.540001,1188700,87.0353
2015-05-12,87.529999,88.160004,87.300003,87.589996,1379600,87.085007
2015-05-11,88.290001,88.940002,87.739998,87.919998,2293500,87.413106
2015-05-08,88.860001,89.199997,88.010002,88.419998,2032000,87.910223
2015-05-07,86.970001,89.07,86.519997,88.330002,2774700,87.820746
2015-05-06,86.959999,88.040001,86.279999,87.419998,2482400,86.915989
2015-05-05,87.720001,89.839996,86.550003,86.900002,5943800,86.39899
2015-05-04,82.940002,83.809998,82.669998,83.540001,2208100,83.058361
2015-05-01,81.959999,82.809998,81.50,82.769997,1296100,82.292796
2015-04-30,82.360001,82.75,81.080002,81.290001,1384200,80.821333
2015-04-29,82.870003,83.50,82.330002,82.440002,1718400,81.964705
2015-04-28,82.769997,83.18,82.480003,82.949997,863800,82.471759
2015-04-27,83.209999,84.150002,83.059998,83.169998,1364000,82.690492
2015-04-24,82.529999,82.800003,82.080002,82.260002,762400,81.785742
2015-04-23,82.220001,82.919998,82.220001,82.449997,1012500,81.974642
2015-04-22,83.029999,83.25,82.029999,82.419998,1177100,81.944816
2015-04-21,83.220001,83.300003,82.480003,82.730003,1241500,82.253034
2015-04-20,83.419998,83.580002,82.309998,82.540001,1391600,82.064127
