Date,Open,High,Low,Close,Volume,Adj Close
2015-10-09,27.25,28.129999,27.120001,27.860001,50293700,27.860001
2015-10-08,27.049999,27.440001,26.27,27.18,77698100,27.18
2015-10-07,25.93,26.08,25.57,25.959999,13439900,25.959999
2015-10-06,25.34,25.870001,25.27,25.809999,12958300,25.809999
2015-10-05,24.76,25.34,24.76,25.309999,17686500,25.309999
2015-10-02,23.76,24.719999,23.709999,24.690001,21737400,24.690001
2015-10-01,24.10,24.27,24.02,24.209999,16193800,24.209999
2015-09-30,23.42,24.190001,23.35,24.16,22167100,24.16
2015-09-29,23.290001,23.440001,22.99,23.129999,20434500,23.129999
2015-09-28,23.629999,23.67,23.43,23.51,13574900,23.395001
2015-09-25,23.950001,24.040001,23.629999,23.780001,11745300,23.66368
2015-09-24,23.65,23.870001,23.290001,23.76,9235500,23.643778
2015-09-23,23.74,23.889999,23.610001,23.82,8632100,23.703484
2015-09-22,23.959999,23.99,23.610001,23.76,10623100,23.643778
2015-09-21,24.190001,24.459999,24.059999,24.15,15808800,24.03187
2015-09-18,24.40,24.459999,24.01,24.09,17650600,23.972164
2015-09-17,24.709999,25.10,24.58,24.700001,15239300,24.57918
2015-09-16,24.559999,24.940001,24.42,24.860001,10106700,24.738398
2015-09-15,24.40,24.610001,24.25,24.540001,10467100,24.419963
2015-09-14,24.559999,24.700001,24.10,24.35,18900300,24.230892
2015-09-11,23.76,24.90,23.68,24.60,16287700,24.479669
2015-09-10,23.93,24.139999,23.690001,23.91,11336700,23.793044
2015-09-09,24.60,24.66,23.870001,23.91,13463600,23.793044
2015-09-08,24.08,24.309999,23.969999,24.24,14214200,24.121429
2015-09-04,23.74,24.00,23.51,23.67,14802800,23.554218
2015-09-03,24.26,24.440001,24.030001,24.17,10112100,24.051772
2015-09-02,24.389999,24.40,23.93,24.129999,18001500,24.011967
2015-09-01,24.299999,24.67,23.870001,24.01,19224000,23.892555
2015-08-31,24.84,25.190001,24.59,24.870001,19088300,24.748349
2015-08-28,24.860001,25.030001,24.73,24.959999,14423500,24.837907
2015-08-27,24.50,25.030001,24.48,25.02,23384200,24.897615
2015-08-26,23.790001,24.290001,23.200001,24.18,41190400,24.061723
2015-08-25,24.549999,24.549999,22.66,22.67,29736300,22.559109
2015-08-24,23.82,24.559999,23.32,23.76,32698700,23.643778
2015-08-21,25.52,25.879999,25.040001,25.059999,17617700,24.937418
2015-08-20,25.91,26.049999,25.68,25.700001,10931100,25.574289
2015-08-19,26.26,26.450001,25.99,26.15,10879100,26.022087
2015-08-18,26.67,26.75,26.34,26.42,10438900,26.290766
2015-08-17,26.42,26.959999,26.309999,26.950001,10151300,26.818174
2015-08-14,26.25,26.73,26.25,26.620001,10516000,26.489789
2015-08-13,26.459999,26.59,26.129999,26.370001,8840400,26.241012
2015-08-12,26.33,26.41,25.879999,26.379999,12624000,26.250961
2015-08-11,27.02,27.07,26.290001,26.49,14949700,26.360424
2015-08-10,27.360001,27.49,27.01,27.32,10720200,27.186364
2015-08-07,27.139999,27.469999,27.040001,27.24,12071300,27.106755
2015-08-06,27.18,28.00,27.110001,27.209999,34007600,27.076901
2015-08-05,26.200001,27.049999,25.93,26.85,28823300,26.718663
2015-08-04,26.23,26.27,25.84,26.01,14249100,25.882772
2015-08-03,26.620001,26.76,26.18,26.34,13219500,26.211158
2015-07-31,26.93,27.120001,26.790001,26.889999,12269600,26.758467
2015-07-30,26.690001,26.82,26.48,26.780001,10004500,26.649006
2015-07-29,26.690001,26.84,26.379999,26.68,13484500,26.549495
2015-07-28,26.110001,26.91,25.99,26.780001,22631100,26.649006
2015-07-27,25.42,26.09,25.40,26.040001,22798300,25.912626
2015-07-24,25.969999,26.01,25.450001,25.620001,13394600,25.49468
2015-07-23,25.690001,26.389999,25.65,25.969999,24515500,25.842967
2015-07-22,24.76,25.790001,24.74,25.379999,35796600,25.255853
2015-07-21,24.889999,25.18,24.799999,24.93,15489600,24.808055
2015-07-20,25.280001,25.309999,24.959999,24.98,12441300,24.85781
2015-07-17,25.219999,25.360001,25.10,25.26,13433800,25.136441
2015-07-16,25.25,25.41,25.10,25.209999,10997400,25.086684
2015-07-15,25.110001,25.450001,25.049999,25.139999,14716100,25.017027
2015-07-14,25.83,25.91,25.08,25.120001,28529400,24.997126
2015-07-13,26.00,26.01,25.83,25.950001,10456800,25.823066
2015-07-10,25.92,25.99,25.629999,25.790001,8226500,25.663849
2015-07-09,26.059999,26.209999,25.549999,25.639999,15597300,25.514581
2015-07-08,26.41,26.48,25.83,25.889999,19001400,25.763358
2015-07-07,26.10,26.610001,25.90,26.60,13554500,26.469886
2015-07-06,26.200001,26.360001,26.040001,26.309999,11466900,26.181304
2015-07-02,26.50,26.66,26.42,26.50,7266600,26.370375
2015-07-01,26.459999,26.540001,26.08,26.42,13987600,26.290766
2015-06-30,26.15,26.549999,26.059999,26.389999,18315100,26.260912
2015-06-29,26.129999,26.379999,25.969999,25.99,13783800,25.862869
2015-06-26,26.780001,26.940001,26.43,26.450001,15957900,26.206182
2015-06-25,27.50,27.530001,27.040001,27.040001,10727300,26.790744
2015-06-24,27.42,27.73,27.360001,27.450001,14586400,27.196964
2015-06-23,27.299999,27.49,27.129999,27.459999,8047000,27.20687
2015-06-22,27.17,27.389999,27.129999,27.299999,9522700,27.048345
2015-06-19,27.290001,27.33,26.99,27.07,20274500,26.820466
2015-06-18,27.25,27.49,27.17,27.40,11807300,27.147424
2015-06-17,27.190001,27.370001,27.15,27.25,9987100,26.998807
2015-06-16,26.940001,27.16,26.83,27.129999,8125400,26.879912
2015-06-15,26.620001,27.01,26.42,26.940001,12819600,26.691665
2015-06-12,27.24,27.26,26.940001,27.07,6935500,26.820466
2015-06-11,27.110001,27.459999,27.02,27.299999,14030300,27.048345
2015-06-10,26.709999,27.07,26.610001,27.00,9861900,26.751111
2015-06-09,26.709999,26.950001,26.540001,26.709999,10577000,26.463784
2015-06-08,27.33,27.33,26.57,26.66,19240800,26.414245
2015-06-05,26.940001,27.49,26.92,27.34,17212100,27.087977
2015-06-04,26.799999,27.18,26.790001,27.01,15970000,26.761019
2015-06-03,26.74,27.08,26.639999,27.049999,13366600,26.80065
2015-06-02,26.51,26.93,26.469999,26.620001,7693800,26.374615
2015-06-01,26.52,26.790001,26.41,26.68,10605400,26.434061
2015-05-29,26.469999,26.540001,26.23,26.34,22175900,26.097195
2015-05-28,26.58,26.65,26.469999,26.52,8707600,26.275537
2015-05-27,26.370001,26.709999,26.26,26.690001,10583200,26.44397
2015-05-26,26.73,26.73,26.110001,26.290001,24159300,26.047657
2015-05-22,26.68,27.049999,26.50,26.84,9766500,26.592586
2015-05-21,26.52,26.83,26.450001,26.790001,15748000,26.543048
2015-05-20,26.889999,26.889999,26.309999,26.639999,15919800,26.394429
2015-05-19,26.690001,26.98,26.620001,26.860001,10303900,26.612403
2015-05-18,26.83,26.879999,26.690001,26.780001,7242500,26.53314
2015-05-15,27.02,27.08,26.780001,26.879999,9584100,26.632217
2015-05-14,26.74,27.040001,26.709999,27.030001,7633100,26.780836
2015-05-13,26.65,26.719999,26.459999,26.52,11660900,26.275537
2015-05-12,26.629999,26.690001,26.450001,26.52,9041400,26.275537
2015-05-11,26.82,26.959999,26.74,26.82,7688600,26.57277
2015-05-08,26.51,26.93,26.469999,26.93,19448000,26.681757
2015-05-07,26.15,26.26,25.969999,26.18,13883900,25.938671
2015-05-06,26.52,26.629999,25.959999,26.129999,15159300,25.88913
2015-05-05,27.030001,27.120001,26.459999,26.48,11820400,26.235904
2015-05-04,27.120001,27.370001,27.02,27.190001,9964600,26.93936
2015-05-01,27.00,27.15,26.879999,27.120001,12582300,26.870006
2015-04-30,26.91,27.129999,26.73,26.91,14429000,26.661941
2015-04-29,26.91,27.209999,26.84,27.08,11064000,26.830374
2015-04-28,26.49,27.15,26.450001,27.049999,15980400,26.80065
2015-04-27,26.450001,26.790001,26.40,26.59,12388700,26.344891
2015-04-24,26.65,26.709999,26.389999,26.50,10813400,26.25572
2015-04-23,26.809999,26.889999,26.450001,26.59,18837700,26.344891
2015-04-22,26.85,27.559999,26.65,27.129999,34931700,26.879912
2015-04-21,26.93,27.129999,26.32,26.32,17418000,26.077379
2015-04-20,26.83,26.860001,26.58,26.780001,15581200,26.53314
2015-04-17,26.27,26.74,26.16,26.610001,28703400,26.364707
2015-04-16,26.16,26.27,25.950001,26.049999,13225400,25.809868
2015-04-15,26.280001,26.379999,26.139999,26.219999,16826800,25.978301
2015-04-14,25.92,26.299999,25.91,26.200001,13629500,25.958487
2015-04-13,25.83,26.139999,25.790001,25.950001,20450300,25.710791
