Date,Open,High,Low,Close,Volume,Adj Close
2015-10-15,85.300003,87.160004,84.93,87.139999,3609900,87.139999
2015-10-14,84.989998,86.139999,84.760002,85.779999,3325400,85.779999
2015-10-13,85.129997,86.290001,84.75,85.279999,5605900,85.111998
2015-10-12,87.120003,88.00,84.93,86.029999,4804200,85.86052
2015-10-09,87.349998,88.300003,86.099998,87.300003,5802200,87.128023
2015-10-08,83.309998,87.269997,83.07,87.040001,6795000,86.868533
2015-10-07,84.370003,85.400002,82.18,83.769997,6893100,83.60497
2015-10-06,80.720001,83.730003,80.550003,82.839996,6777000,82.676802
2015-10-05,78.160004,81.699997,78.00,80.650002,7429300,80.491122
2015-10-02,72.669998,77.449997,71.589996,77.059998,6032600,76.90819
2015-10-01,73.800003,75.68,73.00,73.589996,5683400,73.445025
2015-09-30,70.849998,72.940002,70.669998,72.800003,4809200,72.656588
2015-09-29,69.860001,70.669998,69.139999,70.129997,3773600,69.991842
2015-09-28,71.739998,72.190002,69.099998,69.43,4581900,69.293224
2015-09-25,74.059998,74.209999,72.190002,72.790001,3894300,72.646605
2015-09-24,72.290001,73.720001,71.480003,73.260002,4443600,73.11568
2015-09-23,75.239998,75.93,72.870003,73.040001,3891400,72.896113
2015-09-22,75.43,76.660004,74.690002,75.220001,3433900,75.071818
2015-09-21,77.050003,77.330002,75.870003,76.519997,3258700,76.369253
2015-09-18,78.860001,79.190002,75.93,76.260002,6047600,76.10977
2015-09-17,80.019997,81.18,79.120003,79.660004,5499100,79.503074
2015-09-16,77.68,80.169998,77.459999,79.940002,3996000,79.782521
2015-09-15,77.040001,77.800003,76.559998,77.25,3650500,77.097818
2015-09-14,77.150002,77.150002,76.040001,76.43,3705000,76.279434
2015-09-11,76.75,77.410004,75.839996,77.150002,4571800,76.998017
2015-09-10,77.57,78.239998,76.129997,78.059998,4814700,77.90622
2015-09-09,78.739998,79.349998,76.669998,76.93,6445400,76.778449
2015-09-08,77.580002,78.18,75.449997,77.660004,5137600,77.507014
2015-09-04,76.220001,77.440002,75.949997,76.889999,4700700,76.738527
2015-09-03,78.25,80.160004,76.790001,77.449997,6228100,77.297421
2015-09-02,77.059998,77.709999,74.870003,77.709999,5356500,77.556911
2015-09-01,76.019997,77.32,75.18,76.019997,6376900,75.870238
2015-08-31,76.199997,79.160004,74.57,78.309998,6864000,78.155727
2015-08-28,75.50,79.339996,75.410004,77.309998,6962200,77.157697
2015-08-27,72.989998,76.099998,72.860001,75.790001,7160700,75.640695
2015-08-26,70.209999,71.040001,68.400002,70.989998,6763700,70.850148
2015-08-25,72.099998,72.110001,68.290001,68.360001,6720600,68.225332
2015-08-24,70.00,73.279999,68.150002,69.260002,9518800,69.12356
2015-08-21,76.389999,77.43,74.120003,74.860001,7769100,74.712527
2015-08-20,77.019997,78.440002,76.610001,76.730003,6793500,76.578846
2015-08-19,79.870003,79.879997,76.07,77.07,6122900,76.918172
2015-08-18,79.709999,80.540001,79.279999,80.410004,3536700,80.251597
2015-08-17,79.50,80.160004,78.889999,80.010002,3747200,79.852383
2015-08-14,79.50,80.879997,78.800003,79.93,3908100,79.772539
2015-08-13,79.300003,80.50,78.339996,79.68,5889700,79.523031
2015-08-12,77.32,80.260002,76.50,79.93,8234000,79.772539
2015-08-11,75.129997,77.43,74.18,77.300003,5976000,77.147723
2015-08-10,73.669998,76.480003,73.620003,76.269997,6935200,76.119745
2015-08-07,75.25,78.699997,73.029999,73.760002,8476100,73.614695
2015-08-06,75.650002,78.339996,75.300003,77.68,6709500,77.526971
2015-08-05,78.059998,78.949997,75.959999,76.089996,4896800,75.9401
2015-08-04,77.080002,77.769997,76.349998,76.739998,3981900,76.588821
2015-08-03,76.199997,77.629997,75.449997,76.440002,5136500,76.289416
2015-07-31,78.00,78.309998,77.00,77.190002,4190200,77.037939
2015-07-30,77.650002,78.720001,76.800003,78.540001,4539800,78.385278
2015-07-29,76.50,79.010002,76.50,77.739998,6360600,77.586851
2015-07-28,73.400002,77.559998,73.400002,76.849998,7887200,76.698605
2015-07-27,74.099998,74.730003,72.860001,73.190002,5621300,73.045819
2015-07-24,76.099998,76.580002,74.620003,75.160004,5850200,75.011939
2015-07-23,76.199997,76.82,75.470001,76.32,6335400,76.16965
2015-07-22,77.18,77.489998,75.760002,76.089996,7205200,75.9401
2015-07-21,78.089996,78.379997,76.940002,77.330002,6823700,77.177662
2015-07-20,80.239998,80.25,77.919998,77.93,7054000,77.776479
2015-07-17,81.970001,82.150002,80.260002,80.50,6069300,80.341416
2015-07-16,83.739998,83.800003,82.339996,82.400002,4019300,82.237674
2015-07-15,84.620003,85.230003,83.050003,83.25,3917300,83.085998
2015-07-14,84.199997,85.639999,84.099998,85.230003,3276100,84.894432
2015-07-13,84.529999,84.790001,83.470001,84.209999,3830200,83.878444
2015-07-10,85.980003,86.760002,84.449997,84.540001,2903800,84.207146
2015-07-09,85.989998,87.349998,85.18,85.300003,3784000,84.964156
2015-07-08,86.099998,86.919998,84.00,84.489998,4681200,84.15734
2015-07-07,85.779999,87.099998,83.830002,86.720001,5118300,86.378563
2015-07-06,84.489998,86.18,84.050003,85.089996,3513300,84.754976
2015-07-02,85.949997,86.699997,85.589996,85.669998,2699900,85.332694
2015-07-01,87.849998,87.849998,84.839996,85.769997,4644500,85.432299
2015-06-30,86.989998,87.900002,86.339996,87.550003,3941400,87.205297
2015-06-29,86.989998,87.940002,86.150002,86.25,4022300,85.910413
2015-06-26,87.599998,88.699997,87.080002,88.059998,11406600,87.713284
2015-06-25,88.169998,88.269997,87.300003,87.650002,3797800,87.304902
2015-06-24,88.540001,89.07,88.099998,88.339996,3785900,87.99218
2015-06-23,88.279999,88.82,87.660004,88.790001,3613300,88.440413
2015-06-22,88.599998,88.669998,87.449997,88.080002,2845600,87.733209
2015-06-19,88.290001,89.120003,88.239998,88.269997,4298600,87.922456
2015-06-18,89.760002,90.129997,88.540001,88.809998,3602500,88.460331
2015-06-17,90.68,91.150002,88.419998,89.019997,4998100,88.669503
2015-06-16,89.07,90.360001,89.029999,90.080002,2286400,89.725335
2015-06-15,88.510002,89.860001,88.50,89.220001,2795300,88.86872
2015-06-12,90.160004,90.43,89.120003,89.529999,2464100,89.177497
2015-06-11,91.00,91.050003,90.230003,90.650002,2300900,90.29309
2015-06-10,90.389999,90.709999,89.660004,90.410004,2914800,90.054037
2015-06-09,90.019997,91.480003,89.089996,89.089996,2661000,88.739227
2015-06-08,89.370003,89.959999,88.629997,89.110001,2755700,88.759153
2015-06-05,87.00,90.639999,86.82,89.68,4429900,89.326908
2015-06-04,88.230003,89.129997,87.279999,87.379997,3774200,87.035961
2015-06-03,89.550003,90.470001,88.970001,89.010002,2158400,88.659548
2015-06-02,89.019997,90.349998,88.209999,89.769997,3581600,89.41655
2015-06-01,89.019997,89.120003,88.18,88.760002,2886500,88.410532
2015-05-29,89.419998,89.519997,88.260002,88.690002,3948900,88.340808
2015-05-28,88.550003,89.360001,88.00,89.150002,3790800,88.798996
2015-05-27,89.129997,89.940002,88.510002,89.00,3016900,88.649585
2015-05-26,89.25,89.809998,88.550003,89.150002,3920700,88.798996
2015-05-22,90.400002,91.389999,90.07,90.260002,3055500,89.904626
2015-05-21,91.169998,91.830002,90.68,91.489998,3958000,91.129779
2015-05-20,90.599998,90.720001,89.760002,90.459999,3734400,90.103836
2015-05-19,91.480003,91.610001,90.239998,90.260002,3588500,89.904626
2015-05-18,90.559998,92.040001,89.900002,91.800003,3018000,91.438564
2015-05-15,90.32,91.239998,89.25,90.470001,3267300,90.113799
2015-05-14,91.989998,92.080002,90.68,90.730003,3582200,90.372777
2015-05-13,94.040001,94.07,90.980003,91.599998,3548300,91.239347
2015-05-12,91.760002,93.589996,91.709999,93.410004,3468500,93.042226
2015-05-11,94.050003,94.239998,91.470001,91.610001,3952400,91.24931
2015-05-08,94.480003,94.50,92.559998,93.50,4922300,93.131868
2015-05-07,96.099998,96.099998,92.419998,93.50,5197800,93.131868
2015-05-06,96.209999,96.860001,94.489998,95.080002,5163500,94.705649
2015-05-05,98.699997,100.199997,94.529999,94.540001,11762000,94.167774
2015-05-04,99.110001,101.360001,98.550003,99.389999,7312700,98.998677
2015-05-01,99.209999,101.00,97.610001,98.900002,3584700,98.510608
2015-04-30,100.00,100.440002,98.480003,98.949997,3462000,98.560407
2015-04-29,98.220001,99.980003,97.790001,99.739998,3902600,99.347297
2015-04-28,97.639999,98.809998,97.639999,98.459999,3736600,98.072338
2015-04-27,97.550003,97.959999,96.559998,97.360001,2980500,96.97667
2015-04-24,97.900002,97.970001,95.910004,96.720001,3139600,96.339191
2015-04-23,97.980003,99.25,97.839996,98.269997,2708400,97.883084
2015-04-22,96.940002,98.599998,96.300003,97.699997,2897800,97.315328
2015-04-21,97.830002,98.32,96.360001,96.589996,3238300,96.209698
2015-04-20,97.18,99.010002,97.18,97.739998,3130700,97.355172
