Date,Open,High,Low,Close,Volume,Adj Close
2015-10-15,275.450012,280.399994,270.00,280.100006,755200,280.100006
2015-10-14,271.079987,275.75,269.730011,274.700012,723100,274.700012
2015-10-13,270.929993,273.399994,269.329987,271.700012,552300,271.700012
2015-10-12,269.410004,273.279999,269.410004,272.559998,510000,272.559998
2015-10-09,267.089996,270.609985,265.579987,269.880005,749000,269.880005
2015-10-08,265.130005,267.679993,262.600006,267.339996,766300,267.339996
2015-10-07,273.459991,273.480011,263.200012,265.410004,1031700,265.410004
2015-10-06,272.959991,278.00,270.070007,271.549988,744200,271.549988
2015-10-05,281.25,285.00,279.899994,283.440002,636600,272.490003
2015-10-02,271.980011,279.670013,270.00,279.579987,536200,268.779109
2015-10-01,274.859985,276.73999,271.700012,276.459991,828100,265.779647
2015-09-30,270.450012,273.890015,269.130005,273.399994,802100,262.837865
2015-09-29,271.50,271.50,268.119995,268.980011,1202800,258.588637
2015-09-28,279.00,284.609985,269.670013,270.48999,959800,260.040282
2015-09-25,284.170013,285.440002,277.600006,279.299988,1018800,268.509928
2015-09-24,287.709991,289.829987,279.059998,279.670013,841500,268.865658
2015-09-23,287.450012,289.809998,284.579987,288.890015,526900,277.729468
2015-09-22,285.799988,289.869995,285.799988,288.450012,622400,277.306464
2015-09-21,287.519989,292.459991,286.209991,292.019989,596500,280.738523
2015-09-18,285.890015,294.459991,283.290009,285.51001,1469800,274.480041
2015-09-17,290.640015,294.48999,288.480011,290.070007,899200,278.863874
2015-09-16,289.51001,291.160004,286.399994,290.570007,674000,279.344558
2015-09-15,290.75,291.709991,288.320007,290.049988,784900,278.844628
2015-09-14,289.869995,291.619995,287.149994,289.700012,1071400,278.508173
2015-09-11,284.570007,289.619995,283.160004,289.619995,1095900,278.431247
2015-09-10,279.720001,287.910004,279.119995,285.140015,1220500,274.12434
2015-09-09,282.359985,283.720001,280.51001,281.00,884500,270.144264
2015-09-08,271.220001,279.75,270.26001,279.279999,850000,268.490711
2015-09-04,272.820007,273.230011,268.070007,269.880005,824700,259.453862
2015-09-03,269.51001,275.179993,269.410004,274.440002,1006000,263.837696
2015-09-02,264.98999,269.980011,263.619995,269.950012,1049100,259.521165
2015-09-01,265.089996,266.769989,260.429993,262.869995,1298200,252.714667
2015-08-31,267.519989,270.100006,265.00,269.769989,4911600,259.348097
2015-08-28,264.709991,270.00,264.48999,268.779999,588600,258.396352
2015-08-27,262.089996,268.179993,261.519989,266.140015,704700,255.858357
2015-08-26,257.019989,261.809998,252.029999,260.799988,1077000,250.724629
2015-08-25,260.309998,263.670013,250.860001,251.110001,1294200,241.40899
2015-08-24,260.00,267.089996,251.00,255.529999,1306700,245.658233
2015-08-21,277.160004,279.790009,271.309998,271.309998,1271900,259.203893
2015-08-20,284.220001,284.649994,279.920013,279.959991,568700,267.467916
2015-08-19,286.130005,288.50,283.980011,285.589996,494200,272.846705
2015-08-18,284.440002,287.75,283.470001,287.420013,405200,274.595065
2015-08-17,282.829987,284.570007,281.089996,284.51001,404500,271.814908
2015-08-14,285.109985,287.779999,281.890015,284.399994,980100,271.709801
2015-08-13,283.970001,284.26001,278.839996,282.230011,539300,269.636645
2015-08-12,277.440002,281.579987,275.230011,280.350006,697400,267.840528
2015-08-11,278.429993,282.48999,276.970001,279.429993,550600,266.961566
2015-08-10,282.890015,283.440002,278.00,280.089996,996600,267.59212
2015-08-07,279.970001,280.73999,273.019989,280.390015,309600,267.878751
2015-08-06,281.040009,281.049988,274.660004,280.00,520800,267.506139
2015-08-05,281.589996,283.609985,279.429993,280.450012,478100,267.936072
2015-08-04,281.98999,284.26001,279.549988,280.040009,419900,267.544363
2015-08-03,279.769989,284.269989,277.690002,282.890015,642400,270.267199
2015-07-31,283.670013,284.149994,278.679993,278.910004,523800,266.46478
2015-07-30,281.399994,288.119995,280.059998,282.579987,821300,269.971004
2015-07-29,278.970001,280.50,276.869995,279.220001,714100,266.760945
2015-07-28,278.940002,281.359985,275.519989,279.200012,993100,266.741848
2015-07-27,274.850006,277.540009,271.350006,276.640015,748800,264.29608
2015-07-24,268.299988,276.119995,267.380005,276.059998,653400,263.741943
2015-07-23,269.320007,273.049988,267.720001,269.390015,538700,257.369581
2015-07-22,268.549988,271.589996,267.670013,269.549988,461700,257.522416
2015-07-21,270.23999,272.320007,268.640015,268.839996,474200,256.844105
2015-07-20,263.940002,270.559998,263.070007,270.23999,678700,258.18163
2015-07-17,261.670013,263.869995,260.049988,263.50,438600,251.742385
2015-07-16,261.459991,263.670013,260.019989,262.119995,484100,250.423957
2015-07-15,261.100006,263.390015,258.75,259.799988,378600,248.20747
2015-07-14,260.100006,262.470001,259.390015,261.070007,361500,249.420821
2015-07-13,260.179993,262.519989,258.850006,259.940002,435300,248.341237
2015-07-10,260.040009,261.660004,257.829987,258.779999,544900,247.232994
2015-07-09,258.640015,260.200012,255.949997,256.679993,518200,245.226692
2015-07-08,257.00,259.619995,256.170013,256.350006,520500,244.91143
2015-07-07,255.509995,258.820007,253.00,257.50,817500,246.01011
2015-07-06,253.139999,256.209991,251.449997,255.509995,543600,244.108901
2015-07-02,256.140015,257.209991,253.809998,255.339996,349500,243.946488
2015-07-01,255.539993,256.149994,253.139999,255.639999,466300,244.233105
2015-06-30,251.589996,255.169998,249.960007,254.00,699600,242.666283
2015-06-29,256.660004,257.00,249.990005,250.330002,800900,239.160044
2015-06-26,256.529999,258.890015,254.809998,258.869995,775000,247.318975
2015-06-25,255.899994,257.480011,255.259995,256.589996,517200,245.140712
2015-06-24,259.01001,260.089996,254.910004,256.109985,451600,244.682119
2015-06-23,259.899994,261.029999,258.549988,259.26001,525500,247.691587
2015-06-22,264.070007,264.980011,259.660004,260.040009,448200,248.436781
2015-06-19,261.339996,263.190002,260.040009,262.790009,2106400,251.064074
2015-06-18,257.730011,261.859985,256.089996,261.350006,1183600,249.688325
2015-06-17,257.950012,258.220001,255.690002,257.119995,794900,245.647062
2015-06-16,252.800003,257.790009,252.619995,255.699997,817300,244.290425
2015-06-15,258.100006,260.649994,255.759995,255.860001,555800,244.443289
2015-06-12,259.920013,261.809998,259.070007,260.720001,458100,249.086432
2015-06-11,261.01001,262.51001,260.679993,260.929993,313500,249.287053
2015-06-10,258.459991,262.179993,257.630005,260.369995,482300,248.752043
2015-06-09,260.850006,262.820007,257.00,257.809998,514400,246.306275
2015-06-08,263.609985,264.809998,261.369995,261.450012,401400,249.783869
2015-06-05,263.040009,265.00,261.890015,263.049988,656200,251.312452
2015-06-04,264.570007,266.48999,262.299988,263.059998,916300,251.322016
2015-06-03,268.320007,268.950012,265.640015,266.140015,882600,254.264599
2015-06-02,266.679993,269.959991,265.839996,268.950012,1008500,256.949212
2015-06-01,274.130005,274.130005,267.950012,270.149994,557500,258.09565
2015-05-29,268.029999,269.359985,265.649994,268.070007,1128600,256.108474
2015-05-28,269.690002,270.519989,267.709991,269.190002,589600,257.178494
2015-05-27,267.700012,270.040009,265.049988,270.01001,389200,257.961912
2015-05-26,265.029999,267.350006,263.540009,266.769989,577700,254.866464
2015-05-22,266.73999,268.130005,265.570007,268.00,644900,256.04159
2015-05-21,266.880005,268.75,263.209991,268.220001,2051300,254.637184
2015-05-20,269.910004,270.149994,266.190002,269.899994,1201100,256.232101
2015-05-19,261.970001,263.980011,260.980011,263.679993,377700,250.327084
2015-05-18,260.48999,264.109985,259.160004,262.290009,326800,249.00749
2015-05-15,261.619995,261.619995,259.579987,260.399994,385900,247.213186
2015-05-14,260.670013,262.059998,258.130005,261.410004,408400,248.172049
2015-05-13,259.609985,261.559998,256.899994,259.679993,611100,246.529646
2015-05-12,261.049988,261.690002,258.269989,259.299988,944700,246.168885
2015-05-11,268.279999,269.799988,263.25,263.420013,601900,250.08027
2015-05-08,264.089996,269.890015,262.089996,267.929993,862200,254.361862
2015-05-07,265.25,270.459991,261.209991,262.00,1533800,248.732167
2015-05-06,258.809998,259.470001,256.040009,258.279999,804900,245.200549
2015-05-05,258.23999,259.859985,257.170013,257.179993,977700,244.156248
2015-05-04,260.299988,260.299988,257.799988,259.130005,1009000,246.00751
2015-05-01,258.929993,260.00,256.23999,258.880005,1149400,245.77017
2015-04-30,255.25,262.00,249.699997,255.929993,1743400,242.969549
2015-04-29,244.449997,246.979996,242.770004,244.800003,716200,232.403188
2015-04-28,244.160004,247.830002,243.729996,246.380005,730700,233.903178
2015-04-27,244.990005,246.410004,243.320007,244.850006,800200,232.450659
2015-04-24,246.649994,247.690002,245.300003,246.070007,504600,233.608879
2015-04-23,244.009995,248.300003,242.490005,246.929993,587300,234.425314
2015-04-22,244.880005,245.50,242.880005,244.779999,595700,232.384197
2015-04-21,240.589996,244.979996,239.630005,243.779999,779100,231.434838
2015-04-20,238.00,240.610001,236.960007,239.869995,508800,227.722839
