Date,Open,High,Low,Close,Volume,Adj Close
2015-10-16,25.690001,26.049999,25.639999,25.90,602700,25.90
2015-10-15,25.43,25.610001,25.26,25.610001,531400,25.610001
2015-10-14,25.719999,25.82,25.24,25.290001,466800,25.290001
2015-10-13,25.73,26.00,25.620001,25.709999,297300,25.709999
2015-10-12,25.66,25.91,25.620001,25.83,452700,25.83
2015-10-09,25.639999,25.67,25.389999,25.639999,521200,25.639999
2015-10-08,25.370001,25.68,25.290001,25.620001,612700,25.620001
2015-10-07,25.07,25.42,24.98,25.42,692800,25.42
2015-10-06,25.139999,25.309999,24.92,24.99,719800,24.99
2015-10-05,24.77,25.219999,24.57,25.16,837200,25.16
2015-10-02,24.360001,24.66,24.07,24.66,954400,24.66
2015-10-01,24.389999,24.51,24.18,24.42,785800,24.42
2015-09-30,24.459999,24.48,24.18,24.34,744000,24.34
2015-09-29,23.870001,24.389999,23.780001,24.27,1132500,24.27
2015-09-28,24.02,24.040001,23.629999,23.85,980500,23.85
2015-09-25,24.110001,24.360001,23.90,24.059999,788700,24.059999
2015-09-24,24.209999,24.360001,23.870001,24.049999,668300,24.049999
2015-09-23,24.110001,24.370001,23.98,24.23,828800,24.23
2015-09-22,24.27,24.379999,24.02,24.09,538500,24.09
2015-09-21,24.200001,24.530001,24.120001,24.440001,776200,24.440001
2015-09-18,23.73,24.34,23.709999,24.10,1997700,24.10
2015-09-17,23.74,24.40,23.65,23.99,665800,23.99
2015-09-16,23.450001,23.85,23.40,23.77,716700,23.77
2015-09-15,23.129999,23.440001,23.049999,23.42,490200,23.42
2015-09-14,23.27,23.27,23.030001,23.120001,607700,23.120001
2015-09-11,22.85,23.370001,22.799999,23.360001,654500,23.14
2015-09-10,22.74,23.190001,22.719999,22.90,910500,22.684331
2015-09-09,23.27,23.280001,22.74,22.780001,671000,22.565462
2015-09-08,22.98,23.18,22.809999,23.09,927200,22.872542
2015-09-04,23.00,23.02,22.52,22.709999,408600,22.49612
2015-09-03,23.200001,23.379999,22.870001,23.190001,1172400,22.971601
2015-09-02,23.299999,23.299999,22.870001,23.110001,673900,22.892355
2015-09-01,23.02,23.27,22.780001,22.93,757000,22.714049
2015-08-31,24.02,24.07,23.469999,23.51,1020000,23.288587
2015-08-28,24.200001,24.209999,23.85,24.01,1228500,23.783878
2015-08-27,23.959999,24.379999,23.73,24.209999,1110300,23.981993
2015-08-26,23.74,23.85,23.15,23.780001,1341400,23.556045
2015-08-25,24.57,24.57,23.08,23.10,776200,22.882448
2015-08-24,23.52,24.15,23.52,23.790001,1076800,23.565951
2015-08-21,25.27,25.530001,25.040001,25.040001,687000,24.804178
2015-08-20,25.65,25.879999,25.52,25.620001,483400,25.378716
2015-08-19,25.799999,25.959999,25.57,25.77,448700,25.527303
2015-08-18,25.719999,26.030001,25.719999,25.969999,471100,25.725418
2015-08-17,25.68,25.84,25.440001,25.84,433000,25.596643
2015-08-14,25.360001,25.690001,25.25,25.65,378200,25.408432
2015-08-13,25.309999,25.549999,25.02,25.440001,646300,25.200411
2015-08-12,25.15,25.389999,25.040001,25.379999,517300,25.140975
2015-08-11,25.16,25.52,25.129999,25.33,371300,25.091446
2015-08-10,25.549999,25.639999,25.120001,25.26,500500,25.022106
2015-08-07,25.190001,25.530001,24.969999,25.459999,759200,25.220221
2015-08-06,25.309999,25.35,24.799999,25.280001,743600,25.041918
2015-08-05,25.549999,25.65,25.190001,25.34,570500,25.101352
2015-08-04,25.879999,25.959999,25.469999,25.51,506500,25.269751
2015-08-03,25.700001,25.91,25.639999,25.83,631600,25.586737
2015-07-31,25.469999,25.959999,25.450001,25.67,1541800,25.428244
2015-07-30,24.58,25.18,24.48,25.110001,1581400,24.873519
2015-07-29,24.24,24.48,24.02,24.360001,545700,24.130582
2015-07-28,24.17,24.299999,24.00,24.24,508300,24.011712
2015-07-27,24.18,24.450001,24.110001,24.15,352400,23.922559
2015-07-24,24.040001,24.290001,24.02,24.18,473800,23.952277
2015-07-23,24.469999,24.51,24.01,24.17,437000,23.942371
2015-07-22,24.459999,24.629999,24.450001,24.48,600300,24.249451
2015-07-21,24.66,24.76,24.43,24.440001,677100,24.209829
2015-07-20,24.540001,24.690001,24.43,24.629999,250600,24.398038
2015-07-17,24.77,24.83,24.530001,24.620001,339100,24.388134
2015-07-16,24.60,24.809999,24.60,24.77,382400,24.536721
2015-07-15,24.450001,24.65,24.23,24.51,334000,24.279169
2015-07-14,24.52,24.75,24.40,24.530001,352400,24.298981
2015-07-13,24.629999,24.84,24.360001,24.48,253500,24.249451
2015-07-10,24.26,24.65,24.23,24.48,331700,24.249451
2015-07-09,24.50,24.559999,24.120001,24.209999,412300,23.981993
2015-07-08,24.280001,24.50,24.280001,24.40,563600,24.170205
2015-07-07,24.049999,24.51,24.049999,24.450001,593400,24.219735
2015-07-06,23.610001,24.059999,23.610001,23.969999,712300,23.744254
2015-07-02,23.91,24.15,23.68,23.780001,604000,23.556045
2015-07-01,23.309999,23.690001,23.209999,23.690001,546700,23.466892
2015-06-30,23.49,23.530001,23.23,23.34,554600,23.120188
2015-06-29,23.73,23.99,23.34,23.35,710800,23.130094
2015-06-26,23.780001,23.93,23.66,23.82,1008200,23.595667
2015-06-25,23.950001,24.040001,23.73,23.799999,508100,23.575855
2015-06-24,24.139999,24.26,23.90,23.91,464400,23.684819
2015-06-23,24.280001,24.48,24.120001,24.129999,331500,23.902747
2015-06-22,24.719999,24.799999,24.370001,24.379999,701500,24.150392
2015-06-19,24.83,24.90,24.59,24.700001,1004300,24.46738
2015-06-18,24.51,25.02,24.51,24.92,626200,24.685308
2015-06-17,24.299999,24.540001,24.110001,24.469999,592800,24.239545
2015-06-16,23.969999,24.33,23.889999,24.309999,486600,24.081052
2015-06-15,24.09,24.110001,23.860001,23.969999,427100,23.744254
2015-06-12,24.139999,24.32,24.030001,24.10,638800,23.873031
2015-06-11,24.389999,24.620001,24.219999,24.40,816300,23.952277
2015-06-10,23.99,24.459999,23.98,24.27,509100,23.824663
2015-06-09,24.110001,24.309999,23.940001,23.98,463600,23.539984
2015-06-08,24.200001,24.280001,24.030001,24.17,245900,23.726498
2015-06-05,24.27,24.309999,23.780001,24.15,773800,23.706864
2015-06-04,24.51,24.66,24.40,24.459999,334400,24.011175
2015-06-03,24.90,24.90,24.50,24.559999,401500,24.109341
2015-06-02,25.08,25.08,24.82,24.950001,524500,24.492186
2015-06-01,24.809999,25.15,24.719999,25.10,602300,24.639433
2015-05-29,25.07,25.16,24.73,24.780001,876900,24.325305
2015-05-28,25.129999,25.26,24.959999,25.10,419900,24.639433
2015-05-27,24.959999,25.23,24.870001,25.209999,283400,24.747414
2015-05-26,25.08,25.08,24.809999,24.93,572500,24.472553
2015-05-22,25.10,25.280001,24.91,25.120001,390800,24.659067
2015-05-21,25.24,25.24,24.90,25.110001,397800,24.64925
2015-05-20,25.32,25.450001,25.15,25.24,263900,24.776864
2015-05-19,25.23,25.360001,25.07,25.26,451300,24.796497
2015-05-18,25.10,25.33,24.940001,25.26,305300,24.796497
2015-05-15,25.10,25.27,24.99,25.24,533400,24.776864
2015-05-14,24.68,25.09,24.610001,25.040001,449000,24.580535
2015-05-13,24.950001,25.139999,24.49,24.52,624900,24.070076
2015-05-12,24.67,24.959999,24.40,24.809999,636400,24.354754
2015-05-11,25.120001,25.280001,24.76,24.860001,673900,24.403837
2015-05-08,25.25,25.57,25.02,25.25,582200,24.78668
2015-05-07,24.59,24.969999,24.450001,24.92,762700,24.462736
2015-05-06,24.389999,24.60,24.309999,24.57,827900,24.119158
2015-05-05,24.67,24.870001,24.33,24.40,694700,23.952277
2015-05-04,24.889999,25.049999,24.74,24.780001,492300,24.325305
2015-05-01,24.620001,24.860001,24.52,24.790001,609900,24.335122
2015-04-30,24.98,25.129999,24.290001,24.629999,740100,24.178056
2015-04-29,25.540001,25.58,24.969999,25.01,409300,24.551084
2015-04-28,25.66,25.83,25.440001,25.74,427000,25.267689
2015-04-27,25.809999,26.030001,25.540001,25.73,428600,25.257872
2015-04-24,25.780001,26.02,25.66,25.790001,292800,25.316773
2015-04-23,25.77,25.83,25.620001,25.74,249000,25.267689
2015-04-22,25.860001,25.99,25.73,25.82,301300,25.346221
2015-04-21,25.90,26.030001,25.77,25.879999,499300,25.40512
2015-04-20,25.709999,25.889999,25.59,25.780001,487900,25.306956
