Date,Open,High,Low,Close,Volume,Adj Close
2015-10-16,69.559998,70.00,69.080002,69.300003,1619500,69.300003
2015-10-15,68.18,69.199997,67.690002,69.080002,1094400,69.080002
2015-10-14,68.150002,68.57,67.669998,67.919998,1083200,67.919998
2015-10-13,68.18,68.620003,67.839996,68.099998,1334500,68.099998
2015-10-12,67.730003,69.059998,67.230003,68.279999,948500,68.279999
2015-10-09,67.699997,67.959999,67.25,67.559998,1364700,67.559998
2015-10-08,66.75,68.220001,66.239998,67.669998,1426200,67.669998
2015-10-07,66.120003,66.779999,66.099998,66.779999,1570300,66.779999
2015-10-06,66.800003,66.989998,65.639999,66.110001,1230700,66.110001
2015-10-05,66.18,67.190002,65.739998,66.970001,1117100,66.970001
2015-10-02,64.919998,65.93,64.410004,65.889999,1396800,65.889999
2015-10-01,65.160004,65.260002,63.900002,64.410004,1230600,64.410004
2015-09-30,64.519997,65.139999,64.25,65.099998,1376200,65.099998
2015-09-29,64.139999,64.959999,63.93,64.330002,811600,64.330002
2015-09-28,64.32,65.07,64.00,64.059998,1057100,64.059998
2015-09-25,63.580002,65.25,63.299999,64.589996,1640300,64.589996
2015-09-24,62.389999,63.740002,62.299999,63.59,1623900,63.59
2015-09-23,64.040001,64.040001,63.119999,63.540001,1444300,63.540001
2015-09-22,64.410004,64.629997,63.689999,64.040001,1942700,64.040001
2015-09-21,64.370003,64.790001,63.810001,63.93,1220300,63.93
2015-09-18,63.91,64.860001,63.759998,64.25,1950800,64.25
2015-09-17,63.93,65.459999,63.799999,64.419998,1042400,64.419998
2015-09-16,63.360001,64.489998,63.23,63.950001,1516600,63.950001
2015-09-15,62.919998,63.41,62.549999,63.23,1257600,63.23
2015-09-14,62.68,63.279999,62.549999,62.830002,1175900,62.830002
2015-09-11,61.75,62.700001,61.57,62.68,1184900,62.68
2015-09-10,61.830002,62.77,61.759998,62.029999,1781000,62.029999
2015-09-09,62.779999,62.869999,61.75,61.889999,1288200,61.889999
2015-09-08,62.27,62.73,61.849998,62.389999,1983300,62.389999
2015-09-04,62.48,62.509998,61.27,61.529999,1497100,61.529999
2015-09-03,62.810001,63.41,62.619999,62.990002,1107500,62.990002
2015-09-02,63.759998,63.82,62.450001,62.759998,1291200,62.759998
2015-09-01,64.459999,64.459999,62.66,63.060001,1639600,63.060001
2015-08-31,65.620003,65.639999,64.43,65.330002,1704800,65.330002
2015-08-28,65.779999,66.269997,65.07,65.900002,1709400,65.900002
2015-08-27,64.480003,65.910004,64.480003,65.809998,2232200,65.809998
2015-08-26,64.349998,64.519997,63.200001,64.290001,2088100,64.290001
2015-08-25,66.419998,67.220001,63.599998,63.599998,2305900,63.599998
2015-08-24,67.400002,69.480003,65.540001,65.900002,2487600,65.900002
2015-08-21,70.339996,70.860001,69.389999,69.389999,1548100,69.389999
2015-08-20,70.370003,71.559998,70.110001,70.559998,1168100,70.559998
2015-08-19,70.260002,71.139999,70.110001,70.870003,1021100,70.870003
2015-08-18,70.43,71.019997,70.230003,70.620003,1330800,70.620003
2015-08-17,70.080002,70.910004,69.910004,70.660004,1614300,70.660004
2015-08-14,69.599998,70.199997,69.449997,70.099998,1531300,70.099998
2015-08-13,70.010002,70.059998,69.080002,69.790001,1243400,69.790001
2015-08-12,68.629997,70.220001,68.50,70.010002,1883800,70.010002
2015-08-11,68.32,69.529999,68.25,68.940002,1904200,68.940002
2015-08-10,70.32,70.709999,68.550003,68.910004,1879400,68.080006
2015-08-07,69.379997,70.870003,68.860001,70.260002,1381400,69.413744
2015-08-06,67.860001,69.489998,67.230003,69.440002,1771600,68.603621
2015-08-05,68.580002,68.589996,67.75,67.879997,2976800,67.062405
2015-08-04,70.00,70.599998,68.230003,68.580002,2829100,67.753978
2015-08-03,71.25,71.559998,70.889999,71.199997,1603400,70.342417
2015-07-31,70.889999,71.50,70.889999,71.019997,1187900,70.164584
2015-07-30,69.900002,71.089996,69.720001,70.360001,1026700,69.512538
2015-07-29,69.830002,70.220001,69.43,70.110001,1184700,69.265549
2015-07-28,69.75,70.470001,69.550003,69.980003,1456100,69.137117
2015-07-27,69.25,70.800003,69.25,70.400002,1111100,69.552057
2015-07-24,69.779999,69.889999,69.150002,69.209999,921700,68.376388
2015-07-23,70.690002,70.790001,69.150002,69.699997,1705500,68.860484
2015-07-22,71.339996,71.800003,70.870003,71.00,1423100,70.144829
2015-07-21,72.220001,72.389999,70.93,71.300003,1038600,70.441218
2015-07-20,72.339996,72.43,71.629997,72.279999,905400,71.40941
2015-07-17,73.120003,73.120003,72.309998,72.370003,866800,71.49833
2015-07-16,72.360001,73.440002,72.360001,72.970001,1483000,72.091102
2015-07-15,72.440002,72.519997,71.739998,72.25,1536800,71.379773
2015-07-14,72.260002,72.860001,71.989998,72.290001,1296900,71.419292
2015-07-13,72.82,72.989998,72.019997,72.25,839300,71.379773
2015-07-10,72.489998,73.160004,72.110001,72.489998,949500,71.61688
2015-07-09,73.470001,73.730003,72.370003,72.519997,1266200,71.646517
2015-07-08,73.32,74.089996,73.139999,73.300003,1732000,72.417129
2015-07-07,72.760002,74.00,72.669998,73.610001,2686300,72.723393
2015-07-06,71.739998,72.470001,71.480003,72.470001,1420900,71.597124
2015-07-02,72.239998,72.669998,71.57,71.879997,1394100,71.014227
2015-07-01,70.660004,71.50,70.480003,71.449997,2328000,70.589405
2015-06-30,70.300003,71.410004,69.989998,70.50,4553900,69.650851
2015-06-29,70.550003,71.190002,69.839996,69.949997,1354900,69.107472
2015-06-26,69.389999,70.629997,69.059998,70.510002,1986700,69.660733
2015-06-25,70.519997,70.529999,69.459999,69.470001,786100,68.633258
2015-06-24,70.849998,71.18,70.50,70.510002,1194500,69.660733
2015-06-23,71.459999,71.580002,70.540001,70.779999,1066100,69.927477
2015-06-22,71.82,71.900002,71.25,71.50,845700,70.638806
2015-06-19,71.639999,72.230003,71.459999,71.57,1494100,70.707963
2015-06-18,71.32,72.360001,71.32,72.040001,1953400,71.172303
2015-06-17,70.769997,71.620003,70.419998,71.190002,1584600,70.332542
2015-06-16,70.879997,71.190002,70.440002,70.830002,782800,69.976878
2015-06-15,70.489998,71.00,70.120003,70.949997,1475800,70.095428
2015-06-12,71.160004,71.580002,70.699997,70.709999,903400,69.858321
2015-06-11,71.199997,71.75,70.720001,71.419998,1744100,70.559768
2015-06-10,71.330002,71.739998,70.639999,70.709999,2708900,69.858321
2015-06-09,72.629997,72.629997,70.879997,70.900002,1459400,70.046035
2015-06-08,72.239998,72.589996,71.959999,71.980003,1063700,71.113028
2015-06-05,73.040001,73.040001,71.93,72.120003,1235100,71.251341
2015-06-04,73.510002,74.480003,73.389999,73.760002,1028200,72.871587
2015-06-03,74.839996,75.209999,73.370003,73.830002,2053100,72.940744
2015-06-02,75.910004,76.309998,74.580002,75.110001,1422800,74.205326
2015-06-01,76.540001,77.160004,76.43,76.580002,1128800,75.657621
2015-05-29,76.550003,77.080002,76.290001,76.470001,1077900,75.548945
2015-05-28,76.239998,76.82,75.93,76.550003,1068500,75.627984
2015-05-27,75.699997,76.559998,75.550003,76.410004,1134100,75.489671
2015-05-26,76.080002,76.300003,74.949997,75.480003,1278400,74.570872
2015-05-22,75.919998,76.279999,75.379997,76.040001,659300,75.124124
2015-05-21,76.080002,76.400002,75.660004,76.120003,830600,75.203163
2015-05-20,76.110001,76.610001,75.779999,76.040001,1107500,75.124124
2015-05-19,75.029999,76.269997,74.75,76.209999,1161000,75.292075
2015-05-18,74.620003,75.389999,74.580002,75.279999,733800,74.373276
2015-05-15,74.489998,75.300003,74.339996,74.980003,1501400,74.076894
2015-05-14,74.059998,74.650002,73.900002,74.230003,1156100,73.335928
2015-05-13,74.57,75.220001,73.50,73.760002,1585400,72.871587
2015-05-12,75.010002,75.139999,73.949997,74.230003,1779900,73.335928
2015-05-11,76.400002,76.730003,76.010002,76.089996,1859700,74.353514
2015-05-08,77.139999,77.589996,75.989998,76.400002,1279700,74.656445
2015-05-07,76.209999,76.949997,75.769997,76.470001,1139200,74.724847
2015-05-06,75.610001,76.230003,74.879997,75.779999,1390900,74.050591
2015-05-05,77.449997,77.919998,75.43,75.550003,1284700,73.825844
2015-05-04,77.18,78.459999,77.00,77.82,905900,76.044036
2015-05-01,77.199997,77.419998,76.589996,77.190002,894400,75.428416
2015-04-30,78.339996,78.339996,76.639999,77.18,1249800,75.418643
2015-04-29,77.610001,78.690002,76.769997,78.400002,1867300,76.610802
2015-04-28,77.93,79.220001,77.580002,79.019997,1365600,77.216648
2015-04-27,79.410004,79.410004,77.809998,78.139999,1114100,76.356733
2015-04-24,78.489998,79.839996,78.099998,79.139999,1407500,77.333912
2015-04-23,77.860001,79.220001,77.68,78.57,941200,76.77692
2015-04-22,78.230003,78.360001,77.110001,77.870003,957600,76.092898
2015-04-21,78.43,79.099998,77.870003,78.059998,1194700,76.278557
2015-04-20,77.57,78.940002,77.529999,78.360001,862200,76.571714
