Date,Open,High,Low,Close,Volume,Adj Close
2015-10-15,144.679993,147.820007,143.960007,147.149994,1366000,147.149994
2015-10-14,145.070007,147.419998,143.869995,144.410004,891700,144.410004
2015-10-13,147.899994,147.899994,144.369995,144.580002,1620900,144.580002
2015-10-12,148.369995,150.309998,147.339996,149.529999,1112400,149.529999
2015-10-09,146.270004,148.779999,146.270004,148.220001,1637800,148.220001
2015-10-08,144.440002,146.710007,143.190002,146.270004,1059100,146.270004
2015-10-07,145.00,145.350006,141.240005,145.279999,2125600,145.279999
2015-10-06,148.759995,150.169998,144.089996,144.309998,2087400,144.309998
2015-10-05,154.570007,154.570007,148.600006,149.369995,2290900,149.369995
2015-10-02,148.00,154.740005,147.00,154.550003,1955300,154.550003
2015-10-01,141.520004,149.300003,140.630005,149.00,2394400,149.00
2015-09-30,139.559998,142.399994,138.440002,142.169998,1544500,142.169998
2015-09-29,134.360001,138.339996,133.330002,137.789993,1527600,137.789993
2015-09-28,137.270004,137.460007,133.139999,133.899994,2101400,133.899994
2015-09-25,141.059998,142.00,136.220001,137.360001,929600,137.360001
2015-09-24,140.779999,141.520004,139.50,140.330002,693900,140.330002
2015-09-23,141.889999,142.889999,141.25,141.600006,838000,141.600006
2015-09-22,140.440002,142.770004,139.279999,142.130005,1039500,142.130005
2015-09-21,143.779999,144.830002,140.00,141.580002,881000,141.580002
2015-09-18,140.770004,143.380005,140.619995,142.75,1757300,142.75
2015-09-17,140.479996,143.360001,140.070007,141.610001,654100,141.610001
2015-09-16,140.139999,141.350006,139.029999,140.580002,635800,140.580002
2015-09-15,138.899994,140.639999,138.080002,140.50,988300,140.50
2015-09-14,139.130005,139.770004,138.089996,139.00,731800,139.00
2015-09-11,137.389999,139.149994,136.589996,139.130005,712100,139.130005
2015-09-10,137.350006,139.339996,137.179993,138.210007,736600,138.210007
2015-09-09,140.979996,141.020004,137.229996,137.520004,1156500,137.520004
2015-09-08,138.449997,139.899994,136.229996,139.679993,1045100,139.679993
2015-09-04,136.169998,137.309998,134.619995,136.089996,642900,136.089996
2015-09-03,139.559998,140.979996,137.059998,137.550003,753500,137.550003
2015-09-02,137.369995,139.059998,135.710007,139.029999,1081700,139.029999
2015-09-01,137.800003,138.889999,134.300003,135.470001,1742000,135.470001
2015-08-31,144.380005,146.160004,140.820007,140.880005,1006000,140.880005
2015-08-28,145.100006,146.860001,142.190002,144.699997,1554300,144.699997
2015-08-27,140.649994,146.210007,140.520004,145.589996,1584400,145.589996
2015-08-26,138.199997,140.449997,134.899994,140.149994,1265100,140.149994
2015-08-25,138.080002,140.470001,135.75,135.75,1416000,135.75
2015-08-24,133.020004,134.399994,125.059998,133.929993,1992000,133.929993
2015-08-21,141.850006,142.190002,139.809998,139.869995,1417100,139.869995
2015-08-20,144.190002,144.970001,142.899994,142.899994,1002400,142.899994
2015-08-19,144.179993,146.690002,142.740005,145.869995,866500,145.869995
2015-08-18,144.270004,147.380005,143.479996,145.270004,1079100,145.270004
2015-08-17,142.720001,144.979996,141.990005,144.770004,722300,144.770004
2015-08-14,144.130005,145.029999,142.75,143.300003,672400,143.300003
2015-08-13,143.809998,145.300003,142.669998,144.399994,645100,144.399994
2015-08-12,143.220001,144.899994,141.139999,144.119995,1006000,144.119995
2015-08-11,143.580002,144.889999,142.910004,143.809998,730600,143.809998
2015-08-10,144.970001,146.889999,144.139999,144.50,628900,144.50
2015-08-07,144.389999,145.179993,142.009995,143.919998,953600,143.919998
2015-08-06,150.029999,151.910004,143.619995,144.279999,1454600,144.279999
2015-08-05,149.50,150.809998,149.210007,150.119995,973300,150.119995
2015-08-04,151.320007,151.800003,149.210007,149.369995,896400,149.369995
2015-08-03,152.25,153.399994,149.509995,151.089996,1087100,151.089996
2015-07-31,154.320007,154.649994,152.029999,152.160004,764400,152.160004
2015-07-30,153.589996,155.00,152.520004,153.100006,1180500,153.100006
2015-07-29,154.850006,159.00,150.600006,153.759995,1860600,153.759995
2015-07-28,153.960007,155.800003,152.009995,155.800003,1782400,155.800003
2015-07-27,154.50,154.75,151.899994,152.720001,1332200,152.720001
2015-07-24,156.110001,157.419998,154.699997,155.100006,691000,155.100006
2015-07-23,157.25,157.550003,155.490005,156.25,677300,156.25
2015-07-22,156.399994,157.610001,155.279999,156.720001,764600,156.720001
2015-07-21,154.050003,156.490005,153.820007,156.059998,985400,156.059998
2015-07-20,154.729996,154.729996,153.679993,154.009995,550700,154.009995
2015-07-17,154.350006,154.960007,152.630005,154.300003,771300,154.300003
2015-07-16,153.229996,155.029999,153.169998,154.470001,995900,154.470001
2015-07-15,152.529999,153.690002,151.050003,152.610001,1066600,152.610001
2015-07-14,152.330002,153.25,151.229996,152.300003,1036500,152.300003
2015-07-13,151.699997,152.899994,149.820007,152.110001,1594200,152.110001
2015-07-10,147.50,148.449997,145.639999,147.160004,873100,147.160004
2015-07-09,145.00,145.990005,144.00,145.070007,902100,145.070007
2015-07-08,146.460007,147.410004,142.559998,143.020004,1114400,143.020004
2015-07-07,145.199997,147.639999,143.720001,147.479996,1340300,147.479996
2015-07-06,143.949997,146.429993,143.389999,145.119995,1641800,145.119995
2015-07-02,144.139999,144.550003,141.119995,142.449997,854500,142.449997
2015-07-01,143.509995,143.789993,142.190002,143.600006,794000,143.600006
2015-06-30,143.710007,144.050003,141.649994,142.429993,657900,142.429993
2015-06-29,144.449997,146.110001,142.169998,142.350006,782600,142.350006
2015-06-26,145.309998,146.649994,144.440002,146.080002,986300,146.080002
2015-06-25,143.619995,146.080002,142.919998,144.610001,959400,144.610001
2015-06-24,144.039993,145.110001,142.789993,142.860001,954900,142.860001
2015-06-23,145.119995,147.240005,143.880005,144.630005,919200,144.630005
2015-06-22,147.179993,147.300003,143.820007,144.320007,1428700,144.320007
2015-06-19,145.240005,146.589996,144.380005,146.169998,1256700,146.169998
2015-06-18,141.649994,146.869995,141.070007,145.100006,2293900,145.100006
2015-06-17,137.990005,144.399994,136.00,141.600006,2813500,141.600006
2015-06-16,133.460007,138.270004,133.160004,137.910004,1996300,137.910004
2015-06-15,132.729996,133.899994,132.00,133.600006,599200,133.600006
2015-06-12,134.539993,135.169998,133.350006,133.580002,759800,133.580002
2015-06-11,134.850006,136.410004,134.360001,135.169998,610800,135.169998
2015-06-10,133.75,135.070007,132.949997,134.699997,570800,134.699997
2015-06-09,134.229996,134.740005,132.529999,133.300003,656400,133.300003
2015-06-08,132.600006,134.029999,132.240005,132.910004,884600,132.910004
2015-06-05,131.229996,133.110001,130.360001,132.899994,688000,132.899994
2015-06-04,131.059998,131.960007,130.289993,131.600006,909900,131.600006
2015-06-03,131.440002,132.669998,130.929993,132.169998,688000,132.169998
2015-06-02,131.449997,132.470001,130.419998,131.25,870400,131.25
2015-06-01,130.779999,132.479996,129.240005,132.190002,973000,132.190002
2015-05-29,130.869995,131.919998,130.229996,130.720001,1160400,130.720001
2015-05-28,130.009995,131.449997,129.75,130.649994,990200,130.649994
2015-05-27,128.820007,130.789993,128.179993,130.449997,1018700,130.449997
2015-05-26,130.300003,131.550003,127.809998,128.559998,796200,128.559998
2015-05-22,131.210007,132.839996,130.729996,130.880005,584500,130.880005
2015-05-21,131.910004,132.220001,130.289993,131.820007,1033700,131.820007
2015-05-20,131.429993,134.270004,131.039993,132.360001,1114000,132.360001
2015-05-19,130.00,131.289993,125.440002,131.080002,1799400,131.080002
2015-05-18,131.559998,132.600006,130.630005,131.720001,659500,131.720001
2015-05-15,130.580002,131.490005,129.50,131.410004,874800,131.410004
2015-05-14,129.070007,130.779999,128.199997,130.559998,1101500,130.559998
2015-05-13,131.00,131.429993,127.889999,128.320007,1519800,128.320007
2015-05-12,131.100006,133.699997,130.449997,130.470001,2189700,130.470001
2015-05-11,126.00,128.429993,126.00,127.07,1214200,127.07
2015-05-08,124.760002,126.639999,124.269997,126.400002,1886500,126.400002
2015-05-07,124.739998,125.860001,123.760002,123.949997,1236900,123.949997
2015-05-06,123.860001,125.970001,123.370003,124.389999,1251600,124.389999
2015-05-05,126.879997,128.479996,122.75,123.860001,1550200,123.860001
2015-05-04,127.639999,129.339996,127.57,127.75,1084000,127.75
2015-05-01,127.120003,129.080002,126.459999,127.190002,1769000,127.190002
2015-04-30,129.539993,130.970001,126.089996,126.650002,1233300,126.650002
2015-04-29,129.75,130.979996,129.00,129.960007,1158300,129.960007
2015-04-28,130.910004,131.460007,128.25,129.899994,1752200,129.899994
2015-04-27,139.220001,139.419998,130.529999,130.970001,1410300,130.970001
2015-04-24,144.369995,144.429993,136.320007,138.330002,2300600,138.330002
2015-04-23,140.75,143.210007,140.660004,141.919998,1096900,141.919998
2015-04-22,140.990005,141.50,139.610001,140.869995,591400,140.869995
2015-04-21,141.630005,142.00,140.270004,140.479996,876200,140.479996
2015-04-20,141.070007,143.070007,140.360001,141.279999,719900,141.279999
