Date,Open,High,Low,Close,Volume,Adj Close
2015-10-09,74.230003,74.959999,71.620003,72.139999,1119400,72.139999
2015-10-08,75.129997,76.519997,74.849998,75.739998,497500,75.739998
2015-10-07,75.050003,76.50,74.139999,75.120003,1106300,75.120003
2015-10-06,72.550003,74.870003,72.489998,74.480003,1438100,74.480003
2015-10-05,71.529999,72.75,71.32,72.68,700500,72.68
2015-10-02,68.410004,70.800003,67.660004,70.75,744000,70.75
2015-10-01,68.50,70.330002,67.940002,69.019997,923400,69.019997
2015-09-30,68.25,68.610001,66.620003,68.419998,824700,68.319998
2015-09-29,69.440002,70.889999,66.650002,67.419998,1239700,67.321459
2015-09-28,72.379997,72.379997,69.25,69.309998,956400,69.208696
2015-09-25,74.519997,74.800003,72.480003,72.940002,583300,72.833396
2015-09-24,73.57,74.099998,71.919998,73.879997,975500,73.772017
2015-09-23,76.349998,77.470001,73.279999,74.370003,1004000,74.261306
2015-09-22,76.870003,77.349998,74.910004,76.32,757200,76.208453
2015-09-21,79.440002,79.760002,77.650002,77.900002,802600,77.786146
2015-09-18,80.239998,80.739998,78.339996,78.940002,865400,78.824626
2015-09-17,82.18,82.989998,81.32,81.459999,349200,81.34094
2015-09-16,81.230003,82.669998,81.190002,82.260002,474600,82.139774
2015-09-15,81.540001,81.75,80.50,81.150002,558200,81.031395
2015-09-14,80.839996,81.580002,80.550003,81.110001,384300,80.991453
2015-09-11,79.68,81.269997,79.290001,81.209999,416600,81.091305
2015-09-10,80.739998,81.779999,80.059998,80.43,491400,80.312447
2015-09-09,82.529999,83.080002,80.809998,80.989998,512000,80.871626
2015-09-08,81.279999,82.43,80.879997,81.860001,471100,81.740357
2015-09-04,80.529999,81.330002,79.800003,80.480003,368800,80.362377
2015-09-03,81.419998,83.040001,80.709999,81.580002,584400,81.460767
2015-09-02,79.75,81.080002,78.220001,81.059998,588700,80.941523
2015-09-01,79.809998,80.879997,78.25,78.830002,711800,78.714787
2015-08-31,80.00,82.730003,79.150002,81.830002,622600,81.710402
2015-08-28,80.279999,82.300003,79.089996,80.330002,788600,80.212594
2015-08-27,76.860001,81.269997,76.309998,80.760002,1019600,80.641966
2015-08-26,75.440002,76.110001,74.290001,75.769997,775800,75.659254
2015-08-25,78.629997,78.849998,74.160004,74.18,814400,74.071581
2015-08-24,73.400002,78.160004,66.779999,76.82,1137600,76.707722
2015-08-21,80.089996,80.540001,78.110001,78.970001,832600,78.854581
2015-08-20,82.25,82.769997,80.839996,80.889999,854600,80.771773
2015-08-19,84.00,84.589996,81.980003,82.919998,936800,82.798805
2015-08-18,84.43,85.160004,83.529999,84.480003,371100,84.35653
2015-08-17,83.190002,85.099998,81.07,84.419998,481100,84.296613
2015-08-14,83.379997,84.50,82.699997,83.629997,510200,83.507767
2015-08-13,83.690002,87.040001,82.669998,83.709999,732900,83.587651
2015-08-12,81.800003,83.940002,80.769997,83.830002,886400,83.707479
2015-08-11,82.260002,83.330002,81.849998,82.449997,567600,82.329491
2015-08-10,80.610001,83.779999,80.029999,83.260002,883300,83.138312
2015-08-07,79.510002,80.339996,78.82,79.32,671900,79.204068
2015-08-06,79.230003,80.529999,78.559998,79.730003,675400,79.613473
2015-08-05,79.559998,80.830002,78.419998,79.25,1258100,79.134171
2015-08-04,72.00,81.190002,72.00,79.489998,2070200,79.373818
2015-08-03,77.239998,77.239998,75.300003,75.309998,893100,75.199927
2015-07-31,77.980003,78.309998,76.879997,77.139999,652900,77.027254
2015-07-30,76.519997,77.419998,75.989998,77.339996,499500,77.226959
2015-07-29,73.779999,77.300003,73.269997,77.00,1179000,76.887459
2015-07-28,72.339996,74.260002,71.629997,73.559998,678400,73.452485
2015-07-27,74.379997,74.379997,71.089996,71.629997,1046400,71.525305
2015-07-24,75.849998,76.389999,73.980003,74.690002,645000,74.580838
2015-07-23,76.730003,77.309998,75.760002,75.849998,605900,75.739139
2015-07-22,77.040001,78.739998,75.959999,76.279999,974700,76.168511
2015-07-21,76.029999,77.889999,76.029999,77.339996,591400,77.226959
2015-07-20,76.00,76.900002,74.449997,76.00,988100,75.888921
2015-07-17,76.43,76.760002,75.68,76.00,728600,75.888921
2015-07-16,76.669998,77.300003,76.00,76.459999,652200,76.348248
2015-07-15,78.139999,78.330002,76.029999,76.379997,674200,76.268363
2015-07-14,78.099998,79.190002,78.059998,78.199997,685500,78.085703
2015-07-13,78.239998,79.029999,77.75,78.309998,679900,78.195542
2015-07-10,77.139999,78.660004,76.919998,78.349998,797900,78.235485
2015-07-09,76.110001,76.919998,75.349998,76.339996,626100,76.22842
2015-07-08,75.660004,76.059998,74.629997,75.160004,542400,75.050152
2015-07-07,73.889999,76.32,72.459999,76.269997,977300,76.158523
2015-07-06,74.959999,75.669998,73.709999,74.010002,755700,73.901832
2015-07-02,76.010002,76.449997,75.440002,75.900002,361300,75.789069
2015-07-01,76.730003,77.230003,75.190002,75.650002,748100,75.539434
2015-06-30,76.199997,77.029999,75.400002,76.330002,694800,76.218441
2015-06-29,77.139999,77.809998,75.599998,75.720001,506800,75.609331
2015-06-26,78.440002,78.440002,76.830002,77.660004,573300,77.546498
2015-06-25,79.010002,79.089996,78.169998,78.169998,436700,78.055748
2015-06-24,79.18,79.620003,78.029999,78.959999,471700,78.844594
2015-06-23,78.919998,79.779999,78.830002,79.239998,327400,79.124183
2015-06-22,78.93,79.220001,78.230003,79.220001,335600,79.104216
2015-06-19,78.599998,79.029999,78.209999,78.650002,586800,78.535049
2015-06-18,77.730003,78.900002,76.989998,78.50,451800,78.385267
2015-06-17,78.00,78.349998,76.779999,77.529999,722100,77.31683
2015-06-16,79.93,80.209999,78.089996,78.209999,721500,77.99496
2015-06-15,78.720001,80.330002,78.650002,79.809998,816000,79.59056
2015-06-12,80.980003,80.980003,79.699997,79.970001,662200,79.750123
2015-06-11,81.589996,82.129997,80.660004,81.169998,587300,80.946821
2015-06-10,82.379997,82.730003,81.010002,81.559998,637900,81.335748
2015-06-09,80.730003,81.989998,80.379997,81.480003,336800,81.255974
2015-06-08,82.260002,82.639999,80.669998,80.980003,428400,80.757349
2015-06-05,81.269997,83.00,80.910004,82.309998,605600,82.083686
2015-06-04,82.699997,82.989998,81.660004,81.940002,788100,81.714708
2015-06-03,84.129997,84.68,82.910004,83.199997,423400,82.971238
2015-06-02,82.769997,85.199997,82.470001,84.260002,402300,84.028329
2015-06-01,83.860001,84.400002,82.410004,82.800003,487300,82.572344
2015-05-29,83.18,83.860001,82.550003,83.480003,804600,83.250475
2015-05-28,83.959999,84.379997,82.75,83.400002,648800,83.170693
2015-05-27,82.580002,84.550003,82.25,84.410004,525800,84.177918
2015-05-26,82.959999,83.739998,81.940002,82.419998,465700,82.193384
2015-05-22,84.830002,85.25,83.290001,83.639999,437200,83.410031
2015-05-21,82.970001,85.00,82.809998,84.959999,668100,84.726401
2015-05-20,82.650002,83.190002,81.129997,82.910004,663900,82.682042
2015-05-19,82.82,83.690002,82.029999,82.639999,803400,82.41278
2015-05-18,81.949997,82.779999,81.169998,82.650002,1372100,82.422755
2015-05-15,84.00,85.650002,81.50,82.330002,2420500,82.103635
2015-05-14,87.949997,88.809998,87.059998,87.68,926600,87.438924
2015-05-13,85.279999,88.25,85.279999,86.970001,999100,86.730877
2015-05-12,85.639999,86.449997,84.720001,85.110001,586600,84.87599
2015-05-11,86.580002,86.940002,85.690002,86.010002,389600,85.773517
2015-05-08,85.470001,87.220001,84.959999,86.540001,633800,86.302059
2015-05-07,83.900002,84.190002,82.919998,84.089996,794400,83.858791
2015-05-06,83.790001,85.309998,83.379997,84.300003,527400,84.06822
2015-05-05,84.190002,85.50,83.660004,83.910004,597900,83.679293
2015-05-04,84.879997,85.980003,84.07,84.330002,514000,84.098136
2015-05-01,83.279999,85.900002,83.00,85.040001,649300,84.806183
2015-04-30,84.080002,85.370003,82.790001,83.389999,893100,83.160718
2015-04-29,83.010002,85.93,82.00,84.800003,811800,84.566845
2015-04-28,85.059998,85.190002,82.93,83.160004,697900,82.931355
2015-04-27,84.660004,85.989998,84.389999,85.139999,643500,84.905907
2015-04-24,83.900002,84.43,82.580002,84.360001,399000,84.128053
2015-04-23,83.360001,84.300003,82.290001,83.940002,648500,83.709209
2015-04-22,82.730003,84.169998,82.400002,83.260002,392200,83.031079
2015-04-21,84.50,84.709999,82.639999,82.699997,342200,82.472613
2015-04-20,83.919998,84.57,83.470001,84.040001,364400,83.808933
2015-04-17,84.129997,84.389999,83.199997,83.57,587800,83.340224
2015-04-16,86.07,86.07,83.739998,84.839996,777400,84.606729
2015-04-15,83.349998,86.910004,82.470001,86.150002,907300,85.913132
2015-04-14,84.139999,84.260002,81.400002,82.82,919300,82.592286
2015-04-13,85.540001,85.540001,83.080002,83.849998,410000,83.619453
