Date,Open,High,Low,Close,Volume,Adj Close
2015-10-09,92.900002,93.739998,92.239998,93.239998,19886200,93.239998
2015-10-08,91.889999,93.220001,90.470001,92.470001,27213300,92.470001
2015-10-07,93.110001,93.660004,91.370003,92.400002,24060300,92.400002
2015-10-06,94.080002,94.169998,92.339996,92.800003,22172800,92.800003
2015-10-05,92.940002,94.269997,92.660004,94.010002,26903100,94.010002
2015-10-02,88.900002,92.199997,88.370003,92.07,37623200,92.07
2015-10-01,90.050003,90.949997,88.360001,90.949997,29070200,90.949997
2015-09-30,88.440002,90.019997,88.010002,89.900002,36030300,89.900002
2015-09-29,89.099998,90.059998,85.720001,86.669998,41810200,86.669998
2015-09-28,92.080002,92.290001,88.18,89.209999,41024400,89.209999
2015-09-25,95.790001,95.849998,92.059998,92.769997,28803200,92.769997
2015-09-24,93.059998,94.769997,92.239998,94.410004,28943700,94.410004
2015-09-23,93.400002,94.32,92.800003,93.970001,21645700,93.970001
2015-09-22,93.769997,94.68,91.919998,92.959999,36683700,92.959999
2015-09-21,94.620003,96.489998,94.519997,95.550003,28657500,95.550003
2015-09-18,93.199997,95.190002,93.050003,94.400002,61898700,94.400002
2015-09-17,93.370003,95.510002,92.900002,94.339996,27679900,94.339996
2015-09-16,92.900002,93.599998,92.629997,93.449997,16256300,93.449997
2015-09-15,92.370003,93.25,91.790001,92.900002,18638300,92.900002
2015-09-14,92.309998,92.620003,91.599998,92.309998,20103600,92.309998
2015-09-11,91.68,92.080002,91.129997,92.050003,21031100,92.050003
2015-09-10,90.07,92.059998,89.629997,91.980003,26333800,91.980003
2015-09-09,90.779999,91.980003,90.169998,90.440002,32439000,90.440002
2015-09-08,89.690002,90.239998,88.830002,89.529999,26849000,89.529999
2015-09-04,87.199997,88.389999,86.699997,88.260002,27298700,88.260002
2015-09-03,89.760002,89.82,87.730003,88.150002,26882200,88.150002
2015-09-02,88.809998,89.889999,87.629997,89.889999,26838000,89.889999
2015-09-01,86.849998,89.389999,86.50,87.230003,35798100,87.230003
2015-08-31,90.599998,91.050003,88.889999,89.43,32006700,89.43
2015-08-28,89.879997,91.480003,89.790001,91.010002,33005600,91.010002
2015-08-27,89.099998,90.059998,87.190002,89.730003,41778600,89.730003
2015-08-26,85.949997,87.459999,83.260002,87.190002,44492000,87.190002
2015-08-25,86.949997,87.669998,83.00,83.00,51447600,83.00
2015-08-24,77.029999,82.089996,72.00,82.089996,81647900,82.089996
2015-08-21,87.519997,89.18,85.610001,86.059998,62258000,86.059998
2015-08-20,93.540001,94.769997,90.459999,90.559998,44219600,90.559998
2015-08-19,94.629997,96.099998,94.160004,95.309998,23156500,95.309998
2015-08-18,94.080002,95.849998,94.040001,95.169998,22164400,95.169998
2015-08-17,94.419998,94.459999,93.389999,93.93,18250600,93.93
2015-08-14,93.540001,94.720001,93.209999,94.419998,15878500,94.419998
2015-08-13,94.050003,94.730003,93.349998,93.43,17390600,93.43
2015-08-12,92.699997,94.440002,91.190002,94.190002,27050500,94.190002
2015-08-11,93.730003,94.760002,92.900002,93.620003,21372900,93.620003
2015-08-10,95.68,95.900002,93.629997,94.150002,21360500,94.150002
2015-08-07,95.379997,95.400002,93.610001,94.300003,23122200,94.300003
2015-08-06,97.18,98.739998,94.419998,95.120003,42080200,95.120003
2015-08-05,95.25,97.089996,95.18,96.440002,29674500,96.440002
2015-08-04,93.790001,94.730003,93.330002,94.059998,19997700,94.059998
2015-08-03,93.529999,95.080002,92.800003,94.139999,29210500,94.139999
2015-07-31,94.949997,96.330002,93.949997,94.010002,43916600,94.010002
2015-07-30,94.910004,95.809998,91.800003,95.209999,85842100,95.209999
2015-07-29,96.32,97.279999,94.739998,96.989998,54645500,96.989998
2015-07-28,94.839996,95.559998,93.309998,95.290001,34180500,95.290001
2015-07-27,96.580002,96.610001,93.830002,94.169998,38285100,94.169998
2015-07-24,97.349998,97.760002,95.879997,96.949997,33229500,96.949997
2015-07-23,96.959999,97.449997,94.809998,95.440002,28838800,95.440002
2015-07-22,96.739998,97.580002,95.919998,97.040001,28083900,97.040001
2015-07-21,98.949997,99.239998,97.139999,98.389999,38848800,98.389999
2015-07-20,95.849998,98.599998,95.360001,97.910004,48510100,97.910004
2015-07-17,92.550003,95.389999,92.540001,94.970001,53482200,94.970001
2015-07-16,90.279999,90.860001,89.769997,90.849998,21020700,90.849998
2015-07-15,90.00,90.989998,89.419998,89.760002,30766400,89.760002
2015-07-14,90.459999,90.800003,89.650002,89.68,26516100,89.68
2015-07-13,88.660004,90.220001,88.419998,90.099998,29579200,90.099998
2015-07-10,87.349998,88.220001,86.769997,87.949997,23148600,87.949997
2015-07-09,86.730003,87.599998,85.650002,85.879997,23144200,85.879997
2015-07-08,86.290001,86.75,85.449997,85.650002,24311200,85.650002
2015-07-07,87.800003,87.849998,85.230003,87.220001,33005700,87.220001
2015-07-06,86.489998,88.190002,86.389999,87.550003,24553200,87.550003
2015-07-02,87.400002,87.440002,86.339996,87.290001,16719400,87.290001
2015-07-01,86.769997,87.949997,86.489998,86.910004,25163600,86.910004
2015-06-30,86.599998,86.699997,85.57,85.769997,23016500,85.769997
2015-06-29,86.610001,87.50,85.730003,85.800003,35830000,85.800003
2015-06-26,88.120003,88.339996,86.830002,88.010002,36881300,88.010002
2015-06-25,89.260002,89.400002,87.839996,87.980003,27226000,87.980003
2015-06-24,87.660004,89.25,87.449997,88.860001,41278400,88.860001
2015-06-23,84.959999,87.970001,84.760002,87.879997,50195700,87.879997
2015-06-22,83.410004,84.970001,83.309998,84.739998,29031300,84.739998
2015-06-19,82.830002,82.980003,82.120003,82.510002,23258300,82.510002
2015-06-18,81.639999,83.190002,81.57,82.910004,26715500,82.910004
2015-06-17,81.760002,82.220001,81.339996,81.790001,18296700,81.790001
2015-06-16,80.82,81.510002,80.449997,81.059998,13648200,81.059998
2015-06-15,80.550003,80.93,80.07,80.709999,18763300,80.709999
2015-06-12,81.370003,82.089996,81.199997,81.529999,11388700,81.529999
2015-06-11,82.309998,82.900002,81.360001,81.830002,18578000,81.830002
2015-06-10,80.830002,82.599998,80.809998,82.160004,21439300,82.160004
2015-06-09,80.599998,81.190002,79.32,80.669998,16371000,80.669998
2015-06-08,81.82,82.00,80.129997,80.669998,16871600,80.669998
2015-06-05,81.870003,82.459999,81.510002,82.139999,16072600,82.139999
2015-06-04,82.139999,82.949997,81.510002,82.050003,20674300,82.050003
2015-06-03,81.349998,82.529999,81.25,82.440002,31594700,82.440002
2015-06-02,79.760002,81.349998,79.559998,80.440002,18893700,80.440002
2015-06-01,79.300003,80.379997,78.660004,80.290001,18077700,80.290001
2015-05-29,79.949997,80.07,78.879997,79.190002,16083900,79.190002
2015-05-28,80.25,81.07,80.00,80.150002,11963700,80.150002
2015-05-27,79.599998,80.660004,79.43,80.550003,14065100,80.550003
2015-05-26,80.43,80.599998,79.080002,79.330002,16238400,79.330002
2015-05-22,80.349998,81.309998,80.25,80.540001,19533100,80.540001
2015-05-21,80.190002,80.919998,80.080002,80.480003,13359400,80.480003
2015-05-20,80.470001,81.099998,79.459999,80.550003,23005300,80.550003
2015-05-19,81.25,81.690002,80.550003,80.629997,17931800,80.629997
2015-05-18,80.330002,81.379997,80.230003,80.879997,21077200,80.879997
2015-05-15,81.410004,81.519997,80.18,80.419998,27011300,80.419998
2015-05-14,78.940002,81.849998,78.669998,81.370003,49281400,81.370003
2015-05-13,77.720001,78.529999,77.650002,78.440002,21432100,78.440002
2015-05-12,77.870003,77.889999,76.790001,77.459999,21176300,77.459999
2015-05-11,78.480003,79.029999,77.93,78.010002,18802300,78.010002
2015-05-08,79.099998,79.230003,78.029999,78.510002,19804000,78.510002
2015-05-07,78.00,78.940002,77.559998,78.43,19697600,78.43
2015-05-06,77.970001,78.809998,77.050003,78.099998,28525000,78.099998
2015-05-05,78.550003,78.800003,77.220001,77.559998,22158400,77.559998
2015-05-04,79.330002,79.690002,78.629997,78.809998,14636600,78.809998
2015-05-01,79.239998,79.760002,78.110001,78.989998,22783300,78.989998
2015-04-30,80.010002,80.959999,78.32,78.769997,28700400,78.769997
2015-04-29,80.010002,81.389999,79.519997,80.470001,26285800,80.470001
2015-04-28,81.830002,81.900002,80.230003,80.68,23638900,80.68
2015-04-27,81.870003,82.93,81.629997,81.910004,25335400,81.910004
2015-04-24,82.769997,82.940002,81.480003,81.529999,29576500,81.529999
2015-04-23,84.099998,85.589996,82.410004,82.410004,73512600,82.410004
2015-04-22,84.32,84.739998,83.650002,84.629997,39108800,84.629997
2015-04-21,84.00,84.489998,83.540001,83.620003,26761200,83.620003
2015-04-20,81.540001,83.150002,81.239998,83.089996,28796800,83.089996
2015-04-17,81.480003,82.110001,80.370003,80.779999,24076300,80.779999
2015-04-16,82.470001,83.07,82.150002,82.309998,13657600,82.309998
2015-04-15,83.550003,83.660004,82.269997,82.709999,22336500,82.709999
2015-04-14,83.169998,83.690002,82.440002,83.519997,19634200,83.519997
2015-04-13,81.93,83.940002,81.919998,83.010002,26883100,83.010002
