Date,Open,High,Low,Close,Volume,Adj Close
2015-10-16,44.419998,44.50,43.669998,43.919998,221000,43.919998
2015-10-15,44.470001,44.75,43.830002,44.290001,213200,44.290001
2015-10-14,44.939999,45.299999,44.25,44.34,99100,44.34
2015-10-13,45.470001,45.849998,44.990002,45.049999,115200,45.049999
2015-10-12,45.07,45.869999,44.950001,45.66,109300,45.66
2015-10-09,45.349998,45.48,45.00,45.119999,147000,45.119999
2015-10-08,45.220001,45.470001,44.790001,45.330002,238900,45.330002
2015-10-07,44.84,45.98,44.84,45.23,406700,45.23
2015-10-06,44.040001,44.75,43.889999,44.709999,504200,44.709999
2015-10-05,43.209999,44.310001,42.98,44.040001,448600,44.040001
2015-10-02,41.799999,43.00,41.450001,42.970001,232100,42.970001
2015-10-01,41.619999,42.209999,41.25,42.200001,222400,42.200001
2015-09-30,41.669998,41.830002,40.849998,41.509998,254400,41.509998
2015-09-29,41.580002,41.619999,41.049999,41.259998,187000,41.259998
2015-09-28,42.110001,42.150002,41.470001,41.52,264800,41.52
2015-09-25,42.799999,42.799999,41.939999,42.139999,170900,42.139999
2015-09-24,42.27,42.639999,41.919998,42.490002,142100,42.490002
2015-09-23,42.34,42.779999,42.080002,42.509998,113900,42.509998
2015-09-22,42.029999,42.389999,41.799999,42.25,157000,42.25
2015-09-21,42.419998,43.040001,42.16,42.490002,142400,42.490002
2015-09-18,42.279999,42.57,41.98,42.139999,310300,42.139999
2015-09-17,43.02,43.52,42.610001,42.630001,284500,42.630001
2015-09-16,42.41,43.189999,42.279999,43.07,209400,43.07
2015-09-15,41.860001,42.68,41.639999,42.380001,174400,42.380001
2015-09-14,41.389999,41.77,41.09,41.759998,90600,41.759998
2015-09-11,40.66,41.330002,40.509998,41.310001,85100,41.310001
2015-09-10,40.93,41.360001,40.689999,40.889999,190400,40.889999
2015-09-09,41.810001,41.869999,40.900002,40.970001,122000,40.970001
2015-09-08,41.00,41.68,40.599998,41.43,186300,41.43
2015-09-04,39.91,40.830002,39.91,40.48,197300,40.48
2015-09-03,40.139999,40.650002,39.77,40.400002,379900,40.400002
2015-09-02,39.439999,40.040001,39.380001,40.00,143300,40.00
2015-09-01,39.119999,39.52,38.91,38.93,220000,38.93
2015-08-31,39.849998,40.130001,39.560001,39.860001,136000,39.860001
2015-08-28,39.740002,40.259998,39.43,39.950001,150300,39.950001
2015-08-27,39.82,40.110001,39.09,39.849998,142100,39.849998
2015-08-26,39.380001,39.700001,38.209999,39.50,199400,39.50
2015-08-25,39.869999,39.91,38.610001,38.720001,376800,38.720001
2015-08-24,39.080002,40.240002,38.00,38.869999,423700,38.869999
2015-08-21,39.650002,40.75,39.130001,39.990002,314900,39.990002
2015-08-20,40.689999,41.060001,40.330002,40.34,253400,40.34
2015-08-19,40.389999,41.27,40.119999,41.139999,262700,41.139999
2015-08-18,41.009998,41.009998,40.599998,40.66,115900,40.66
2015-08-17,40.369999,41.150002,40.18,41.080002,201600,41.080002
2015-08-14,39.779999,40.700001,39.740002,40.529999,110500,40.529999
2015-08-13,39.75,40.150002,39.43,39.779999,145200,39.779999
2015-08-12,39.549999,39.990002,39.23,39.689999,177000,39.689999
2015-08-11,39.540001,39.849998,39.330002,39.77,137700,39.77
2015-08-10,39.720001,40.049999,39.639999,39.91,126500,39.91
2015-08-07,39.330002,39.740002,39.25,39.450001,145800,39.450001
2015-08-06,40.310001,40.389999,39.150002,39.619999,147200,39.619999
2015-08-05,40.619999,40.900002,40.060001,40.32,164400,40.32
2015-08-04,40.290001,40.799999,40.150002,40.360001,164000,40.360001
2015-08-03,40.82,41.099998,40.00,40.389999,202100,40.389999
2015-07-31,40.049999,40.990002,39.830002,40.919998,410800,40.919998
2015-07-30,40.66,40.959999,39.700001,39.950001,559900,39.950001
2015-07-29,40.25,41.279999,40.25,41.139999,238600,41.139999
2015-07-28,40.689999,40.689999,40.07,40.380001,367300,40.380001
2015-07-27,40.599998,41.259998,40.419998,40.720001,181900,40.720001
2015-07-24,41.619999,41.619999,40.82,40.880001,134300,40.880001
2015-07-23,42.060001,42.07,41.419998,41.639999,128800,41.639999
2015-07-22,41.349998,42.110001,41.349998,42.00,102000,42.00
2015-07-21,42.290001,42.50,41.630001,41.75,121900,41.75
2015-07-20,42.549999,42.59,41.889999,42.439999,340700,42.439999
2015-07-17,43.43,43.50,42.459999,42.610001,150700,42.610001
2015-07-16,43.509998,43.75,43.099998,43.549999,240800,43.549999
2015-07-15,43.34,43.66,43.07,43.279999,163200,43.279999
2015-07-14,42.830002,43.369999,42.77,43.279999,120600,43.279999
2015-07-13,42.540001,42.970001,42.529999,42.82,198100,42.82
2015-07-10,41.91,42.23,41.630001,42.189999,221800,42.189999
2015-07-09,42.040001,42.189999,41.189999,41.360001,289400,41.360001
2015-07-08,41.860001,42.150002,41.290001,41.509998,284800,41.509998
2015-07-07,42.029999,42.650002,41.77,42.439999,320700,42.439999
2015-07-06,41.810001,42.48,41.540001,41.93,174400,41.93
2015-07-02,42.549999,42.779999,41.59,42.060001,185300,42.060001
2015-07-01,42.049999,42.50,41.599998,42.389999,302800,42.389999
2015-06-30,41.43,41.43,40.82,41.240002,214800,41.240002
2015-06-29,42.200001,42.50,40.959999,41.040001,187800,41.040001
2015-06-26,42.59,43.209999,42.189999,42.509998,302100,42.509998
2015-06-25,42.869999,42.869999,42.07,42.400002,133700,42.400002
2015-06-24,43.580002,43.619999,42.549999,42.720001,262500,42.720001
2015-06-23,43.240002,43.82,43.130001,43.639999,316200,43.639999
2015-06-22,42.900002,43.119999,42.389999,43.049999,244700,43.049999
2015-06-19,41.990002,42.759998,41.84,42.619999,551100,42.619999
2015-06-18,41.50,41.970001,41.330002,41.849998,192500,41.849998
2015-06-17,41.48,41.650002,41.200001,41.310001,211200,41.310001
2015-06-16,40.619999,41.470001,40.369999,41.470001,343600,41.470001
2015-06-15,40.66,40.66,39.73,40.599998,171100,40.599998
2015-06-12,41.330002,41.330002,40.939999,41.00,193700,41.00
2015-06-11,41.099998,41.490002,40.849998,41.380001,235200,41.380001
2015-06-10,40.50,41.50,40.48,41.00,411000,41.00
2015-06-09,40.169998,40.639999,39.950001,40.369999,195400,40.369999
2015-06-08,40.380001,40.540001,40.099998,40.25,102500,40.25
2015-06-05,40.360001,40.619999,39.849998,40.52,117700,40.52
2015-06-04,40.200001,40.50,40.110001,40.310001,155100,40.310001
2015-06-03,39.970001,40.50,39.619999,40.459999,201300,40.459999
2015-06-02,39.23,39.91,39.23,39.84,108000,39.84
2015-06-01,39.580002,39.84,38.869999,39.529999,111600,39.529999
2015-05-29,39.650002,39.900002,38.889999,39.299999,105700,39.299999
2015-05-28,39.799999,39.900002,39.299999,39.740002,107200,39.740002
2015-05-27,39.169998,39.990002,39.080002,39.939999,103600,39.939999
2015-05-26,39.59,39.759998,39.099998,39.220001,143400,39.220001
2015-05-22,39.779999,40.02,39.279999,39.66,128100,39.66
2015-05-21,39.869999,40.220001,39.740002,39.82,93600,39.82
2015-05-20,40.099998,40.23,39.799999,39.939999,109600,39.939999
2015-05-19,39.970001,40.290001,39.619999,40.139999,114600,40.139999
2015-05-18,39.639999,40.07,39.290001,39.900002,155100,39.900002
2015-05-15,40.439999,40.709999,39.82,39.889999,145100,39.889999
2015-05-14,40.240002,40.77,40.040001,40.43,173100,40.43
2015-05-13,39.810001,40.48,39.459999,40.240002,190600,40.240002
2015-05-12,39.549999,39.950001,38.849998,39.810001,180400,39.810001
2015-05-11,39.59,40.360001,39.59,39.830002,142400,39.830002
2015-05-08,39.580002,40.060001,39.50,39.689999,191800,39.689999
2015-05-07,39.299999,39.52,38.950001,39.259998,180500,39.259998
2015-05-06,40.299999,40.439999,39.290001,39.41,210000,39.41
2015-05-05,39.880001,40.299999,39.299999,40.099998,310300,40.099998
2015-05-04,39.889999,40.57,39.849998,40.009998,255800,40.009998
2015-05-01,41.380001,41.48,39.830002,39.919998,421100,39.919998
2015-04-30,39.950001,41.790001,39.549999,41.110001,975300,41.110001
2015-04-29,38.860001,38.869999,38.110001,38.299999,303000,38.299999
2015-04-28,38.669998,39.009998,38.419998,39.00,206300,39.00
2015-04-27,38.59,39.150002,38.369999,38.720001,178000,38.720001
2015-04-24,38.490002,38.59,38.18,38.529999,127600,38.529999
2015-04-23,38.43,38.779999,38.310001,38.509998,75200,38.509998
2015-04-22,38.689999,39.009998,38.279999,38.549999,130900,38.549999
2015-04-21,38.220001,38.880001,38.09,38.68,168200,38.68
2015-04-20,37.700001,38.349998,37.529999,38.029999,95300,38.029999
