Date,Open,High,Low,Close,Volume,Adj Close
2015-10-16,32.959999,33.00,32.43,32.50,3238000,32.50
2015-10-15,32.639999,32.869999,32.459999,32.740002,4098300,32.740002
2015-10-14,32.389999,32.779999,32.240002,32.50,4121100,32.50
2015-10-13,32.509998,32.66,32.209999,32.330002,4355100,32.330002
2015-10-12,31.700001,32.57,31.67,32.400002,4873000,32.400002
2015-10-09,31.35,31.559999,31.24,31.559999,4715800,31.559999
2015-10-08,30.99,31.440001,30.92,31.34,3548300,31.34
2015-10-07,31.200001,31.360001,30.969999,31.030001,3225100,31.030001
2015-10-06,31.49,31.65,30.969999,31.15,2407900,31.15
2015-10-05,31.049999,31.83,31.049999,31.60,4347700,31.60
2015-10-02,30.709999,31.049999,30.440001,30.950001,2209400,30.950001
2015-10-01,31.360001,31.49,30.280001,30.59,2883000,30.59
2015-09-30,30.959999,31.34,30.860001,31.309999,3045900,31.309999
2015-09-29,30.940001,31.120001,30.639999,30.83,1821800,30.83
2015-09-28,31.02,31.280001,30.889999,30.91,2463800,30.91
2015-09-25,30.790001,31.290001,30.469999,31.040001,3092100,31.040001
2015-09-24,30.389999,30.77,30.309999,30.719999,3190800,30.719999
2015-09-23,30.950001,31.030001,30.450001,30.469999,3491800,30.469999
2015-09-22,31.549999,31.60,30.709999,30.90,3975700,30.90
2015-09-21,31.25,31.57,31.17,31.35,3487700,31.35
2015-09-18,31.389999,31.879999,31.059999,31.129999,5217400,31.129999
2015-09-17,31.58,32.169998,31.450001,31.719999,3259400,31.719999
2015-09-16,31.200001,31.959999,31.10,31.58,3499600,31.58
2015-09-15,30.93,31.34,30.65,31.190001,3401600,31.190001
2015-09-14,30.68,31.120001,30.65,30.879999,3757600,30.879999
2015-09-11,30.610001,30.76,30.459999,30.59,4114300,30.59
2015-09-10,30.74,31.10,30.51,30.57,3678200,30.57
2015-09-09,31.389999,31.43,30.719999,30.780001,3131500,30.780001
2015-09-08,31.02,31.219999,30.82,31.18,2988600,31.18
2015-09-04,30.90,31.030001,30.48,30.59,2929300,30.59
2015-09-03,30.93,31.309999,30.790001,31.25,5382700,31.25
2015-09-02,31.280001,31.440001,30.34,30.860001,6397400,30.860001
2015-09-01,31.700001,32.139999,30.76,30.98,3378100,30.98
2015-08-31,32.34,32.389999,31.530001,31.959999,3672700,31.959999
2015-08-28,32.400002,32.50,31.90,32.490002,3852200,32.490002
2015-08-27,32.400002,32.52,32.02,32.509998,4191400,32.509998
2015-08-26,32.150002,32.259998,31.469999,32.139999,5277200,32.139999
2015-08-25,33.450001,33.490002,31.709999,31.719999,4943800,31.719999
2015-08-24,32.720001,33.869999,32.509998,32.740002,7254300,32.740002
2015-08-21,34.27,34.529999,33.900002,33.990002,4211600,33.990002
2015-08-20,34.639999,34.98,34.34,34.380001,3124300,34.380001
2015-08-19,34.52,35.049999,34.43,34.880001,2836700,34.880001
2015-08-18,34.73,34.860001,34.43,34.650002,3120200,34.650002
2015-08-17,34.82,35.09,34.720001,34.869999,2624000,34.869999
2015-08-14,34.439999,34.790001,34.32,34.790001,3647700,34.790001
2015-08-13,34.470001,34.540001,34.200001,34.450001,2382700,34.450001
2015-08-12,34.139999,34.66,34.009998,34.610001,3557800,34.610001
2015-08-11,34.130001,34.650002,34.130001,34.189999,2164800,34.189999
2015-08-10,34.32,34.540001,34.029999,34.130001,1853200,34.130001
2015-08-07,33.93,34.599998,33.740002,34.259998,2765600,34.259998
2015-08-06,33.610001,34.00,33.279999,33.970001,2660300,33.970001
2015-08-05,33.490002,33.939999,33.470001,33.560001,2203300,33.560001
2015-08-04,34.369999,34.57,33.650002,33.709999,3115300,33.35
2015-08-03,34.02,34.470001,33.939999,34.43,2964400,34.062312
2015-07-31,33.150002,34.119999,33.150002,33.959999,3450300,33.59733
2015-07-30,32.48,32.990002,32.450001,32.959999,2516700,32.608009
2015-07-29,32.700001,32.810001,32.32,32.610001,2382500,32.261748
2015-07-28,32.73,32.900002,32.540001,32.799999,2090400,32.449718
2015-07-27,32.240002,32.93,32.240002,32.75,1457600,32.400253
2015-07-24,32.349998,32.52,32.259998,32.290001,2119700,31.945166
2015-07-23,32.900002,32.970001,32.099998,32.32,4774800,31.974845
2015-07-22,33.369999,33.610001,33.189999,33.32,2148000,32.964165
2015-07-21,33.860001,33.950001,33.189999,33.279999,1900800,32.924592
2015-07-20,34.400002,34.419998,33.759998,33.970001,1858600,33.607225
2015-07-17,34.560001,34.599998,34.27,34.400002,2069000,34.032633
2015-07-16,33.900002,34.73,33.790001,34.689999,3000700,34.319534
2015-07-15,33.549999,33.869999,33.43,33.860001,1690100,33.498399
2015-07-14,33.669998,33.880001,33.439999,33.619999,1471400,33.260961
2015-07-13,33.779999,33.84,33.43,33.669998,1555100,33.310426
2015-07-10,33.630001,33.93,33.419998,33.66,1477500,33.300534
2015-07-09,33.91,34.139999,33.330002,33.470001,1615700,33.112565
2015-07-08,33.889999,34.16,33.709999,33.790001,2412300,33.429147
2015-07-07,33.43,34.18,33.389999,34.060001,2727200,33.696264
2015-07-06,33.139999,33.52,32.869999,33.310001,1944200,32.954274
2015-07-02,33.09,33.41,32.959999,33.209999,1411100,32.855339
2015-07-01,32.66,32.830002,32.529999,32.810001,1796100,32.459613
2015-06-30,32.689999,32.810001,32.459999,32.549999,2313500,32.202388
2015-06-29,32.68,33.380001,32.59,32.610001,2493200,32.261748
2015-06-26,32.860001,33.049999,32.57,32.75,2285200,32.400253
2015-06-25,33.040001,33.139999,32.830002,32.860001,2219400,32.509079
2015-06-24,33.25,33.349998,33.00,33.00,2059700,32.647583
2015-06-23,33.759998,33.790001,33.169998,33.27,2537600,32.9147
2015-06-22,33.950001,34.060001,33.630001,33.689999,2041300,33.330213
2015-06-19,34.02,34.240002,33.75,33.799999,3378100,33.439039
2015-06-18,33.509998,34.139999,33.50,34.040001,3111300,33.676477
2015-06-17,33.349998,33.619999,32.98,33.43,3586500,33.072991
2015-06-16,33.290001,33.41,33.00,33.360001,1910800,33.003739
2015-06-15,33.610001,33.66,33.169998,33.290001,2736200,32.934487
2015-06-12,34.369999,34.369999,33.669998,33.669998,2492200,33.310426
2015-06-11,34.759998,34.84,34.200001,34.52,2164800,34.151351
2015-06-10,34.25,34.790001,34.23,34.540001,4708100,34.171138
2015-06-09,34.200001,34.349998,33.880001,33.919998,2557000,33.557756
2015-06-08,34.330002,34.57,34.18,34.299999,2041800,33.933699
2015-06-05,34.150002,34.43,33.880001,34.400002,2940800,34.032633
2015-06-04,34.349998,34.939999,34.32,34.549999,2506200,34.181029
2015-06-03,35.00,35.150002,34.240002,34.48,2182900,34.111777
2015-06-02,35.43,35.52,34.75,35.009998,2156900,34.636116
2015-06-01,35.810001,35.900002,35.400002,35.599998,2555300,35.219815
2015-05-29,36.16,36.25,35.630001,35.68,2950700,35.298963
2015-05-28,35.869999,36.27,35.84,36.07,2274800,35.684797
2015-05-27,35.939999,36.169998,35.709999,35.860001,2272000,35.477041
2015-05-26,36.009998,36.02,35.490002,35.75,1894100,35.368215
2015-05-22,35.790001,36.16,35.549999,36.009998,3409500,35.625437
2015-05-21,35.82,36.16,35.689999,35.919998,3484300,35.536398
2015-05-20,35.599998,36.099998,35.540001,35.830002,2867500,35.447362
2015-05-19,35.169998,35.59,35.040001,35.50,2032700,35.120885
2015-05-18,35.169998,35.41,35.07,35.330002,2078500,34.952702
2015-05-15,35.060001,35.529999,35.009998,35.240002,2766000,34.863663
2015-05-14,34.73,35.080002,34.73,34.950001,1868300,34.576759
2015-05-13,34.91,35.110001,34.369999,34.540001,1731800,34.171138
2015-05-12,34.700001,35.040001,34.59,34.860001,1796100,34.48772
2015-05-11,35.00,35.50,34.889999,34.939999,1820300,34.566864
2015-05-08,35.18,35.529999,34.880001,35.09,1649400,34.715263
2015-05-07,35.00,35.139999,34.689999,34.75,2063400,34.378894
2015-05-06,35.299999,35.459999,34.400002,34.830002,2795000,34.458042
2015-05-05,36.150002,36.259998,35.189999,35.310001,2354500,34.932915
2015-05-04,36.299999,37.049999,36.25,36.650002,2655100,35.902449
2015-05-01,36.09,36.50,35.91,36.25,3148600,35.510606
2015-04-30,36.209999,36.290001,35.650002,35.91,2794400,35.177541
2015-04-29,36.09,36.450001,35.830002,36.34,1911000,35.598771
2015-04-28,36.09,36.369999,35.84,36.360001,1986800,35.618363
2015-04-27,36.450001,36.59,35.950001,36.240002,2709900,35.500812
2015-04-24,35.610001,36.580002,35.540001,36.32,5399100,35.579178
2015-04-23,35.48,35.869999,35.450001,35.599998,2646800,34.873863
2015-04-22,35.549999,35.59,35.169998,35.50,2674600,34.775904
2015-04-21,36.16,36.450001,35.189999,35.490002,2896800,34.76611
2015-04-20,35.459999,36.299999,35.459999,36.099998,4196600,35.363664
