Date,Open,High,Low,Close,Volume,Adj Close
2015-10-16,75.849998,75.849998,74.900002,75.589996,113700,75.589996
2015-10-15,73.709999,75.660004,73.550003,75.629997,141300,75.629997
2015-10-14,75.050003,75.809998,73.32,73.50,159000,73.50
2015-10-13,76.709999,76.989998,75.239998,75.25,269100,75.25
2015-10-12,76.93,77.120003,76.32,76.940002,141400,76.940002
2015-10-09,77.129997,77.669998,76.379997,77.199997,165100,77.199997
2015-10-08,75.589996,77.330002,74.989998,77.220001,172300,76.919999
2015-10-07,74.800003,75.940002,74.269997,75.879997,175300,75.585201
2015-10-06,75.300003,75.449997,73.93,74.529999,194200,74.240447
2015-10-05,73.919998,75.75,73.589996,75.459999,160500,75.166835
2015-10-02,70.949997,73.440002,70.68,73.400002,179100,73.11484
2015-10-01,73.019997,73.349998,70.709999,71.529999,209200,71.252103
2015-09-30,72.510002,73.379997,72.010002,73.040001,233600,72.756238
2015-09-29,72.489998,73.860001,71.150002,71.730003,336400,71.45133
2015-09-28,71.959999,72.800003,71.870003,72.379997,275500,72.098799
2015-09-25,73.870003,74.080002,72.019997,72.260002,187100,71.97927
2015-09-24,72.980003,73.57,72.379997,73.379997,205600,73.094914
2015-09-23,73.900002,74.440002,73.449997,73.620003,189800,73.333987
2015-09-22,74.220001,74.220001,73.150002,73.769997,204300,73.483398
2015-09-21,75.620003,76.449997,74.57,75.080002,178100,74.788314
2015-09-18,75.220001,76.00,74.540001,75.080002,376400,74.788314
2015-09-17,76.970001,77.839996,76.360001,76.57,204700,76.272523
2015-09-16,76.010002,77.239998,75.940002,76.940002,151300,76.641088
2015-09-15,75.75,76.410004,75.519997,76.25,167700,75.953766
2015-09-14,75.949997,76.389999,75.389999,75.489998,151900,75.196717
2015-09-11,74.650002,76.18,74.650002,75.949997,205200,75.654929
2015-09-10,75.099998,77.809998,74.970001,75.190002,175900,74.897887
2015-09-09,76.519997,76.949997,75.18,75.260002,164100,74.967615
2015-09-08,75.739998,76.300003,74.589996,76.260002,309700,75.96373
2015-09-04,74.610001,75.519997,74.269997,74.599998,238500,74.310175
2015-09-03,75.059998,76.360001,75.059998,75.470001,257900,75.176798
2015-09-02,74.010002,74.940002,73.169998,74.93,399900,74.638895
2015-09-01,74.360001,74.870003,72.879997,73.050003,321100,72.766202
2015-08-31,75.169998,76.839996,75.019997,75.480003,322200,75.186761
2015-08-28,74.589996,76.239998,74.589996,75.720001,323100,75.425827
2015-08-27,74.470001,75.889999,73.449997,75.099998,425700,74.808233
2015-08-26,74.00,74.220001,72.610001,73.989998,417000,73.702544
2015-08-25,75.639999,77.230003,72.589996,72.699997,440900,72.417555
2015-08-24,74.459999,77.190002,71.660004,73.760002,480500,73.473442
2015-08-21,78.209999,80.900002,77.510002,77.57,488600,77.268638
2015-08-20,80.239998,80.870003,79.440002,79.489998,471200,79.181177
2015-08-19,81.029999,81.739998,79.879997,81.040001,411800,80.725158
2015-08-18,81.610001,82.199997,80.82,81.459999,376700,81.143524
2015-08-17,81.449997,82.25,80.900002,81.730003,486300,81.41248
2015-08-14,81.379997,82.00,80.910004,81.650002,367700,81.332789
2015-08-13,82.839996,83.599998,81.440002,81.470001,273900,81.153488
2015-08-12,83.379997,83.50,81.379997,83.00,315000,82.677542
2015-08-11,84.620003,85.089996,83.080002,84.120003,236100,83.793194
2015-08-10,84.650002,85.910004,84.00,85.370003,237600,85.038338
2015-08-07,85.00,85.900002,83.610001,84.00,393200,83.673657
2015-08-06,85.839996,86.379997,85.300003,85.480003,227700,85.147911
2015-08-05,85.639999,86.660004,85.339996,85.830002,229100,85.49655
2015-08-04,86.360001,86.620003,84.870003,85.110001,352700,84.779346
2015-08-03,85.910004,86.879997,84.68,86.800003,457200,86.462782
2015-07-31,82.459999,87.419998,79.190002,85.970001,907500,85.636005
2015-07-30,75.860001,78.290001,75.660004,77.82,518100,77.517667
2015-07-29,77.800003,77.800003,75.25,76.099998,514800,75.804348
2015-07-28,77.730003,79.260002,77.709999,78.839996,303200,78.533701
2015-07-27,78.68,79.870003,78.449997,78.690002,150800,78.384289
2015-07-24,80.129997,80.93,79.519997,79.529999,137700,79.221022
2015-07-23,81.019997,81.959999,80.25,80.440002,117200,80.127491
2015-07-22,80.139999,81.120003,80.129997,80.860001,147800,80.545857
2015-07-21,80.629997,81.419998,80.400002,80.610001,193400,80.296828
2015-07-20,82.080002,82.139999,80.629997,80.68,197000,80.366556
2015-07-17,82.760002,82.760002,81.580002,81.900002,278100,81.581818
2015-07-16,82.830002,83.610001,82.279999,82.489998,312300,82.169522
2015-07-15,82.610001,83.220001,81.870003,82.150002,170200,81.830846
2015-07-14,83.110001,83.610001,82.459999,82.519997,172100,82.199404
2015-07-13,81.860001,83.449997,81.739998,83.349998,203800,82.727348
2015-07-10,81.709999,82.029999,81.059998,81.580002,218200,80.970574
2015-07-09,82.349998,82.50,80.910004,80.910004,214400,80.305581
2015-07-08,81.980003,82.870003,81.089996,81.459999,293400,80.851468
2015-07-07,82.790001,83.07,81.580002,82.57,337100,81.953176
2015-07-06,82.50,83.230003,82.410004,82.82,218900,82.201309
2015-07-02,83.150002,83.559998,82.489998,82.730003,142300,82.111985
2015-07-01,83.68,83.709999,82.620003,82.949997,285300,82.330335
2015-06-30,83.790001,84.400002,82.43,82.93,281200,82.310488
2015-06-29,84.720001,84.769997,83.010002,83.239998,285800,82.618169
2015-06-26,85.690002,85.959999,84.339996,84.93,539500,84.295547
2015-06-25,85.599998,85.849998,84.989998,85.43,192200,84.791812
2015-06-24,86.660004,86.660004,85.07,85.529999,209800,84.891063
2015-06-23,86.75,87.32,86.260002,86.910004,284800,86.260759
2015-06-22,86.510002,87.510002,85.82,87.059998,241900,86.409632
2015-06-19,86.25,86.93,85.580002,86.150002,425300,85.506434
2015-06-18,84.980003,86.239998,84.440002,86.190002,275800,85.546136
2015-06-17,84.620003,85.50,84.360001,84.669998,159300,84.037487
2015-06-16,83.080002,84.580002,83.080002,84.400002,273400,83.769507
2015-06-15,83.129997,83.489998,82.349998,83.400002,252900,82.776978
2015-06-12,83.360001,83.699997,83.050003,83.550003,181900,82.925859
2015-06-11,83.110001,83.449997,82.839996,83.440002,261200,82.81668
2015-06-10,82.68,83.690002,82.50,83.050003,183400,82.429594
2015-06-09,82.080002,83.07,81.489998,82.440002,244000,81.82415
2015-06-08,82.330002,82.550003,81.629997,82.019997,198900,81.407282
2015-06-05,81.900002,82.330002,80.419998,82.25,350200,81.635567
2015-06-04,83.400002,83.449997,81.739998,82.300003,243500,81.685197
2015-06-03,82.650002,83.540001,82.459999,83.080002,180800,82.459368
2015-06-02,81.809998,82.910004,81.309998,82.57,283000,81.953176
2015-06-01,81.650002,82.449997,81.07,82.00,236800,81.387435
2015-05-29,82.669998,82.669998,81.32,81.599998,295400,80.990421
2015-05-28,81.470001,82.830002,81.410004,82.660004,307000,82.042508
2015-05-27,80.830002,81.75,80.519997,81.50,191700,80.89117
2015-05-26,80.82,80.949997,80.379997,80.75,308400,80.146772
2015-05-22,79.800003,81.370003,79.720001,81.150002,274900,80.543786
2015-05-21,80.419998,80.690002,79.510002,80.010002,230600,79.412303
2015-05-20,79.50,80.120003,79.150002,79.93,188200,79.332898
2015-05-19,80.239998,80.239998,78.760002,79.510002,340900,78.916038
2015-05-18,77.910004,80.199997,77.730003,79.940002,253000,79.342826
2015-05-15,77.489998,78.389999,77.029999,78.139999,236800,77.556269
2015-05-14,76.949997,77.559998,76.589996,77.349998,844700,76.77217
2015-05-13,76.120003,77.129997,76.120003,76.980003,434000,76.404939
2015-05-12,75.75,76.059998,74.900002,75.82,186800,75.253601
2015-05-11,76.209999,77.139999,75.610001,75.900002,191200,75.333005
2015-05-08,77.190002,77.449997,75.910004,76.389999,151500,75.819342
2015-05-07,75.629997,76.43,75.050003,76.309998,127700,75.739938
2015-05-06,75.879997,76.440002,75.139999,75.910004,253500,75.342932
2015-05-05,76.010002,76.849998,75.080002,75.589996,343200,75.025316
2015-05-04,75.910004,77.400002,75.839996,76.440002,318400,75.868972
2015-05-01,75.599998,76.470001,74.760002,75.93,337800,75.36278
2015-04-30,74.00,75.870003,73.82,75.459999,701000,74.89629
2015-04-29,79.440002,79.440002,72.980003,74.410004,653200,73.854138
2015-04-28,73.529999,74.660004,72.870003,74.190002,311200,73.63578
2015-04-27,74.279999,74.949997,73.25,73.470001,288600,72.921158
2015-04-24,75.410004,75.43,73.519997,73.57,176600,73.020409
2015-04-23,74.410004,75.660004,74.150002,75.150002,195500,74.588608
2015-04-22,74.169998,75.129997,73.330002,74.800003,241200,74.241224
2015-04-21,73.82,74.690002,73.400002,73.919998,242000,73.367793
2015-04-20,73.900002,75.269997,73.150002,73.720001,418300,73.16929
