Date,Open,High,Low,Close,Volume,Adj Close
2015-10-16,29.639999,29.91,29.459999,29.870001,664700,29.870001
2015-10-15,29.219999,29.620001,28.969999,29.620001,670600,29.620001
2015-10-14,29.15,29.27,28.889999,29.00,545300,29.00
2015-10-13,29.190001,29.60,29.07,29.08,440400,29.08
2015-10-12,29.700001,29.860001,29.25,29.50,502900,29.50
2015-10-09,30.00,30.18,29.610001,29.690001,574400,29.690001
2015-10-08,29.98,30.139999,29.75,30.02,544800,30.02
2015-10-07,29.52,29.969999,29.35,29.940001,423500,29.940001
2015-10-06,29.40,29.610001,29.219999,29.34,479100,29.34
2015-10-05,29.02,29.639999,28.860001,29.52,843900,29.52
2015-10-02,28.57,28.73,27.51,28.73,981100,28.73
2015-10-01,28.860001,29.360001,28.76,29.33,658600,29.33
2015-09-30,28.959999,29.09,28.610001,28.90,453800,28.90
2015-09-29,28.559999,28.85,28.280001,28.51,383400,28.51
2015-09-28,29.030001,29.15,28.50,28.540001,390800,28.540001
2015-09-25,29.57,29.66,29.26,29.280001,780200,29.280001
2015-09-24,28.98,29.280001,28.84,29.129999,435700,29.129999
2015-09-23,29.389999,29.65,29.15,29.280001,411200,29.280001
2015-09-22,29.75,30.00,29.24,29.309999,776300,29.309999
2015-09-21,30.32,30.59,30.08,30.27,677900,30.27
2015-09-18,30.65,30.65,29.870001,30.040001,1167500,30.040001
2015-09-17,31.57,32.330002,31.08,31.16,780600,31.16
2015-09-16,31.23,31.60,30.780001,31.530001,482800,31.530001
2015-09-15,30.540001,31.25,30.309999,31.129999,343600,31.129999
2015-09-14,30.73,30.73,30.33,30.49,331200,30.49
2015-09-11,30.110001,30.709999,30.059999,30.67,479400,30.67
2015-09-10,30.32,30.629999,29.85,30.309999,473700,30.309999
2015-09-09,31.07,31.15,30.25,30.309999,483700,30.309999
2015-09-08,30.209999,30.639999,29.889999,30.59,416800,30.59
2015-09-04,29.780001,30.00,29.48,29.719999,233400,29.719999
2015-09-03,29.84,30.57,29.809999,30.139999,413000,30.139999
2015-09-02,30.10,30.120001,29.530001,30.120001,426800,30.120001
2015-09-01,30.110001,30.41,29.51,29.620001,739400,29.620001
2015-08-31,30.780001,31.110001,30.65,31.00,485000,31.00
2015-08-28,30.889999,31.219999,30.639999,31.08,276400,31.08
2015-08-27,30.629999,31.209999,30.559999,31.200001,388300,31.200001
2015-08-26,30.41,30.459999,29.540001,30.25,559200,30.25
2015-08-25,31.09,31.10,29.709999,29.77,464700,29.77
2015-08-24,29.540001,31.16,29.08,30.25,1009100,30.25
2015-08-21,32.169998,32.610001,31.57,31.610001,515400,31.610001
2015-08-20,32.919998,33.139999,32.549999,32.639999,466800,32.639999
2015-08-19,33.540001,33.540001,32.939999,33.240002,414800,33.240002
2015-08-18,34.049999,34.189999,33.740002,33.779999,236200,33.779999
2015-08-17,33.669998,34.529999,33.389999,34.290001,607300,34.290001
2015-08-14,33.369999,33.849998,33.240002,33.830002,157900,33.830002
2015-08-13,33.330002,33.619999,33.099998,33.41,231200,33.41
2015-08-12,33.330002,33.380001,32.529999,33.25,343800,33.25
2015-08-11,33.84,34.060001,33.57,33.810001,377200,33.810001
2015-08-10,33.939999,34.419998,33.830002,34.330002,268800,34.330002
2015-08-07,33.59,33.810001,33.27,33.66,232600,33.66
2015-08-06,33.970001,33.98,33.43,33.66,293700,33.66
2015-08-05,34.099998,34.209999,33.75,33.93,523100,33.93
2015-08-04,33.779999,34.16,33.779999,34.02,284000,33.770001
2015-08-03,33.75,33.880001,33.459999,33.82,309300,33.57147
2015-07-31,34.110001,34.259998,33.610001,33.709999,417500,33.462278
2015-07-30,33.799999,34.130001,33.73,34.07,255400,33.819633
2015-07-29,33.540001,34.02,33.34,33.889999,440700,33.640955
2015-07-28,33.279999,33.630001,33.009998,33.459999,544400,33.214115
2015-07-27,33.240002,33.380001,33.060001,33.080002,549900,32.83691
2015-07-24,33.810001,33.91,33.029999,33.599998,639400,33.353086
2015-07-23,33.75,33.759998,33.209999,33.389999,442500,33.14463
2015-07-22,33.209999,33.830002,33.189999,33.73,579900,33.482131
2015-07-21,33.439999,33.709999,33.07,33.32,355700,33.075144
2015-07-20,33.619999,33.630001,33.389999,33.50,241500,33.253822
2015-07-17,33.82,33.82,33.360001,33.57,384400,33.323307
2015-07-16,33.560001,33.889999,33.330002,33.880001,447900,33.631031
2015-07-15,33.259998,33.380001,32.98,33.189999,271500,32.946099
2015-07-14,33.73,34.00,32.860001,33.240002,487600,32.995734
2015-07-13,33.57,34.099998,33.41,34.080002,1081700,33.829562
2015-07-10,32.970001,33.150002,32.709999,33.119999,329700,32.876613
2015-07-09,33.009998,33.009998,32.380001,32.50,434900,32.261171
2015-07-08,32.599998,32.759998,32.27,32.360001,501600,32.1222
2015-07-07,32.869999,33.040001,32.189999,33.02,553900,32.77735
2015-07-06,32.759998,32.990002,32.580002,32.98,442300,32.737643
2015-07-02,33.639999,33.82,33.099998,33.209999,276700,32.965952
2015-07-01,34.009998,34.02,33.389999,33.650002,373800,33.402721
2015-06-30,33.740002,33.84,33.240002,33.490002,830400,33.243897
2015-06-29,33.93,33.93,33.32,33.330002,434800,33.085073
2015-06-26,34.52,34.610001,34.259998,34.400002,806700,34.14721
2015-06-25,34.639999,34.77,34.32,34.41,214000,34.157135
2015-06-24,34.919998,34.959999,34.57,34.57,278400,34.315959
2015-06-23,34.869999,35.080002,34.82,34.950001,268000,34.693167
2015-06-22,34.950001,34.990002,34.689999,34.73,398900,34.474783
2015-06-19,34.990002,35.060001,34.529999,34.580002,889800,34.325887
2015-06-18,34.880001,35.139999,34.580002,35.02,446900,34.762653
2015-06-17,35.27,35.330002,34.599998,34.73,556400,34.474783
2015-06-16,34.689999,35.139999,34.689999,35.09,372500,34.832138
2015-06-15,34.41,34.849998,34.110001,34.84,351800,34.583975
2015-06-12,34.790001,34.84,34.66,34.790001,207800,34.534343
2015-06-11,34.700001,34.919998,34.490002,34.880001,830700,34.623682
2015-06-10,34.459999,34.869999,34.279999,34.610001,684300,34.355666
2015-06-09,34.810001,34.990002,33.98,34.02,920400,33.770001
2015-06-08,35.240002,35.439999,34.82,34.849998,585900,34.5939
2015-06-05,35.040001,35.75,35.040001,35.310001,920500,35.050522
2015-06-04,34.830002,34.98,34.650002,34.709999,455200,34.454929
2015-06-03,34.59,35.560001,34.59,35.00,585000,34.742799
2015-06-02,34.860001,35.200001,34.52,34.52,547300,34.266327
2015-06-01,34.98,35.099998,34.630001,34.93,394800,34.673314
2015-05-29,34.869999,35.080002,34.580002,34.799999,566900,34.544268
2015-05-28,34.720001,34.919998,34.470001,34.91,288800,34.65346
2015-05-27,34.400002,34.779999,34.259998,34.75,280800,34.494636
2015-05-26,34.349998,34.549999,34.099998,34.259998,238100,34.008235
2015-05-22,34.389999,34.66,34.349998,34.470001,182600,34.216695
2015-05-21,34.25,34.689999,34.16,34.470001,297400,34.216695
2015-05-20,34.639999,34.66,34.139999,34.34,252900,34.087649
2015-05-19,34.540001,34.709999,34.200001,34.639999,350400,34.385444
2015-05-18,33.799999,34.490002,33.68,34.41,318500,34.157135
2015-05-15,34.619999,34.689999,33.400002,33.869999,834900,33.621102
2015-05-14,34.400002,34.66,34.16,34.580002,291700,34.325887
2015-05-13,34.029999,34.330002,33.799999,34.27,314100,34.018164
2015-05-12,34.240002,34.240002,33.700001,34.040001,249000,33.789855
2015-05-11,33.970001,34.419998,33.950001,34.299999,334900,34.047942
2015-05-08,34.57,34.57,33.970001,34.029999,677900,33.779926
2015-05-07,33.950001,34.369999,33.849998,34.27,289400,34.018164
2015-05-06,34.48,34.700001,33.75,34.009998,418100,33.760073
2015-05-05,34.799999,35.139999,34.43,34.48,387100,33.978456
2015-05-04,34.759998,35.169998,34.75,34.950001,355100,34.441621
2015-05-01,34.73,34.91,34.450001,34.720001,250800,34.214967
2015-04-30,34.59,34.82,34.290001,34.400002,731100,33.899622
2015-04-29,34.400002,34.790001,34.310001,34.689999,349900,34.185401
2015-04-28,34.25,34.599998,33.91,34.549999,371400,34.047438
2015-04-27,34.689999,34.990002,34.27,34.310001,364600,33.810931
2015-04-24,33.98,35.00,33.900002,34.73,533000,34.22482
2015-04-23,34.389999,34.889999,34.279999,34.669998,496500,34.165691
2015-04-22,34.040001,34.59,33.549999,34.50,429500,33.998166
2015-04-21,34.450001,34.450001,33.889999,34.060001,806300,33.564567
2015-04-20,34.200001,34.349998,34.040001,34.27,432700,33.771512
