Date,Open,High,Low,Close,Volume,Adj Close
2015-10-15,91.379997,91.489998,90.629997,91.029999,1295000,91.029999
2015-10-14,91.620003,92.019997,90.720001,90.93,831800,90.93
2015-10-13,92.169998,92.370003,91.43,91.57,891400,91.57
2015-10-12,92.18,92.669998,92.00,92.440002,1164800,92.440002
2015-10-09,91.139999,92.269997,91.029999,92.18,1250000,92.18
2015-10-08,89.120003,91.400002,88.889999,91.339996,1192500,91.339996
2015-10-07,88.919998,89.849998,88.559998,89.550003,900100,89.550003
2015-10-06,89.00,89.459999,88.239998,88.410004,953800,88.410004
2015-10-05,89.239998,89.559998,88.860001,89.360001,1097000,89.360001
2015-10-02,86.279999,88.239998,85.410004,88.220001,1539700,88.220001
2015-10-01,86.910004,87.510002,86.120003,87.510002,1363800,87.510002
2015-09-30,85.849998,86.690002,85.440002,86.610001,1270100,86.610001
2015-09-29,84.870003,85.199997,84.480003,84.760002,1827000,84.760002
2015-09-28,87.449997,87.790001,84.519997,84.529999,1876500,84.529999
2015-09-25,88.470001,89.230003,87.300003,87.779999,1177800,87.779999
2015-09-24,86.470001,87.870003,86.25,87.639999,1228500,87.639999
2015-09-23,86.279999,87.620003,86.050003,87.379997,1082900,87.379997
2015-09-22,86.309998,87.139999,85.980003,86.279999,1721100,86.279999
2015-09-21,87.169998,88.269997,87.029999,87.809998,907100,87.809998
2015-09-18,86.419998,88.190002,86.089996,86.529999,1892600,86.529999
2015-09-17,87.449997,88.879997,87.360001,87.599998,998600,87.599998
2015-09-16,86.610001,87.489998,86.330002,87.300003,993300,87.300003
2015-09-15,85.660004,86.970001,85.080002,86.699997,1310400,86.699997
2015-09-14,85.980003,86.07,85.120003,85.209999,1067600,85.209999
2015-09-11,85.209999,86.239998,85.129997,86.07,1192200,86.07
2015-09-10,84.870003,86.75,84.589996,85.919998,929000,85.919998
2015-09-09,87.440002,87.720001,84.919998,85.110001,990900,85.110001
2015-09-08,85.720001,86.639999,84.139999,86.57,1361300,86.57
2015-09-04,84.230003,85.010002,83.699997,84.110001,1144100,84.110001
2015-09-03,86.029999,86.449997,85.00,85.730003,1090200,85.730003
2015-09-02,83.82,85.190002,83.32,85.18,1526800,85.18
2015-09-01,83.43,84.169998,82.400002,82.870003,1447400,82.870003
2015-08-31,85.809998,86.519997,85.230003,85.269997,1224400,85.269997
2015-08-28,86.309998,86.989998,85.910004,86.779999,946700,86.779999
2015-08-27,85.480003,86.779999,84.769997,86.559998,1850700,86.559998
2015-08-26,82.089996,84.730003,81.160004,84.629997,2128300,84.629997
2015-08-25,83.410004,83.540001,80.050003,80.07,2086200,80.07
2015-08-24,81.260002,81.769997,77.959999,81.410004,3124400,81.410004
2015-08-21,87.599998,87.940002,84.849998,84.870003,1771900,84.870003
2015-08-20,88.959999,89.620003,88.410004,88.419998,995600,88.419998
2015-08-19,89.989998,90.540001,89.07,89.800003,707300,89.800003
2015-08-18,90.040001,90.379997,89.699997,90.279999,481100,90.279999
2015-08-17,89.25,90.239998,88.529999,90.110001,713500,90.110001
2015-08-14,88.870003,89.800003,88.699997,89.580002,568200,89.580002
2015-08-13,88.50,89.82,88.25,89.160004,759700,89.160004
2015-08-12,87.389999,88.739998,86.550003,88.529999,1402900,88.529999
2015-08-11,88.32,88.68,87.68,88.050003,828500,88.050003
2015-08-10,88.029999,89.489998,87.800003,88.839996,972400,88.839996
2015-08-07,87.00,87.699997,86.769997,87.510002,1111000,87.510002
2015-08-06,88.410004,88.709999,86.910004,87.050003,900500,87.050003
2015-08-05,88.269997,89.199997,88.029999,88.540001,1109600,88.540001
2015-08-04,87.290001,88.599998,87.129997,87.75,1050900,87.75
2015-08-03,86.849998,87.650002,86.290001,87.32,1102200,87.32
2015-07-31,88.050003,88.099998,86.849998,86.860001,1189400,86.860001
2015-07-30,86.760002,88.769997,85.32,87.580002,1979500,87.580002
2015-07-29,85.639999,88.18,85.360001,87.809998,1481200,87.809998
2015-07-28,85.410004,85.860001,84.690002,85.639999,1637100,85.639999
2015-07-27,85.849998,86.25,84.949997,85.059998,1363800,85.059998
2015-07-24,86.669998,86.93,85.779999,85.989998,1100400,85.989998
2015-07-23,87.839996,87.949997,86.360001,86.669998,1211700,86.669998
2015-07-22,87.339996,88.25,87.339996,87.970001,704100,87.970001
2015-07-21,88.089996,88.360001,87.279999,87.349998,977700,87.349998
2015-07-20,88.150002,88.650002,88.07,88.139999,1024800,88.139999
2015-07-17,88.150002,88.279999,87.760002,88.040001,776100,88.040001
2015-07-16,87.940002,88.400002,87.370003,88.230003,875600,88.230003
2015-07-15,86.980003,87.650002,86.82,87.190002,1069100,87.190002
2015-07-14,87.290001,87.540001,86.860001,87.400002,876300,87.400002
2015-07-13,86.849998,87.300003,86.400002,87.089996,1154900,87.089996
2015-07-10,85.410004,86.50,85.239998,86.349998,1201200,86.349998
2015-07-09,84.419998,84.949997,83.989998,84.449997,974500,84.449997
2015-07-08,84.529999,84.93,83.300003,83.410004,875400,83.410004
2015-07-07,84.349998,84.959999,83.160004,84.959999,1609400,84.959999
2015-07-06,83.32,84.379997,83.239998,84.309998,897600,84.309998
2015-07-02,84.110001,84.459999,83.339996,83.849998,944800,83.849998
2015-07-01,83.459999,84.290001,83.199997,84.110001,1071800,84.110001
2015-06-30,83.589996,83.720001,82.599998,82.830002,1179600,82.830002
2015-06-29,84.480003,84.480003,82.660004,82.830002,1416800,82.830002
2015-06-26,84.769997,85.190002,84.480003,85.010002,1525100,85.010002
2015-06-25,85.139999,85.419998,84.720001,84.879997,995900,84.879997
2015-06-24,85.709999,86.129997,84.989998,85.00,1381900,85.00
2015-06-23,86.379997,86.389999,85.360001,85.699997,1348200,85.699997
2015-06-22,85.580002,86.379997,85.290001,86.040001,1758500,86.040001
2015-06-19,85.099998,85.489998,84.089996,85.269997,5038800,85.269997
2015-06-18,81.32,82.699997,81.269997,82.690002,2216200,82.690002
2015-06-17,80.790001,81.300003,80.480003,80.93,1305000,80.93
2015-06-16,79.389999,80.779999,79.389999,80.629997,939100,80.629997
2015-06-15,79.540001,80.00,79.019997,79.559998,805700,79.559998
2015-06-12,80.690002,80.879997,80.199997,80.32,491100,80.32
2015-06-11,80.370003,81.300003,80.330002,80.980003,802800,80.980003
2015-06-10,79.480003,80.739998,79.269997,80.419998,1167400,80.419998
2015-06-09,79.610001,79.980003,79.169998,79.239998,757700,79.239998
2015-06-08,80.260002,80.480003,79.589996,79.589996,574900,79.589996
2015-06-05,80.029999,80.419998,79.559998,80.220001,679600,80.220001
2015-06-04,81.139999,81.32,80.080002,80.199997,928900,80.199997
2015-06-03,80.870003,81.489998,80.389999,81.379997,880400,81.379997
2015-06-02,79.970001,80.629997,79.690002,80.470001,976600,80.470001
2015-06-01,80.599998,80.910004,79.559998,80.559998,622300,80.559998
2015-05-29,80.669998,80.669998,79.940002,80.150002,1290800,80.150002
2015-05-28,80.589996,80.970001,80.25,80.790001,514500,80.790001
2015-05-27,79.980003,80.940002,79.550003,80.779999,693400,80.779999
2015-05-26,80.50,80.50,79.389999,79.760002,698600,79.760002
2015-05-22,80.629997,81.040001,80.57,80.57,559000,80.57
2015-05-21,80.860001,81.199997,80.669998,80.900002,634900,80.900002
2015-05-20,80.870003,81.580002,80.720001,81.110001,791200,81.110001
2015-05-19,81.43,81.550003,80.870003,81.010002,867200,81.010002
2015-05-18,80.809998,81.660004,80.809998,81.459999,991300,81.459999
2015-05-15,81.410004,81.550003,80.650002,80.980003,937200,80.980003
2015-05-14,80.809998,81.00,80.360001,80.879997,1097600,80.879997
2015-05-13,80.220001,81.00,79.910004,80.190002,762600,80.190002
2015-05-12,79.989998,80.330002,79.120003,79.980003,924900,79.980003
2015-05-11,80.00,80.900002,79.839996,80.209999,1220800,80.209999
2015-05-08,79.769997,80.599998,79.559998,80.139999,770600,80.139999
2015-05-07,78.610001,79.489998,78.519997,79.199997,1120000,79.199997
2015-05-06,78.489998,80.790001,77.07,78.889999,2665800,78.889999
2015-05-05,78.209999,78.940002,77.099998,77.480003,1250800,77.480003
2015-05-04,78.690002,79.080002,78.50,78.620003,1133800,78.620003
2015-05-01,78.07,78.800003,77.830002,78.660004,1289000,78.660004
2015-04-30,78.360001,78.82,77.360001,77.599998,1231600,77.599998
2015-04-29,79.029999,79.50,78.620003,78.82,859000,78.82
2015-04-28,78.709999,79.57,78.57,79.519997,954800,79.519997
2015-04-27,79.510002,79.669998,78.900002,79.110001,932200,79.110001
2015-04-24,80.029999,80.029999,78.779999,79.269997,733800,79.269997
2015-04-23,78.599998,79.910004,78.599998,79.75,721100,79.75
2015-04-22,78.720001,79.110001,78.18,78.93,559700,78.93
2015-04-21,78.639999,79.00,78.040001,78.550003,831500,78.550003
2015-04-20,77.730003,78.400002,77.639999,78.160004,709100,78.160004
