Date,Open,High,Low,Close,Volume,Adj Close
2015-10-16,28.26,28.26,27.549999,27.82,1005200,27.82
2015-10-15,28.10,28.35,27.799999,28.27,777600,28.27
2015-10-14,28.23,28.42,27.98,28.040001,833100,28.040001
2015-10-13,28.50,28.66,28.15,28.23,460900,28.23
2015-10-12,28.700001,28.700001,28.41,28.540001,679600,28.540001
2015-10-09,28.809999,28.940001,28.559999,28.67,493500,28.67
2015-10-08,28.469999,29.00,28.41,28.77,621200,28.77
2015-10-07,28.549999,28.92,28.389999,28.57,919700,28.57
2015-10-06,28.65,28.690001,27.959999,28.42,629700,28.42
2015-10-05,28.379999,28.82,28.309999,28.620001,973400,28.620001
2015-10-02,27.16,28.200001,27.16,28.200001,596600,28.200001
2015-10-01,28.01,28.139999,27.48,27.559999,755700,27.559999
2015-09-30,27.620001,28.049999,27.620001,27.99,997100,27.99
2015-09-29,27.23,27.799999,27.10,27.450001,967600,27.450001
2015-09-28,27.379999,27.469999,27.10,27.10,550300,27.10
2015-09-25,27.629999,27.77,27.40,27.58,563800,27.58
2015-09-24,27.459999,27.59,26.969999,27.459999,1263000,27.459999
2015-09-23,27.940001,28.09,27.52,27.76,1849800,27.76
2015-09-22,27.83,27.99,27.75,27.809999,796300,27.809999
2015-09-21,28.50,28.719999,28.18,28.309999,757000,28.309999
2015-09-18,28.370001,28.530001,28.24,28.360001,1454500,28.360001
2015-09-17,28.780001,28.959999,28.530001,28.66,1321000,28.66
2015-09-16,28.49,28.82,28.49,28.76,903800,28.76
2015-09-15,28.370001,28.59,28.24,28.57,659400,28.57
2015-09-14,28.459999,28.459999,28.15,28.209999,436000,28.209999
2015-09-11,28.469999,28.68,28.309999,28.41,685700,28.41
2015-09-10,28.620001,28.799999,28.290001,28.58,688200,28.58
2015-09-09,29.209999,29.23,28.59,28.66,749100,28.66
2015-09-08,28.370001,28.99,28.200001,28.969999,916900,28.969999
2015-09-04,27.99,28.280001,27.82,27.90,1096600,27.90
2015-09-03,28.32,28.77,28.290001,28.379999,1126500,28.379999
2015-09-02,28.299999,28.379999,28.07,28.290001,1486800,28.290001
2015-09-01,28.08,28.27,27.950001,28.02,1512000,28.02
2015-08-31,28.33,28.799999,28.219999,28.629999,1030900,28.629999
2015-08-28,28.49,28.700001,28.309999,28.57,1223400,28.57
2015-08-27,27.83,28.93,27.82,28.620001,2017200,28.620001
2015-08-26,27.76,27.879999,27.10,27.629999,1527100,27.629999
2015-08-25,28.059999,28.50,27.030001,27.059999,1294100,27.059999
2015-08-24,27.459999,27.98,26.34,27.50,1858400,27.50
2015-08-21,29.299999,29.690001,28.74,28.75,953000,28.75
2015-08-20,29.90,29.969999,29.60,29.60,786700,29.60
2015-08-19,30.10,30.290001,30.01,30.030001,673500,30.030001
2015-08-18,30.65,30.700001,30.360001,30.370001,493100,30.260001
2015-08-17,30.49,30.66,30.23,30.57,421500,30.459275
2015-08-14,30.32,30.610001,30.299999,30.540001,505400,30.429385
2015-08-13,30.58,30.889999,30.40,30.440001,578800,30.329747
2015-08-12,31.139999,31.209999,30.389999,30.690001,903700,30.578841
2015-08-11,31.82,31.85,31.09,31.309999,686900,31.196595
2015-08-10,31.370001,32.099998,31.290001,31.99,881400,31.874132
2015-08-07,30.790001,31.10,30.790001,31.07,1096400,30.957464
2015-08-06,30.879999,31.02,30.68,30.75,812800,30.638624
2015-08-05,30.49,30.98,30.49,30.75,465600,30.638624
2015-08-04,30.709999,30.76,30.389999,30.440001,347700,30.329747
2015-08-03,30.84,30.99,30.35,30.719999,618900,30.608732
2015-07-31,30.860001,31.07,30.77,30.790001,491600,30.67848
2015-07-30,30.459999,30.85,30.41,30.83,412800,30.718334
2015-07-29,30.18,30.639999,30.120001,30.610001,524700,30.499131
2015-07-28,30.27,30.620001,29.809999,30.309999,1145500,30.200217
2015-07-27,30.60,30.60,30.16,30.25,1025400,30.140435
2015-07-24,29.610001,30.879999,29.530001,30.77,1063100,30.658552
2015-07-23,29.870001,30.200001,29.85,29.870001,796000,29.761812
2015-07-22,29.620001,29.92,29.620001,29.870001,551400,29.761812
2015-07-21,30.209999,30.209999,29.67,29.73,792800,29.622318
2015-07-20,30.309999,30.309999,30.030001,30.16,430100,30.05076
2015-07-17,30.58,30.66,30.030001,30.200001,366400,30.090616
2015-07-16,30.799999,30.889999,30.389999,30.639999,640800,30.529021
2015-07-15,31.02,31.049999,30.620001,30.719999,385700,30.608732
2015-07-14,31.059999,31.10,30.950001,31.030001,459200,30.91761
2015-07-13,30.77,31.110001,30.620001,31.09,586800,30.977392
2015-07-10,30.379999,30.60,30.16,30.57,354200,30.459275
2015-07-09,30.59,30.77,30.059999,30.08,552800,29.97105
2015-07-08,30.879999,31.040001,30.360001,30.379999,878500,30.269963
2015-07-07,30.879999,31.059999,30.450001,31.040001,749400,30.927574
2015-07-06,30.57,30.92,30.50,30.889999,634000,30.778116
2015-07-02,31.07,31.32,30.66,30.85,783800,30.738262
2015-07-01,31.02,31.129999,30.77,31.07,511400,30.957464
2015-06-30,31.42,31.65,30.74,30.82,911400,30.70837
2015-06-29,31.469999,31.690001,30.959999,31.209999,1392600,31.096957
2015-06-26,31.299999,31.60,31.17,31.549999,1125300,31.435725
2015-06-25,30.92,31.290001,30.74,31.25,728900,31.136813
2015-06-24,31.049999,31.07,30.75,30.870001,351200,30.75819
2015-06-23,31.290001,31.299999,30.99,31.059999,359400,30.9475
2015-06-22,30.139999,31.530001,30.139999,31.25,348500,31.136813
2015-06-19,31.370001,31.57,31.25,31.40,768700,31.286269
2015-06-18,31.129999,31.620001,30.950001,31.450001,473100,31.336089
2015-06-17,31.07,31.24,30.85,31.059999,235600,30.9475
2015-06-16,30.90,31.030001,30.85,30.940001,323400,30.827936
2015-06-15,30.92,31.059999,30.52,30.959999,345100,30.847862
2015-06-12,31.290001,31.290001,30.92,31.15,686500,31.037174
2015-06-11,31.450001,31.450001,31.200001,31.32,455700,31.206559
2015-06-10,31.00,31.440001,30.82,31.35,402700,31.236451
2015-06-09,30.700001,30.91,30.58,30.870001,664400,30.75819
2015-06-08,30.74,30.84,30.549999,30.68,484800,30.568877
2015-06-05,30.59,30.799999,30.42,30.719999,522300,30.608732
2015-06-04,30.90,30.969999,30.459999,30.58,417600,30.469239
2015-06-03,30.549999,31.120001,30.530001,31.02,433800,30.907646
2015-06-02,30.50,30.700001,30.33,30.49,331800,30.379565
2015-06-01,30.67,31.059999,30.50,30.530001,800400,30.419421
2015-05-29,30.950001,30.950001,30.43,30.549999,969200,30.439347
2015-05-28,30.959999,31.15,30.73,30.969999,702500,30.857826
2015-05-27,31.030001,31.26,30.809999,31.07,556000,30.957464
2015-05-26,31.540001,31.610001,30.91,31.00,847700,30.887718
2015-05-22,31.52,31.73,31.48,31.60,699700,31.485545
2015-05-21,31.75,31.879999,31.549999,31.639999,713500,31.525399
2015-05-20,31.700001,31.90,31.59,31.799999,601700,31.68482
2015-05-19,31.92,31.93,31.75,31.860001,442700,31.635003
2015-05-18,31.67,32.00,31.610001,31.93,354400,31.704508
2015-05-15,31.959999,31.959999,31.58,31.719999,414400,31.49599
2015-05-14,31.92,32.00,31.66,31.92,412200,31.694579
2015-05-13,31.620001,32.049999,31.459999,31.799999,688100,31.575425
2015-05-12,31.32,31.73,31.32,31.610001,843100,31.386768
2015-05-11,31.51,31.620001,31.34,31.530001,733900,31.307333
2015-05-08,31.41,31.620001,31.209999,31.549999,657800,31.327191
2015-05-07,31.08,31.360001,30.969999,31.280001,861700,31.059099
2015-05-06,31.35,31.35,30.870001,31.00,905700,30.781076
2015-05-05,31.40,31.59,31.10,31.26,2457100,31.03924
2015-05-04,31.129999,31.549999,31.129999,31.52,815100,31.297404
2015-05-01,30.950001,31.27,30.77,31.26,806600,31.03924
2015-04-30,30.74,30.940001,30.549999,30.889999,1111600,30.671852
2015-04-29,30.92,31.040001,30.52,30.99,992200,30.771146
2015-04-28,30.969999,31.17,30.67,31.15,899300,30.930016
2015-04-27,30.57,31.280001,30.50,30.889999,872200,30.671852
2015-04-24,31.10,31.75,29.43,30.530001,1672800,30.314395
2015-04-23,30.33,31.02,30.309999,30.91,873300,30.691711
2015-04-22,30.389999,30.469999,30.110001,30.450001,364800,30.23496
2015-04-21,30.32,30.700001,30.10,30.219999,346800,30.006583
2015-04-20,30.18,30.42,30.110001,30.219999,449300,30.006583
