Date,Open,High,Low,Close,Volume,Adj Close
2015-10-16,25.40,26.049999,25.379999,26.01,1236300,26.01
2015-10-15,25.799999,25.84,25.02,25.34,2159200,25.34
2015-10-14,26.33,26.33,25.629999,25.700001,1068400,25.700001
2015-10-13,26.110001,26.43,26.049999,26.33,1990400,26.33
2015-10-12,26.07,26.209999,25.889999,26.190001,1240000,26.190001
2015-10-09,25.870001,26.27,25.700001,26.030001,1075700,26.030001
2015-10-08,25.879999,25.940001,25.57,25.82,1640500,25.82
2015-10-07,25.60,26.040001,25.48,25.879999,1844600,25.879999
2015-10-06,25.700001,25.870001,25.469999,25.49,1994800,25.49
2015-10-05,25.27,25.700001,25.110001,25.629999,6659000,25.629999
2015-10-02,24.91,25.209999,24.83,25.10,2830100,25.10
2015-10-01,24.74,25.10,24.59,25.08,1826000,25.08
2015-09-30,24.809999,25.02,24.52,24.74,2077400,24.74
2015-09-29,25.280001,25.32,24.57,24.65,1759000,24.65
2015-09-28,25.34,25.93,25.16,25.24,1838700,25.24
2015-09-25,25.52,25.67,25.25,25.40,1591900,25.40
2015-09-24,25.24,25.50,25.07,25.40,1485900,25.40
2015-09-23,24.719999,25.450001,24.610001,25.309999,1818500,25.309999
2015-09-22,24.389999,24.82,24.190001,24.74,1691900,24.74
2015-09-21,24.389999,24.43,24.129999,24.360001,736200,24.360001
2015-09-18,24.209999,24.440001,24.040001,24.24,1630000,24.24
2015-09-17,24.49,24.76,24.23,24.450001,922600,24.450001
2015-09-16,24.34,24.48,24.16,24.35,971300,24.35
2015-09-15,24.049999,24.299999,23.799999,24.290001,667900,24.290001
2015-09-14,24.209999,24.290001,23.93,24.00,600400,24.00
2015-09-11,24.040001,24.27,23.950001,24.219999,1034700,24.219999
2015-09-10,23.969999,24.23,23.860001,24.120001,915300,24.120001
2015-09-09,24.00,24.16,23.82,23.91,837700,23.91
2015-09-08,23.719999,23.959999,23.549999,23.879999,994300,23.879999
2015-09-04,23.40,23.68,23.280001,23.42,736300,23.42
2015-09-03,23.50,23.99,23.50,23.709999,2008800,23.709999
2015-09-02,23.040001,23.440001,22.90,23.440001,1042900,23.440001
2015-09-01,22.860001,23.09,22.66,22.83,2194700,22.83
2015-08-31,22.799999,23.26,22.700001,23.209999,1287900,23.209999
2015-08-28,22.74,22.83,22.639999,22.799999,636500,22.799999
2015-08-27,22.860001,23.129999,22.49,22.940001,909300,22.795001
2015-08-26,22.51,22.709999,22.02,22.67,1113600,22.526707
2015-08-25,22.950001,22.950001,22.16,22.17,1100300,22.029867
2015-08-24,22.440001,22.48,21.950001,22.440001,1135900,22.298161
2015-08-21,23.51,23.57,23.24,23.309999,985500,23.162661
2015-08-20,23.68,24.07,23.68,23.690001,796600,23.54026
2015-08-19,24.030001,24.17,23.84,23.91,790500,23.758869
2015-08-18,24.370001,24.469999,24.08,24.09,767600,23.937731
2015-08-17,23.940001,24.440001,23.85,24.440001,1108100,24.285519
2015-08-14,23.65,24.190001,23.50,24.02,1575100,23.868174
2015-08-13,22.450001,24.389999,22.26,23.440001,3098800,23.29184
2015-08-12,21.84,22.07,21.48,22.030001,609700,21.890753
2015-08-11,21.809999,22.16,21.809999,22.02,604000,21.880816
2015-08-10,21.91,22.10,21.879999,22.00,634700,21.860942
2015-08-07,21.790001,21.860001,21.540001,21.809999,547800,21.672142
2015-08-06,22.08,22.08,21.60,21.799999,804000,21.662205
2015-08-05,22.00,22.360001,21.77,22.00,545600,21.860942
2015-08-04,21.65,22.08,21.65,21.92,338000,21.781447
2015-08-03,21.629999,21.690001,21.50,21.68,350700,21.542965
2015-07-31,21.57,21.83,21.450001,21.66,464800,21.523091
2015-07-30,21.450001,21.610001,21.370001,21.49,421000,21.354165
2015-07-29,21.110001,21.59,21.07,21.50,549300,21.364102
2015-07-28,20.860001,21.139999,20.700001,21.10,677200,20.966631
2015-07-27,20.67,20.83,20.51,20.799999,336300,20.668526
2015-07-24,20.940001,21.00,20.68,20.790001,345900,20.658591
2015-07-23,21.02,21.209999,20.85,20.969999,561300,20.837451
2015-07-22,20.93,21.08,20.85,21.00,370100,20.867262
2015-07-21,21.209999,21.25,20.870001,20.92,338300,20.787768
2015-07-20,21.129999,21.290001,21.030001,21.24,621600,21.105745
2015-07-17,21.200001,21.26,20.889999,21.120001,459500,20.986505
2015-07-16,21.10,21.26,20.959999,21.24,461100,21.105745
2015-07-15,21.200001,21.200001,20.77,20.93,642100,20.797705
2015-07-14,21.25,21.27,21.18,21.24,306800,21.105745
2015-07-13,21.25,21.309999,21.18,21.23,556000,21.095808
2015-07-10,21.24,21.299999,21.129999,21.15,338300,21.016314
2015-07-09,21.26,21.32,21.01,21.02,442500,20.887137
2015-07-08,20.870001,21.10,20.870001,21.01,706900,20.8772
2015-07-07,20.469999,21.01,20.43,21.01,709400,20.8772
2015-07-06,20.58,20.790001,20.33,20.469999,2205400,20.340612
2015-07-02,21.33,21.33,20.75,20.82,925000,20.6884
2015-07-01,21.26,21.370001,21.059999,21.190001,905200,21.056062
2015-06-30,21.42,21.450001,21.110001,21.15,769600,21.016314
2015-06-29,21.549999,21.639999,21.27,21.290001,489500,21.15543
2015-06-26,21.67,21.780001,21.549999,21.719999,1123400,21.582711
2015-06-25,21.99,22.08,21.530001,21.610001,502200,21.473407
2015-06-24,22.030001,22.10,21.91,21.959999,571800,21.821194
2015-06-23,21.969999,22.059999,21.799999,22.01,907500,21.870879
2015-06-22,21.75,21.92,21.620001,21.92,429700,21.781447
2015-06-19,21.68,21.690001,21.440001,21.629999,906600,21.49328
2015-06-18,21.639999,21.790001,21.57,21.620001,643800,21.483344
2015-06-17,21.60,21.74,21.440001,21.57,568900,21.433659
2015-06-16,21.549999,21.74,21.49,21.67,729400,21.388945
2015-06-15,21.610001,21.719999,21.50,21.58,419300,21.300112
2015-06-12,21.76,21.83,21.65,21.719999,371400,21.438295
2015-06-11,21.90,21.99,21.77,21.860001,552400,21.576481
2015-06-10,21.68,21.92,21.639999,21.90,454500,21.615961
2015-06-09,21.65,21.790001,21.559999,21.57,447800,21.290241
2015-06-08,21.799999,21.870001,21.48,21.65,703300,21.369204
2015-06-05,21.870001,21.92,21.610001,21.790001,786200,21.507389
2015-06-04,22.07,22.17,21.77,21.860001,889600,21.576481
2015-06-03,22.040001,22.23,21.870001,22.08,743100,21.793627
2015-06-02,22.01,22.16,21.90,21.93,889500,21.645573
2015-06-01,22.51,22.620001,22.059999,22.09,900700,21.803497
2015-05-29,21.530001,22.98,21.530001,22.459999,2488600,22.168698
2015-05-28,22.950001,23.08,21.40,21.639999,2399700,21.359333
2015-05-27,22.92,23.10,22.84,23.08,1267300,22.780657
2015-05-26,23.00,23.17,22.639999,22.93,914300,22.632603
2015-05-22,23.379999,23.389999,23.030001,23.120001,530100,22.820139
2015-05-21,23.459999,23.51,23.25,23.370001,463900,23.066897
2015-05-20,23.389999,23.559999,23.16,23.51,546200,23.20508
2015-05-19,23.40,23.450001,23.209999,23.42,520600,23.116248
2015-05-18,23.07,23.440001,23.07,23.370001,437200,23.066897
2015-05-15,23.219999,23.219999,22.959999,23.16,576000,22.859619
2015-05-14,23.08,23.309999,22.93,23.15,704500,22.849749
2015-05-13,22.99,23.17,22.860001,22.950001,500700,22.652344
2015-05-12,22.74,22.969999,22.370001,22.950001,542600,22.652344
2015-05-11,22.610001,22.860001,22.41,22.860001,765100,22.563511
2015-05-08,22.709999,22.74,22.549999,22.690001,587700,22.395716
2015-05-07,22.17,22.57,22.10,22.549999,493400,22.25753
2015-05-06,22.40,22.40,21.959999,22.26,645800,21.971293
2015-05-05,22.51,22.65,22.190001,22.299999,573900,22.010773
2015-05-04,22.49,22.65,22.25,22.57,702900,22.277271
2015-05-01,22.42,22.620001,22.370001,22.52,903200,22.227921
2015-04-30,22.309999,22.469999,22.139999,22.34,1069000,22.050255
2015-04-29,22.34,22.629999,22.10,22.370001,676400,22.079867
2015-04-28,22.42,22.549999,22.25,22.40,475400,22.109476
2015-04-27,22.42,22.49,22.27,22.379999,834600,22.089735
2015-04-24,22.549999,22.549999,22.290001,22.309999,600800,22.020643
2015-04-23,22.469999,22.559999,22.27,22.51,517400,22.21805
2015-04-22,22.57,22.58,22.219999,22.50,760300,22.20818
2015-04-21,22.700001,22.83,22.440001,22.530001,680500,22.237791
2015-04-20,22.85,22.969999,22.639999,22.639999,552800,22.346363
