Date,Open,High,Low,Close,Volume,Adj Close
2015-10-09,47.560001,47.959999,46.619999,47.41,1639900,47.41
2015-10-08,46.200001,47.549999,46.18,47.369999,1183700,47.369999
2015-10-07,46.00,47.130001,45.419998,46.27,1772000,46.27
2015-10-06,44.490002,46.029999,44.310001,45.549999,2319600,45.549999
2015-10-05,42.75,44.549999,42.639999,44.540001,1853400,44.540001
2015-10-02,41.02,42.439999,40.610001,42.400002,1778700,42.400002
2015-10-01,42.610001,42.75,41.150002,41.459999,1778800,41.459999
2015-09-30,41.73,42.389999,41.32,42.349998,1887400,42.349998
2015-09-29,40.970001,41.610001,40.849998,41.349998,1476200,41.349998
2015-09-28,41.650002,41.66,40.700001,40.939999,2205600,40.939999
2015-09-25,42.400002,42.400002,41.779999,42.139999,1349200,42.139999
2015-09-24,41.34,42.25,40.709999,42.09,1586100,42.09
2015-09-23,43.02,43.099998,41.650002,41.700001,1404800,41.700001
2015-09-22,42.900002,43.150002,42.459999,42.84,1179300,42.84
2015-09-21,43.619999,43.880001,43.330002,43.599998,1457600,43.599998
2015-09-18,43.990002,44.119999,43.139999,43.290001,2167000,43.290001
2015-09-17,45.380001,45.529999,44.57,44.669998,1507700,44.669998
2015-09-16,44.98,45.599998,44.900002,45.470001,1531400,45.470001
2015-09-15,45.200001,45.48,44.349998,44.939999,1944700,44.939999
2015-09-14,44.959999,45.360001,44.630001,45.119999,1381000,45.119999
2015-09-11,44.52,45.389999,44.310001,45.240002,1637700,45.240002
2015-09-10,44.599998,45.02,44.009998,44.889999,1293300,44.889999
2015-09-09,45.43,45.799999,44.389999,44.470001,1224200,44.470001
2015-09-08,44.380001,45.240002,44.25,45.080002,1129700,45.080002
2015-09-04,44.00,44.349998,43.490002,43.66,1554900,43.66
2015-09-03,44.439999,45.150002,44.110001,44.549999,1166300,44.549999
2015-09-02,44.639999,44.73,43.619999,44.349998,1294100,44.349998
2015-09-01,44.50,44.93,43.82,44.07,1463900,44.07
2015-08-31,45.130001,45.990002,44.68,45.619999,1200600,45.619999
2015-08-28,44.98,45.990002,44.860001,45.650002,1193800,45.440001
2015-08-27,43.990002,45.459999,43.84,45.110001,1945500,44.902484
2015-08-26,43.540001,43.540001,42.459999,43.32,1709800,43.120718
2015-08-25,44.18,44.759998,42.66,42.689999,2179300,42.493615
2015-08-24,42.029999,45.00,41.880001,43.360001,2678300,43.160535
2015-08-21,45.50,45.919998,44.91,44.970001,1864900,44.763129
2015-08-20,47.060001,47.32,45.779999,45.849998,1710300,45.639078
2015-08-19,47.209999,47.810001,46.810001,47.549999,1601100,47.331258
2015-08-18,47.959999,48.200001,47.360001,47.59,1469900,47.371075
2015-08-17,47.73,48.240002,47.330002,48.23,1197500,48.008131
2015-08-14,47.599998,48.220001,47.599998,48.029999,1177600,47.80905
2015-08-13,48.740002,48.880001,47.549999,47.66,1277000,47.440753
2015-08-12,47.669998,48.950001,47.419998,48.860001,2147900,48.635234
2015-08-11,48.139999,48.189999,47.57,48.09,1218200,47.868775
2015-08-10,47.860001,48.900002,47.700001,48.84,1330100,48.615325
2015-08-07,47.91,48.279999,47.369999,47.459999,1788200,47.241672
2015-08-06,47.110001,48.27,47.029999,48.060001,1882200,47.838914
2015-08-05,47.02,47.560001,46.82,47.220001,2987700,47.002779
2015-08-04,47.189999,47.830002,46.369999,46.549999,1939400,46.335859
2015-08-03,46.509998,47.50,45.93,47.09,2537000,46.873375
2015-07-31,46.27,48.959999,45.139999,46.75,5022800,46.534939
2015-07-30,50.139999,51.009998,49.529999,50.900002,2392400,50.66585
2015-07-29,49.18,50.439999,48.98,50.389999,2378600,50.158194
2015-07-28,48.299999,49.16,48.060001,49.110001,2233800,48.884083
2015-07-27,47.529999,48.049999,47.09,47.830002,1778300,47.609973
2015-07-24,48.830002,48.830002,47.790001,48.060001,1877000,47.838914
2015-07-23,49.75,50.09,48.50,48.68,1735900,48.456061
2015-07-22,49.560001,49.889999,49.209999,49.540001,1114600,49.312106
2015-07-21,49.869999,50.41,49.599998,49.799999,1166800,49.570908
2015-07-20,50.189999,50.189999,49.52,49.860001,1224800,49.630633
2015-07-17,50.669998,50.779999,49.830002,50.27,1691900,50.038747
2015-07-16,51.080002,51.43,50.43,50.75,1256100,50.516538
2015-07-15,51.639999,51.639999,50.41,50.619999,1387400,50.387135
2015-07-14,51.360001,52.080002,51.27,51.91,940900,51.671202
2015-07-13,50.919998,51.639999,50.810001,51.459999,1199300,51.223271
2015-07-10,51.189999,51.50,50.400002,50.740002,1394700,50.506586
2015-07-09,51.360001,51.650002,50.490002,50.540001,1290200,50.307505
2015-07-08,52.00,52.220001,50.400002,50.419998,1968000,50.188055
2015-07-07,51.82,52.59,50.860001,52.529999,1581900,52.288349
2015-07-06,52.07,52.75,51.75,51.950001,1092800,51.711019
2015-07-02,53.060001,53.48,52.77,52.91,865200,52.666602
2015-07-01,53.360001,53.419998,52.529999,52.93,1189700,52.68651
2015-06-30,53.400002,53.50,52.720001,53.009998,1311900,52.76614
2015-06-29,53.91,54.18,52.889999,52.970001,1280600,52.726327
2015-06-26,54.639999,54.93,54.419998,54.560001,2055100,54.309013
2015-06-25,55.540001,55.759998,54.66,54.66,896800,54.408551
2015-06-24,55.599998,56.290001,55.50,55.580002,914200,55.324321
2015-06-23,55.93,56.290001,55.759998,56.029999,965600,55.772248
2015-06-22,56.00,56.349998,55.779999,55.959999,947400,55.70257
2015-06-19,55.630001,56.25,55.459999,55.59,1697900,55.334274
2015-06-18,55.549999,56.080002,55.16,55.740002,794900,55.483585
2015-06-17,55.380001,55.82,54.91,55.209999,936300,54.956021
2015-06-16,54.52,55.389999,54.349998,55.169998,952600,54.916204
2015-06-15,54.619999,54.91,54.07,54.66,1166300,54.408551
2015-06-12,55.139999,55.459999,54.889999,55.060001,1032500,54.806713
2015-06-11,55.73,55.939999,55.34,55.43,880800,55.17501
2015-06-10,55.610001,55.959999,55.41,55.68,782000,55.42386
2015-06-09,55.41,55.84,55.02,55.09,855700,54.836574
2015-06-08,55.57,55.959999,55.169998,55.189999,789600,54.936112
2015-06-05,55.50,55.889999,55.099998,55.639999,1452200,55.384043
2015-06-04,56.50,56.540001,55.689999,55.77,1737300,55.513446
2015-06-03,57.16,57.970001,56.889999,57.139999,720800,56.877142
2015-06-02,56.189999,57.759998,56.139999,57.080002,1327100,56.817421
2015-06-01,56.349998,56.82,55.93,56.50,881800,56.240087
2015-05-29,56.509998,56.700001,55.889999,56.220001,1395800,55.961376
2015-05-28,56.630001,56.889999,55.900002,56.470001,1010800,56.001192
2015-05-27,56.610001,57.00,56.00,56.970001,1074900,56.497041
2015-05-26,57.57,57.59,56.459999,56.630001,1491400,56.159864
2015-05-22,58.610001,58.91,57.950001,57.970001,983900,57.488739
2015-05-21,58.93,59.380001,58.77,58.889999,761500,58.4011
2015-05-20,58.73,59.080002,58.490002,58.77,1028600,58.282097
2015-05-19,58.77,58.889999,57.950001,58.52,1110300,58.034172
2015-05-18,58.98,59.23,58.32,58.959999,1393400,58.470518
2015-05-15,59.77,59.84,58.77,59.23,1971700,58.738277
2015-05-14,60.450001,60.619999,59.639999,59.939999,1178300,59.442382
2015-05-13,59.360001,60.34,59.25,60.040001,1077000,59.541554
2015-05-12,59.709999,59.709999,58.790001,59.279999,1137900,58.787861
2015-05-11,59.639999,60.099998,59.169998,59.919998,1092200,59.422548
2015-05-08,59.41,59.919998,58.790001,59.66,1493000,59.164708
2015-05-07,58.630001,59.00,58.279999,58.630001,1322000,58.14326
2015-05-06,59.380001,59.490002,58.619999,58.900002,1066100,58.411019
2015-05-05,58.869999,59.709999,58.779999,58.860001,1568500,58.37135
2015-05-04,58.860001,59.400002,58.490002,58.720001,1250900,58.232513
2015-05-01,58.240002,59.91,57.93,58.700001,2659400,58.212678
2015-04-30,60.919998,61.27,59.959999,60.139999,1661000,59.640722
2015-04-29,60.369999,61.360001,60.060001,60.970001,1517000,60.463834
2015-04-28,60.619999,60.799999,60.080002,60.59,1202100,60.086987
2015-04-27,60.400002,61.209999,60.330002,60.830002,1177200,60.324996
2015-04-24,60.459999,60.459999,59.720001,60.110001,874400,59.610973
2015-04-23,60.18,61.07,60.029999,60.560001,1140100,60.057237
2015-04-22,59.740002,60.32,59.189999,60.18,1356800,59.680391
2015-04-21,59.93,60.040001,59.369999,59.75,1102600,59.253961
2015-04-20,59.709999,60.240002,59.650002,59.759998,1030800,59.263876
2015-04-17,59.549999,59.950001,59.200001,59.52,1144700,59.025871
2015-04-16,61.200001,61.25,59.900002,60.119999,1400000,59.620888
2015-04-15,59.48,62.259998,59.25,61.200001,3044000,60.691924
2015-04-14,58.450001,59.189999,58.23,59.02,958200,58.530022
2015-04-13,58.02,58.93,57.950001,58.34,1083400,57.855667
