Date,Open,High,Low,Close,Volume,Adj Close
2015-10-15,139.699997,142.100006,139.350006,141.550003,364500,141.550003
2015-10-14,141.600006,141.800003,139.229996,139.539993,361900,139.539993
2015-10-13,141.679993,142.199997,140.830002,141.410004,596200,141.410004
2015-10-12,141.139999,142.940002,140.160004,142.050003,361200,142.050003
2015-10-09,142.449997,143.639999,141.100006,142.029999,370100,142.029999
2015-10-08,141.490005,143.419998,140.369995,142.809998,458400,142.809998
2015-10-07,138.770004,141.410004,138.529999,141.259995,473300,141.259995
2015-10-06,139.550003,140.009995,138.270004,138.610001,415600,138.610001
2015-10-05,138.520004,139.710007,137.919998,139.610001,353900,139.610001
2015-10-02,134.809998,137.520004,134.320007,137.520004,468400,137.520004
2015-10-01,136.789993,137.210007,133.979996,135.600006,684700,135.600006
2015-09-30,136.00,136.770004,135.149994,136.449997,649600,136.449997
2015-09-29,133.75,135.289993,132.699997,135.190002,662400,135.190002
2015-09-28,134.289993,134.690002,132.899994,133.509995,625100,133.509995
2015-09-25,134.119995,135.589996,133.229996,134.759995,418500,134.759995
2015-09-24,134.289993,135.860001,132.389999,133.610001,574900,133.610001
2015-09-23,133.839996,135.25,133.160004,134.330002,338200,134.330002
2015-09-22,134.850006,135.919998,133.539993,133.770004,410200,133.770004
2015-09-21,134.75,137.029999,134.50,136.080002,347800,136.080002
2015-09-18,132.429993,136.220001,132.429993,134.75,615600,134.75
2015-09-17,133.589996,136.919998,132.800003,134.619995,362200,133.679994
2015-09-16,131.630005,134.179993,131.50,133.869995,479000,132.935231
2015-09-15,130.00,131.880005,128.940002,131.800003,520100,130.879693
2015-09-14,129.729996,129.929993,128.889999,129.570007,316600,128.665269
2015-09-11,126.589996,129.529999,126.559998,129.360001,294800,128.456728
2015-09-10,125.43,128.190002,125.43,126.730003,365300,125.845095
2015-09-09,129.300003,129.789993,126.019997,126.269997,248800,125.388301
2015-09-08,127.839996,128.490005,126.75,128.149994,234200,127.255171
2015-09-04,127.519997,127.830002,125.089996,126.269997,342800,125.388301
2015-09-03,128.630005,129.449997,127.900002,128.309998,290500,127.414057
2015-09-02,127.389999,128.619995,126.510002,127.660004,277300,126.768602
2015-09-01,127.120003,128.809998,125.57,126.470001,340200,125.586909
2015-08-31,132.490005,132.619995,128.910004,129.080002,517000,128.178685
2015-08-28,132.979996,133.330002,131.75,132.699997,378000,131.773403
2015-08-27,131.419998,134.699997,130.850006,133.210007,639400,132.279851
2015-08-26,127.230003,130.949997,126.019997,130.389999,725400,129.479535
2015-08-25,130.309998,130.360001,124.870003,124.959999,588900,124.08745
2015-08-24,130.110001,131.869995,127.379997,127.580002,477500,126.689159
2015-08-21,134.850006,136.070007,133.919998,134.00,429800,133.064328
2015-08-20,136.690002,137.309998,135.240005,135.809998,359900,134.861687
2015-08-19,137.00,137.940002,136.520004,136.720001,323800,135.765337
2015-08-18,137.990005,138.509995,137.240005,137.910004,313800,136.94703
2015-08-17,137.029999,138.210007,136.00,138.160004,312800,137.195284
2015-08-14,136.080002,137.050003,134.559998,137.00,217800,136.04338
2015-08-13,135.720001,137.190002,133.820007,136.559998,208700,135.60645
2015-08-12,135.059998,136.210007,134.360001,136.029999,404000,135.080152
2015-08-11,134.800003,136.240005,134.460007,135.330002,522700,134.385043
2015-08-10,137.160004,137.919998,134.380005,134.800003,397600,133.858745
2015-08-07,135.669998,136.860001,134.539993,136.610001,298400,135.656104
2015-08-06,136.990005,138.360001,134.130005,135.759995,495400,134.812033
2015-08-05,137.729996,138.990005,135.919998,136.179993,409900,135.229099
2015-08-04,139.330002,139.399994,137.160004,137.410004,208900,136.450521
2015-08-03,136.820007,139.080002,136.720001,139.050003,315200,138.079069
2015-07-31,137.649994,138.860001,136.699997,136.789993,512700,135.83484
2015-07-30,135.589996,136.679993,135.479996,136.559998,277000,135.60645
2015-07-29,134.949997,136.559998,134.00,136.410004,259000,135.457504
2015-07-28,134.139999,135.399994,133.589996,134.990005,235200,134.047421
2015-07-27,134.880005,135.759995,133.309998,134.029999,368300,133.094118
2015-07-24,133.759995,135.210007,133.220001,134.470001,272800,133.531048
2015-07-23,135.589996,135.899994,133.220001,133.839996,334000,132.905442
2015-07-22,135.630005,136.220001,135.279999,135.550003,285000,134.603508
2015-07-21,136.350006,137.00,135.089996,135.229996,277000,134.285735
2015-07-20,135.639999,136.389999,134.470001,136.309998,248900,135.358196
2015-07-17,136.699997,136.800003,135.220001,135.899994,313400,134.951055
2015-07-16,134.889999,137.00,134.889999,136.550003,235100,135.596526
2015-07-15,133.919998,135.580002,132.979996,134.600006,482200,133.660145
2015-07-14,134.740005,135.429993,133.970001,134.25,278400,133.312583
2015-07-13,135.080002,136.050003,133.720001,134.529999,172500,133.590626
2015-07-10,134.059998,135.619995,133.520004,134.059998,374700,133.123907
2015-07-09,134.940002,135.259995,132.990005,133.369995,241000,132.438723
2015-07-08,133.639999,134.690002,132.960007,134.470001,274600,133.531048
2015-07-07,132.990005,134.820007,132.539993,134.289993,340600,133.352297
2015-07-06,130.330002,132.759995,129.339996,132.589996,401400,131.66417
2015-07-02,132.039993,133.220001,130.669998,130.990005,253100,130.075351
2015-07-01,128.479996,130.479996,127.739998,130.449997,365200,129.539114
2015-06-30,128.50,129.449997,127.480003,128.089996,425500,127.195592
2015-06-29,130.289993,131.580002,127.690002,127.839996,255500,126.947338
2015-06-26,129.50,131.00,128.059998,130.50,637400,129.588767
2015-06-25,130.679993,132.509995,129.169998,129.399994,267900,128.496442
2015-06-24,131.809998,133.139999,130.75,130.850006,269900,129.93633
2015-06-23,132.50,133.800003,131.289993,131.610001,317900,130.691017
2015-06-22,133.850006,134.630005,132.669998,132.740005,560800,131.813132
2015-06-19,134.789993,135.00,132.210007,133.779999,577700,132.845863
2015-06-18,133.660004,135.860001,133.190002,135.259995,370600,134.315525
2015-06-17,133.059998,134.389999,131.789993,134.059998,452900,132.259979
2015-06-16,131.149994,132.800003,130.880005,132.679993,415500,130.898504
2015-06-15,131.130005,131.699997,130.490005,131.300003,341000,129.537043
2015-06-12,131.350006,131.889999,130.610001,131.479996,267100,129.714619
2015-06-11,130.710007,131.940002,130.630005,131.399994,849600,129.635691
2015-06-10,129.440002,131.380005,128.809998,130.270004,265000,128.520874
2015-06-09,130.759995,131.470001,129.279999,129.419998,292600,127.682281
2015-06-08,130.759995,131.570007,129.509995,130.929993,242700,129.172001
2015-06-05,129.820007,131.229996,129.130005,130.389999,350500,128.639258
2015-06-04,131.789993,132.369995,131.059998,131.429993,343300,129.665287
2015-06-03,134.570007,134.669998,131.559998,132.009995,498000,130.237502
2015-06-02,135.919998,135.970001,133.910004,134.330002,292200,132.526358
2015-06-01,134.50,136.899994,134.00,136.449997,645200,134.617888
2015-05-29,135.990005,135.990005,134.110001,134.470001,791900,132.664478
2015-05-28,135.130005,136.259995,134.660004,135.660004,340100,133.838502
2015-05-27,134.490005,135.889999,134.110001,135.580002,249200,133.759575
2015-05-26,134.460007,135.350006,133.800003,134.550003,443800,132.743406
2015-05-22,134.50,136.339996,134.389999,135.210007,159000,133.394547
2015-05-21,135.880005,136.190002,134.309998,135.020004,230600,133.207096
2015-05-20,136.759995,137.410004,135.809998,135.850006,303000,134.025954
2015-05-19,136.570007,137.009995,135.880005,136.509995,251200,134.67708
2015-05-18,135.740005,137.059998,135.279999,136.589996,375800,134.756008
2015-05-15,135.25,136.740005,134.779999,136.559998,367500,134.726412
2015-05-14,131.240005,134.869995,131.240005,134.809998,358100,132.999909
2015-05-13,134.039993,134.860001,130.589996,130.979996,535600,129.221333
2015-05-12,131.179993,133.479996,130.130005,133.050003,239300,131.263546
2015-05-11,133.740005,134.789993,131.669998,132.279999,306700,130.503881
2015-05-08,135.360001,136.330002,133.800003,134.029999,398800,132.230383
2015-05-07,132.089996,134.399994,131.570007,134.00,319400,132.200787
2015-05-06,132.479996,133.210007,130.990005,131.899994,286200,130.128978
2015-05-05,134.570007,134.850006,132.210007,132.50,386100,130.720928
2015-05-04,135.279999,136.600006,134.639999,134.979996,267600,133.167625
2015-05-01,134.199997,136.009995,133.649994,135.059998,288300,133.246552
2015-04-30,136.309998,136.869995,132.649994,133.669998,661700,131.875217
2015-04-29,137.860001,138.830002,136.169998,136.679993,292300,134.844796
2015-04-28,140.199997,140.270004,139.00,139.25,243100,137.380296
2015-04-27,140.639999,141.50,140.039993,140.440002,421300,138.55432
2015-04-24,140.729996,141.440002,139.630005,140.419998,233400,138.534585
2015-04-23,140.039993,140.990005,139.740005,140.270004,228400,138.386605
2015-04-22,140.179993,141.470001,139.949997,140.449997,206800,138.564181
2015-04-21,140.330002,141.229996,139.339996,140.210007,272000,138.327413
2015-04-20,139.270004,140.139999,138.800003,139.550003,289900,137.676271
