Date,Open,High,Low,Close,Volume,Adj Close
2015-10-16,35.009998,35.040001,33.450001,34.09,2568500,34.09
2015-10-15,33.91,34.849998,33.610001,34.779999,3357300,34.779999
2015-10-14,33.720001,34.110001,33.25,33.959999,1960100,33.959999
2015-10-13,33.400002,34.23,33.330002,33.630001,2389300,33.630001
2015-10-12,34.43,34.669998,33.43,33.66,1846900,33.66
2015-10-09,34.900002,34.900002,34.009998,34.450001,1906800,34.450001
2015-10-08,34.09,34.990002,33.540001,34.77,2642400,34.77
2015-10-07,34.150002,34.57,33.240002,34.189999,3869100,34.189999
2015-10-06,32.77,34.040001,32.27,33.490002,7280100,33.490002
2015-10-05,31.07,32.990002,30.389999,32.779999,6245800,32.779999
2015-10-02,29.40,30.73,29.00,30.73,7827000,30.73
2015-10-01,31.540001,31.59,29.719999,29.83,6335500,29.83
2015-09-30,31.74,31.92,30.49,31.00,4144000,31.00
2015-09-29,31.74,32.110001,31.23,31.549999,3461000,31.549999
2015-09-28,32.380001,32.490002,31.360001,31.469999,2745400,31.469999
2015-09-25,32.93,33.110001,32.50,32.830002,2220900,32.830002
2015-09-24,32.459999,32.849998,31.780001,32.549999,3181100,32.549999
2015-09-23,33.080002,33.439999,32.73,32.77,1644900,32.77
2015-09-22,32.540001,33.93,32.509998,33.009998,3213900,33.009998
2015-09-21,33.759998,33.939999,33.110001,33.18,1914400,33.18
2015-09-18,31.309999,33.990002,31.309999,33.279999,4194700,33.279999
2015-09-17,35.02,35.330002,34.290001,34.599998,3000600,34.599998
2015-09-16,34.189999,35.66,33.91,35.130001,2484700,35.130001
2015-09-15,33.16,33.939999,33.080002,33.799999,1996700,33.799999
2015-09-14,32.450001,33.150002,32.27,33.02,2878100,33.02
2015-09-11,32.009998,32.709999,32.009998,32.540001,2507200,32.540001
2015-09-10,32.860001,33.619999,32.529999,33.32,3223200,33.32
2015-09-09,34.16,34.490002,32.599998,32.869999,3257500,32.869999
2015-09-08,33.529999,33.939999,33.220001,33.849998,3116100,33.849998
2015-09-04,33.82,33.919998,32.939999,33.200001,3784000,33.200001
2015-09-03,34.00,34.349998,33.439999,33.900002,4893200,33.900002
2015-09-02,33.790001,34.25,33.02,33.77,5481000,33.77
2015-09-01,33.200001,34.169998,32.169998,33.240002,4061100,33.240002
2015-08-31,33.75,35.209999,33.389999,34.779999,4516900,34.779999
2015-08-28,32.43,34.34,32.419998,34.279999,5161600,34.279999
2015-08-27,31.84,33.650002,31.51,32.52,3676500,32.52
2015-08-26,30.709999,32.029999,29.67,30.73,7061800,30.73
2015-08-25,30.32,30.32,28.719999,28.73,3444600,28.73
2015-08-24,27.959999,30.01,27.940001,28.99,4286500,28.99
2015-08-21,30.620001,31.209999,30.01,30.01,2975900,30.01
2015-08-20,31.48,32.099998,30.92,30.940001,2193100,30.940001
2015-08-19,32.349998,32.650002,31.450001,31.610001,2992700,31.610001
2015-08-18,32.759998,33.09,32.470001,32.630001,1337100,32.630001
2015-08-17,32.610001,33.34,32.549999,32.869999,3968700,32.869999
2015-08-14,32.689999,33.41,32.630001,32.82,2289800,32.82
2015-08-13,33.169998,33.470001,32.490002,32.689999,1913200,32.689999
2015-08-12,33.290001,33.77,32.709999,33.68,2497200,33.68
2015-08-11,33.080002,33.490002,32.810001,33.279999,2513000,33.279999
2015-08-10,32.57,34.029999,32.57,33.959999,2484900,33.959999
2015-08-07,32.990002,33.220001,32.419998,32.509998,3004700,32.509998
2015-08-06,33.029999,33.540001,32.549999,33.330002,2758400,33.330002
2015-08-05,33.16,33.580002,32.700001,33.209999,3504000,33.209999
2015-08-04,32.970001,33.419998,32.48,32.599998,2006500,32.599998
2015-08-03,32.490002,33.400002,32.27,32.650002,3538800,32.650002
2015-07-31,32.880001,33.279999,32.720001,32.759998,3006600,32.759998
2015-07-30,33.549999,33.75,32.84,33.07,2939600,33.07
2015-07-29,33.099998,33.990002,32.860001,33.66,2922600,33.66
2015-07-28,32.720001,33.779999,32.369999,33.380001,4285400,33.380001
2015-07-27,32.369999,33.060001,32.279999,32.630001,4460800,32.630001
2015-07-24,32.32,33.240002,32.240002,32.84,5886200,32.84
2015-07-23,32.799999,33.279999,31.83,32.18,5120300,32.18
2015-07-22,35.00,35.689999,32.720001,32.759998,12081200,32.759998
2015-07-21,36.439999,37.18,36.279999,36.369999,3391700,36.369999
2015-07-20,36.529999,36.650002,35.98,36.290001,2788700,36.290001
2015-07-17,36.82,36.959999,36.200001,36.41,2989800,36.41
2015-07-16,36.93,37.369999,36.77,36.93,3100900,36.93
2015-07-15,37.43,37.540001,36.50,36.529999,2767500,36.529999
2015-07-14,37.380001,37.900002,37.23,37.549999,3719800,37.549999
2015-07-13,37.50,37.869999,37.029999,37.189999,3758700,37.189999
2015-07-10,37.73,38.09,37.00,37.450001,3415900,37.450001
2015-07-09,37.830002,38.099998,37.400002,37.43,2549400,37.43
2015-07-08,38.299999,38.529999,37.049999,37.130001,3288500,37.130001
2015-07-07,38.580002,38.889999,37.279999,38.669998,4496700,38.669998
2015-07-06,38.779999,39.419998,38.509998,38.650002,2471600,38.650002
2015-07-02,39.84,40.189999,39.509998,39.790001,2592000,39.790001
2015-07-01,41.580002,41.720001,39.48,39.650002,7759300,39.650002
2015-06-30,41.189999,41.610001,40.740002,41.490002,4678800,41.490002
2015-06-29,41.439999,41.650002,40.599998,40.799999,3738400,40.799999
2015-06-26,42.169998,42.189999,41.310001,42.00,4149600,42.00
2015-06-25,42.23,42.50,42.029999,42.23,1920800,42.23
2015-06-24,42.029999,42.790001,42.00,42.310001,2153300,42.310001
2015-06-23,41.91,42.41,41.549999,42.23,3752000,42.23
2015-06-22,41.720001,41.959999,41.41,41.700001,2651000,41.700001
2015-06-19,41.900002,42.450001,41.68,41.720001,2464000,41.720001
2015-06-18,42.830002,42.919998,41.889999,42.139999,1980900,42.139999
2015-06-17,42.959999,43.049999,42.450001,42.610001,1804800,42.610001
2015-06-16,42.310001,42.540001,42.169998,42.43,1605100,42.43
2015-06-15,42.389999,42.66,41.990002,42.25,1226300,42.25
2015-06-12,42.82,43.080002,42.619999,42.779999,1925200,42.779999
2015-06-11,43.169998,43.27,42.66,42.880001,1975800,42.880001
2015-06-10,43.169998,43.43,42.900002,43.25,2105900,43.25
2015-06-09,42.650002,43.00,42.459999,42.490002,1445500,42.490002
2015-06-08,42.509998,43.099998,42.130001,42.220001,1240200,42.220001
2015-06-05,41.970001,43.299999,41.869999,42.759998,1743100,42.759998
2015-06-04,42.209999,42.540001,41.84,42.220001,2195800,42.220001
2015-06-03,42.990002,43.470001,42.400002,42.509998,1812200,42.509998
2015-06-02,42.040001,43.68,41.84,43.16,2551800,43.16
2015-06-01,41.66,41.75,40.91,41.66,2321300,41.66
2015-05-29,42.009998,42.48,41.759998,41.790001,2305200,41.790001
2015-05-28,41.84,41.970001,41.240002,41.919998,2360800,41.919998
2015-05-27,41.50,42.209999,41.330002,42.02,3127900,42.02
2015-05-26,42.470001,42.82,41.00,41.52,4191300,41.52
2015-05-22,42.43,43.200001,42.099998,42.93,2900100,42.93
2015-05-21,42.259998,43.189999,42.080002,42.900002,2881200,42.900002
2015-05-20,41.52,42.200001,40.91,42.029999,2853700,42.029999
2015-05-19,41.09,41.380001,40.73,41.16,3269100,41.16
2015-05-18,41.470001,41.759998,41.02,41.619999,2178600,41.619999
2015-05-15,41.41,41.970001,40.860001,41.50,1960300,41.50
2015-05-14,41.66,42.290001,41.360001,41.580002,2303400,41.580002
2015-05-13,42.009998,42.080002,41.00,41.450001,2343400,41.450001
2015-05-12,41.849998,42.259998,41.23,41.830002,2050500,41.830002
2015-05-11,42.700001,42.759998,41.41,41.560001,2194000,41.560001
2015-05-08,42.57,42.970001,41.950001,42.779999,2111800,42.779999
2015-05-07,42.830002,42.869999,41.540001,42.139999,3109300,42.139999
2015-05-06,43.630001,44.279999,43.029999,43.23,3114500,43.23
2015-05-05,43.110001,44.00,43.060001,43.380001,3374500,43.380001
2015-05-04,43.459999,43.52,42.48,42.84,2237900,42.84
2015-05-01,43.990002,44.240002,43.00,43.34,3709900,43.34
2015-04-30,42.509998,44.43,42.110001,44.099998,5128700,44.099998
2015-04-29,40.959999,42.619999,40.669998,42.459999,3502100,42.459999
2015-04-28,40.66,41.32,40.459999,41.029999,2606300,41.029999
2015-04-27,40.759998,40.950001,40.209999,40.849998,2598000,40.849998
2015-04-24,41.259998,41.59,39.84,40.009998,3245300,40.009998
2015-04-23,40.560001,41.869999,40.560001,41.419998,4550000,41.419998
2015-04-22,37.639999,41.439999,37.619999,40.560001,8155300,40.560001
2015-04-21,39.580002,39.610001,37.549999,37.73,3578500,37.73
2015-04-20,39.330002,39.959999,39.169998,39.50,3892400,39.50
