Date,Open,High,Low,Close,Volume,Adj Close
2015-10-15,41.889999,43.389999,41.889999,43.240002,1584900,43.240002
2015-10-14,41.560001,42.32,41.07,41.869999,1482100,41.869999
2015-10-13,42.549999,43.169998,41.580002,41.599998,1421500,41.599998
2015-10-12,43.040001,43.16,42.549999,42.799999,1048500,42.799999
2015-10-09,42.709999,43.18,42.419998,43.00,1175100,43.00
2015-10-08,43.040001,43.130001,42.00,42.790001,1950000,42.790001
2015-10-07,43.619999,43.990002,41.82,43.049999,2754200,43.049999
2015-10-06,44.189999,44.66,43.169998,43.450001,1075400,43.450001
2015-10-05,44.009998,44.34,43.68,44.189999,1169800,44.189999
2015-10-02,42.459999,43.709999,41.57,43.68,1458900,43.68
2015-10-01,42.490002,43.139999,42.040001,43.040001,1095000,43.040001
2015-09-30,42.669998,43.139999,41.650002,42.48,2009600,42.48
2015-09-29,43.110001,43.360001,41.830002,42.240002,1799200,42.240002
2015-09-28,44.970001,45.25,42.360001,42.830002,2217500,42.830002
2015-09-25,46.490002,46.50,44.610001,45.110001,1264800,45.110001
2015-09-24,45.779999,46.029999,44.830002,45.900002,1303500,45.900002
2015-09-23,44.98,46.240002,44.509998,45.990002,1454900,45.990002
2015-09-22,44.919998,45.470001,44.639999,45.389999,1288500,45.389999
2015-09-21,45.150002,46.16,44.880001,45.599998,1274100,45.599998
2015-09-18,44.540001,45.360001,44.50,44.799999,2472800,44.799999
2015-09-17,44.779999,45.93,44.610001,45.18,1511500,45.18
2015-09-16,44.630001,45.200001,44.169998,44.900002,968700,44.900002
2015-09-15,44.029999,44.939999,43.860001,44.73,1013400,44.73
2015-09-14,44.32,44.50,43.709999,43.970001,855600,43.970001
2015-09-11,43.990002,44.419998,43.700001,44.330002,1106100,44.330002
2015-09-10,43.34,44.529999,43.110001,44.060001,1460700,44.060001
2015-09-09,43.41,43.970001,42.900002,43.009998,1428700,43.009998
2015-09-08,42.25,43.369999,41.950001,43.299999,1201800,43.299999
2015-09-04,41.48,42.220001,41.310001,41.75,928900,41.75
2015-09-03,41.869999,42.68,41.73,42.150002,1322500,42.150002
2015-09-02,41.549999,41.91,40.700001,41.91,1151600,41.91
2015-09-01,41.02,41.849998,40.509998,40.860001,1738400,40.860001
2015-08-31,42.810001,43.259998,41.860001,42.139999,1264900,42.139999
2015-08-28,42.330002,43.169998,42.080002,42.959999,956600,42.959999
2015-08-27,43.16,43.560001,42.049999,42.66,1744900,42.66
2015-08-26,41.709999,42.830002,40.830002,42.540001,1627500,42.540001
2015-08-25,42.810001,42.950001,40.599998,40.639999,1832700,40.639999
2015-08-24,38.00,42.580002,35.00,40.919998,3100300,40.919998
2015-08-21,43.84,44.029999,42.82,42.860001,3361700,42.860001
2015-08-20,46.790001,47.00,44.599998,44.610001,2065900,44.610001
2015-08-19,47.209999,48.099998,46.740002,47.34,866100,47.34
2015-08-18,47.990002,48.00,47.330002,47.75,1092800,47.75
2015-08-17,46.50,47.889999,46.200001,47.849998,1286200,47.849998
2015-08-14,46.240002,46.77,46.060001,46.720001,1110900,46.720001
2015-08-13,46.540001,46.98,46.16,46.50,919900,46.50
2015-08-12,46.610001,46.919998,45.060001,46.48,2287800,46.48
2015-08-11,47.110001,47.700001,46.50,46.93,1059000,46.93
2015-08-10,50.310001,50.310001,47.189999,47.540001,1044700,47.540001
2015-08-07,46.580002,46.900002,46.029999,46.900002,1519500,46.900002
2015-08-06,48.740002,48.970001,46.290001,46.639999,2068400,46.639999
2015-08-05,47.860001,49.209999,47.810001,48.830002,2091600,48.830002
2015-08-04,47.610001,47.830002,47.360001,47.68,978900,47.68
2015-08-03,47.639999,47.990002,46.959999,47.650002,1543800,47.650002
2015-07-31,47.549999,48.59,47.299999,47.740002,1459700,47.740002
2015-07-30,47.310001,47.700001,46.709999,47.580002,1439500,47.580002
2015-07-29,47.200001,47.459999,46.509998,47.360001,1647300,47.360001
2015-07-28,47.43,47.549999,46.240002,47.119999,1775900,47.119999
2015-07-27,47.610001,47.959999,46.810001,47.099998,1903600,47.099998
2015-07-24,47.299999,48.299999,47.25,47.990002,3051600,47.990002
2015-07-23,47.209999,47.830002,46.00,46.830002,6974700,46.830002
2015-07-22,43.060001,43.560001,42.110001,42.299999,3422300,42.299999
2015-07-21,42.470001,43.490002,41.98,42.959999,2236400,42.959999
2015-07-20,42.41,42.77,42.080002,42.400002,974500,42.400002
2015-07-17,42.880001,42.900002,42.099998,42.41,1082900,42.41
2015-07-16,42.50,42.779999,42.25,42.759998,1064600,42.759998
2015-07-15,42.52,42.689999,41.98,42.139999,820800,42.139999
2015-07-14,41.68,42.759998,41.52,42.610001,1448200,42.610001
2015-07-13,41.959999,41.990002,41.259998,41.509998,1278400,41.509998
2015-07-10,41.73,41.73,41.07,41.450001,957000,41.450001
2015-07-09,41.400002,42.139999,41.130001,41.380001,1538600,41.380001
2015-07-08,40.040001,40.759998,39.880001,40.57,1598200,40.57
2015-07-07,40.639999,40.68,39.130001,40.610001,2005000,40.610001
2015-07-06,39.73,40.490002,39.040001,39.970001,1958400,39.970001
2015-07-02,41.459999,41.599998,40.849998,41.23,881400,41.23
2015-07-01,41.84,41.900002,41.029999,41.279999,1108300,41.279999
2015-06-30,40.98,41.43,40.759998,41.330002,1469900,41.330002
2015-06-29,40.709999,41.619999,40.549999,40.599998,1497500,40.599998
2015-06-26,42.00,42.00,41.07,41.720001,2092100,41.720001
2015-06-25,41.860001,42.130001,41.73,41.970001,1219900,41.970001
2015-06-24,41.82,42.110001,40.77,41.709999,4079200,41.709999
2015-06-23,43.689999,43.759998,43.00,43.209999,1300700,43.209999
2015-06-22,43.639999,43.889999,43.240002,43.549999,1294000,43.549999
2015-06-19,43.889999,43.939999,42.959999,43.119999,2404900,43.119999
2015-06-18,43.27,44.119999,43.060001,43.740002,1958300,43.740002
2015-06-17,42.48,43.09,42.470001,42.889999,1343900,42.889999
2015-06-16,41.360001,42.669998,41.200001,42.48,1714200,42.48
2015-06-15,40.82,41.18,40.119999,41.07,1486900,41.07
2015-06-12,40.950001,41.349998,40.52,41.220001,1026300,41.220001
2015-06-11,41.200001,41.669998,40.84,41.00,1483700,41.00
2015-06-10,40.950001,41.349998,40.669998,41.200001,733100,41.200001
2015-06-09,40.860001,40.860001,39.869999,40.759998,1306200,40.759998
2015-06-08,41.470001,41.490002,40.290001,40.580002,1547000,40.580002
2015-06-05,39.830002,41.18,39.23,41.040001,1814500,41.040001
2015-06-04,40.080002,40.169998,39.310001,39.50,953100,39.50
2015-06-03,39.950001,40.290001,39.610001,40.080002,850700,40.080002
2015-06-02,39.549999,40.130001,39.419998,39.73,948400,39.73
2015-06-01,40.25,40.299999,39.43,39.860001,1158500,39.860001
2015-05-29,40.240002,40.380001,39.599998,40.060001,1228400,40.060001
2015-05-28,39.41,40.259998,39.360001,40.18,1496700,40.18
2015-05-27,39.299999,39.610001,38.669998,39.43,1963700,39.43
2015-05-26,39.830002,39.970001,38.970001,39.290001,1138400,39.290001
2015-05-22,38.75,39.380001,38.50,39.290001,1138000,39.290001
2015-05-21,38.970001,39.00,38.59,38.790001,1042100,38.790001
2015-05-20,39.34,39.470001,38.48,38.790001,1887100,38.790001
2015-05-19,39.740002,39.779999,38.360001,39.119999,1958300,39.119999
2015-05-18,38.84,39.73,38.50,39.540001,1756000,39.540001
2015-05-15,38.860001,38.98,38.560001,38.639999,950100,38.639999
2015-05-14,38.889999,39.099998,38.43,38.849998,1780000,38.849998
2015-05-13,38.880001,39.060001,38.34,38.439999,1446400,38.439999
2015-05-12,38.560001,38.91,38.299999,38.650002,1344400,38.650002
2015-05-11,38.900002,39.369999,38.740002,38.970001,1402400,38.970001
2015-05-08,38.669998,39.23,38.509998,39.009998,1269500,39.009998
2015-05-07,37.939999,38.529999,37.860001,38.400002,1211000,38.400002
2015-05-06,38.060001,38.279999,37.43,37.939999,1000100,37.939999
2015-05-05,38.549999,38.700001,37.52,37.84,1505300,37.84
2015-05-04,38.360001,39.32,38.27,38.73,1254300,38.73
2015-05-01,38.150002,38.59,38.099998,38.380001,1404500,38.380001
2015-04-30,38.349998,38.66,37.580002,37.740002,1453100,37.740002
2015-04-29,38.360001,38.73,37.900002,38.419998,1071100,38.419998
2015-04-28,38.299999,38.68,37.75,38.560001,1529400,38.560001
2015-04-27,38.720001,38.77,37.939999,38.200001,1623500,38.200001
2015-04-24,38.990002,38.990002,38.34,38.68,1589800,38.68
2015-04-23,38.00,38.900002,37.889999,38.720001,2244900,38.720001
2015-04-22,38.259998,38.439999,37.720001,38.07,2295000,38.07
2015-04-21,38.00,38.98,37.23,38.080002,9739000,38.080002
2015-04-20,34.25,34.82,34.060001,34.630001,3786600,34.630001
