Date,Open,High,Low,Close,Volume,Adj Close
2015-10-09,5.42,5.46,5.14,5.18,16734000,5.18
2015-10-08,5.32,5.42,5.27,5.41,12897400,5.41
2015-10-07,5.17,5.38,5.14,5.38,20274300,5.38
2015-10-06,5.13,5.20,5.10,5.12,15776900,5.12
2015-10-05,4.90,5.13,4.90,5.13,19632600,5.13
2015-10-02,4.66,4.90,4.63,4.88,21676200,4.88
2015-10-01,4.78,4.81,4.67,4.72,16485200,4.72
2015-09-30,4.81,4.82,4.70,4.75,18195100,4.75
2015-09-29,4.73,4.82,4.64,4.68,18485300,4.68
2015-09-28,4.99,5.00,4.72,4.73,22479600,4.73
2015-09-25,4.85,5.11,4.85,5.00,28543400,5.00
2015-09-24,4.81,4.88,4.77,4.83,11394600,4.83
2015-09-23,4.88,4.93,4.85,4.85,12177000,4.85
2015-09-22,4.84,4.91,4.78,4.80,22052300,4.80
2015-09-21,5.01,5.09,4.90,4.94,18362000,4.94
2015-09-18,5.16,5.20,4.98,4.99,28623500,4.99
2015-09-17,5.15,5.24,5.01,5.20,22053100,5.20
2015-09-16,5.25,5.36,5.13,5.18,26762000,5.18
2015-09-15,5.22,5.36,5.19,5.32,17648000,5.32
2015-09-14,5.31,5.32,5.11,5.22,25536000,5.22
2015-09-11,5.40,5.46,5.12,5.32,37666600,5.32
2015-09-10,5.45,5.57,5.39,5.51,28076000,5.405
2015-09-09,5.49,5.56,5.43,5.45,20366600,5.346143
2015-09-08,5.49,5.49,5.32,5.44,17850600,5.336334
2015-09-04,5.46,5.49,5.35,5.39,15239900,5.287287
2015-09-03,5.28,5.58,5.26,5.52,35321300,5.414809
2015-09-02,5.12,5.28,5.07,5.21,23985900,5.110717
2015-09-01,4.98,5.07,4.92,5.04,19133900,4.943956
2015-08-31,5.02,5.11,5.00,5.07,16846200,4.973385
2015-08-28,4.90,5.11,4.87,5.08,17162400,4.983194
2015-08-27,4.92,4.99,4.82,4.93,26198900,4.836052
2015-08-26,4.99,5.03,4.73,4.84,31202000,4.747768
2015-08-25,5.06,5.10,4.92,4.92,20320500,4.826243
2015-08-24,4.96,4.98,4.57,4.91,22473600,4.816434
2015-08-21,5.22,5.27,5.09,5.15,29566200,5.05186
2015-08-20,5.29,5.33,5.21,5.26,21592100,5.159764
2015-08-19,5.40,5.45,5.28,5.36,22027400,5.257859
2015-08-18,5.61,5.61,5.41,5.42,17277700,5.316715
2015-08-17,5.45,5.64,5.40,5.61,18083100,5.503095
2015-08-14,5.38,5.51,5.37,5.49,15453700,5.385381
2015-08-13,5.43,5.46,5.34,5.35,12451800,5.248049
2015-08-12,5.28,5.44,5.21,5.42,22775000,5.316715
2015-08-11,5.31,5.39,5.30,5.34,12710400,5.23824
2015-08-10,5.22,5.38,5.19,5.33,24596300,5.22843
2015-08-07,5.09,5.24,5.09,5.17,26358400,5.071479
2015-08-06,5.10,5.15,5.00,5.13,20696100,5.032241
2015-08-05,5.28,5.29,5.10,5.11,24617500,5.012623
2015-08-04,5.21,5.26,5.13,5.25,34015300,5.149955
2015-08-03,5.07,5.19,4.94,5.15,57120800,5.05186
2015-07-31,4.61,4.80,4.61,4.72,32936800,4.630054
2015-07-30,4.67,4.70,4.60,4.63,10248900,4.54177
2015-07-29,4.61,4.69,4.53,4.68,12442800,4.590817
2015-07-28,4.57,4.65,4.44,4.61,20123100,4.522151
2015-07-27,4.52,4.63,4.19,4.59,25024200,4.502532
2015-07-24,4.78,4.80,4.52,4.54,26144700,4.453485
2015-07-23,4.78,4.82,4.75,4.77,10214900,4.679102
2015-07-22,4.87,4.90,4.78,4.79,17031400,4.69872
2015-07-21,5.01,5.02,4.86,4.87,24297600,4.777196
2015-07-20,5.17,5.17,4.96,5.01,27376100,4.914528
2015-07-17,5.03,5.31,5.02,5.14,41797800,5.042051
2015-07-16,4.97,5.04,4.89,5.03,25962900,4.934147
2015-07-15,4.92,4.93,4.85,4.88,17538500,4.787006
2015-07-14,4.98,5.00,4.90,4.93,18880500,4.836052
2015-07-13,4.93,5.00,4.90,4.98,16262000,4.8851
2015-07-10,4.85,4.90,4.83,4.90,13331400,4.806624
2015-07-09,4.86,4.88,4.79,4.81,24995300,4.718339
2015-07-08,4.85,4.88,4.80,4.83,16293500,4.737958
2015-07-07,4.92,4.93,4.80,4.88,24315500,4.787006
2015-07-06,4.82,4.95,4.81,4.92,36948500,4.826243
2015-07-02,4.98,4.98,4.84,4.85,18450500,4.757577
2015-07-01,5.00,5.00,4.91,4.95,21374700,4.855671
2015-06-30,5.02,5.02,4.93,4.95,27002700,4.855671
2015-06-29,4.99,5.04,4.91,4.93,28163700,4.836052
2015-06-26,5.08,5.08,5.01,5.01,23194400,4.914528
2015-06-25,5.12,5.12,5.03,5.08,16998200,4.983194
2015-06-24,5.10,5.12,5.00,5.07,19929800,4.973385
2015-06-23,5.04,5.13,5.03,5.09,21570400,4.993004
2015-06-22,5.03,5.06,4.97,5.02,17741500,4.924338
2015-06-19,4.98,5.05,4.97,5.03,40784200,4.934147
2015-06-18,5.00,5.02,4.98,5.00,16583800,4.904719
2015-06-17,5.02,5.03,4.95,4.98,19070200,4.8851
2015-06-16,4.97,5.02,4.93,4.97,27955600,4.87529
2015-06-15,4.95,4.96,4.86,4.88,27438000,4.787006
2015-06-12,4.99,5.03,4.95,4.96,21226900,4.865481
2015-06-11,5.01,5.02,4.96,5.01,25697800,4.914528
2015-06-10,5.05,5.05,4.94,4.98,30980300,4.8851
2015-06-09,5.03,5.06,4.93,4.96,52552400,4.865481
2015-06-08,5.05,5.10,4.99,5.03,63628100,4.934147
2015-06-05,5.07,5.13,4.96,4.97,223165600,4.87529
2015-06-04,5.36,5.36,5.00,5.00,85033400,4.904719
2015-06-03,5.23,5.52,5.23,5.38,57767300,5.277477
2015-06-02,5.07,5.23,5.06,5.16,31492600,5.06167
2015-06-01,5.19,5.19,5.05,5.08,12207900,4.983194
2015-05-29,5.18,5.20,5.03,5.15,21994100,5.05186
2015-05-28,5.30,5.36,5.17,5.17,14017900,5.071479
2015-05-27,5.18,5.36,5.04,5.28,39374000,5.179383
2015-05-26,5.10,5.15,4.90,4.92,20103200,4.826243
2015-05-22,5.34,5.39,5.14,5.16,20584400,4.95867
2015-05-21,5.37,5.42,5.31,5.34,10731800,5.131648
2015-05-20,5.40,5.43,5.32,5.34,12991300,5.131648
2015-05-19,5.56,5.58,5.34,5.38,18677800,5.170087
2015-05-18,5.65,5.68,5.54,5.56,13695500,5.343064
2015-05-15,5.43,5.65,5.43,5.64,14050700,5.419942
2015-05-14,5.48,5.50,5.33,5.42,18443900,5.208526
2015-05-13,5.74,5.76,5.44,5.46,31382100,5.246965
2015-05-12,5.80,5.84,5.68,5.70,14082900,5.477601
2015-05-11,5.98,6.00,5.84,5.84,22028900,5.612139
2015-05-08,6.00,6.04,5.97,6.00,8202300,5.765896
2015-05-07,6.03,6.04,5.90,5.95,13640300,5.717847
2015-05-06,6.40,6.55,5.93,5.94,39534100,5.708237
2015-05-05,6.81,6.87,6.71,6.74,10247900,6.477023
2015-05-04,6.90,6.90,6.81,6.87,5394600,6.601951
2015-05-01,6.91,6.91,6.80,6.86,7079000,6.592341
2015-04-30,6.87,6.91,6.81,6.86,8506700,6.592341
2015-04-29,7.00,7.04,6.89,6.91,5372300,6.64039
2015-04-28,6.87,7.02,6.73,7.02,7715400,6.746098
2015-04-27,7.05,7.05,6.87,6.87,7001800,6.601951
2015-04-24,7.07,7.13,7.01,7.03,4494300,6.755708
2015-04-23,7.09,7.17,7.07,7.07,8227200,6.794148
2015-04-22,7.06,7.11,7.03,7.10,3987400,6.822977
2015-04-21,7.04,7.12,7.02,7.06,3273500,6.784538
2015-04-20,7.05,7.09,7.00,7.04,5822000,6.765318
2015-04-17,7.08,7.12,7.01,7.02,8001500,6.746098
2015-04-16,7.22,7.24,7.11,7.15,6621400,6.871026
2015-04-15,7.32,7.35,7.22,7.25,8044600,6.967124
2015-04-14,7.30,7.37,7.28,7.31,4741000,7.024783
2015-04-13,7.41,7.43,7.33,7.33,4582000,7.044003
