Date,Open,High,Low,Close,Volume,Adj Close
2015-10-16,12.35,12.37,12.18,12.24,1152300,12.24
2015-10-15,12.17,12.34,11.98,12.29,1006900,12.29
2015-10-14,12.37,12.50,11.99,12.05,1535200,12.05
2015-10-13,12.34,12.58,12.34,12.40,762100,12.40
2015-10-12,12.38,12.50,12.26,12.49,545300,12.49
2015-10-09,12.46,12.56,12.30,12.37,690700,12.37
2015-10-08,12.35,12.51,12.27,12.48,1003000,12.48
2015-10-07,12.22,12.37,12.19,12.37,1144000,12.37
2015-10-06,12.12,12.26,12.09,12.16,1011400,12.16
2015-10-05,11.96,12.19,11.96,12.19,833100,12.19
2015-10-02,11.92,12.01,11.61,11.91,1283500,11.91
2015-10-01,12.06,12.17,12.00,12.12,1140800,12.12
2015-09-30,12.06,12.13,12.00,12.10,1393300,12.10
2015-09-29,11.87,12.01,11.86,11.94,1299000,11.94
2015-09-28,12.03,12.08,11.93,11.98,1091300,11.89
2015-09-25,12.15,12.22,12.05,12.08,1085600,11.989249
2015-09-24,11.70,12.00,11.68,11.98,1489400,11.89
2015-09-23,11.78,11.88,11.70,11.81,864100,11.721278
2015-09-22,11.76,11.85,11.71,11.78,854900,11.691502
2015-09-21,11.79,11.95,11.79,11.91,1749800,11.820526
2015-09-18,11.84,11.99,11.68,11.73,2314100,11.641878
2015-09-17,12.37,12.48,11.99,12.05,1521700,11.959474
2015-09-16,12.37,12.38,12.21,12.36,634900,12.267145
2015-09-15,12.21,12.37,12.15,12.33,720700,12.237371
2015-09-14,12.14,12.23,12.08,12.16,639200,12.068648
2015-09-11,11.98,12.14,11.97,12.13,777600,12.038873
2015-09-10,11.99,12.19,11.95,12.07,1269800,11.979324
2015-09-09,12.16,12.18,11.99,12.01,1546000,11.919775
2015-09-08,11.94,12.05,11.87,12.03,699900,11.939624
2015-09-04,11.73,11.81,11.66,11.75,745900,11.661728
2015-09-03,11.78,11.99,11.74,11.88,871000,11.790751
2015-09-02,11.82,11.86,11.63,11.82,886700,11.731202
2015-09-01,11.94,12.00,11.65,11.69,988700,11.602178
2015-08-31,12.04,12.18,11.97,12.16,731200,12.068648
2015-08-28,12.00,12.17,12.00,12.08,1032200,11.989249
2015-08-27,12.06,12.19,11.96,12.10,1179200,12.009099
2015-08-26,11.86,11.95,11.62,11.94,1425600,11.8503
2015-08-25,12.19,12.19,11.60,11.61,1596200,11.522779
2015-08-24,11.88,12.29,11.81,11.86,2231100,11.770901
2015-08-21,12.26,12.58,12.26,12.44,2052100,12.346544
2015-08-20,12.86,12.89,12.53,12.54,1182100,12.445793
2015-08-19,13.09,13.12,12.96,12.97,1284500,12.872563
2015-08-18,13.12,13.22,13.08,13.13,1104500,13.031361
2015-08-17,13.00,13.20,12.96,13.11,979200,13.011511
2015-08-14,12.93,13.09,12.93,13.09,712900,12.991661
2015-08-13,12.92,13.03,12.85,12.98,1006400,12.882487
2015-08-12,12.98,13.00,12.71,12.89,1828500,12.793164
2015-08-11,13.05,13.12,12.94,13.04,1277500,12.942037
2015-08-10,13.05,13.22,13.05,13.18,1081600,13.080985
2015-08-07,13.05,13.15,12.97,13.02,1601800,12.922188
2015-08-06,13.14,13.17,13.02,13.08,1125200,12.981736
2015-08-05,13.08,13.23,13.02,13.10,1100800,13.001586
2015-08-04,13.01,13.21,12.98,13.06,1789100,12.961887
2015-08-03,12.95,13.04,12.92,12.99,2146100,12.892412
2015-07-31,12.95,13.00,12.86,12.96,1731900,12.862638
2015-07-30,12.88,12.98,12.86,12.95,1853100,12.852713
2015-07-29,12.75,13.02,12.69,12.95,2468200,12.852713
2015-07-28,12.69,12.80,12.58,12.76,3262200,12.664141
2015-07-27,12.46,12.64,12.39,12.63,2331300,12.535117
2015-07-24,12.79,12.85,12.63,12.65,2681000,12.554966
2015-07-23,13.05,13.13,12.82,12.86,1878600,12.763389
2015-07-22,13.04,13.24,13.00,13.09,2219500,12.991661
2015-07-21,13.40,13.62,13.27,13.33,1603200,13.229858
2015-07-20,13.39,13.46,13.31,13.44,1149500,13.339031
2015-07-17,13.47,13.47,13.21,13.32,1081000,13.219933
2015-07-16,13.66,13.66,13.43,13.45,1345200,13.348957
2015-07-15,13.46,13.56,13.37,13.50,1625600,13.398581
2015-07-14,13.36,13.47,13.24,13.42,1308900,13.319182
2015-07-13,13.30,13.39,13.25,13.34,1312800,13.239783
2015-07-10,13.16,13.26,13.11,13.23,1479200,13.130609
2015-07-09,13.06,13.12,12.91,13.02,1379300,12.922188
2015-07-08,12.80,12.94,12.77,12.90,1843300,12.803088
2015-07-07,13.08,13.16,12.78,12.91,1879300,12.813013
2015-07-06,12.97,13.14,12.84,13.12,3345200,13.021436
2015-07-02,13.26,13.26,12.97,13.05,1631400,12.951962
2015-07-01,13.21,13.27,13.11,13.25,2839900,13.150459
2015-06-30,13.16,13.28,13.02,13.06,1895400,12.961887
2015-06-29,13.34,13.35,13.04,13.04,3157700,12.942037
2015-06-26,13.34,13.47,13.26,13.38,19891000,13.190158
2015-06-25,13.42,13.47,13.25,13.33,2346800,13.140868
2015-06-24,13.48,13.52,13.34,13.36,1498000,13.170442
2015-06-23,13.39,13.52,13.33,13.48,1451900,13.288739
2015-06-22,13.34,13.39,13.21,13.37,1204700,13.1803
2015-06-19,13.23,13.25,13.16,13.22,2139600,13.032429
2015-06-18,13.15,13.26,13.07,13.23,1277600,13.042286
2015-06-17,13.40,13.48,13.12,13.13,1408300,12.943706
2015-06-16,13.19,13.40,13.12,13.36,1807100,13.170442
2015-06-15,13.15,13.27,13.04,13.17,1428000,12.983138
2015-06-12,13.29,13.29,13.19,13.24,1096500,13.052144
2015-06-11,13.31,13.37,13.21,13.35,737700,13.160584
2015-06-10,13.24,13.41,13.21,13.34,668800,13.150726
2015-06-09,12.98,13.24,12.96,13.15,732800,12.963421
2015-06-08,12.98,13.09,12.88,13.01,1257900,12.825408
2015-06-05,12.91,13.04,12.89,13.02,1139200,12.835267
2015-06-04,12.93,12.99,12.78,12.83,2201300,12.647962
2015-06-03,12.85,13.04,12.85,13.03,1243100,12.845124
2015-06-02,12.61,12.87,12.55,12.82,688200,12.638104
2015-06-01,12.66,12.73,12.52,12.62,680500,12.440941
2015-05-29,12.76,12.77,12.63,12.66,975500,12.480374
2015-05-28,12.68,12.78,12.65,12.77,728300,12.588814
2015-05-27,12.59,12.70,12.52,12.68,1267000,12.500091
2015-05-26,12.66,12.66,12.52,12.60,1192000,12.421226
2015-05-22,12.75,12.82,12.68,12.69,701400,12.509948
2015-05-21,12.75,12.83,12.69,12.76,590000,12.578955
2015-05-20,12.88,12.90,12.72,12.79,794000,12.608529
2015-05-19,12.78,12.92,12.78,12.91,618100,12.726827
2015-05-18,12.57,12.81,12.57,12.79,588400,12.608529
2015-05-15,12.73,12.75,12.51,12.60,831400,12.421226
2015-05-14,12.65,12.75,12.61,12.75,876700,12.569097
2015-05-13,12.53,12.66,12.47,12.62,1653200,12.440941
2015-05-12,12.48,12.60,12.38,12.54,729500,12.362077
2015-05-11,12.42,12.60,12.39,12.54,892800,12.362077
2015-05-08,12.37,12.48,12.27,12.44,925400,12.263495
2015-05-07,12.28,12.43,12.18,12.35,1165300,12.174773
2015-05-06,12.25,12.30,12.10,12.29,753600,12.115624
2015-05-05,12.23,12.34,12.14,12.16,773500,11.987468
2015-05-04,12.12,12.28,12.12,12.26,623100,12.08605
2015-05-01,12.27,12.28,12.08,12.12,1157600,11.948036
2015-04-30,12.14,12.36,12.10,12.16,1734300,11.987468
2015-04-29,12.06,12.27,12.04,12.18,1964100,12.007185
2015-04-28,12.00,12.15,11.95,12.12,1893900,11.948036
2015-04-27,12.10,12.26,11.85,11.97,1599700,11.800164
2015-04-24,12.19,12.23,12.04,12.09,1276500,11.918462
2015-04-23,12.26,12.36,11.98,12.20,2659200,12.0269
2015-04-22,12.49,12.74,12.32,12.50,1818700,12.322644
2015-04-21,12.33,12.41,12.23,12.29,707600,12.115624
2015-04-20,12.28,12.41,12.15,12.29,721400,12.115624
