Date,Open,High,Low,Close,Volume,Adj Close
2015-10-09,35.380001,35.810001,34.98,35.049999,182600,35.049999
2015-10-08,34.369999,35.459999,34.369999,35.200001,191300,35.200001
2015-10-07,34.009998,34.73,33.34,34.549999,183800,34.549999
2015-10-06,33.240002,34.25,33.200001,33.66,283900,33.66
2015-10-05,32.18,33.360001,31.940001,33.27,204700,33.27
2015-10-02,31.02,31.91,30.66,31.879999,375500,31.879999
2015-10-01,32.040001,32.540001,31.040001,31.290001,293500,31.290001
2015-09-30,31.84,32.110001,31.41,31.91,289800,31.91
2015-09-29,32.099998,32.16,31.309999,31.49,212400,31.49
2015-09-28,32.439999,32.73,31.84,32.099998,246000,32.099998
2015-09-25,33.700001,33.700001,32.619999,32.689999,262100,32.689999
2015-09-24,33.00,33.560001,32.57,33.34,269900,33.34
2015-09-23,34.119999,34.150002,33.040001,33.16,257200,33.16
2015-09-22,34.189999,34.759998,33.650002,34.009998,367600,34.009998
2015-09-21,34.799999,35.389999,34.509998,34.73,313600,34.73
2015-09-18,34.57,34.790001,33.959999,34.740002,1333000,34.740002
2015-09-17,35.509998,35.990002,34.950001,35.169998,336700,35.169998
2015-09-16,34.43,35.549999,33.73,35.389999,235500,35.389999
2015-09-15,34.060001,35.23,34.060001,34.849998,415300,34.429999
2015-09-14,34.599998,34.66,33.470001,33.970001,464300,33.560607
2015-09-11,34.02,34.689999,33.52,34.490002,299400,34.074341
2015-09-10,34.349998,35.400002,34.07,34.200001,425400,33.787835
2015-09-09,34.959999,35.400002,34.240002,34.41,425400,33.995303
2015-09-08,33.619999,34.560001,32.82,34.490002,685500,34.074341
2015-09-04,32.369999,33.880001,32.009998,33.029999,763300,32.631933
2015-09-03,30.00,34.889999,30.00,32.93,1775500,32.53314
2015-09-02,29.049999,29.700001,28.23,28.709999,339000,28.363996
2015-09-01,29.58,29.58,27.790001,27.879999,214900,27.543999
2015-08-31,29.17,29.60,28.77,29.280001,256900,28.927129
2015-08-28,28.879999,29.360001,28.860001,29.190001,203600,28.838213
2015-08-27,28.48,29.02,28.24,28.959999,235400,28.610984
2015-08-26,28.00,28.360001,27.58,28.17,288700,27.830505
2015-08-25,30.139999,30.68,27.77,27.84,287100,27.504482
2015-08-24,28.799999,30.40,28.629999,29.309999,322400,28.956766
2015-08-21,30.889999,31.129999,30.040001,30.32,329300,29.954594
2015-08-20,32.27,32.330002,31.32,31.389999,228300,31.011698
2015-08-19,33.00,33.220001,32.189999,32.470001,240700,32.078684
2015-08-18,32.68,34.490002,32.68,33.279999,349100,32.87892
2015-08-17,32.150002,32.290001,31.74,32.16,162500,31.772419
2015-08-14,31.139999,32.299999,31.139999,32.18,144000,31.792178
2015-08-13,31.469999,31.639999,31.110001,31.18,199800,30.80423
2015-08-12,31.65,31.83,31.209999,31.58,151100,31.199409
2015-08-11,32.130001,32.310001,31.719999,31.889999,146600,31.505673
2015-08-10,31.540001,32.560001,31.50,32.529999,162300,32.137959
2015-08-07,31.219999,31.49,31.02,31.309999,155200,30.932663
2015-08-06,31.139999,31.440001,31.01,31.35,145600,30.972181
2015-08-05,30.93,31.459999,30.709999,31.10,197500,30.725194
2015-08-04,30.49,30.90,30.280001,30.76,165900,30.389292
2015-08-03,30.99,30.99,30.35,30.49,257500,30.122545
2015-07-31,31.68,31.84,30.940001,30.99,296500,30.616519
2015-07-30,31.700001,31.83,31.24,31.50,280600,31.120373
2015-07-29,31.139999,31.780001,31.10,31.700001,206500,31.317964
2015-07-28,30.41,31.110001,30.26,31.07,219600,30.695555
2015-07-27,30.60,30.690001,30.10,30.200001,262200,29.836041
2015-07-24,31.700001,31.99,30.440001,30.76,261600,30.389292
2015-07-23,32.490002,32.540001,31.799999,31.799999,176400,31.416757
2015-07-22,32.759998,32.919998,32.41,32.50,94500,32.108322
2015-07-21,33.400002,33.529999,32.82,32.889999,141500,32.493621
2015-07-20,34.529999,34.549999,33.34,33.400002,200800,32.997477
2015-07-17,35.00,35.00,34.380001,34.639999,271000,34.222531
2015-07-16,35.099998,35.509998,34.669998,34.990002,236900,34.568315
2015-07-15,35.450001,35.450001,34.98,35.209999,211600,34.785661
2015-07-14,34.93,35.380001,34.84,35.349998,138700,34.923973
2015-07-13,34.84,35.16,34.599998,34.919998,229000,34.499155
2015-07-10,34.810001,34.970001,34.57,34.619999,169800,34.202771
2015-07-09,34.779999,34.959999,34.18,34.369999,215400,33.955784
2015-07-08,35.50,35.639999,34.240002,34.279999,243800,33.866869
2015-07-07,35.470001,35.75,34.98,35.73,185300,35.299394
2015-07-06,35.43,35.970001,35.119999,35.509998,381200,35.082045
2015-07-02,36.169998,36.18,35.650002,35.689999,293900,35.259876
2015-07-01,36.209999,36.50,35.73,36.07,254100,35.635297
2015-06-30,36.709999,36.709999,35.700001,35.849998,315500,35.417947
2015-06-29,36.650002,37.049999,36.119999,36.310001,279700,35.872406
2015-06-26,37.279999,37.509998,36.59,37.150002,2192900,36.702283
2015-06-25,38.080002,38.080002,37.07,37.150002,283900,36.702283
2015-06-24,38.360001,38.48,37.939999,37.970001,215100,37.5124
2015-06-23,38.549999,38.950001,38.189999,38.419998,179500,37.956974
2015-06-22,38.77,39.040001,38.09,38.43,201800,37.966856
2015-06-19,38.130001,38.93,38.07,38.669998,242000,38.203961
2015-06-18,38.09,38.360001,37.790001,38.060001,221000,37.601316
2015-06-17,38.509998,38.599998,37.880001,38.00,253700,37.542038
2015-06-16,38.759998,39.07,38.470001,38.720001,264700,37.838423
2015-06-15,38.93,39.060001,38.09,38.880001,310300,37.99478
2015-06-12,38.939999,39.41,38.689999,39.18,201900,38.287949
2015-06-11,38.900002,39.18,38.470001,39.09,387200,38.199998
2015-06-10,38.50,39.049999,38.470001,38.880001,274500,37.99478
2015-06-09,38.07,38.709999,37.57,38.150002,391300,37.281402
2015-06-08,38.689999,39.00,38.41,38.43,342000,37.555025
2015-06-05,37.599998,38.209999,37.50,38.189999,246600,37.320488
2015-06-04,37.610001,37.77,37.32,37.720001,220900,36.861191
2015-06-03,37.73,38.470001,37.23,38.110001,341000,37.242311
2015-06-02,36.779999,37.68,36.299999,37.610001,443900,36.753695
2015-06-01,37.939999,37.950001,36.869999,37.07,736200,36.225989
2015-05-29,38.75,38.990002,37.50,38.189999,1117700,37.320488
2015-05-28,42.099998,42.290001,41.48,41.759998,127800,40.809206
2015-05-27,42.349998,42.349998,41.560001,42.330002,326700,41.366231
2015-05-26,43.040001,43.34,42.860001,43.099998,141000,42.118697
2015-05-22,43.23,43.43,42.950001,43.209999,139700,42.226193
2015-05-21,43.09,43.299999,42.889999,43.18,137900,42.196877
2015-05-20,43.080002,43.150002,42.66,43.009998,127100,42.030746
2015-05-19,42.77,42.93,42.540001,42.889999,110700,41.913479
2015-05-18,42.369999,42.73,42.09,42.709999,145100,41.737577
2015-05-15,42.110001,42.540001,41.900002,42.360001,100900,41.395547
2015-05-14,41.98,42.450001,41.580002,42.080002,159500,41.121923
2015-05-13,41.139999,42.02,41.139999,41.759998,190600,40.809206
2015-05-12,41.25,41.389999,40.849998,41.139999,100400,40.203323
2015-05-11,41.330002,41.849998,41.200001,41.419998,133300,40.476947
2015-05-08,41.919998,41.919998,41.169998,41.52,191200,40.574672
2015-05-07,40.869999,41.529999,40.779999,41.389999,160100,40.447631
2015-05-06,41.23,41.490002,40.790001,40.959999,180800,40.027421
2015-05-05,41.709999,42.049999,40.799999,41.00,210400,40.066511
2015-05-04,41.389999,42.110001,41.330002,41.560001,126300,40.613762
2015-05-01,41.130001,41.509998,40.98,41.32,185000,40.379225
2015-04-30,40.330002,41.23,39.959999,40.759998,264500,39.831974
2015-04-29,40.599998,40.830002,40.16,40.490002,213000,39.568124
2015-04-28,39.880001,40.869999,39.700001,40.799999,282700,39.871064
2015-04-27,39.599998,40.130001,39.50,39.75,184900,38.844971
2015-04-24,39.43,39.689999,39.18,39.549999,178600,38.649524
2015-04-23,38.889999,39.400002,38.889999,39.279999,154200,38.385671
2015-04-22,38.720001,39.279999,38.48,39.110001,174900,38.219543
2015-04-21,38.880001,39.099998,38.560001,38.740002,166000,37.857969
2015-04-20,38.48,38.93,38.25,38.689999,231400,37.809104
2015-04-17,38.59,38.919998,38.290001,38.330002,222100,37.457304
2015-04-16,38.98,39.220001,38.57,38.860001,168600,37.975235
2015-04-15,38.900002,39.50,38.82,38.93,294600,38.043641
2015-04-14,39.48,39.700001,38.75,38.889999,261200,38.004551
2015-04-13,39.240002,39.619999,38.82,39.48,249000,38.581118
