Date,Open,High,Low,Close,Volume,Adj Close
2015-10-15,98.089996,101.690002,97.599998,101.639999,9377700,101.639999
2015-10-14,98.370003,99.940002,98.110001,98.389999,9556400,98.389999
2015-10-13,98.910004,99.82,98.00,98.190002,9304000,98.190002
2015-10-12,101.080002,101.220001,99.379997,99.510002,8839100,99.510002
2015-10-09,101.269997,101.800003,99.449997,100.650002,8576100,100.650002
2015-10-08,100.029999,101.160004,98.07,100.809998,11763500,100.809998
2015-10-07,97.989998,100.790001,97.50,100.269997,12403100,100.269997
2015-10-06,98.82,98.900002,95.050003,97.540001,14842700,97.540001
2015-10-05,99.989998,101.300003,97.660004,99.260002,14459300,99.260002
2015-10-02,95.540001,98.309998,94.370003,98.279999,19052800,98.279999
2015-10-01,98.540001,98.790001,96.349998,98.269997,13345900,98.269997
2015-09-30,98.440002,99.720001,96.919998,98.190002,15747600,98.190002
2015-09-29,95.080002,97.739998,93.190002,96.00,18332700,96.00
2015-09-28,99.059998,99.260002,94.57,94.800003,23765800,94.800003
2015-09-25,104.029999,104.190002,99.190002,100.139999,15911200,100.139999
2015-09-24,104.389999,105.150002,101.510002,102.510002,13464100,102.510002
2015-09-23,106.470001,106.849998,104.699997,105.489998,7973100,105.489998
2015-09-22,103.989998,107.040001,102.860001,106.510002,14843500,106.510002
2015-09-21,109.120003,109.370003,104.589996,105.739998,15141600,105.739998
2015-09-18,109.620003,110.870003,108.209999,108.440002,13156900,108.440002
2015-09-17,110.879997,113.309998,109.75,111.610001,9858400,111.610001
2015-09-16,110.720001,111.75,109.480003,111.029999,8116000,111.029999
2015-09-15,109.459999,111.809998,108.849998,111.050003,7944100,111.050003
2015-09-14,109.470001,109.629997,108.400002,109.349998,7505800,109.349998
2015-09-11,106.860001,109.690002,106.25,109.629997,9387600,109.199997
2015-09-10,104.00,108.50,103.870003,107.25,10368500,106.829335
2015-09-09,106.199997,106.449997,103.540001,103.82,7896500,103.412788
2015-09-08,103.839996,104.949997,102.910004,104.900002,9992600,104.488554
2015-09-04,101.029999,103.239998,100.550003,102.059998,10336500,101.659689
2015-09-03,104.919998,105.00,101.690002,101.910004,9928100,101.510284
2015-09-02,103.440002,104.300003,101.019997,104.269997,11509300,103.86102
2015-09-01,102.220001,104.639999,101.00,101.489998,13548000,101.091925
2015-08-31,107.419998,108.330002,104.629997,105.07,11736900,104.657885
2015-08-28,106.959999,108.790001,106.779999,107.779999,10755900,107.357255
2015-08-27,108.43,109.599998,105.669998,107.989998,14610300,107.56643
2015-08-26,105.919998,107.099998,102.459999,106.959999,15627600,106.540472
2015-08-25,105.43,107.900002,102.559998,102.559998,18482500,102.157728
2015-08-24,97.309998,101.00,86.00,100.660004,25731800,100.265187
2015-08-21,110.540001,111.220001,105.330002,105.330002,22739400,104.916868
2015-08-20,114.860001,116.089996,112.349998,112.389999,9200200,111.949174
2015-08-19,116.650002,117.199997,115.400002,116.209999,7504800,115.754191
2015-08-18,116.529999,117.699997,115.989998,117.059998,5934000,116.600855
2015-08-17,115.080002,116.889999,115.010002,116.419998,7126700,115.963366
2015-08-14,114.660004,115.870003,114.550003,115.599998,5533400,115.146582
2015-08-13,116.25,116.709999,115.18,115.199997,6337400,114.74815
2015-08-12,114.849998,116.459999,113.550003,116.25,6999600,115.794035
2015-08-11,115.120003,116.849998,114.68,115.610001,6567700,115.156545
2015-08-10,115.730003,117.120003,115.510002,116.580002,7776200,116.122742
2015-08-07,115.279999,115.300003,113.129997,114.440002,9670200,113.991136
2015-08-06,119.449997,119.489998,114.809998,115.300003,10755300,114.847764
2015-08-05,119.699997,120.07,118.379997,118.660004,8071000,118.194585
2015-08-04,119.599998,120.370003,118.559998,118.870003,7876400,118.403761
2015-08-03,118.50,120.169998,118.18,119.599998,11660000,119.130893
2015-07-31,118.970001,119.00,117.120003,117.860001,9217900,117.39772
2015-07-30,116.110001,118.25,114.75,117.900002,11977200,117.437564
2015-07-29,118.379997,119.459999,115.110001,115.709999,23144800,115.256152
2015-07-28,112.519997,113.400002,110.739998,113.07,16439700,112.626507
2015-07-27,112.629997,112.879997,108.00,110.540001,14883600,110.106432
2015-07-24,116.139999,117.150002,112.660004,112.830002,15067600,112.387451
2015-07-23,117.860001,118.599998,117.419998,117.660004,6110300,117.198508
2015-07-22,116.82,118.400002,116.559998,117.440002,6977100,116.979369
2015-07-21,118.209999,118.980003,116.919998,117.779999,6489100,117.318032
2015-07-20,118.800003,118.949997,117.839996,118.199997,7218700,117.736383
2015-07-17,118.75,118.849998,117.220001,118.260002,8170100,117.796153
2015-07-16,118.330002,119.400002,118.059998,118.849998,7514600,118.383835
2015-07-15,119.059998,119.720001,117.209999,117.389999,10479200,116.929563
2015-07-14,115.220001,117.809998,114.870003,117.360001,11295900,116.899681
2015-07-13,115.00,115.110001,114.309998,114.550003,9632800,114.100705
2015-07-10,114.879997,115.00,113.199997,113.739998,9703400,113.293877
2015-07-09,114.400002,114.75,113.330002,113.360001,9007800,112.915371
2015-07-08,114.25,114.410004,112.410004,112.940002,9238800,112.49702
2015-07-07,115.949997,116.419998,113.129997,115.129997,10183000,114.678425
2015-07-06,114.459999,116.440002,114.120003,115.660004,13543300,115.206352
2015-07-02,116.330002,116.489998,114.910004,115.040001,8832000,114.588781
2015-07-01,118.110001,118.599998,115.400002,116.010002,10248500,115.554978
2015-06-30,117.290001,118.300003,116.779999,117.080002,11345200,116.620781
2015-06-29,117.879997,119.139999,115.300003,115.459999,12491100,115.007132
2015-06-26,120.300003,120.610001,118.889999,119.50,9730800,119.031287
2015-06-25,122.480003,122.610001,119.809998,120.230003,8575000,119.758427
2015-06-24,121.889999,123.370003,121.650002,122.010002,8354800,121.531444
2015-06-23,121.82,122.400002,121.099998,122.209999,8429200,121.730657
2015-06-22,120.769997,121.870003,120.559998,121.489998,8040700,121.01348
2015-06-19,120.470001,121.00,119.550003,119.800003,21020000,119.330113
2015-06-18,119.18,121.779999,119.019997,121.209999,13653000,120.734579
2015-06-17,119.089996,119.449997,117.860001,118.879997,12078300,118.413716
2015-06-16,118.269997,119.449997,117.419998,119.07,8447800,118.602973
2015-06-15,116.720001,118.389999,116.400002,118.160004,9605800,117.696547
2015-06-12,118.589996,118.75,116.760002,117.660004,9266000,117.198508
2015-06-11,118.080002,119.699997,117.900002,119.129997,14474700,118.234421
2015-06-10,115.019997,117.93,114.809998,117.669998,11986000,116.785398
2015-06-09,113.220001,115.300003,113.150002,114.75,9566700,113.887351
2015-06-08,113.959999,114.769997,113.529999,113.699997,10742900,112.845242
2015-06-05,113.82,114.279999,112.519997,113.959999,8435700,113.103289
2015-06-04,113.900002,114.580002,113.260002,113.93,8637600,113.073516
2015-06-03,114.269997,114.93,113.870003,114.650002,7413400,113.788105
2015-06-02,113.849998,114.199997,113.139999,113.940002,10189800,113.083443
2015-06-01,113.169998,114.760002,112.650002,114.080002,11417600,113.22239
2015-05-29,113.150002,113.370003,111.849998,112.269997,11343500,111.425992
2015-05-28,112.010002,113.43,111.82,112.849998,8252400,112.001633
2015-05-27,110.339996,112.599998,109.980003,112.459999,11722000,111.614566
2015-05-26,111.489998,111.529999,109.540001,109.769997,16006900,108.944786
2015-05-22,110.699997,112.660004,110.699997,111.709999,12079000,110.870204
2015-05-21,109.900002,111.470001,109.809998,111.220001,8374000,110.38389
2015-05-20,110.089996,110.910004,108.150002,110.169998,10335100,109.34178
2015-05-19,111.120003,111.550003,110.050003,110.559998,8676900,109.728848
2015-05-18,109.589996,111.330002,109.360001,111.00,13716000,110.165542
2015-05-15,109.050003,110.239998,108.290001,109.300003,13419600,108.478325
2015-05-14,107.269997,108.849998,106.660004,108.739998,12761300,107.92253
2015-05-13,105.970001,107.43,105.949997,106.389999,10814500,105.590198
2015-05-12,104.209999,106.150002,103.449997,105.559998,9552600,104.766436
2015-05-11,104.190002,105.360001,104.00,104.730003,9956100,103.942681
2015-05-08,103.00,103.959999,102.879997,103.849998,9651700,103.069292
2015-05-07,102.169998,102.349998,99.660004,101.790001,13878300,101.024781
2015-05-06,103.449997,103.830002,101.519997,102.269997,10065200,101.501168
2015-05-05,105.300003,105.730003,102.730003,102.989998,15046500,102.215757
2015-05-04,105.650002,107.50,105.220001,105.660004,13215600,104.86569
2015-05-01,103.199997,106.339996,102.50,105.010002,22306500,104.220575
2015-04-30,102.150002,102.699997,99.800003,100.510002,14009500,99.754405
2015-04-29,103.120003,103.900002,101.620003,102.32,8932200,101.550795
2015-04-28,103.120003,103.830002,101.139999,103.720001,9793700,102.940272
2015-04-27,104.18,104.529999,102.010002,102.940002,10829200,102.166137
2015-04-24,104.639999,105.68,103.599998,103.699997,9734400,102.920418
2015-04-23,104.639999,105.75,104.010002,105.209999,8071800,104.419069
2015-04-22,105.239998,105.419998,103.830002,104.18,8267300,103.396813
2015-04-21,101.419998,105.709999,100.889999,105.199997,19722700,104.409142
2015-04-20,102.279999,102.279999,100.410004,100.660004,8752000,99.903278
