Date,Open,High,Low,Close,Volume,Adj Close
2015-10-09,56.419998,56.959999,56.419998,56.610001,2532400,56.610001
2015-10-08,55.650002,56.57,55.509998,56.48,2836900,56.48
2015-10-07,55.57,55.990002,55.310001,55.720001,4356900,55.720001
2015-10-06,57.23,57.23,55.66,55.700001,5045400,55.260001
2015-10-05,57.00,57.27,56.77,57.220001,4898100,56.767994
2015-10-02,55.599998,56.66,55.310001,56.619999,4062300,56.172731
2015-10-01,55.889999,56.220001,55.290001,55.990002,3493600,55.547711
2015-09-30,56.139999,56.299999,55.48,56.130001,4474100,55.686604
2015-09-29,55.560001,55.740002,55.18,55.560001,4037000,55.121107
2015-09-28,57.200001,57.439999,55.139999,55.41,8991100,54.972291
2015-09-25,57.139999,58.439999,57.139999,57.43,4836000,56.976334
2015-09-24,57.189999,57.380001,56.549999,56.950001,5120900,56.500126
2015-09-23,57.18,57.470001,56.700001,57.41,4745600,56.956492
2015-09-22,56.779999,57.419998,56.209999,57.130001,5960300,56.678705
2015-09-21,56.950001,57.119999,56.66,56.790001,4194400,56.34139
2015-09-18,56.619999,57.43,56.439999,56.57,5248100,56.123127
2015-09-17,57.18,58.139999,57.00,57.48,2826300,57.025938
2015-09-16,56.939999,57.25,56.639999,57.119999,3031200,56.668782
2015-09-15,56.25,56.84,55.709999,56.740002,2508100,56.291786
2015-09-14,56.369999,56.470001,55.91,56.09,3336800,55.646919
2015-09-11,55.759998,56.490002,55.59,56.470001,2623200,56.023919
2015-09-10,55.709999,56.25,55.529999,55.889999,4112800,55.448498
2015-09-09,57.48,57.540001,55.619999,55.790001,4923700,55.34929
2015-09-08,57.209999,57.439999,56.630001,57.16,3844600,56.708467
2015-09-04,56.939999,57.02,56.400002,56.59,4330200,56.14297
2015-09-03,56.790001,57.93,56.700001,57.610001,5217600,57.154913
2015-09-02,56.580002,56.82,56.07,56.82,5751700,56.371152
2015-09-01,55.849998,56.209999,55.240002,55.529999,4629300,55.091342
2015-08-31,56.790001,57.02,56.560001,56.759998,3389400,56.311625
2015-08-28,56.610001,57.169998,56.610001,57.130001,4289000,56.678705
2015-08-27,56.34,58.470001,55.880001,56.959999,4011200,56.510046
2015-08-26,55.759998,56.32,54.389999,55.889999,5065400,55.448498
2015-08-25,55.869999,55.98,54.810001,54.810001,5662300,54.377032
2015-08-24,53.93,55.610001,47.50,54.52,6846800,54.089322
2015-08-21,57.52,57.599998,56.18,56.209999,4083600,55.76597
2015-08-20,58.07,58.419998,57.77,57.82,2668100,57.363253
2015-08-19,58.68,58.880001,57.990002,58.529999,3119500,58.067643
2015-08-18,59.16,59.50,58.849998,58.939999,2180800,58.474404
2015-08-17,59.080002,59.459999,58.919998,59.290001,1484600,58.821642
2015-08-14,58.950001,59.299999,58.77,59.259998,1440500,58.791876
2015-08-13,58.939999,59.34,58.810001,58.889999,2527200,58.4248
2015-08-12,58.77,59.139999,58.110001,59.099998,2881600,58.63314
2015-08-11,58.970001,59.310001,58.75,59.139999,1798000,58.672825
2015-08-10,59.23,59.549999,59.16,59.400002,1895400,58.930773
2015-08-07,59.290001,59.490002,58.799999,59.110001,2325200,58.643063
2015-08-06,59.759998,59.869999,59.130001,59.549999,2583700,59.079586
2015-08-05,59.080002,59.689999,58.580002,59.400002,2248000,58.930773
2015-08-04,58.900002,59.310001,58.66,58.990002,2502400,58.524012
2015-08-03,58.290001,58.950001,58.200001,58.93,2593300,58.464485
2015-07-31,58.490002,58.529999,58.040001,58.209999,3013900,57.750171
2015-07-30,57.299999,58.360001,57.110001,58.259998,2716200,57.799776
2015-07-29,57.549999,57.860001,57.369999,57.490002,3360300,57.035862
2015-07-28,57.259998,57.580002,56.630001,57.549999,2846300,57.095385
2015-07-27,56.599998,57.060001,56.450001,56.959999,2927000,56.510046
2015-07-24,56.939999,57.25,56.779999,56.919998,1994600,56.470361
2015-07-23,57.549999,57.700001,57.02,57.080002,1717900,56.6291
2015-07-22,57.25,57.950001,57.25,57.630001,2045300,57.174755
2015-07-21,57.380001,57.48,57.080002,57.209999,4491200,56.758071
2015-07-20,56.98,57.200001,56.700001,56.830002,4683500,56.381075
2015-07-17,56.849998,57.00,56.619999,56.939999,2514600,56.490203
2015-07-16,57.16,57.540001,56.939999,57.029999,2871500,56.579492
2015-07-15,57.07,57.380001,56.650002,56.810001,3591700,56.361233
2015-07-14,57.50,57.630001,57.060001,57.25,3175400,56.797756
2015-07-13,57.490002,57.669998,57.32,57.52,2412700,57.065623
2015-07-10,57.259998,57.50,57.18,57.27,2011000,56.817598
2015-07-09,57.41,57.669998,56.91,56.93,2234600,56.480284
2015-07-08,57.290001,57.529999,56.950001,56.950001,3604000,56.500126
2015-07-07,56.700001,57.98,56.599998,57.889999,4285700,56.996175
2015-07-06,56.91,57.299999,56.310001,56.59,3468700,55.716248
2015-07-02,57.18,57.799999,56.84,57.049999,8850700,56.169145
2015-07-01,55.119999,57.18,54.130001,57.09,10353200,56.208528
2015-06-30,56.360001,56.490002,55.650002,55.720001,3432100,54.859682
2015-06-29,56.52,56.740002,55.990002,56.060001,3735900,55.194432
2015-06-26,56.689999,57.060001,56.470001,56.93,5394700,56.050998
2015-06-25,57.02,57.02,56.310001,56.490002,3766700,55.617793
2015-06-24,56.549999,56.91,56.41,56.549999,4657500,55.676865
2015-06-23,56.57,56.790001,56.419998,56.560001,2163000,55.686712
2015-06-22,56.389999,56.860001,56.279999,56.57,2174900,55.696556
2015-06-19,55.849998,56.419998,55.669998,56.130001,4183700,55.263351
2015-06-18,55.470001,56.150002,55.310001,55.849998,2999400,54.987672
2015-06-17,55.060001,55.400002,54.849998,55.25,2301500,54.396937
2015-06-16,54.509998,55.150002,54.439999,55.09,2302300,54.239408
2015-06-15,54.610001,54.73,54.349998,54.400002,2200400,53.560063
2015-06-12,55.009998,55.099998,54.740002,54.919998,1342400,54.072031
2015-06-11,55.150002,55.32,55.00,55.110001,1843200,54.2591
2015-06-10,54.669998,55.290001,54.50,55.09,2287900,54.239408
2015-06-09,54.540001,54.889999,54.349998,54.450001,2178500,53.60929
2015-06-08,54.48,54.619999,54.290001,54.360001,1609600,53.52068
2015-06-05,54.869999,54.919998,54.139999,54.419998,2454900,53.579751
2015-06-04,55.389999,55.689999,54.970001,55.060001,2186300,54.209872
2015-06-03,56.049999,56.099998,55.57,55.700001,1820400,54.83999
2015-06-02,56.130001,56.259998,55.630001,55.860001,1244900,54.99752
2015-06-01,56.32,56.389999,55.91,56.290001,2285400,55.420881
2015-05-29,56.220001,56.279999,55.869999,56.150002,3132300,55.283043
2015-05-28,56.349998,56.450001,56.080002,56.25,1841900,55.381497
2015-05-27,56.130001,56.560001,56.009998,56.470001,1617200,55.598102
2015-05-26,56.509998,56.57,55.93,55.98,2141300,55.115666
2015-05-22,56.709999,56.860001,56.52,56.52,1813500,55.647329
2015-05-21,56.950001,57.02,56.66,56.82,1572500,55.942696
2015-05-20,56.84,57.25,56.830002,56.970001,1391100,56.090382
2015-05-19,56.790001,56.959999,56.610001,56.860001,1566600,55.98208
2015-05-18,56.900002,57.029999,56.709999,56.849998,2545300,55.972232
2015-05-15,56.779999,57.25,56.700001,57.139999,2170500,56.257755
2015-05-14,56.599998,56.869999,56.389999,56.84,2412600,55.962388
2015-05-13,56.360001,56.799999,56.110001,56.220001,1735500,55.351962
2015-05-12,55.919998,56.490002,55.77,56.400002,1780100,55.529183
2015-05-11,56.139999,56.439999,56.040001,56.07,1351600,55.204276
2015-05-08,55.939999,56.529999,55.919998,56.27,1884800,55.401189
2015-05-07,55.25,55.790001,55.139999,55.630001,1620900,54.771071
2015-05-06,55.860001,55.93,54.939999,55.299999,2197800,54.446165
2015-05-05,56.00,56.16,55.41,55.630001,2097800,54.771071
2015-05-04,55.73,55.93,55.669998,55.849998,1425600,54.987672
2015-05-01,55.509998,55.82,55.259998,55.700001,2573900,54.83999
2015-04-30,55.580002,55.68,55.110001,55.34,1815600,54.485548
2015-04-29,56.009998,56.189999,55.470001,55.57,2069200,54.711996
2015-04-28,56.00,56.23,55.759998,56.099998,1805500,55.233812
2015-04-27,56.439999,56.50,56.00,56.049999,1696300,55.184585
2015-04-24,56.459999,56.639999,56.200001,56.380001,1754800,55.509491
2015-04-23,55.98,56.50,55.880001,56.290001,2411700,55.420881
2015-04-22,56.369999,56.369999,55.950001,56.209999,1891600,55.342114
2015-04-21,56.450001,56.599998,56.040001,56.110001,1805700,55.24366
2015-04-20,56.689999,57.119999,56.400002,56.450001,2276600,55.57841
2015-04-17,55.860001,56.189999,55.689999,56.09,2639300,55.223968
2015-04-16,56.380001,56.400002,56.099998,56.23,2704600,55.361806
2015-04-15,56.779999,56.84,56.349998,56.450001,2067600,55.57841
2015-04-14,56.490002,56.860001,56.279999,56.630001,2443900,55.755631
2015-04-13,56.470001,56.599998,56.360001,56.43,2555800,55.558718
