Date,Open,High,Low,Close,Volume,Adj Close
2015-10-16,53.189999,53.209999,50.549999,50.799999,3062300,50.799999
2015-10-15,54.299999,54.689999,52.279999,52.77,2250400,52.77
2015-10-14,55.34,55.34,53.779999,54.169998,2255400,54.169998
2015-10-13,54.98,56.799999,54.439999,54.970001,2498100,54.970001
2015-10-12,57.52,57.98,54.799999,55.029999,2105900,55.029999
2015-10-09,57.720001,58.200001,57.119999,57.549999,1972800,57.549999
2015-10-08,55.990002,58.209999,55.779999,57.860001,2598100,57.860001
2015-10-07,55.639999,57.580002,55.509998,56.18,2416100,56.18
2015-10-06,54.580002,55.709999,54.439999,55.23,2272300,55.23
2015-10-05,54.220001,55.139999,54.110001,54.650002,2121200,54.650002
2015-10-02,50.459999,53.779999,49.509998,53.650002,2577400,53.650002
2015-10-01,52.060001,52.619999,50.419998,52.049999,2987900,52.049999
2015-09-30,54.139999,54.720001,51.709999,52.139999,2059300,52.139999
2015-09-29,53.619999,54.700001,52.740002,53.709999,2528700,53.709999
2015-09-28,55.419998,55.75,52.900002,53.189999,1398000,53.189999
2015-09-25,54.66,55.93,54.549999,55.52,1333200,55.52
2015-09-24,54.84,55.48,54.23,55.169998,1676300,54.881998
2015-09-23,56.700001,56.810001,54.759998,55.07,1642300,54.782521
2015-09-22,56.279999,56.990002,55.57,56.700001,1874900,56.404013
2015-09-21,56.82,57.77,56.689999,57.00,1403200,56.702447
2015-09-18,56.639999,57.080002,55.27,56.740002,3837200,56.443806
2015-09-17,60.259998,60.279999,57.02,57.189999,3253000,56.891453
2015-09-16,58.349998,60.299999,58.110001,60.150002,2630800,59.836004
2015-09-15,59.509998,59.689999,57.57,58.130001,2605000,57.826549
2015-09-14,60.77,60.98,58.799999,59.349998,4000700,59.040178
2015-09-11,60.98,61.209999,60.040001,60.900002,3758200,60.582089
2015-09-10,58.50,61.200001,57.41,60.889999,4426100,60.572139
2015-09-09,58.889999,59.860001,58.009998,58.59,3241800,58.284147
2015-09-08,58.380001,59.080002,56.939999,58.540001,3144900,58.234408
2015-09-04,56.560001,58.790001,56.540001,58.380001,2716300,58.075244
2015-09-03,57.48,58.240002,56.27,57.43,2944200,57.130202
2015-09-02,55.77,56.619999,55.130001,56.560001,2441100,56.264745
2015-09-01,55.330002,56.50,54.689999,55.099998,2754100,54.812364
2015-08-31,53.59,57.25,53.509998,56.599998,3299800,56.304533
2015-08-28,53.50,54.459999,53.50,54.110001,1371900,53.827534
2015-08-27,53.00,54.610001,52.619999,53.990002,2554100,53.708161
2015-08-26,52.709999,52.73,50.689999,52.560001,3385000,52.285626
2015-08-25,52.049999,52.529999,51.32,51.959999,4052600,51.688756
2015-08-24,46.619999,51.740002,45.25,51.299999,5901500,51.032201
2015-08-21,49.849998,50.779999,49.810001,50.139999,3096200,49.878257
2015-08-20,48.889999,51.049999,48.799999,50.400002,2796000,50.136902
2015-08-19,50.23,50.400002,49.009998,49.459999,2685500,49.201806
2015-08-18,51.07,51.25,50.150002,50.240002,1698300,49.977737
2015-08-17,50.50,51.00,50.200001,50.939999,1612900,50.67408
2015-08-14,50.040001,50.900002,49.93,50.599998,2110200,50.335855
2015-08-13,52.59,52.650002,49.130001,50.279999,5514700,50.017525
2015-08-12,52.75,53.279999,52.189999,52.889999,2188800,52.613901
2015-08-11,54.580002,54.580002,52.130001,52.959999,3191000,52.683535
2015-08-10,54.049999,55.349998,53.68,54.610001,3304000,54.324924
2015-08-07,53.209999,54.330002,52.959999,53.43,5161900,53.151083
2015-08-06,53.919998,55.77,52.400002,52.669998,18050100,52.395048
2015-08-05,76.959999,77.389999,74.790001,74.980003,4338700,74.58859
2015-08-04,75.620003,77.040001,75.489998,76.589996,1792700,76.190179
2015-08-03,75.440002,76.720001,75.050003,75.470001,2206500,75.07603
2015-07-31,74.32,75.25,73.730003,75.040001,1659600,74.648275
2015-07-30,74.449997,74.720001,72.910004,74.209999,1318200,73.822605
2015-07-29,74.459999,76.489998,73.760002,74.760002,2632700,74.369737
2015-07-28,71.690002,72.18,70.519997,71.800003,1107200,71.42519
2015-07-27,69.50,72.349998,68.779999,71.360001,1935200,70.987485
2015-07-24,71.050003,71.160004,69.260002,69.410004,1154100,69.047667
2015-07-23,72.190002,72.190002,71.019997,71.32,1034400,70.947693
2015-07-22,70.949997,72.360001,70.550003,71.919998,1929600,71.544559
2015-07-21,70.300003,71.629997,70.139999,70.989998,1124800,70.619413
2015-07-20,69.699997,71.699997,69.349998,71.040001,1619400,70.669155
2015-07-17,70.589996,70.739998,69.260002,69.650002,1098000,69.286412
2015-07-16,69.220001,71.25,69.199997,70.419998,1778800,70.052389
2015-07-15,69.580002,70.830002,68.720001,68.839996,1629500,68.480635
2015-07-14,69.529999,70.650002,69.440002,69.970001,1208500,69.604741
2015-07-13,70.349998,70.639999,69.580002,70.360001,1558700,69.992705
2015-07-10,71.779999,71.779999,70.139999,70.239998,1084400,69.873329
2015-07-09,71.57,72.50,70.629997,70.669998,1665800,70.301084
2015-07-08,71.720001,72.470001,70.709999,70.879997,1367600,70.509987
2015-07-07,71.760002,72.339996,70.510002,72.059998,2338900,71.683827
2015-07-06,73.540001,73.739998,71.440002,71.769997,2128500,71.39534
2015-07-02,74.480003,75.410004,73.830002,74.330002,1919600,73.941982
2015-07-01,77.010002,77.089996,74.410004,74.699997,1967600,74.310045
2015-06-30,76.50,76.769997,75.32,76.629997,2546000,76.229971
2015-06-29,77.080002,77.889999,75.559998,75.639999,1536800,75.245141
2015-06-26,77.940002,78.629997,77.529999,77.959999,2478700,77.55303
2015-06-25,80.93,81.18,78.029999,78.300003,2808200,77.604763
2015-06-24,83.629997,83.790001,80.93,81.18,1816100,80.459188
2015-06-23,82.419998,83.769997,82.199997,83.43,1320300,82.68921
2015-06-22,83.480003,83.720001,82.269997,82.419998,1603000,81.688176
2015-06-19,83.489998,84.730003,82.650002,83.199997,3255800,82.461249
2015-06-18,83.809998,85.040001,83.419998,83.57,1280500,82.827966
2015-06-17,83.709999,84.68,83.029999,83.839996,1007600,83.095566
2015-06-16,84.889999,84.989998,83.449997,83.529999,2137000,82.78832
2015-06-15,83.480003,85.00,82.779999,84.809998,1988800,84.056954
2015-06-12,82.349998,84.43,80.830002,83.830002,2910900,83.08566
2015-06-11,84.519997,84.849998,83.550003,84.300003,2038400,83.551488
2015-06-10,85.010002,85.110001,84.129997,84.169998,1779400,83.422637
2015-06-09,85.480003,85.699997,84.489998,84.839996,2932700,84.086686
2015-06-08,86.019997,86.769997,84.25,85.669998,1911700,84.909318
2015-06-05,83.599998,87.120003,83.529999,85.93,3492100,85.167012
2015-06-04,83.989998,84.410004,82.419998,83.389999,2847000,82.649564
2015-06-03,85.82,85.82,84.199997,84.360001,2505300,83.610953
2015-06-02,86.059998,86.559998,85.330002,85.339996,1775600,84.582247
2015-06-01,86.769997,86.769997,85.120003,86.230003,1899400,85.464351
2015-05-29,88.339996,88.389999,86.190002,86.239998,2520100,85.474257
2015-05-28,88.739998,89.129997,87.889999,88.220001,1639300,87.43668
2015-05-27,89.800003,90.120003,88.389999,88.669998,1931100,87.882681
2015-05-26,90.290001,90.480003,89.209999,89.860001,1775700,89.062117
2015-05-22,91.120003,91.349998,90.599998,90.760002,1796500,89.954127
2015-05-21,89.760002,91.540001,89.559998,90.989998,2594800,90.182081
2015-05-20,88.43,90.349998,88.010002,89.529999,4233400,88.735045
2015-05-19,90.580002,90.870003,88.599998,89.019997,3733100,88.229572
2015-05-18,94.00,94.099998,89.889999,90.419998,6761200,89.617142
2015-05-15,96.50,96.800003,93.330002,94.260002,9933400,93.42305
2015-05-14,102.660004,104.809998,102.660004,103.080002,2524700,102.164735
2015-05-13,100.760002,102.599998,100.660004,102.129997,2404000,101.223166
2015-05-12,101.00,101.129997,99.360001,100.260002,1725800,99.369775
2015-05-11,101.599998,103.379997,100.849998,100.870003,2559700,99.974359
2015-05-08,98.650002,101.989998,98.519997,101.489998,3330500,100.588849
2015-05-07,95.449997,100.910004,95.019997,98.160004,9193800,97.288423
2015-05-06,110.860001,111.699997,107.550003,108.080002,4492600,107.12034
2015-05-05,111.599998,112.529999,109.760002,110.00,1795500,109.02329
2015-05-04,116.029999,116.029999,110.910004,111.620003,3128900,110.628908
2015-05-01,116.599998,117.849998,115.559998,116.230003,1592000,115.197976
2015-04-30,114.129997,117.82,113.93,116.370003,1874300,115.336732
2015-04-29,114.760002,115.099998,113.150002,114.220001,1421300,113.205821
2015-04-28,115.419998,116.849998,115.120003,115.489998,851400,114.464541
2015-04-27,115.199997,116.18,114.540001,115.459999,930700,114.434808
2015-04-24,114.480003,115.650002,113.75,115.050003,824200,114.028453
2015-04-23,113.739998,114.330002,112.650002,113.550003,1036900,112.541772
2015-04-22,112.93,114.669998,112.07,114.529999,1202500,113.513066
2015-04-21,113.82,114.00,111.199997,112.260002,1105700,111.263225
2015-04-20,113.68,114.669998,112.790001,113.120003,972800,112.115589
