Date,Open,High,Low,Close,Volume,Adj Close
2015-10-15,48.18,48.389999,47.150002,48.27,241000,48.27
2015-10-14,48.650002,49.040001,47.990002,48.119999,230600,48.119999
2015-10-13,49.02,49.900002,48.650002,48.790001,171100,48.790001
2015-10-12,49.849998,50.02,48.57,49.32,320200,49.32
2015-10-09,49.700001,50.560001,49.040001,49.900002,268600,49.900002
2015-10-08,48.299999,49.849998,48.299999,49.549999,281600,49.549999
2015-10-07,47.849998,49.080002,47.450001,48.52,489200,48.52
2015-10-06,46.75,47.91,46.75,47.540001,359600,47.540001
2015-10-05,44.240002,47.040001,44.060001,46.82,375300,46.82
2015-10-02,43.00,44.299999,42.73,44.240002,428800,44.240002
2015-10-01,44.360001,44.619999,43.09,43.43,547000,43.43
2015-09-30,44.23,44.509998,43.540001,44.150002,459700,44.150002
2015-09-29,44.34,44.650002,43.560001,43.759998,359300,43.759998
2015-09-28,45.549999,45.650002,44.209999,44.299999,357600,44.299999
2015-09-25,46.16,46.459999,45.740002,46.02,418300,46.02
2015-09-24,45.23,46.049999,44.810001,45.75,376000,45.75
2015-09-23,45.900002,46.110001,45.18,45.610001,316600,45.610001
2015-09-22,46.130001,46.669998,45.50,45.779999,194400,45.779999
2015-09-21,46.950001,47.34,46.380001,46.599998,207200,46.599998
2015-09-18,47.50,47.720001,46.41,46.509998,437900,46.509998
2015-09-17,48.41,49.00,48.049999,48.099998,238200,48.099998
2015-09-16,47.580002,48.459999,47.580002,48.310001,223600,48.310001
2015-09-15,46.880001,47.52,46.639999,47.490002,250000,47.490002
2015-09-14,47.27,47.32,46.740002,46.82,156200,46.82
2015-09-11,47.189999,47.34,46.73,47.290001,232800,47.290001
2015-09-10,47.860001,48.830002,47.669998,47.77,231100,47.390001
2015-09-09,48.82,48.919998,47.77,47.849998,233500,47.469362
2015-09-08,48.50,48.560001,47.970001,48.43,222800,48.04475
2015-09-04,48.209999,48.380001,47.700001,47.75,178100,47.370159
2015-09-03,49.060001,49.450001,48.540001,48.700001,262800,48.312603
2015-09-02,49.330002,49.330002,48.41,49.009998,236600,48.620135
2015-09-01,48.630001,49.110001,48.130001,48.59,415100,48.203478
2015-08-31,49.18,50.00,48.560001,49.57,293000,49.175681
2015-08-28,48.860001,49.470001,48.860001,49.34,201400,48.947511
2015-08-27,47.970001,49.299999,47.599998,48.880001,291400,48.491172
2015-08-26,46.689999,47.490002,46.34,47.32,478200,46.94358
2015-08-25,46.759998,46.759998,45.560001,45.599998,478100,45.237261
2015-08-24,43.799999,47.369999,42.939999,45.57,600500,45.207501
2015-08-21,46.580002,47.310001,46.450001,46.450001,414100,46.080501
2015-08-20,48.18,48.240002,47.009998,47.049999,238700,46.675727
2015-08-19,49.240002,49.240002,48.220001,48.549999,270100,48.163795
2015-08-18,50.48,50.50,49.540001,49.580002,231600,49.185604
2015-08-17,50.09,50.389999,49.25,50.380001,214100,49.979239
2015-08-14,49.810001,50.32,49.810001,50.029999,400800,49.632021
2015-08-13,50.150002,50.310001,49.720001,49.810001,300900,49.413774
2015-08-12,49.400002,50.240002,49.119999,50.110001,445400,49.711387
2015-08-11,49.880001,50.07,49.48,49.700001,348800,49.304648
2015-08-10,50.18,50.48,50.040001,50.189999,698500,49.790748
2015-08-07,50.490002,50.860001,49.650002,49.75,564700,49.35425
2015-08-06,52.619999,52.619999,50.41,50.619999,574800,50.217328
2015-08-05,52.259998,53.369999,52.060001,52.549999,378600,52.131976
2015-08-04,52.099998,52.639999,51.759998,52.049999,269500,51.635953
2015-08-03,53.00,53.110001,51.779999,52.119999,308000,51.705396
2015-07-31,52.52,53.07,52.189999,53.040001,772600,52.61808
2015-07-30,52.560001,52.830002,52.049999,52.310001,498900,51.893887
2015-07-29,51.299999,52.790001,51.060001,52.73,575000,52.310544
2015-07-28,50.860001,51.41,50.73,51.150002,535400,50.743115
2015-07-27,50.279999,51.029999,50.259998,50.630001,492000,50.227251
2015-07-24,50.98,51.84,50.290001,50.669998,892100,50.26693
2015-07-23,51.869999,52.00,49.439999,50.52,872500,50.118125
2015-07-22,52.759998,53.720001,52.580002,53.16,528200,52.737124
2015-07-21,52.84,53.34,52.490002,52.990002,265900,52.568478
2015-07-20,53.099998,53.299999,52.52,52.830002,776300,52.409751
2015-07-17,53.400002,53.400002,52.889999,53.060001,210400,52.637921
2015-07-16,53.009998,53.419998,52.73,53.369999,311100,52.945453
2015-07-15,52.869999,53.00,52.50,52.700001,547800,52.280784
2015-07-14,52.779999,53.060001,52.34,52.77,188200,52.350227
2015-07-13,52.549999,52.98,52.310001,52.790001,217300,52.370068
2015-07-10,52.599998,53.02,51.98,52.23,186700,51.814522
2015-07-09,52.009998,52.560001,51.200001,52.049999,220400,51.635953
2015-07-08,52.169998,52.450001,50.650002,51.41,246800,51.001045
2015-07-07,52.630001,52.66,51.599998,52.630001,241200,52.211341
2015-07-06,52.77,53.41,52.25,52.599998,178900,52.181577
2015-07-02,52.889999,53.380001,52.740002,53.16,129300,52.737124
2015-07-01,53.560001,53.560001,52.349998,52.799999,333900,52.379987
2015-06-30,54.23,54.419998,53.099998,53.150002,479800,52.727205
2015-06-29,54.490002,55.209999,54.040001,54.07,273400,53.639885
2015-06-26,54.360001,54.93,54.049999,54.830002,375600,54.393841
2015-06-25,56.32,56.799999,54.200001,54.349998,432600,53.917656
2015-06-24,57.32,57.450001,56.32,56.41,153500,55.961271
2015-06-23,56.860001,57.610001,56.799999,57.450001,237800,56.992999
2015-06-22,57.380001,57.389999,56.720001,56.970001,238400,56.516818
2015-06-19,57.169998,57.509998,56.869999,57.02,398100,56.566419
2015-06-18,56.860001,57.509998,56.59,57.139999,226600,56.685463
2015-06-17,57.080002,57.34,56.41,56.639999,291100,56.189441
2015-06-16,57.00,57.509998,56.57,56.869999,396200,56.417611
2015-06-15,56.619999,57.220001,56.580002,57.110001,184800,56.655703
2015-06-12,57.349998,57.779999,57.02,57.41,204000,56.953316
2015-06-11,56.880001,57.810001,56.790001,57.540001,397800,57.082283
2015-06-10,56.869999,57.93,56.57,57.110001,387100,56.278725
2015-06-09,56.779999,57.07,56.369999,56.610001,340400,55.786003
2015-06-08,56.599998,56.91,56.110001,56.689999,383600,55.864836
2015-06-05,56.59,57.049999,56.07,56.77,290100,55.943674
2015-06-04,56.529999,57.110001,56.110001,56.779999,333200,55.953527
2015-06-03,56.52,57.200001,56.110001,56.84,313300,56.012655
2015-06-02,55.799999,56.34,55.650002,56.25,260400,55.431242
2015-06-01,56.00,56.27,55.279999,55.849998,205500,55.037063
2015-05-29,55.98,56.150002,55.200001,55.709999,368500,54.899101
2015-05-28,55.939999,56.029999,55.25,55.98,410700,55.165172
2015-05-27,55.209999,56.240002,54.939999,56.16,358700,55.342552
2015-05-26,54.869999,55.060001,54.200001,54.919998,537100,54.1206
2015-05-22,55.360001,55.48,54.830002,55.110001,184900,54.307836
2015-05-21,55.279999,56.189999,54.98,55.389999,143500,54.58376
2015-05-20,55.50,55.689999,55.110001,55.330002,152800,54.524635
2015-05-19,55.82,55.950001,54.68,55.299999,172900,54.495069
2015-05-18,55.709999,56.009998,54.990002,55.880001,216400,55.066629
2015-05-15,55.790001,56.040001,55.25,55.700001,166600,54.889249
2015-05-14,56.09,56.200001,55.650002,55.82,170300,55.007501
2015-05-13,55.84,56.029999,54.939999,55.77,172100,54.958229
2015-05-12,56.02,56.02,54.889999,55.470001,143800,54.662597
2015-05-11,55.84,56.50,55.509998,56.23,213400,55.411533
2015-05-08,56.419998,56.639999,55.860001,55.970001,169900,55.155319
2015-05-07,55.799999,56.040001,55.50,55.810001,183200,54.997648
2015-05-06,55.849998,56.09,55.130001,55.849998,308600,55.037063
2015-05-05,56.139999,56.939999,55.400002,55.52,241400,54.711868
2015-05-04,55.57,56.439999,55.419998,56.080002,329200,55.263719
2015-05-01,54.720001,55.560001,53.860001,55.419998,538600,54.613322
2015-04-30,54.360001,54.889999,54.099998,54.400002,364000,53.608172
2015-04-29,54.619999,55.439999,54.25,54.860001,335500,54.061475
2015-04-28,54.00,54.860001,53.349998,54.849998,408800,54.051619
2015-04-27,55.540001,55.630001,53.139999,54.290001,765500,53.499772
2015-04-24,55.73,56.970001,55.299999,55.799999,604800,54.987792
2015-04-23,59.900002,59.900002,55.580002,55.650002,667900,54.839977
2015-04-22,59.330002,59.919998,58.939999,59.919998,235500,59.047821
2015-04-21,60.470001,60.740002,59.349998,59.50,139000,58.633936
2015-04-20,59.200001,60.43,59.200001,60.029999,162700,59.156221
