Date,Open,High,Low,Close,Volume,Adj Close
2015-10-15,83.610001,83.839996,82.25,83.720001,749000,83.720001
2015-10-14,84.089996,84.489998,83.139999,83.330002,749300,83.330002
2015-10-13,84.900002,85.260002,84.269997,84.370003,399300,84.370003
2015-10-12,85.459999,85.589996,85.029999,85.209999,390200,85.209999
2015-10-09,86.089996,86.50,85.550003,85.57,485000,85.57
2015-10-08,84.32,86.260002,84.32,85.959999,577500,85.959999
2015-10-07,83.459999,84.540001,83.00,84.489998,932500,84.489998
2015-10-06,83.860001,83.910004,82.809998,82.870003,759100,82.870003
2015-10-05,82.68,84.059998,82.400002,83.830002,1041800,83.830002
2015-10-02,80.230003,82.080002,79.769997,82.080002,944700,82.080002
2015-10-01,82.559998,82.870003,80.25,81.480003,1389600,81.480003
2015-09-30,82.639999,83.300003,81.940002,82.889999,1057500,82.889999
2015-09-29,82.910004,83.029999,82.169998,82.540001,539500,82.540001
2015-09-28,83.540001,83.800003,82.440002,82.660004,576600,82.660004
2015-09-25,84.00,84.239998,83.449997,83.959999,800400,83.959999
2015-09-24,82.059998,83.559998,81.809998,83.400002,838000,83.400002
2015-09-23,82.730003,82.82,82.059998,82.690002,527600,82.690002
2015-09-22,82.790001,82.870003,82.279999,82.660004,523200,82.660004
2015-09-21,83.50,84.32,83.269997,83.699997,437300,83.699997
2015-09-18,84.209999,84.230003,83.089996,83.25,903000,83.25
2015-09-17,85.870003,86.220001,84.760002,85.059998,732100,85.059998
2015-09-16,84.769997,86.25,84.470001,86.059998,643000,86.059998
2015-09-15,83.199997,85.080002,82.839996,84.900002,752500,84.900002
2015-09-14,83.43,83.459999,82.610001,83.040001,378900,83.040001
2015-09-11,82.959999,83.459999,82.410004,83.43,459800,83.43
2015-09-10,82.849998,83.639999,82.400002,83.169998,579200,83.169998
2015-09-09,84.230003,84.50,82.790001,82.989998,839800,82.989998
2015-09-08,82.360001,83.690002,82.279999,83.639999,588300,83.639999
2015-09-04,80.82,81.519997,80.660004,80.919998,640000,80.919998
2015-09-03,81.75,82.870003,81.620003,81.870003,535400,81.870003
2015-09-02,81.349998,81.660004,80.489998,81.650002,565100,81.650002
2015-09-01,82.059998,82.559998,80.849998,81.199997,784600,80.584996
2015-08-31,83.550003,84.139999,83.089996,83.489998,616000,82.857653
2015-08-28,83.00,83.800003,82.980003,83.709999,560600,83.075988
2015-08-27,81.779999,83.669998,81.57,83.529999,762900,82.897351
2015-08-26,81.120003,81.43,79.279999,81.059998,1010700,80.446057
2015-08-25,83.540001,83.68,79.470001,79.529999,849400,78.927646
2015-08-24,80.099998,82.949997,78.760002,81.190002,1352200,80.575077
2015-08-21,84.860001,85.580002,83.370003,83.43,886200,82.79811
2015-08-20,86.639999,86.730003,85.68,85.68,542800,85.031068
2015-08-19,87.43,88.050003,86.860001,87.400002,588100,86.738042
2015-08-18,87.860001,88.489998,87.449997,87.900002,435000,87.234255
2015-08-17,87.839996,88.400002,87.230003,88.309998,237200,87.641146
2015-08-14,88.080002,88.580002,87.75,88.470001,367400,87.799938
2015-08-13,87.580002,88.50,87.190002,88.059998,313900,87.39304
2015-08-12,87.279999,87.839996,86.300003,87.639999,387000,86.976223
2015-08-11,88.32,88.459999,87.580002,87.989998,481600,87.32357
2015-08-10,88.599998,89.230003,88.419998,89.129997,491800,88.454935
2015-08-07,88.669998,88.849998,87.709999,87.980003,613000,87.313651
2015-08-06,88.989998,89.25,87.949997,88.709999,577500,88.038118
2015-08-05,89.120003,89.459999,88.839996,89.029999,344500,88.355694
2015-08-04,88.389999,89.25,88.260002,88.449997,435900,87.780085
2015-08-03,88.769997,88.889999,88.040001,88.510002,357800,87.839636
2015-07-31,89.25,89.309998,88.480003,88.949997,648600,88.276298
2015-07-30,88.360001,89.080002,87.900002,88.610001,604600,87.938877
2015-07-29,87.139999,88.550003,86.989998,88.410004,559700,87.740395
2015-07-28,86.459999,87.230003,85.949997,87.089996,621100,86.430385
2015-07-27,86.440002,86.720001,85.800003,86.18,835100,85.527281
2015-07-24,87.970001,88.220001,86.769997,86.879997,468900,86.221977
2015-07-23,87.940002,88.709999,87.589996,87.970001,550700,87.303725
2015-07-22,87.709999,88.059998,86.93,87.839996,724900,87.174705
2015-07-21,88.610001,89.309998,87.830002,87.870003,969700,87.204484
2015-07-20,89.330002,89.779999,87.059998,88.809998,1562400,88.137359
2015-07-17,90.389999,90.879997,89.949997,90.639999,690800,89.953501
2015-07-16,90.970001,91.019997,90.580002,90.870003,428100,90.181762
2015-07-15,90.050003,90.57,89.519997,90.489998,673700,89.804635
2015-07-14,90.470001,90.650002,89.669998,90.209999,1319000,89.526757
2015-07-13,89.709999,90.529999,89.290001,90.480003,650300,89.794717
2015-07-10,89.199997,89.300003,87.970001,88.980003,691000,88.306077
2015-07-09,88.93,88.949997,87.959999,88.269997,639800,87.601448
2015-07-08,88.93,88.93,87.830002,87.849998,654300,87.184631
2015-07-07,89.25,89.50,87.910004,89.440002,568700,88.762593
2015-07-06,89.669998,90.400002,89.059998,89.489998,852300,88.812209
2015-07-02,90.830002,90.910004,89.610001,90.029999,497200,89.34812
2015-07-01,89.459999,90.790001,89.349998,90.660004,715200,89.973354
2015-06-30,90.010002,90.239998,89.379997,89.529999,774400,88.851907
2015-06-29,91.080002,91.230003,89.169998,89.279999,784500,88.603801
2015-06-26,92.07,92.449997,91.75,92.07,391500,91.37267
2015-06-25,91.82,92.040001,91.260002,91.599998,442300,90.906229
2015-06-24,92.25,92.57,91.730003,91.75,429600,91.055094
2015-06-23,92.519997,92.75,92.099998,92.269997,271600,91.571153
2015-06-22,92.68,92.870003,91.989998,92.279999,303100,91.581079
2015-06-19,92.50,92.870003,92.169998,92.209999,634400,91.51161
2015-06-18,92.07,92.949997,91.790001,92.629997,539100,91.928427
2015-06-17,91.169998,91.620003,90.629997,91.190002,367900,90.499338
2015-06-16,90.389999,90.940002,90.300003,90.809998,285800,90.122211
2015-06-15,90.139999,90.599998,89.849998,90.489998,559100,89.804635
2015-06-12,90.580002,90.940002,90.110001,90.839996,478200,90.151983
2015-06-11,91.510002,91.879997,90.730003,90.849998,602300,90.161909
2015-06-10,90.769997,91.839996,90.660004,91.43,481900,90.737518
2015-06-09,90.730003,90.980003,90.160004,90.230003,568000,89.54661
2015-06-08,91.089996,91.440002,90.790001,90.839996,575600,90.151983
2015-06-05,91.019997,91.589996,90.589996,91.529999,661300,90.836759
2015-06-04,91.839996,91.870003,90.629997,91.00,689300,90.310775
2015-06-03,90.25,90.839996,89.75,90.75,495700,90.062668
2015-06-02,90.010002,90.720001,89.709999,90.339996,506200,89.045427
2015-06-01,90.540001,90.910004,89.900002,90.230003,742300,88.93701
2015-05-29,92.220001,92.220001,90.309998,90.470001,1243300,89.173569
2015-05-28,92.940002,93.099998,91.949997,92.410004,398400,91.085771
2015-05-27,92.900002,93.059998,92.120003,92.870003,413300,91.539178
2015-05-26,93.169998,93.75,92.300003,92.580002,630900,91.253333
2015-05-22,93.650002,94.059998,93.209999,93.540001,407800,92.199576
2015-05-21,93.419998,93.82,92.989998,93.57,420500,92.229144
2015-05-20,93.910004,94.18,93.040001,93.739998,562700,92.396707
2015-05-19,93.949997,94.209999,93.360001,93.699997,389100,92.357279
2015-05-18,93.779999,94.360001,93.360001,93.760002,387600,92.416424
2015-05-15,94.010002,94.18,93.50,93.839996,1251300,92.495272
2015-05-14,93.209999,94.099998,92.50,94.040001,690300,92.692411
2015-05-13,94.040001,94.470001,92.550003,92.690002,943600,91.361757
2015-05-12,93.75,94.260002,93.209999,94.010002,696400,92.662842
2015-05-11,93.830002,94.739998,93.529999,94.209999,1230900,92.859973
2015-05-08,93.470001,94.309998,93.220001,94.080002,764500,92.731838
2015-05-07,92.019997,92.980003,91.739998,92.589996,454600,91.263184
2015-05-06,92.029999,92.32,91.099998,91.639999,404800,90.326801
2015-05-05,92.690002,93.160004,91.720001,91.809998,508300,90.494363
2015-05-04,92.57,92.980003,92.220001,92.830002,720000,91.499751
2015-05-01,90.589996,91.559998,90.110001,91.470001,692300,90.159239
2015-04-30,90.599998,91.230003,89.470001,89.849998,1054300,88.562451
2015-04-29,91.279999,91.379997,90.389999,90.940002,746200,89.636835
2015-04-28,91.239998,91.669998,90.809998,91.339996,586400,90.031097
2015-04-27,92.349998,92.660004,91.260002,91.459999,613400,90.14938
2015-04-24,93.120003,93.25,91.620003,91.989998,462400,90.671784
2015-04-23,92.959999,93.709999,92.339996,93.129997,587400,91.795447
2015-04-22,92.75,93.290001,91.419998,93.019997,929300,91.687023
2015-04-21,92.75,94.410004,91.730003,92.449997,1031100,91.125191
2015-04-20,92.260002,92.93,92.25,92.57,780500,91.243474
