Date,Open,High,Low,Close,Volume,Adj Close
2015-10-15,222.110001,222.789993,217.770004,221.630005,1186800,221.630005
2015-10-14,222.210007,224.289993,219.919998,221.449997,940400,221.449997
2015-10-13,222.929993,226.050003,220.160004,222.679993,1096800,222.679993
2015-10-12,229.020004,229.020004,224.270004,225.089996,934000,225.089996
2015-10-09,231.00,233.00,228.100006,229.199997,739000,229.199997
2015-10-08,227.279999,232.639999,227.149994,231.440002,652600,231.440002
2015-10-07,225.100006,228.160004,223.75,227.839996,627600,227.839996
2015-10-06,219.929993,226.220001,219.929993,223.729996,760700,223.729996
2015-10-05,216.350006,220.039993,215.919998,219.820007,602700,219.820007
2015-10-02,207.690002,215.160004,204.130005,215.149994,1057600,215.149994
2015-10-01,214.009995,215.729996,207.619995,209.460007,1288000,209.460007
2015-09-30,214.169998,217.710007,209.369995,215.009995,965800,215.009995
2015-09-29,211.830002,213.149994,209.720001,211.929993,717600,211.929993
2015-09-28,212.110001,214.779999,210.899994,211.770004,719700,211.770004
2015-09-25,214.259995,215.100006,212.100006,213.770004,685200,213.770004
2015-09-24,208.550003,214.139999,208.100006,213.369995,681000,213.369995
2015-09-23,212.789993,213.740005,209.850006,210.880005,595200,210.880005
2015-09-22,211.860001,214.009995,210.710007,212.660004,551800,212.660004
2015-09-21,214.289993,216.00,213.259995,214.25,601800,214.25
2015-09-18,216.240005,216.470001,213.940002,214.25,893900,214.25
2015-09-17,221.639999,223.00,218.160004,218.669998,669000,218.669998
2015-09-16,221.630005,223.869995,221.630005,222.429993,638300,222.429993
2015-09-15,218.550003,222.889999,217.929993,222.029999,613200,222.029999
2015-09-14,221.929993,222.020004,213.839996,218.139999,800400,218.139999
2015-09-11,221.800003,222.990005,220.600006,221.929993,537200,221.929993
2015-09-10,222.970001,224.759995,220.550003,222.610001,538400,222.610001
2015-09-09,227.169998,227.199997,222.490005,222.869995,798000,222.869995
2015-09-08,221.970001,225.270004,221.570007,225.270004,482700,225.270004
2015-09-04,218.729996,219.699997,217.199997,218.399994,621500,218.399994
2015-09-03,220.800003,223.899994,219.009995,220.690002,821600,220.690002
2015-09-02,222.229996,223.660004,219.559998,223.029999,768800,223.029999
2015-09-01,219.679993,223.869995,217.75,218.740005,982100,218.740005
2015-08-31,222.320007,224.399994,220.529999,223.440002,506400,223.440002
2015-08-28,222.990005,224.660004,222.039993,223.229996,558700,223.229996
2015-08-27,220.169998,224.279999,218.580002,223.740005,729700,223.740005
2015-08-26,217.179993,218.009995,214.460007,217.669998,759500,217.669998
2015-08-25,218.419998,218.419998,213.320007,213.320007,1023300,213.320007
2015-08-24,212.899994,219.360001,194.419998,213.160004,1069500,213.160004
2015-08-21,223.229996,224.639999,219.559998,219.850006,728500,219.850006
2015-08-20,223.669998,226.789993,223.320007,224.039993,504700,224.039993
2015-08-19,226.25,227.130005,223.949997,225.600006,376700,225.600006
2015-08-18,225.649994,227.800003,225.529999,226.729996,338700,226.729996
2015-08-17,223.880005,227.039993,223.039993,226.460007,655600,226.460007
2015-08-14,226.199997,227.860001,223.759995,224.779999,677800,224.779999
2015-08-13,228.00,230.139999,224.910004,225.860001,696600,225.860001
2015-08-12,226.679993,231.009995,226.130005,230.410004,724300,230.410004
2015-08-11,228.490005,229.889999,226.529999,228.050003,486600,228.050003
2015-08-10,227.320007,230.990005,226.350006,230.899994,401400,230.899994
2015-08-07,225.619995,227.289993,224.880005,225.960007,377200,225.960007
2015-08-06,226.639999,227.619995,224.570007,226.070007,438100,226.070007
2015-08-05,227.520004,228.179993,224.75,227.050003,553400,225.880001
2015-08-04,225.479996,227.690002,224.850006,226.130005,414600,224.964743
2015-08-03,227.289993,228.50,223.899994,224.850006,461700,223.691341
2015-07-31,226.589996,230.00,225.350006,228.710007,539100,227.53145
2015-07-30,224.639999,226.699997,221.809998,225.009995,832600,223.850505
2015-07-29,225.889999,227.690002,224.699997,226.960007,697100,225.790468
2015-07-28,225.869995,227.460007,225.630005,225.949997,477600,224.785663
2015-07-27,224.179993,226.649994,223.960007,225.869995,587500,224.706073
2015-07-24,226.460007,227.309998,225.009995,225.770004,596800,224.606598
2015-07-23,224.520004,228.119995,224.100006,226.179993,1110700,225.014474
2015-07-22,229.630005,230.00,221.669998,224.699997,1235600,223.542104
2015-07-21,234.830002,236.320007,229.399994,229.940002,592300,228.755108
2015-07-20,233.25,237.190002,233.089996,235.100006,667100,233.888522
2015-07-17,229.25,234.470001,227.179993,233.360001,1071100,232.157483
2015-07-16,232.669998,233.339996,231.070007,232.360001,770200,231.162636
2015-07-15,232.630005,233.259995,229.899994,230.779999,808200,229.590776
2015-07-14,236.809998,237.509995,232.509995,233.270004,1017200,232.06795
2015-07-13,237.660004,240.00,236.289993,238.00,425700,236.773572
2015-07-10,237.619995,238.369995,235.410004,236.50,619600,235.281301
2015-07-09,236.979996,238.75,235.699997,235.699997,441900,234.485421
2015-07-08,235.449997,236.509995,233.830002,234.389999,714400,233.182174
2015-07-07,234.190002,237.639999,232.50,236.979996,874300,235.758824
2015-07-06,233.789993,235.820007,232.899994,233.869995,592600,232.664849
2015-07-02,237.589996,237.990005,234.179993,235.50,554900,234.286454
2015-07-01,238.50,238.740005,236.399994,236.699997,577600,235.480268
2015-06-30,238.649994,239.350006,236.330002,236.649994,568200,235.430522
2015-06-29,239.279999,239.800003,236.25,236.710007,595700,235.490226
2015-06-26,239.320007,241.169998,238.880005,240.330002,664900,239.091567
2015-06-25,243.690002,243.979996,239.179993,239.529999,536500,238.295686
2015-06-24,245.309998,246.00,243.410004,243.630005,319800,242.374565
2015-06-23,244.779999,245.869995,244.559998,245.410004,526800,244.145391
2015-06-22,243.779999,244.690002,242.729996,244.119995,398100,242.86203
2015-06-19,243.00,244.039993,241.630005,242.190002,821000,240.941983
2015-06-18,240.759995,244.179993,239.699997,243.380005,549000,242.125853
2015-06-17,238.460007,240.440002,238.070007,239.979996,519800,238.743364
2015-06-16,235.869995,238.589996,235.25,237.869995,474400,236.644237
2015-06-15,236.199997,237.889999,234.279999,236.919998,585600,235.699135
2015-06-12,242.589996,242.600006,237.360001,238.149994,635500,236.922793
2015-06-11,242.800003,243.869995,241.630005,243.339996,461200,242.086051
2015-06-10,241.759995,244.050003,241.009995,242.289993,422000,241.041458
2015-06-09,239.839996,242.889999,239.580002,241.509995,487000,240.265479
2015-06-08,240.440002,241.979996,239.350006,239.490005,341700,238.255899
2015-06-05,239.600006,241.460007,238.169998,241.100006,470000,239.857603
2015-06-04,241.529999,242.320007,238.800003,239.25,390800,238.01713
2015-06-03,242.779999,243.479996,241.350006,242.910004,313500,241.658274
2015-06-02,240.559998,243.110001,240.389999,241.960007,295900,240.713172
2015-06-01,240.839996,242.649994,239.529999,241.00,478900,239.758113
2015-05-29,245.350006,246.039993,239.690002,240.330002,552000,239.091567
2015-05-28,244.729996,245.240005,243.059998,244.660004,335800,243.399256
2015-05-27,245.460007,245.979996,243.399994,245.539993,333100,244.274711
2015-05-26,246.00,246.00,243.639999,244.919998,472700,243.657911
2015-05-22,246.550003,247.410004,245.699997,245.949997,239500,244.682602
2015-05-21,245.740005,247.440002,244.990005,246.600006,506500,245.329261
2015-05-20,245.529999,246.990005,245.210007,246.00,305700,244.732347
2015-05-19,246.910004,247.149994,245.080002,246.160004,306800,244.891526
2015-05-18,246.220001,247.160004,244.729996,246.410004,361300,245.140238
2015-05-15,247.070007,248.190002,244.080002,246.050003,486700,244.782093
2015-05-14,246.690002,248.600006,245.960007,247.039993,507500,245.766981
2015-05-13,249.910004,251.899994,243.009995,245.929993,962800,244.662701
2015-05-12,247.929993,251.789993,247.410004,251.240005,446600,249.945351
2015-05-11,248.509995,250.149994,247.139999,248.809998,389100,247.527865
2015-05-08,247.990005,250.25,247.990005,249.160004,530600,247.876067
2015-05-07,244.300003,246.330002,242.470001,245.809998,416400,244.543324
2015-05-06,246.669998,247.559998,244.880005,246.100006,442200,243.667876
2015-05-05,248.149994,249.899994,245.330002,245.990005,462300,243.558963
2015-05-04,249.009995,249.940002,248.149994,248.860001,427300,246.400595
2015-05-01,249.020004,250.839996,247.339996,248.940002,477900,246.479806
2015-04-30,249.449997,251.059998,247.699997,248.429993,710200,245.974836
2015-04-29,248.380005,251.240005,245.669998,250.130005,564300,247.658048
2015-04-28,249.259995,249.970001,246.460007,249.190002,540700,246.727335
2015-04-27,248.570007,251.130005,246.259995,249.440002,764500,246.974865
2015-04-24,245.210007,247.25,244.009995,247.100006,590400,244.657994
2015-04-23,243.050003,246.25,242.190002,244.279999,695200,241.865856
2015-04-22,243.960007,245.149994,241.300003,243.449997,709100,241.044056
2015-04-21,240.139999,243.970001,239.779999,243.009995,943600,240.608402
2015-04-20,240.779999,241.25,238.259995,238.949997,710500,236.588529
