Date,Open,High,Low,Close,Volume,Adj Close
2015-10-15,27.459999,27.85,27.34,27.809999,668200,27.809999
2015-10-14,27.52,27.709999,27.299999,27.41,1095000,27.41
2015-10-13,27.440001,27.700001,27.42,27.49,1255200,27.49
2015-10-12,27.219999,27.610001,27.08,27.50,1113900,27.50
2015-10-09,27.299999,27.440001,27.139999,27.209999,939900,27.209999
2015-10-08,26.799999,27.379999,26.76,27.33,1122400,27.33
2015-10-07,26.959999,27.09,26.83,26.870001,1167700,26.870001
2015-10-06,27.18,27.27,26.879999,26.940001,1250200,26.940001
2015-10-05,27.10,27.34,26.959999,27.27,1544300,27.27
2015-10-02,26.93,26.99,26.57,26.99,1185500,26.99
2015-10-01,27.049999,27.09,26.48,26.68,1590200,26.68
2015-09-30,26.629999,27.08,26.34,27.02,2084200,27.02
2015-09-29,26.32,26.52,26.219999,26.49,1893600,26.49
2015-09-28,26.16,26.43,26.08,26.280001,1342900,26.280001
2015-09-25,26.049999,26.58,25.860001,26.25,1388500,26.25
2015-09-24,25.66,26.040001,25.66,25.99,895900,25.99
2015-09-23,25.49,25.870001,25.450001,25.76,1085900,25.76
2015-09-22,25.52,25.68,25.219999,25.51,1297100,25.51
2015-09-21,25.76,25.969999,25.60,25.67,1531300,25.67
2015-09-18,25.290001,25.950001,25.290001,25.66,1817400,25.66
2015-09-17,25.379999,26.040001,25.01,25.719999,1386600,25.719999
2015-09-16,25.129999,25.40,25.00,25.360001,1242400,25.360001
2015-09-15,25.00,25.15,24.77,25.049999,1200200,25.049999
2015-09-14,24.99,25.18,24.91,24.959999,1045900,24.959999
2015-09-11,24.49,24.93,24.40,24.91,851100,24.91
2015-09-10,24.540001,24.959999,24.52,24.60,1461200,24.60
2015-09-09,24.879999,24.950001,24.51,24.559999,1254500,24.559999
2015-09-08,24.49,24.84,24.34,24.77,1702800,24.77
2015-09-04,24.43,24.49,24.08,24.209999,1171800,24.209999
2015-09-03,24.360001,24.709999,24.290001,24.66,1713400,24.66
2015-09-02,24.530001,24.58,24.16,24.299999,1315300,24.299999
2015-09-01,24.540001,24.68,24.15,24.280001,1201200,24.280001
2015-08-31,25.08,25.18,24.629999,24.92,1238700,24.92
2015-08-28,25.18,25.450001,25.02,25.27,949000,25.27
2015-08-27,25.059999,25.360001,24.90,25.35,1402600,25.35
2015-08-26,24.959999,24.99,24.299999,24.90,2186400,24.90
2015-08-25,25.790001,25.799999,24.690001,24.719999,2333200,24.474999
2015-08-24,25.74,26.09,25.23,25.389999,2808600,25.138359
2015-08-21,26.860001,26.98,26.49,26.50,2078500,26.237358
2015-08-20,27.02,27.33,26.92,27.01,891900,26.742304
2015-08-19,27.01,27.33,26.860001,27.219999,1026700,26.950222
2015-08-18,27.219999,27.379999,27.129999,27.15,622600,26.880916
2015-08-17,27.16,27.459999,27.01,27.35,765200,27.078935
2015-08-14,26.799999,27.219999,26.73,27.15,743600,26.880916
2015-08-13,26.83,26.98,26.58,26.879999,859900,26.613591
2015-08-12,26.379999,26.99,26.379999,26.93,1367500,26.663097
2015-08-11,26.280001,26.67,26.040001,26.52,1507700,26.257161
2015-08-10,26.40,26.709999,26.18,26.23,1367500,25.970034
2015-08-07,25.860001,26.73,25.860001,26.42,1635400,26.158151
2015-08-06,26.17,26.190001,25.700001,25.889999,1822600,25.633404
2015-08-05,25.99,26.23,25.870001,26.120001,985100,25.861125
2015-08-04,26.17,26.309999,25.790001,25.85,819000,25.593801
2015-08-03,26.200001,26.40,26.00,26.17,779300,25.910629
2015-07-31,26.139999,26.32,25.879999,26.110001,686500,25.851224
2015-07-30,25.629999,26.030001,25.48,25.83,1013200,25.573999
2015-07-29,25.389999,25.709999,25.280001,25.700001,958500,25.445288
2015-07-28,25.209999,25.459999,25.01,25.440001,1288200,25.187865
2015-07-27,24.73,25.290001,24.690001,25.190001,796800,24.940342
2015-07-24,24.74,24.85,24.620001,24.74,795900,24.494802
2015-07-23,24.879999,24.889999,24.530001,24.73,1248100,24.4849
2015-07-22,24.889999,25.120001,24.85,24.959999,782200,24.712621
2015-07-21,25.24,25.299999,24.82,24.83,1127400,24.58391
2015-07-20,25.469999,25.469999,25.129999,25.290001,576200,25.039352
2015-07-17,25.66,25.74,25.459999,25.49,1122100,25.237368
2015-07-16,25.299999,25.75,25.18,25.73,1231700,25.474989
2015-07-15,25.10,25.18,24.92,25.18,1163000,24.930441
2015-07-14,25.219999,25.34,25.059999,25.10,1040200,24.851234
2015-07-13,25.40,25.52,25.08,25.200001,1398400,24.950244
2015-07-10,25.049999,25.40,24.809999,25.299999,2452900,25.049251
2015-07-09,25.450001,25.48,24.790001,24.83,2698000,24.58391
2015-07-08,25.58,25.68,25.33,25.379999,1213000,25.128458
2015-07-07,25.07,25.719999,25.040001,25.610001,1374200,25.35618
2015-07-06,24.83,25.01,24.629999,25.01,845700,24.762126
2015-07-02,24.74,24.950001,24.610001,24.780001,762300,24.534406
2015-07-01,24.24,24.549999,24.129999,24.51,1550900,24.267082
2015-06-30,24.469999,24.469999,24.059999,24.16,1769200,23.92055
2015-06-29,24.59,24.799999,24.34,24.389999,952000,24.14827
2015-06-26,24.299999,24.629999,24.209999,24.59,1589600,24.346289
2015-06-25,24.48,24.50,24.219999,24.27,1355300,24.02946
2015-06-24,24.75,24.85,24.42,24.42,1039300,24.177973
2015-06-23,25.00,25.139999,24.639999,24.719999,1496900,24.474999
2015-06-22,25.27,25.27,24.99,25.09,1201900,24.841333
2015-06-19,25.299999,25.40,25.040001,25.16,2261300,24.910639
2015-06-18,24.860001,25.26,24.85,25.200001,839200,24.950244
2015-06-17,24.639999,24.870001,24.58,24.809999,861500,24.564108
2015-06-16,24.59,24.74,24.49,24.68,1063200,24.435397
2015-06-15,24.610001,24.67,24.41,24.60,836400,24.35619
2015-06-12,24.84,24.940001,24.559999,24.60,891700,24.35619
2015-06-11,24.950001,25.059999,24.75,24.969999,1667200,24.722522
2015-06-10,24.780001,24.950001,24.700001,24.77,1232000,24.524505
2015-06-09,24.780001,24.889999,24.66,24.67,1244800,24.425496
2015-06-08,24.790001,24.90,24.700001,24.809999,1176800,24.564108
2015-06-05,24.950001,25.01,24.690001,24.809999,1241400,24.564108
2015-06-04,25.26,25.51,25.18,25.24,693700,24.989846
2015-06-03,25.42,25.52,25.16,25.32,1749200,25.069053
2015-06-02,25.77,25.82,25.35,25.530001,1295200,25.276973
2015-06-01,26.129999,26.200001,25.91,25.92,907900,25.663107
2015-05-29,26.129999,26.190001,25.889999,26.07,1185200,25.81162
2015-05-28,26.01,26.190001,25.950001,26.129999,889500,25.871025
2015-05-27,25.82,25.969999,25.610001,25.950001,2575500,25.69281
2015-05-26,26.23,26.26,25.799999,25.950001,1541200,25.450238
2015-05-22,26.26,26.389999,26.17,26.27,1997200,25.764075
2015-05-21,26.26,26.459999,26.139999,26.290001,1685800,25.78369
2015-05-20,26.24,26.43,26.17,26.25,1540900,25.74446
2015-05-19,26.10,26.360001,26.07,26.24,1334000,25.734652
2015-05-18,25.76,26.23,25.74,26.190001,1072000,25.685616
2015-05-15,25.790001,26.02,25.690001,25.889999,883600,25.391392
2015-05-14,25.50,25.790001,25.469999,25.75,1139900,25.254089
2015-05-13,25.690001,25.90,25.34,25.48,1600900,24.989288
2015-05-12,25.629999,25.780001,25.49,25.690001,1579600,25.195245
2015-05-11,25.76,26.18,25.66,25.809999,1548400,25.312933
2015-05-08,26.33,26.34,25.700001,25.860001,2170400,25.361971
2015-05-07,25.84,26.030001,25.73,25.82,1066200,25.322741
2015-05-06,25.950001,26.10,25.51,25.809999,1516100,25.312933
2015-05-05,26.370001,26.40,25.76,25.969999,1866600,25.469851
2015-05-04,26.110001,26.719999,26.049999,26.459999,1372500,25.950414
2015-05-01,26.190001,26.299999,25.879999,26.07,938600,25.567926
2015-04-30,26.610001,26.66,26.030001,26.18,1290900,25.675808
2015-04-29,26.709999,26.83,26.41,26.73,944200,26.215215
2015-04-28,26.559999,26.940001,26.41,26.91,1064700,26.391749
2015-04-27,26.91,27.139999,26.450001,26.65,1884200,26.136756
2015-04-24,26.68,27.08,26.57,26.870001,938400,26.35252
2015-04-23,26.540001,26.75,26.41,26.66,1022800,26.146563
2015-04-22,26.68,26.74,26.360001,26.549999,1677200,26.038681
2015-04-21,26.91,27.15,26.50,26.60,1463200,26.08772
2015-04-20,26.73,27.10,26.68,26.82,1237400,26.303482
