Date,Open,High,Low,Close,Volume,Adj Close
2015-10-16,75.580002,77.910004,74.629997,77.779999,2667700,77.779999
2015-10-15,74.00,75.360001,73.830002,75.330002,1179700,75.330002
2015-10-14,74.110001,74.75,73.480003,73.669998,998400,73.669998
2015-10-13,74.269997,75.489998,74.110001,74.129997,1142000,74.129997
2015-10-12,74.150002,74.660004,73.779999,74.440002,972700,74.440002
2015-10-09,73.989998,74.669998,73.550003,74.349998,932600,74.349998
2015-10-08,72.93,74.769997,72.82,73.800003,1316500,73.800003
2015-10-07,72.169998,74.110001,72.050003,73.419998,973600,73.419998
2015-10-06,73.529999,73.910004,72.220001,72.860001,761000,72.860001
2015-10-05,71.940002,73.870003,71.910004,73.639999,1199200,73.639999
2015-10-02,70.480003,71.529999,70.110001,71.360001,1201500,71.360001
2015-10-01,72.489998,72.800003,70.739998,71.68,1632100,71.68
2015-09-30,72.239998,72.589996,70.50,72.139999,2280300,72.139999
2015-09-29,72.309998,72.970001,71.599998,72.690002,971900,72.690002
2015-09-28,74.699997,74.949997,72.099998,72.129997,844500,72.129997
2015-09-25,75.07,75.459999,74.370003,74.949997,593400,74.949997
2015-09-24,75.029999,75.519997,73.290001,74.650002,931800,74.650002
2015-09-23,75.839996,75.980003,75.029999,75.379997,879900,75.379997
2015-09-22,75.959999,76.559998,75.040001,75.550003,1027300,75.550003
2015-09-21,77.489998,78.279999,76.699997,77.190002,769900,77.190002
2015-09-18,76.739998,77.68,76.660004,77.059998,1386400,77.059998
2015-09-17,79.089996,79.860001,77.300003,77.510002,1622900,77.510002
2015-09-16,79.010002,80.379997,78.410004,80.25,1132700,80.25
2015-09-15,77.470001,79.410004,77.470001,79.080002,1181200,79.080002
2015-09-14,76.75,78.260002,76.489998,77.580002,966200,77.580002
2015-09-11,75.660004,76.809998,75.239998,76.75,759200,76.75
2015-09-10,75.199997,76.669998,75.010002,76.029999,734300,76.029999
2015-09-09,76.910004,77.129997,75.129997,75.279999,987500,75.279999
2015-09-08,76.639999,76.669998,75.419998,76.290001,1311900,76.290001
2015-09-04,75.919998,76.43,75.199997,75.370003,1575900,75.370003
2015-09-03,76.00,77.449997,75.550003,76.860001,1808100,76.860001
2015-09-02,74.550003,75.139999,73.879997,74.510002,2907000,74.510002
2015-09-01,73.959999,73.959999,72.07,72.519997,1125900,72.519997
2015-08-31,75.080002,75.769997,74.510002,74.589996,1240100,74.589996
2015-08-28,74.889999,76.160004,74.650002,75.510002,1088500,75.510002
2015-08-27,73.489998,75.400002,72.68,75.139999,1177100,75.139999
2015-08-26,73.279999,73.279999,71.099998,72.790001,1859500,72.790001
2015-08-25,72.669998,73.400002,71.489998,71.529999,2734800,71.529999
2015-08-24,69.809998,73.529999,60.380001,71.18,2393100,71.18
2015-08-21,77.449997,77.489998,75.18,75.18,1476500,75.18
2015-08-20,78.669998,79.93,77.839996,77.860001,806200,77.860001
2015-08-19,79.889999,80.010002,79.010002,79.580002,738900,79.580002
2015-08-18,80.419998,80.660004,79.839996,80.379997,654000,80.379997
2015-08-17,80.199997,80.900002,79.739998,80.620003,564700,80.620003
2015-08-14,80.82,81.00,80.139999,80.709999,519800,80.709999
2015-08-13,79.650002,80.879997,79.43,80.550003,765800,80.550003
2015-08-12,78.739998,79.580002,78.230003,79.489998,1127700,79.489998
2015-08-11,78.709999,79.279999,78.43,79.129997,1141100,79.129997
2015-08-10,78.160004,79.550003,78.059998,79.510002,1120300,79.510002
2015-08-07,76.849998,77.940002,76.50,77.410004,1080100,77.410004
2015-08-06,79.459999,79.589996,76.900002,76.93,1588900,76.93
2015-08-05,79.089996,79.650002,78.779999,79.239998,729400,79.239998
2015-08-04,77.739998,79.690002,77.489998,78.830002,907900,78.830002
2015-08-03,78.739998,79.019997,77.220001,77.739998,986700,77.739998
2015-07-31,80.019997,80.150002,78.599998,78.739998,1874200,78.739998
2015-07-30,80.129997,80.339996,79.519997,79.989998,1034400,79.989998
2015-07-29,79.769997,80.919998,79.300003,80.760002,1273400,80.300003
2015-07-28,79.900002,79.900002,79.050003,79.57,1134600,79.116779
2015-07-27,79.629997,80.129997,79.110001,79.510002,1084700,79.057123
2015-07-24,79.330002,79.800003,79.059998,79.639999,1178700,79.18638
2015-07-23,79.919998,80.269997,79.050003,79.279999,1026000,78.828429
2015-07-22,80.510002,80.669998,79.449997,79.849998,1437500,79.395183
2015-07-21,81.889999,81.889999,79.959999,80.419998,3089600,79.961936
2015-07-20,81.690002,84.419998,81.690002,83.150002,3993900,82.676389
2015-07-17,78.419998,79.00,77.300003,78.25,2458900,77.804297
2015-07-16,78.360001,78.989998,78.010002,78.419998,1064200,77.973327
2015-07-15,78.580002,78.660004,77.889999,78.07,1061400,77.625322
2015-07-14,78.239998,78.940002,77.849998,78.690002,2423700,78.241794
2015-07-13,77.269997,78.309998,76.800003,78.220001,1088400,77.77447
2015-07-10,76.860001,77.669998,76.139999,77.220001,1629800,76.780165
2015-07-09,77.440002,77.68,75.849998,75.940002,1589500,75.507457
2015-07-08,76.169998,77.50,76.139999,77.050003,2135900,76.611136
2015-07-07,75.519997,76.230003,75.120003,76.160004,1356000,75.726205
2015-07-06,74.690002,76.379997,74.660004,75.849998,1402900,75.417966
2015-07-02,75.57,75.970001,74.839996,75.919998,1399800,75.487567
2015-07-01,74.029999,76.260002,74.019997,75.779999,1858100,75.348365
2015-06-30,75.900002,76.139999,74.690002,74.790001,1998700,74.364006
2015-06-29,77.389999,77.720001,75.529999,75.599998,947400,75.16939
2015-06-26,78.239998,78.550003,77.220001,77.690002,1367400,77.24749
2015-06-25,78.580002,78.910004,78.050003,78.419998,1022900,77.973327
2015-06-24,77.989998,78.639999,77.760002,78.339996,1401100,77.893781
2015-06-23,76.949997,77.989998,76.93,77.769997,1192700,77.327028
2015-06-22,76.639999,77.25,76.169998,76.629997,658900,76.193522
2015-06-19,75.650002,76.489998,75.330002,76.18,1389900,75.746088
2015-06-18,74.839996,75.809998,74.620003,75.489998,786000,75.060016
2015-06-17,73.120003,74.830002,73.040001,74.589996,807500,74.165141
2015-06-16,73.120003,73.50,72.910004,73.040001,734300,72.623974
2015-06-15,72.809998,73.089996,72.239998,72.889999,675900,72.474827
2015-06-12,72.919998,73.239998,72.339996,72.82,752900,72.405226
2015-06-11,72.800003,73.480003,72.779999,73.269997,894300,72.85266
2015-06-10,72.440002,72.980003,71.889999,72.690002,565000,72.275969
2015-06-09,72.230003,72.790001,72.010002,72.050003,530900,71.639615
2015-06-08,72.309998,73.010002,72.139999,72.339996,640500,71.927956
2015-06-05,72.339996,72.650002,71.540001,72.220001,773400,71.808645
2015-06-04,72.589996,73.059998,72.050003,72.190002,806400,71.778817
2015-06-03,72.720001,73.25,72.260002,72.779999,1114500,72.365453
2015-06-02,72.059998,72.650002,71.540001,72.169998,615200,71.758927
2015-06-01,71.949997,73.010002,71.529999,72.389999,627600,71.977675
2015-05-29,72.480003,72.75,71.599998,72.129997,1023000,71.719153
2015-05-28,72.349998,72.809998,72.019997,72.449997,412500,72.03733
2015-05-27,72.099998,72.699997,72.010002,72.400002,519400,71.98762
2015-05-26,72.849998,73.160004,72.029999,72.18,587300,71.768872
2015-05-22,72.620003,73.019997,72.550003,72.900002,619300,72.484772
2015-05-21,71.93,72.739998,71.900002,72.550003,583100,72.136767
2015-05-20,71.739998,72.199997,71.339996,71.790001,704000,71.381094
2015-05-19,72.089996,72.260002,71.360001,71.830002,644900,71.420867
2015-05-18,72.260002,72.309998,71.589996,71.970001,746300,71.560069
2015-05-15,72.059998,72.519997,70.75,72.389999,633300,71.977675
2015-05-14,70.610001,72.00,70.239998,71.970001,828900,71.560069
2015-05-13,71.00,71.260002,70.300003,70.440002,866100,70.038785
2015-05-12,71.620003,71.93,70.660004,70.959999,738300,70.555819
2015-05-11,71.559998,72.260002,71.239998,72.00,1263600,71.589897
2015-05-08,71.57,71.889999,71.080002,71.220001,552700,70.814341
2015-05-07,70.769997,71.489998,70.730003,71.120003,1177000,70.714912
2015-05-06,70.489998,70.57,69.900002,70.389999,791400,69.989066
2015-05-05,71.019997,71.190002,69.93,70.18,665600,69.780263
2015-05-04,72.260002,72.330002,70.559998,71.190002,906900,70.784513
2015-05-01,71.150002,72.220001,71.110001,71.660004,1316500,71.251837
2015-04-30,70.32,70.949997,69.910004,70.790001,1319400,70.38679
2015-04-29,70.650002,71.139999,70.059998,70.550003,985100,70.148159
2015-04-28,71.110001,71.360001,70.330002,71.110001,1310500,70.247587
2015-04-27,71.690002,71.980003,70.839996,71.010002,1050100,70.148802
2015-04-24,72.449997,72.459999,71.410004,71.610001,1515800,70.741523
2015-04-23,71.760002,72.330002,71.610001,71.709999,2025600,70.840309
2015-04-22,72.970001,73.339996,71.709999,71.730003,3905100,70.860071
2015-04-21,74.190002,74.75,73.510002,73.550003,3901300,72.657998
2015-04-20,70.00,74.360001,69.660004,74.160004,7883600,73.2606
