Date,Open,High,Low,Close,Volume,Adj Close
2015-10-16,10.77,10.80,10.65,10.70,8520500,10.70
2015-10-15,10.62,10.74,10.54,10.72,10916000,10.72
2015-10-14,10.66,10.78,10.48,10.53,9011800,10.53
2015-10-13,10.83,10.87,10.73,10.74,5402800,10.74
2015-10-12,10.79,10.87,10.73,10.86,3602200,10.86
2015-10-09,10.87,10.99,10.75,10.79,4372900,10.79
2015-10-08,10.84,10.96,10.80,10.92,7005100,10.92
2015-10-07,10.86,10.96,10.76,10.90,7434400,10.90
2015-10-06,10.73,10.82,10.69,10.77,6103400,10.77
2015-10-05,10.64,10.81,10.64,10.78,6713900,10.78
2015-10-02,10.42,10.58,10.21,10.58,11681600,10.58
2015-10-01,10.62,10.70,10.53,10.69,10732200,10.69
2015-09-30,10.50,10.61,10.40,10.60,10252300,10.60
2015-09-29,10.28,10.45,10.21,10.44,14809000,10.44
2015-09-28,10.47,10.49,10.26,10.29,7243700,10.29
2015-09-25,10.45,10.55,10.41,10.49,7967200,10.49
2015-09-24,10.27,10.34,10.16,10.32,7808300,10.32
2015-09-23,10.32,10.46,10.28,10.36,8464100,10.36
2015-09-22,10.34,10.42,10.25,10.33,6864600,10.33
2015-09-21,10.42,10.56,10.40,10.52,9817400,10.52
2015-09-18,10.55,10.59,10.34,10.36,14841100,10.36
2015-09-17,11.02,11.05,10.65,10.69,15629200,10.69
2015-09-16,10.90,11.04,10.82,11.04,9061900,11.04
2015-09-15,10.83,10.96,10.81,10.94,5694500,10.94
2015-09-14,10.79,10.90,10.74,10.86,6779800,10.80
2015-09-11,10.74,10.81,10.67,10.81,6583200,10.750277
2015-09-10,10.70,10.89,10.64,10.82,7077900,10.760221
2015-09-09,10.99,10.99,10.67,10.71,8412900,10.650829
2015-09-08,10.78,10.85,10.65,10.84,6747100,10.780111
2015-09-04,10.60,10.65,10.45,10.55,6631000,10.491713
2015-09-03,10.61,10.82,10.58,10.71,6348700,10.650829
2015-09-02,10.60,10.66,10.42,10.59,7884100,10.531492
2015-09-01,10.70,10.73,10.41,10.45,9841500,10.392265
2015-08-31,10.84,10.95,10.77,10.91,6308500,10.849723
2015-08-28,10.85,10.95,10.77,10.91,9609000,10.849723
2015-08-27,10.69,10.87,10.62,10.86,13179800,10.80
2015-08-26,10.45,10.59,10.25,10.58,12418600,10.521547
2015-08-25,10.73,10.76,10.21,10.21,14236900,10.153591
2015-08-24,10.44,10.79,10.00,10.44,17275200,10.38232
2015-08-21,11.20,11.25,11.00,11.00,12415200,10.939226
2015-08-20,11.51,11.54,11.32,11.32,7810400,11.257458
2015-08-19,11.83,11.84,11.64,11.64,10887600,11.575691
2015-08-18,11.76,11.86,11.76,11.84,7234900,11.774586
2015-08-17,11.69,11.88,11.61,11.79,8604000,11.724862
2015-08-14,11.66,11.82,11.61,11.80,6390400,11.734807
2015-08-13,11.49,11.65,11.45,11.62,7866800,11.555801
2015-08-12,11.60,11.67,11.33,11.51,9865000,11.446409
2015-08-11,11.80,11.84,11.59,11.64,10487300,11.575691
2015-08-10,11.62,11.83,11.62,11.83,7147900,11.764641
2015-08-07,11.71,11.79,11.53,11.60,9609600,11.535912
2015-08-06,11.82,11.84,11.68,11.73,5621100,11.665193
2015-08-05,11.70,11.84,11.68,11.77,8733600,11.704973
2015-08-04,11.73,11.83,11.66,11.67,7781700,11.605525
2015-08-03,11.70,11.71,11.58,11.70,8219700,11.635359
2015-07-31,11.78,11.78,11.65,11.67,8886500,11.605525
2015-07-30,11.68,11.77,11.65,11.77,8228800,11.704973
2015-07-29,11.70,11.77,11.63,11.73,9866300,11.665193
2015-07-28,11.70,11.73,11.59,11.69,7266800,11.625414
2015-07-27,11.70,11.73,11.58,11.60,7186500,11.535912
2015-07-24,11.79,11.84,11.69,11.76,9155000,11.695028
2015-07-23,11.78,11.90,11.65,11.73,12861200,11.665193
2015-07-22,11.61,11.69,11.55,11.60,13232300,11.535912
2015-07-21,11.67,11.72,11.54,11.58,7876900,11.516022
2015-07-20,11.55,11.65,11.53,11.62,8143200,11.555801
2015-07-17,11.54,11.55,11.41,11.54,6951800,11.476243
2015-07-16,11.59,11.65,11.55,11.58,5939600,11.516022
2015-07-15,11.50,11.61,11.42,11.53,8976300,11.466298
2015-07-14,11.33,11.46,11.26,11.44,6445900,11.376795
2015-07-13,11.31,11.37,11.26,11.36,5779300,11.297237
2015-07-10,11.23,11.28,11.12,11.21,6750400,11.148066
2015-07-09,11.19,11.22,11.06,11.12,7771500,11.058563
2015-07-08,11.04,11.16,11.01,11.05,9572300,10.98895
2015-07-07,11.31,11.35,11.08,11.22,8670600,11.158011
2015-07-06,11.21,11.39,11.14,11.34,7086400,11.277348
2015-07-02,11.47,11.48,11.27,11.35,6485500,11.287293
2015-07-01,11.44,11.48,11.38,11.47,8389200,11.40663
2015-06-30,11.32,11.41,11.20,11.31,10193600,11.247514
2015-06-29,11.29,11.41,11.18,11.20,8400400,11.138121
2015-06-26,11.49,11.52,11.43,11.46,11165400,11.396685
2015-06-25,11.63,11.68,11.42,11.43,13886300,11.366851
2015-06-24,11.67,11.72,11.55,11.58,5867200,11.516022
2015-06-23,11.60,11.71,11.60,11.68,5379000,11.61547
2015-06-22,11.45,11.58,11.43,11.57,8566200,11.506077
2015-06-19,11.47,11.52,11.36,11.36,11370400,11.297237
2015-06-18,11.35,11.54,11.32,11.51,13679200,11.446409
2015-06-17,11.53,11.54,11.36,11.36,7698000,11.297237
2015-06-16,11.37,11.50,11.36,11.49,5430000,11.426519
2015-06-15,11.39,11.50,11.32,11.41,7606500,11.346961
2015-06-12,11.48,11.54,11.45,11.52,7523300,11.396686
2015-06-11,11.44,11.54,11.40,11.48,6570400,11.357113
2015-06-10,11.43,11.55,11.41,11.44,12088000,11.317541
2015-06-09,11.29,11.45,11.24,11.39,11778600,11.268077
2015-06-08,11.32,11.40,11.26,11.27,13668100,11.149362
2015-06-05,11.27,11.34,11.18,11.34,9324600,11.218612
2015-06-04,11.24,11.29,11.14,11.16,8946000,11.040539
2015-06-03,11.18,11.27,11.15,11.27,9604800,11.149362
2015-06-02,11.04,11.20,11.02,11.17,7446100,11.050432
2015-06-01,11.15,11.21,10.94,11.04,12028800,10.921823
2015-05-29,11.30,11.31,11.12,11.13,12263500,11.01086
2015-05-28,11.24,11.32,11.21,11.28,9811400,11.159254
2015-05-27,11.14,11.30,11.12,11.27,10991400,11.149362
2015-05-26,11.17,11.23,11.13,11.13,14093200,11.01086
2015-05-22,11.34,11.40,11.26,11.26,4964200,11.139469
2015-05-21,11.31,11.41,11.29,11.34,6637800,11.218612
2015-05-20,11.44,11.45,11.33,11.35,5443200,11.228505
2015-05-19,11.28,11.49,11.28,11.45,10554000,11.327434
2015-05-18,11.08,11.30,11.07,11.26,6830100,11.139469
2015-05-15,11.26,11.27,11.00,11.08,5403500,10.961395
2015-05-14,11.25,11.25,11.13,11.23,6011800,11.109789
2015-05-13,11.07,11.24,11.03,11.20,8314600,11.080111
2015-05-12,11.04,11.13,10.95,11.10,6730300,10.981182
2015-05-11,11.00,11.15,10.95,11.09,7250800,10.971288
2015-05-08,10.91,11.00,10.88,11.00,4963800,10.882252
2015-05-07,10.87,10.95,10.83,10.91,7402200,10.793215
2015-05-06,11.01,11.04,10.81,10.88,8042900,10.763536
2015-05-05,10.97,11.07,10.95,10.98,10847900,10.862465
2015-05-04,10.92,11.06,10.89,11.05,7564200,10.931717
2015-05-01,10.96,10.97,10.81,10.89,4677500,10.773429
2015-04-30,10.89,11.01,10.84,10.86,11572800,10.74375
2015-04-29,10.71,10.96,10.71,10.89,11457300,10.773429
2015-04-28,10.73,10.84,10.67,10.79,13316500,10.6745
2015-04-27,10.86,10.94,10.69,10.71,12057300,10.595356
2015-04-24,10.81,10.89,10.75,10.79,10552700,10.6745
2015-04-23,11.00,11.01,10.91,10.94,8657500,10.822893
2015-04-22,10.97,11.12,10.89,11.03,17110200,10.91193
2015-04-21,11.20,11.26,11.14,11.17,7263200,11.050432
2015-04-20,11.15,11.20,11.06,11.15,6826300,11.030646
