Date,Open,High,Low,Close,Volume,Adj Close
2015-10-15,28.91,28.98,28.50,28.700001,2522800,28.700001
2015-10-14,29.200001,29.450001,28.67,28.790001,3099300,28.790001
2015-10-13,29.57,29.889999,29.18,29.200001,1514500,29.200001
2015-10-12,29.450001,29.719999,29.389999,29.67,1247500,29.67
2015-10-09,29.440001,29.66,29.120001,29.440001,1832000,29.440001
2015-10-08,28.92,29.549999,28.83,29.440001,2084600,29.440001
2015-10-07,29.15,29.40,28.780001,28.950001,2679400,28.950001
2015-10-06,29.66,29.66,28.92,29.030001,2200800,29.030001
2015-10-05,29.280001,29.709999,29.129999,29.620001,3233800,29.620001
2015-10-02,28.33,29.030001,27.93,29.030001,2611700,29.030001
2015-10-01,28.940001,29.01,28.34,28.73,2766200,28.73
2015-09-30,28.459999,28.98,28.370001,28.940001,3344100,28.940001
2015-09-29,28.48,28.75,27.83,28.030001,3160800,28.030001
2015-09-28,29.219999,29.469999,28.459999,28.48,3075700,28.48
2015-09-25,29.879999,30.049999,29.18,29.35,2228900,29.35
2015-09-24,29.23,29.690001,28.83,29.540001,3316200,29.540001
2015-09-23,29.92,30.00,29.309999,29.459999,1945900,29.459999
2015-09-22,29.790001,30.00,29.52,29.92,2786100,29.92
2015-09-21,30.16,30.43,29.780001,30.129999,3990600,30.129999
2015-09-18,30.51,30.74,29.950001,30.01,4829900,30.01
2015-09-17,31.00,31.23,30.67,30.889999,6335500,30.889999
2015-09-16,29.93,30.35,29.709999,30.26,3331500,30.26
2015-09-15,29.809999,30.00,29.52,29.91,2642800,29.91
2015-09-14,29.91,30.049999,29.58,29.75,1711700,29.75
2015-09-11,29.68,29.98,29.450001,29.969999,2155100,29.969999
2015-09-10,29.610001,29.959999,29.57,29.76,1934900,29.76
2015-09-09,30.48,30.57,29.690001,29.77,3954300,29.77
2015-09-08,30.219999,30.379999,29.889999,30.15,2677500,30.15
2015-09-04,29.57,29.889999,29.34,29.57,2839700,29.57
2015-09-03,30.07,30.440001,29.639999,29.889999,3398400,29.889999
2015-09-02,29.77,29.98,29.25,29.969999,3578800,29.969999
2015-09-01,29.48,30.07,29.17,29.379999,3368700,29.379999
2015-08-31,30.110001,30.50,29.969999,30.110001,3000700,30.110001
2015-08-28,29.879999,30.459999,29.809999,30.26,2599100,30.26
2015-08-27,29.60,30.33,29.32,30.01,3825800,30.01
2015-08-26,28.870001,29.23,28.190001,29.190001,4062600,29.190001
2015-08-25,28.77,29.25,28.200001,28.24,6143700,28.24
2015-08-24,27.549999,29.059999,26.32,28.01,6315100,28.01
2015-08-21,29.809999,30.01,29.030001,29.059999,4489500,29.059999
2015-08-20,30.309999,30.690001,30.129999,30.15,3462100,30.15
2015-08-19,30.290001,31.139999,30.17,30.90,4444300,30.90
2015-08-18,30.59,30.690001,30.24,30.379999,3593700,30.379999
2015-08-17,30.07,30.780001,29.940001,30.50,3872500,30.50
2015-08-14,29.969999,30.52,29.74,30.32,6003600,30.32
2015-08-13,29.690001,30.120001,29.40,29.889999,4851400,29.789999
2015-08-12,28.530001,29.59,28.469999,29.57,7171700,29.47107
2015-08-11,28.98,29.00,28.67,28.809999,6146400,28.713612
2015-08-10,28.780001,29.42,28.75,29.32,3848600,29.221906
2015-08-07,28.700001,28.940001,28.41,28.629999,4554500,28.534214
2015-08-06,28.870001,29.00,28.299999,28.790001,6253600,28.693681
2015-08-05,29.33,29.35,28.77,28.91,7974300,28.813278
2015-08-04,29.07,29.719999,28.93,29.129999,7281500,29.032542
2015-08-03,30.790001,30.860001,28.709999,29.059999,12643500,28.962776
2015-07-31,34.139999,34.139999,29.469999,31.030001,18955200,30.926186
2015-07-30,33.27,34.16,33.27,34.139999,3485500,34.02578
2015-07-29,33.240002,33.799999,33.110001,33.740002,2404500,33.627121
2015-07-28,32.919998,33.209999,32.419998,33.16,2451000,33.049059
2015-07-27,33.580002,33.580002,32.639999,32.779999,3077600,32.67033
2015-07-24,34.209999,34.209999,33.560001,33.740002,1559500,33.627121
2015-07-23,34.439999,34.669998,33.93,34.00,2021200,33.886249
2015-07-22,34.27,34.41,34.09,34.330002,2140300,34.215147
2015-07-21,34.509998,34.66,34.209999,34.380001,1684700,34.264979
2015-07-20,34.060001,34.59,34.049999,34.470001,2444700,34.354678
2015-07-17,33.889999,34.02,33.75,33.950001,2691800,33.836417
2015-07-16,34.279999,34.279999,33.860001,34.00,2499200,33.886249
2015-07-15,34.209999,34.419998,34.009998,34.029999,1608600,33.916148
2015-07-14,33.990002,34.299999,33.830002,34.25,1538200,34.135413
2015-07-13,34.00,34.130001,33.779999,33.98,1963900,33.866316
2015-07-10,33.50,33.790001,33.259998,33.689999,1375700,33.577285
2015-07-09,33.209999,33.759998,33.060001,33.150002,2647400,33.039095
2015-07-08,33.57,33.669998,32.59,32.790001,3863700,32.680298
2015-07-07,33.810001,33.939999,32.810001,33.689999,2714400,33.577285
2015-07-06,33.779999,34.049999,33.580002,33.810001,1843600,33.696886
2015-07-02,34.099998,34.119999,33.790001,33.959999,1463600,33.846382
2015-07-01,33.669998,34.189999,33.639999,34.009998,2172500,33.896214
2015-06-30,33.639999,33.740002,32.98,33.32,7919800,33.208524
2015-06-29,34.07,34.18,33.349998,33.380001,1962600,33.268325
2015-06-26,34.470001,34.779999,34.25,34.349998,3317500,34.235077
2015-06-25,34.259998,34.529999,34.110001,34.25,1541200,34.135413
2015-06-24,34.240002,34.450001,34.09,34.110001,1927300,33.995882
2015-06-23,34.209999,34.450001,34.07,34.330002,1493900,34.215147
2015-06-22,34.00,34.18,33.84,34.119999,2266000,34.005847
2015-06-19,33.529999,33.990002,33.27,33.77,4738500,33.657019
2015-06-18,33.009998,33.669998,33.00,33.549999,2198800,33.437754
2015-06-17,33.040001,33.16,32.799999,32.970001,1915700,32.859696
2015-06-16,32.32,33.099998,32.32,33.060001,1449300,32.949396
2015-06-15,32.439999,32.549999,32.259998,32.400002,1669100,32.291604
2015-06-12,32.349998,32.709999,32.259998,32.68,1318300,32.570666
2015-06-11,32.639999,32.91,32.43,32.50,1280600,32.391268
2015-06-10,32.450001,32.709999,32.299999,32.580002,1317800,32.471002
2015-06-09,32.27,32.380001,31.969999,32.290001,2140300,32.181971
2015-06-08,32.299999,32.389999,32.110001,32.299999,2784400,32.191936
2015-06-05,31.969999,32.439999,31.85,32.349998,2410400,32.241768
2015-06-04,31.84,32.23,31.809999,32.049999,1800500,31.942772
2015-06-03,31.93,32.150002,31.77,32.029999,2078300,31.922839
2015-06-02,31.940001,32.18,31.76,31.809999,2666900,31.703576
2015-06-01,31.889999,32.139999,31.799999,32.02,3121200,31.912874
2015-05-29,31.99,32.169998,31.73,31.860001,3568800,31.75341
2015-05-28,31.870001,32.080002,31.74,31.93,2320700,31.823175
2015-05-27,32.049999,32.299999,31.870001,31.950001,2521000,31.843109
2015-05-26,32.139999,32.25,31.879999,32.00,2882100,31.892941
2015-05-22,32.41,32.529999,32.150002,32.349998,2678400,32.241768
2015-05-21,32.060001,32.48,32.060001,32.450001,2640600,32.341436
2015-05-20,32.040001,32.25,31.77,32.209999,2267500,32.102237
2015-05-19,31.83,32.259998,31.700001,32.060001,2492900,31.952741
2015-05-18,31.389999,31.84,31.360001,31.83,2659400,31.623845
2015-05-15,31.41,31.719999,31.200001,31.309999,2044400,31.107212
2015-05-14,30.690001,31.15,30.50,31.10,2552900,30.898573
2015-05-13,31.049999,31.190001,30.42,30.459999,2594200,30.262717
2015-05-12,31.60,31.60,31.01,31.01,3460600,30.809156
2015-05-11,31.60,31.98,31.559999,31.82,2107300,31.613909
2015-05-08,31.65,32.080002,31.610001,31.66,1650300,31.454946
2015-05-07,30.940001,31.370001,30.75,31.280001,2934600,31.077408
2015-05-06,31.120001,31.23,30.75,30.959999,1890200,30.759479
2015-05-05,31.620001,31.709999,31.08,31.139999,2092200,30.938313
2015-05-04,31.57,32.09,31.530001,31.709999,2425200,31.504621
2015-05-01,31.139999,31.440001,31.10,31.43,2205300,31.226436
2015-04-30,30.85,31.32,30.780001,31.08,3440700,30.878702
2015-04-29,31.15,31.309999,30.790001,30.889999,3518900,30.689932
2015-04-28,31.639999,31.75,31.129999,31.32,3315300,31.117148
2015-04-27,32.25,32.34,31.540001,31.82,5542900,31.613909
2015-04-24,33.09,33.540001,31.780001,32.220001,12146900,32.01132
2015-04-23,34.150002,34.77,34.009998,34.580002,3400600,34.356035
2015-04-22,33.950001,34.150002,33.639999,34.119999,1853100,33.899012
2015-04-21,33.799999,34.200001,33.630001,33.889999,2188200,33.670502
2015-04-20,33.720001,33.810001,33.360001,33.779999,2372000,33.561214
