Date,Open,High,Low,Close,Volume,Adj Close
2015-10-09,76.660004,78.300003,75.949997,77.910004,2966300,77.910004
2015-10-08,76.949997,77.339996,74.769997,76.660004,3380300,76.660004
2015-10-07,77.32,77.849998,75.449997,77.550003,4021800,77.550003
2015-10-06,78.949997,79.309998,76.059998,77.199997,3831200,77.199997
2015-10-05,78.669998,81.389999,77.910004,78.849998,4077000,78.849998
2015-10-02,75.779999,77.910004,74.760002,77.889999,3895600,77.889999
2015-10-01,77.32,78.330002,75.550003,77.089996,3603500,77.089996
2015-09-30,75.00,77.980003,74.50,77.360001,5818600,77.360001
2015-09-29,74.050003,74.75,71.339996,74.080002,7131900,74.080002
2015-09-28,78.959999,78.959999,72.790001,74.029999,8222500,74.029999
2015-09-25,82.580002,82.989998,79.260002,79.449997,3980600,79.449997
2015-09-24,83.419998,83.68,81.669998,81.900002,2745200,81.900002
2015-09-23,82.709999,84.639999,82.139999,84.160004,3223700,84.160004
2015-09-22,81.580002,83.00,81.019997,82.699997,3070900,82.699997
2015-09-21,83.349998,84.040001,81.209999,82.239998,3399000,82.239998
2015-09-18,84.959999,86.040001,82.470001,82.480003,8943600,82.480003
2015-09-17,85.519997,87.050003,84.389999,86.019997,3178800,86.019997
2015-09-16,85.589996,85.720001,84.089996,85.199997,3050800,85.199997
2015-09-15,85.110001,86.199997,84.459999,85.839996,1849700,85.839996
2015-09-14,85.059998,86.089996,84.639999,84.980003,2719900,84.980003
2015-09-11,85.010002,85.949997,84.400002,84.690002,3266500,84.690002
2015-09-10,85.800003,86.449997,84.849998,85.279999,2978600,85.279999
2015-09-09,88.440002,88.459999,85.760002,85.970001,1912200,85.970001
2015-09-08,87.040001,87.900002,86.410004,87.419998,1975700,87.419998
2015-09-04,85.260002,86.25,84.449997,85.410004,1721100,85.410004
2015-09-03,86.169998,88.18,85.739998,86.400002,2364700,86.400002
2015-09-02,85.25,85.50,83.739998,85.470001,2577600,85.470001
2015-09-01,84.889999,85.769997,83.599998,84.32,2487000,84.32
2015-08-31,89.00,89.610001,86.129997,86.620003,2644300,86.620003
2015-08-28,88.480003,89.230003,87.940002,88.82,2195200,88.82
2015-08-27,87.480003,89.839996,86.760002,88.839996,3101000,88.839996
2015-08-26,84.699997,87.089996,83.830002,86.949997,4148000,86.949997
2015-08-25,85.900002,86.610001,83.080002,83.110001,4077300,83.110001
2015-08-24,81.540001,85.970001,43.91,84.309998,5463500,84.309998
2015-08-21,86.209999,87.00,84.099998,86.25,6128300,86.25
2015-08-20,89.25,89.25,87.010002,87.050003,2850900,87.050003
2015-08-19,90.260002,90.540001,89.269997,89.82,2692500,89.82
2015-08-18,91.349998,91.580002,90.32,90.480003,1913700,90.480003
2015-08-17,90.809998,91.519997,89.760002,91.32,2847300,91.32
2015-08-14,91.220001,91.860001,90.900002,91.400002,1871400,91.400002
2015-08-13,91.110001,91.889999,90.459999,90.849998,1238600,90.849998
2015-08-12,89.459999,91.300003,88.300003,90.879997,1923400,90.879997
2015-08-11,90.690002,91.269997,89.080002,90.459999,2007400,90.459999
2015-08-10,91.879997,92.989998,91.080002,91.43,1635800,91.43
2015-08-07,91.800003,92.379997,90.650002,91.459999,1988100,91.459999
2015-08-06,90.779999,93.050003,90.730003,91.379997,2616000,91.379997
2015-08-05,93.730003,94.150002,87.279999,92.260002,6337500,92.260002
2015-08-04,93.699997,94.410004,93.209999,94.040001,1747300,94.040001
2015-08-03,92.879997,94.169998,92.440002,92.879997,1616400,92.879997
2015-07-31,93.650002,94.309998,92.779999,93.010002,1738200,93.010002
2015-07-30,93.300003,93.589996,92.089996,92.959999,1614300,92.959999
2015-07-29,92.50,94.160004,92.129997,93.559998,2152100,93.559998
2015-07-28,92.199997,92.660004,90.93,92.290001,2121700,92.290001
2015-07-27,92.599998,92.620003,91.379997,92.029999,1521600,92.029999
2015-07-24,92.970001,93.389999,92.209999,92.830002,1765900,92.830002
2015-07-23,93.440002,94.440002,93.019997,93.32,1449900,93.32
2015-07-22,92.07,93.760002,91.93,93.269997,2073200,93.269997
2015-07-21,93.010002,93.339996,91.639999,92.279999,1889200,92.279999
2015-07-20,93.68,93.889999,92.82,93.169998,1907500,93.169998
2015-07-17,93.629997,94.669998,92.489998,93.239998,3566400,93.239998
2015-07-16,93.739998,93.989998,91.900002,93.739998,4567300,93.739998
2015-07-15,94.889999,95.18,93.370003,94.120003,2503800,94.120003
2015-07-14,94.449997,95.489998,94.370003,94.720001,3436200,94.720001
2015-07-13,93.839996,94.949997,93.360001,94.809998,3719400,94.809998
2015-07-10,92.510002,93.239998,91.879997,92.970001,2695700,92.970001
2015-07-09,91.43,92.18,91.139999,91.639999,4189700,91.639999
2015-07-08,91.940002,92.550003,90.93,91.040001,2894700,91.040001
2015-07-07,92.279999,92.989998,90.639999,92.449997,4285400,92.449997
2015-07-06,90.050003,92.660004,90.010002,92.099998,4254900,92.099998
2015-07-02,91.00,91.599998,90.43,90.50,2774300,90.50
2015-07-01,91.199997,91.400002,90.410004,90.870003,4098200,90.870003
2015-06-30,91.580002,91.580002,90.309998,90.720001,4454200,90.720001
2015-06-29,91.019997,93.089996,90.400002,90.610001,5190100,90.610001
2015-06-26,92.440002,92.629997,91.269997,91.839996,9966200,91.839996
2015-06-25,84.019997,92.629997,83.739998,90.720001,15691900,90.720001
2015-06-24,84.00,84.099998,82.599998,83.370003,2736300,83.370003
2015-06-23,84.690002,85.209999,83.93,83.959999,2117000,83.959999
2015-06-22,84.660004,85.480003,84.150002,84.510002,2127700,84.510002
2015-06-19,83.709999,85.059998,83.650002,84.400002,3772600,84.400002
2015-06-18,84.040001,84.339996,82.720001,83.599998,2790800,83.599998
2015-06-17,83.150002,84.580002,82.720001,84.120003,3234400,84.120003
2015-06-16,83.379997,84.129997,82.559998,83.019997,2266900,83.019997
2015-06-15,81.669998,84.029999,81.669998,83.830002,2394800,83.830002
2015-06-12,83.290001,84.160004,82.43,82.459999,2375700,82.459999
2015-06-11,82.830002,84.110001,82.620003,83.620003,3713400,83.620003
2015-06-10,81.709999,83.309998,81.50,83.089996,4693200,83.089996
2015-06-09,80.339996,81.510002,80.300003,81.32,2361100,81.32
2015-06-08,81.139999,81.470001,80.25,80.25,2209100,80.25
2015-06-05,80.800003,81.419998,80.389999,81.279999,2831600,81.279999
2015-06-04,80.809998,81.18,80.400002,80.480003,1945700,80.480003
2015-06-03,81.910004,82.010002,80.970001,81.089996,2241200,81.089996
2015-06-02,81.959999,82.25,81.120003,81.550003,2311900,81.550003
2015-06-01,82.389999,82.690002,81.220001,82.389999,3199400,82.389999
2015-05-29,81.529999,82.389999,81.169998,81.830002,3417300,81.830002
2015-05-28,81.739998,82.010002,80.949997,81.800003,1942300,81.800003
2015-05-27,82.580002,82.68,81.400002,81.949997,2846200,81.949997
2015-05-26,82.00,82.510002,81.739998,82.190002,3129100,82.190002
2015-05-22,81.349998,82.580002,81.260002,82.129997,2820500,82.129997
2015-05-21,82.220001,82.389999,81.559998,81.589996,2663500,81.589996
2015-05-20,82.339996,83.160004,81.879997,82.139999,3684300,82.139999
2015-05-19,81.00,83.879997,80.68,82.519997,5439700,82.519997
2015-05-18,79.760002,81.00,79.690002,81.00,3901500,81.00
2015-05-15,79.040001,79.849998,78.639999,79.839996,2258100,79.839996
2015-05-14,78.510002,79.480003,78.309998,79.07,2874500,79.07
2015-05-13,76.510002,78.089996,76.50,77.730003,4257700,77.730003
2015-05-12,77.25,77.610001,76.139999,76.510002,2267200,76.510002
2015-05-11,76.739998,77.919998,76.68,77.629997,2927000,77.629997
2015-05-08,77.080002,77.32,76.599998,76.900002,3324500,76.900002
2015-05-07,74.699997,77.370003,74.540001,76.589996,4451900,76.589996
2015-05-06,73.959999,74.980003,73.650002,74.50,4552300,74.50
2015-05-05,75.50,75.760002,73.019997,73.610001,4848300,73.610001
2015-05-04,74.849998,75.769997,74.720001,75.440002,2080100,75.440002
2015-05-01,74.309998,74.589996,73.68,74.50,2229600,74.50
2015-04-30,75.709999,76.269997,73.879997,74.010002,5270200,74.010002
2015-04-29,75.519997,76.480003,75.220001,76.059998,2400600,76.059998
2015-04-28,76.580002,76.980003,73.93,75.949997,4142800,75.949997
2015-04-27,77.849998,78.099998,76.220001,76.379997,2081900,76.379997
2015-04-24,77.589996,78.370003,77.529999,77.739998,2496100,77.739998
2015-04-23,77.580002,78.019997,76.970001,77.440002,4276100,77.440002
2015-04-22,77.730003,78.00,76.800003,77.529999,3406400,77.529999
2015-04-21,78.389999,78.599998,77.559998,77.68,4365800,77.68
2015-04-20,78.830002,78.900002,77.879997,78.559998,5748200,78.559998
2015-04-17,77.220001,78.230003,76.910004,78.040001,2192100,78.040001
2015-04-16,79.940002,79.940002,77.639999,77.809998,3105300,77.809998
2015-04-15,79.120003,80.199997,78.470001,79.239998,6450000,79.239998
2015-04-14,77.199997,77.370003,76.510002,77.339996,2346800,77.339996
2015-04-13,78.230003,79.239998,77.269997,77.410004,2292500,77.410004
