Date,Open,High,Low,Close,Volume,Adj Close
2015-10-09,77.669998,77.730003,77.639999,77.699997,830400,77.699997
2015-10-08,77.669998,77.739998,77.580002,77.690002,732700,77.690002
2015-10-07,77.540001,77.730003,77.510002,77.709999,870500,77.709999
2015-10-06,77.660004,77.68,77.419998,77.449997,1182600,77.449997
2015-10-05,77.660004,77.790001,77.599998,77.650002,835700,77.650002
2015-10-02,77.639999,77.699997,77.489998,77.610001,1040200,77.610001
2015-10-01,77.470001,77.75,77.440002,77.730003,872700,77.730003
2015-09-30,77.50,77.550003,77.400002,77.470001,803700,77.470001
2015-09-29,77.440002,77.470001,77.339996,77.470001,717500,77.470001
2015-09-28,77.599998,77.699997,77.550003,77.660004,1291300,77.365004
2015-09-25,77.690002,77.690002,77.57,77.57,1304300,77.275342
2015-09-24,77.580002,77.699997,77.559998,77.599998,1093700,77.305227
2015-09-23,77.650002,77.68,77.550003,77.639999,622400,77.345076
2015-09-22,77.669998,77.690002,77.620003,77.639999,909800,77.345076
2015-09-21,77.669998,77.760002,77.660004,77.699997,1113400,77.404845
2015-09-18,77.779999,77.779999,77.620003,77.660004,1554300,77.365004
2015-09-17,77.720001,77.800003,77.660004,77.800003,2136700,77.504472
2015-09-16,77.699997,77.760002,77.699997,77.720001,450400,77.424774
2015-09-15,77.610001,77.739998,77.230003,77.690002,720400,77.394889
2015-09-14,77.709999,77.75,77.650002,77.699997,445500,77.404845
2015-09-11,77.669998,77.720001,77.589996,77.720001,929600,77.424774
2015-09-10,77.540001,77.699997,77.529999,77.650002,980700,77.35504
2015-09-09,77.57,77.620003,77.50,77.550003,1290700,77.255421
2015-09-08,77.660004,77.68,77.459999,77.610001,1453400,77.315191
2015-09-04,77.389999,77.510002,77.379997,77.419998,1723800,77.12591
2015-09-03,77.470001,77.550003,77.410004,77.419998,1265300,77.12591
2015-09-02,77.360001,77.589996,77.269997,77.50,1449000,77.205608
2015-09-01,77.230003,77.349998,77.220001,77.290001,1220600,76.996407
2015-08-31,77.260002,77.379997,77.260002,77.269997,1082900,76.976479
2015-08-28,77.300003,77.339996,77.209999,77.230003,767900,76.936637
2015-08-27,77.150002,77.410004,77.150002,77.349998,1543600,77.056176
2015-08-26,77.370003,77.370003,77.040001,77.110001,2180000,76.81709
2015-08-25,77.830002,77.830002,77.089996,77.120003,3449100,76.827054
2015-08-24,77.300003,77.389999,76.730003,77.010002,4186600,76.717472
2015-08-21,77.410004,77.459999,77.379997,77.379997,2040000,77.086061
2015-08-20,77.360001,77.470001,77.32,77.440002,1259700,77.145839
2015-08-19,77.400002,77.440002,77.379997,77.389999,1065900,77.096025
2015-08-18,77.379997,77.440002,77.379997,77.410004,629400,77.115954
2015-08-17,77.300003,77.419998,77.290001,77.379997,995700,77.086061
2015-08-14,77.330002,77.349998,77.260002,77.300003,1886100,77.006371
2015-08-13,77.300003,77.360001,77.279999,77.309998,857700,77.016327
2015-08-12,77.260002,77.370003,77.260002,77.290001,693200,76.996407
2015-08-11,77.260002,77.349998,77.25,77.260002,594700,76.966522
2015-08-10,77.32,77.379997,77.239998,77.25,778600,76.956558
2015-08-07,77.269997,77.330002,77.190002,77.290001,876100,76.996407
2015-08-06,77.330002,77.360001,77.230003,77.260002,861700,76.966522
2015-08-05,77.360001,77.410004,77.279999,77.300003,683700,77.006371
2015-08-04,77.279999,77.400002,77.239998,77.330002,501800,77.036256
2015-08-03,77.309998,77.330002,77.190002,77.32,543900,77.026292
2015-07-31,77.239998,77.309998,77.160004,77.160004,742400,76.866903
2015-07-30,77.199997,77.290001,77.199997,77.209999,685800,76.916709
2015-07-29,77.199997,77.25,77.139999,77.190002,1368700,76.896788
2015-07-28,77.199997,77.25,77.150002,77.25,775200,76.956558
2015-07-27,77.169998,77.25,77.160004,77.18,976200,76.886824
2015-07-24,77.150002,77.290001,77.110001,77.199997,755500,76.906745
2015-07-23,77.190002,77.989998,77.099998,77.160004,1057000,76.866903
2015-07-22,77.230003,77.290001,77.040001,77.129997,716800,76.837011
2015-07-21,77.459999,77.459999,77.18,77.199997,1068700,76.906745
2015-07-20,77.360001,77.370003,77.25,77.290001,593000,76.996407
2015-07-17,77.410004,77.419998,77.279999,77.360001,642800,77.066141
2015-07-16,77.379997,77.449997,77.300003,77.440002,667800,77.145839
2015-07-15,77.379997,77.510002,77.290001,77.389999,322400,77.096025
2015-07-14,77.339996,77.389999,77.260002,77.349998,463300,77.056176
2015-07-13,77.349998,77.419998,77.260002,77.349998,1042100,77.056176
2015-07-10,77.379997,77.379997,77.129997,77.330002,1088200,77.036256
2015-07-09,77.25,77.339996,77.110001,77.160004,558800,76.866903
2015-07-08,77.150002,77.199997,77.029999,77.07,1021100,76.777241
2015-07-07,77.080002,77.440002,76.910004,77.370003,1060900,77.076105
2015-07-06,76.959999,77.160004,76.959999,77.029999,1047800,76.737392
2015-07-02,77.089996,77.099998,76.959999,76.989998,677500,76.697543
2015-07-01,77.050003,77.169998,76.900002,77.07,1208600,76.777241
2015-06-30,76.989998,77.029999,76.809998,76.839996,2182700,76.548112
2015-06-29,76.970001,77.059998,76.800003,76.800003,1440800,76.50827
2015-06-26,77.209999,77.279999,77.139999,77.150002,2279700,76.563058
2015-06-25,77.230003,77.279999,77.18,77.199997,2131200,76.612673
2015-06-24,77.25,77.269997,77.18,77.220001,1505200,76.632526
2015-06-23,77.169998,77.279999,77.139999,77.279999,1695400,76.692067
2015-06-22,77.190002,77.239998,77.129997,77.150002,858100,76.563058
2015-06-19,77.199997,77.199997,77.120003,77.129997,1289600,76.543206
2015-06-18,77.18,77.25,77.139999,77.139999,1445600,76.553132
2015-06-17,77.160004,77.220001,77.129997,77.220001,1732900,76.632526
2015-06-16,77.160004,77.25,77.129997,77.139999,2489000,76.553132
2015-06-15,77.129997,77.309998,77.099998,77.209999,2003800,76.622599
2015-06-12,77.150002,77.25,77.120003,77.199997,2381200,76.612673
2015-06-11,77.300003,77.349998,77.120003,77.129997,5517200,76.543206
2015-06-10,76.959999,77.400002,76.889999,77.349998,20092400,76.761534
2015-06-09,56.869999,56.939999,56.630001,56.689999,474700,56.258711
2015-06-08,57.400002,57.740002,56.889999,56.889999,327700,56.457191
2015-06-05,57.349998,57.529999,57.099998,57.310001,327800,56.873997
2015-06-04,57.50,57.580002,57.07,57.169998,319500,56.735059
2015-06-03,57.509998,57.93,57.330002,57.75,211600,57.310649
2015-06-02,57.16,57.450001,56.939999,57.279999,208900,56.844223
2015-06-01,57.349998,57.529999,56.970001,57.25,184200,56.814452
2015-05-29,57.509998,57.720001,56.950001,57.18,365400,56.744985
2015-05-28,57.189999,57.580002,57.00,57.50,267100,57.06255
2015-05-27,57.049999,57.549999,57.00,57.369999,369500,56.933538
2015-05-26,57.459999,57.610001,56.880001,56.959999,487400,56.526658
2015-05-22,57.779999,58.00,57.209999,57.639999,284800,57.201485
2015-05-21,58.060001,58.34,57.889999,57.91,258300,57.469431
2015-05-20,58.119999,58.34,57.77,58.209999,205400,57.767148
2015-05-19,58.049999,58.220001,57.869999,58.009998,263200,57.568669
2015-05-18,57.59,57.98,57.48,57.91,322200,57.469431
2015-05-15,57.939999,58.07,57.52,57.580002,184800,57.141944
2015-05-14,57.73,58.040001,57.400002,57.939999,249600,57.499202
2015-05-13,57.169998,57.50,57.060001,57.419998,174200,56.983157
2015-05-12,57.23,57.23,56.720001,57.080002,288200,56.645748
2015-05-11,57.689999,57.970001,57.349998,57.389999,298300,56.953387
2015-05-08,58.00,58.00,57.450001,57.849998,375200,57.409886
2015-05-07,57.560001,57.869999,57.32,57.689999,249500,57.251104
2015-05-06,57.549999,57.630001,57.189999,57.549999,251700,57.112169
2015-05-05,57.810001,58.080002,57.310001,57.549999,329200,57.112169
2015-05-04,57.349998,58.060001,57.310001,57.889999,283800,57.449583
2015-05-01,57.330002,57.529999,57.049999,57.18,312900,56.744985
2015-04-30,57.299999,57.580002,56.849998,56.959999,477500,56.526658
2015-04-29,58.610001,58.610001,57.34,57.509998,306400,57.072473
2015-04-28,57.360001,57.849998,57.099998,57.82,279600,57.380116
2015-04-27,57.869999,57.98,57.200001,57.50,248300,57.06255
2015-04-24,58.09,58.32,57.68,57.810001,296500,57.370193
2015-04-23,57.790001,58.130001,57.50,58.00,268800,57.558747
2015-04-22,58.02,58.349998,57.43,57.880001,583300,57.439661
2015-04-21,58.389999,58.610001,58.00,58.040001,350600,57.598443
2015-04-20,58.209999,58.439999,57.84,58.330002,175100,57.886238
2015-04-17,57.91,58.07,57.650002,57.91,429300,57.469431
2015-04-16,58.23,58.450001,57.869999,58.310001,271100,57.86639
2015-04-15,58.400002,58.73,58.299999,58.330002,306100,57.886238
2015-04-14,58.439999,58.639999,58.02,58.349998,299400,57.906082
2015-04-13,57.939999,58.389999,57.869999,58.32,206000,57.876312
