Date,Open,High,Low,Close,Volume,Adj Close
2015-10-09,69.529999,69.699997,69.010002,69.260002,1492800,69.260002
2015-10-08,69.620003,69.82,68.839996,69.660004,2014400,69.660004
2015-10-07,69.07,69.639999,68.540001,69.620003,2024000,69.620003
2015-10-06,69.190002,69.379997,68.690002,69.099998,1451700,69.099998
2015-10-05,68.440002,69.25,68.150002,69.209999,2131900,69.209999
2015-10-02,67.339996,68.230003,67.029999,68.230003,1876600,68.230003
2015-10-01,68.00,68.150002,66.959999,67.699997,1814800,67.699997
2015-09-30,67.330002,67.330002,67.330002,67.330002,000,67.330002
2015-09-29,66.059998,67.489998,65.779999,67.330002,2814700,67.330002
2015-09-28,67.470001,67.50,65.720001,66.110001,2327600,66.110001
2015-09-25,67.980003,68.400002,67.510002,67.650002,2243200,67.650002
2015-09-24,68.059998,68.480003,67.510002,67.910004,2306800,67.910004
2015-09-23,67.50,68.43,67.239998,68.160004,1817900,68.160004
2015-09-22,67.290001,67.970001,67.220001,67.540001,2145700,67.540001
2015-09-21,67.43,68.099998,67.150002,67.730003,2252000,67.730003
2015-09-18,65.209999,68.379997,65.150002,67.360001,5513600,67.360001
2015-09-17,64.470001,67.50,64.089996,66.18,2921400,66.18
2015-09-16,63.66,64.709999,63.66,64.480003,1214200,64.480003
2015-09-15,63.360001,64.160004,62.849998,63.799999,1541700,63.799999
2015-09-14,63.07,63.389999,62.610001,63.349998,2074400,63.349998
2015-09-11,61.740002,62.830002,61.599998,62.810001,1331400,62.810001
2015-09-10,61.849998,62.700001,61.639999,61.849998,1754200,61.849998
2015-09-09,62.98,63.18,61.799999,61.91,2321100,61.91
2015-09-08,62.200001,62.75,61.869999,62.580002,2307500,62.580002
2015-09-04,62.360001,62.549999,61.00,61.419998,1720200,61.419998
2015-09-03,63.400002,63.50,62.689999,62.860001,1631000,62.860001
2015-09-02,63.09,63.540001,62.48,63.220001,2326800,63.220001
2015-09-01,62.580002,62.84,61.900002,62.389999,2545700,62.389999
2015-08-31,64.989998,65.00,63.299999,63.349998,2826100,63.349998
2015-08-28,65.370003,65.50,64.57,65.080002,1916500,65.080002
2015-08-27,65.269997,66.129997,64.150002,65.32,2861000,65.32
2015-08-26,64.199997,64.529999,62.990002,64.419998,3289100,64.419998
2015-08-25,66.589996,66.959999,63.240002,63.290001,3320000,63.290001
2015-08-24,66.309998,66.889999,65.610001,65.760002,5944700,65.760002
2015-08-21,69.290001,69.769997,68.419998,68.419998,2857300,68.419998
2015-08-20,68.779999,69.660004,68.339996,69.370003,2341500,69.370003
2015-08-19,68.910004,69.389999,68.540001,69.059998,1706200,69.059998
2015-08-18,69.309998,69.599998,69.089996,69.330002,1700900,69.330002
2015-08-17,68.050003,69.400002,68.019997,69.349998,3302300,69.349998
2015-08-14,67.639999,68.160004,67.260002,67.93,2342300,67.93
2015-08-13,67.68,68.260002,66.919998,67.849998,2385400,67.849998
2015-08-12,67.75,68.220001,67.080002,68.199997,5850300,68.199997
2015-08-11,67.449997,68.610001,67.410004,67.809998,1857300,67.809998
2015-08-10,68.120003,68.239998,67.089996,67.370003,1723800,67.370003
2015-08-07,67.669998,68.279999,66.830002,68.00,2017700,68.00
2015-08-06,68.510002,68.599998,66.970001,68.489998,2968600,67.664997
2015-08-05,69.459999,69.940002,68.110001,68.550003,2923400,67.72428
2015-08-04,69.220001,70.220001,69.00,69.209999,2544800,68.376326
2015-08-03,69.309998,69.839996,69.260002,69.830002,2177800,68.98886
2015-07-31,69.459999,70.190002,69.209999,69.370003,1792100,68.534402
2015-07-30,69.129997,69.57,68.559998,68.809998,1631600,67.981142
2015-07-29,68.540001,69.480003,68.010002,69.309998,2050400,68.47512
2015-07-28,68.709999,69.089996,68.400002,68.650002,2048700,67.823074
2015-07-27,67.82,68.800003,67.760002,68.690002,2507000,67.862593
2015-07-24,66.900002,68.089996,66.800003,67.82,1561100,67.00307
2015-07-23,67.50,67.730003,66.599998,67.029999,1418500,66.222585
2015-07-22,67.059998,67.800003,67.019997,67.660004,1570000,66.845001
2015-07-21,67.269997,67.550003,66.949997,67.099998,1914100,66.291741
2015-07-20,67.260002,67.43,66.800003,67.330002,1548300,66.518974
2015-07-17,67.550003,67.639999,66.980003,67.300003,1744100,66.489337
2015-07-16,67.699997,68.00,67.07,67.529999,2798800,66.716562
2015-07-15,68.129997,68.25,67.379997,67.529999,3136900,66.716562
2015-07-14,68.709999,68.760002,68.059998,68.129997,1448400,67.309333
2015-07-13,69.209999,69.529999,67.949997,68.459999,1907300,67.63536
2015-07-10,68.800003,69.470001,68.279999,68.75,1835400,67.921868
2015-07-09,69.139999,69.440002,68.239998,68.339996,2270700,67.516803
2015-07-08,68.07,69.07,67.650002,68.699997,2689700,67.872467
2015-07-07,66.980003,68.400002,66.690002,68.300003,2323200,67.477291
2015-07-06,65.879997,66.660004,65.879997,66.599998,1720800,65.797764
2015-07-02,66.879997,67.629997,66.089996,66.230003,2309400,65.432226
2015-07-01,66.00,66.370003,65.370003,66.349998,3443600,65.550775
2015-06-30,66.349998,66.419998,65.480003,65.629997,2496500,64.839447
2015-06-29,66.379997,67.220001,65.720001,65.760002,2430600,64.967886
2015-06-26,66.040001,66.629997,65.699997,66.379997,2027400,65.580413
2015-06-25,66.510002,66.739998,65.919998,65.980003,2636800,65.185237
2015-06-24,67.129997,67.410004,66.410004,66.519997,3234900,65.718726
2015-06-23,67.410004,67.879997,66.650002,67.029999,1661500,66.222585
2015-06-22,69.040001,69.040001,67.480003,67.550003,1944100,66.736325
2015-06-19,68.889999,69.260002,68.230003,68.739998,3196900,67.911986
2015-06-18,68.510002,69.529999,68.230003,68.879997,2374300,68.050299
2015-06-17,68.040001,68.349998,67.32,68.230003,3059900,67.408135
2015-06-16,67.610001,68.389999,67.480003,68.00,2024300,67.180902
2015-06-15,67.830002,67.949997,67.370003,67.519997,1932500,66.70668
2015-06-12,68.339996,68.730003,67.900002,67.959999,1563300,67.141383
2015-06-11,68.720001,68.870003,68.300003,68.43,2004100,67.605722
2015-06-10,67.769997,68.870003,67.620003,68.309998,1566000,67.487165
2015-06-09,68.309998,68.540001,67.690002,67.809998,1444200,66.993188
2015-06-08,67.870003,68.889999,67.610001,68.379997,2087500,67.556322
2015-06-05,68.629997,68.889999,67.769997,67.809998,2935500,66.993188
2015-06-04,69.089996,70.190002,68.650002,69.620003,4032100,68.781391
2015-06-03,70.309998,70.449997,69.220001,69.290001,2643800,68.455364
2015-06-02,70.889999,70.919998,70.209999,70.529999,2206700,69.680425
2015-06-01,70.419998,71.470001,70.260002,71.139999,1932600,70.283078
2015-05-29,70.900002,71.029999,70.00,70.260002,3784800,69.413681
2015-05-28,71.190002,71.190002,70.330002,70.830002,1566800,69.976815
2015-05-27,70.839996,71.330002,70.440002,71.120003,1348600,70.263322
2015-05-26,71.00,71.040001,70.199997,70.580002,2205900,69.729826
2015-05-22,70.989998,71.470001,70.25,70.860001,1438500,70.006452
2015-05-21,71.660004,71.669998,70.910004,71.239998,2095700,70.381872
2015-05-20,71.910004,72.080002,71.370003,71.57,1659200,70.707899
2015-05-19,71.540001,72.239998,71.349998,71.57,1646400,70.707899
2015-05-18,72.00,72.230003,71.389999,71.830002,1935500,70.964769
2015-05-15,71.400002,72.650002,71.32,72.410004,2785500,71.537784
2015-05-14,70.349998,71.18,70.190002,71.150002,1825300,70.29296
2015-05-13,71.099998,71.650002,69.900002,70.089996,2686700,69.245723
2015-05-12,70.209999,71.330002,69.769997,70.93,1854600,70.075609
2015-05-11,71.949997,72.239998,70.589996,70.739998,2053800,69.887895
2015-05-08,71.470001,73.160004,71.459999,72.160004,1923600,71.290796
2015-05-07,70.949997,71.970001,70.809998,71.470001,2692500,69.794041
2015-05-06,71.150002,71.379997,70.489998,70.790001,2268700,69.129987
2015-05-05,72.019997,72.25,70.989998,71.230003,1895100,69.559671
2015-05-04,72.589996,73.00,72.00,72.129997,1503000,70.43856
2015-05-01,72.25,73.00,72.089996,72.260002,1969400,70.565517
2015-04-30,73.68,73.940002,71.529999,72.019997,3481400,70.331139
2015-04-29,74.889999,75.610001,73.629997,73.959999,2017300,72.225649
2015-04-28,75.459999,75.970001,75.010002,75.620003,1181800,73.846726
2015-04-27,76.019997,76.580002,75.449997,75.720001,1513600,73.944379
2015-04-24,75.790001,76.339996,75.559998,75.860001,1055300,74.081096
2015-04-23,75.389999,76.010002,75.239998,75.82,1289200,74.042033
2015-04-22,75.110001,75.790001,75.07,75.440002,1245100,73.670947
2015-04-21,75.629997,76.040001,75.190002,75.230003,1226200,73.465872
2015-04-20,75.339996,75.68,75.00,75.25,1105400,73.4854
2015-04-17,75.559998,76.07,75.019997,75.260002,1413700,73.495167
2015-04-16,75.199997,76.040001,74.919998,75.629997,1213700,73.856486
2015-04-15,76.129997,76.580002,75.379997,75.43,1633900,73.661179
2015-04-14,75.839996,76.639999,75.839996,76.18,1191400,74.393592
2015-04-13,76.059998,76.32,75.489998,75.489998,1816500,73.71977
