Date,Open,High,Low,Close,Volume,Adj Close
2015-10-15,60.150002,61.549999,59.599998,61.419998,1659400,61.419998
2015-10-14,59.970001,60.59,59.50,60.209999,1993500,60.209999
2015-10-13,59.529999,60.849998,58.919998,60.279999,3312500,60.279999
2015-10-12,61.91,62.130001,59.59,60.130001,2539600,60.130001
2015-10-09,62.509998,63.209999,61.029999,61.91,3051600,61.91
2015-10-08,59.950001,63.16,59.84,62.57,5267300,62.57
2015-10-07,60.23,61.310001,57.950001,59.98,4463900,59.98
2015-10-06,55.91,59.189999,55.700001,58.779999,4361500,58.779999
2015-10-05,53.950001,56.290001,53.950001,55.880001,4755800,55.880001
2015-10-02,49.639999,53.919998,49.639999,53.689999,3098100,53.689999
2015-10-01,50.810001,51.560001,50.02,50.75,3373900,50.75
2015-09-30,48.639999,50.150002,48.450001,50.060001,3301600,50.060001
2015-09-29,48.470001,48.889999,47.84,48.279999,2216800,48.279999
2015-09-28,49.41,49.889999,48.23,48.259998,2607500,48.259998
2015-09-25,50.529999,50.810001,49.709999,50.27,2767400,50.27
2015-09-24,49.860001,50.400002,49.310001,50.049999,3662400,50.049999
2015-09-23,51.459999,51.73,49.91,50.07,1853100,50.07
2015-09-22,51.360001,52.650002,50.709999,51.150002,2705300,51.150002
2015-09-21,52.959999,53.150002,52.07,52.299999,4019900,52.299999
2015-09-18,53.599998,53.98,52.07,52.43,3553600,52.43
2015-09-17,54.490002,56.040001,53.810001,54.599998,2818600,54.599998
2015-09-16,53.490002,54.84,53.32,54.689999,2531700,54.44
2015-09-15,52.299999,53.580002,52.169998,52.790001,2975400,52.548687
2015-09-14,52.360001,52.400002,51.09,51.98,3609000,51.742389
2015-09-11,53.080002,53.169998,51.41,52.50,3932700,52.260012
2015-09-10,55.139999,55.599998,53.639999,54.099998,3943400,53.852697
2015-09-09,56.990002,58.240002,54.799999,54.919998,2710400,54.668948
2015-09-08,56.91,57.099998,55.189999,56.529999,2957200,56.271589
2015-09-04,56.41,57.00,55.849998,56.349998,2173300,56.092411
2015-09-03,58.00,59.279999,56.630001,57.400002,3289500,57.137615
2015-09-02,57.82,57.860001,55.349998,57.509998,3555000,57.247109
2015-09-01,57.27,58.610001,56.529999,57.07,3903200,56.809121
2015-08-31,56.110001,59.799999,55.330002,59.450001,4186300,59.178243
2015-08-28,55.509998,58.599998,54.50,57.459999,3963100,57.197338
2015-08-27,52.57,56.060001,52.360001,55.759998,5105000,55.505108
2015-08-26,51.23,51.580002,49.860001,51.220001,4019300,50.985864
2015-08-25,53.009998,53.84,49.900002,49.939999,3798500,49.711713
2015-08-24,51.779999,54.00,50.380001,50.98,5732100,50.74696
2015-08-21,55.310001,56.16,54.810001,54.990002,3426800,54.738631
2015-08-20,56.529999,57.240002,55.700001,55.740002,2640300,55.485203
2015-08-19,58.75,59.18,56.310001,56.73,2471700,56.470675
2015-08-18,59.509998,59.799999,58.439999,59.209999,1773600,58.939338
2015-08-17,58.619999,59.619999,58.380001,58.779999,1776300,58.511304
2015-08-14,58.73,60.00,58.700001,59.080002,2663200,58.809935
2015-08-13,59.110001,59.549999,58.450001,58.790001,3258400,58.52126
2015-08-12,57.419998,59.490002,57.07,59.419998,4753900,59.148378
2015-08-11,57.220001,57.990002,56.599998,57.889999,2393600,57.625373
2015-08-10,56.119999,58.50,56.09,58.439999,2678300,58.172858
2015-08-07,56.599998,57.740002,55.689999,55.919998,3174800,55.664377
2015-08-06,55.580002,56.900002,54.650002,56.810001,3819200,56.550312
2015-08-05,58.459999,58.950001,55.919998,55.919998,3877900,55.664377
2015-08-04,58.07,58.990002,57.310001,57.549999,2991200,57.286927
2015-08-03,58.209999,58.889999,57.32,57.700001,3295800,57.436243
2015-07-31,59.720001,60.299999,58.810001,59.009998,3033100,58.740252
2015-07-30,60.040001,60.779999,59.68,60.330002,2984100,60.054221
2015-07-29,59.950001,61.880001,59.200001,60.040001,6091700,59.765546
2015-07-28,57.98,59.880001,57.580002,59.650002,3838200,59.377329
2015-07-27,57.650002,58.549999,57.18,57.68,3321700,57.416334
2015-07-24,59.389999,59.389999,57.700001,58.490002,4584500,58.222632
2015-07-23,58.959999,59.490002,58.349998,59.279999,2333100,59.009018
2015-07-22,59.34,59.75,58.610001,59.00,2144800,58.730299
2015-07-21,59.799999,60.560001,59.00,59.18,2470500,58.909477
2015-07-20,60.970001,61.110001,59.509998,59.599998,2486000,59.327555
2015-07-17,62.380001,62.709999,61.209999,61.419998,2231400,61.139235
2015-07-16,63.279999,63.799999,62.610001,62.68,2782300,62.393478
2015-07-15,64.160004,64.690002,62.41,63.049999,3191300,62.761785
2015-07-14,63.98,65.360001,63.73,64.57,5220000,64.274837
2015-07-13,64.459999,64.629997,63.66,63.98,3974300,63.687534
2015-07-10,64.940002,65.489998,64.029999,64.339996,1984700,64.045885
2015-07-09,65.620003,65.650002,64.529999,64.650002,2103600,64.354473
2015-07-08,64.550003,65.330002,63.900002,64.370003,3019500,64.075755
2015-07-07,64.139999,65.370003,63.310001,65.050003,3123300,64.752647
2015-07-06,64.599998,65.059998,64.099998,64.410004,2484100,64.115573
2015-07-02,65.559998,66.199997,65.440002,65.709999,2040900,65.409626
2015-07-01,66.910004,67.18,65.07,65.419998,2638000,65.12095
2015-06-30,67.690002,67.690002,66.459999,66.879997,2246400,66.574275
2015-06-29,67.349998,67.970001,66.900002,66.970001,3140800,66.663868
2015-06-26,68.029999,68.730003,67.470001,68.43,5422200,68.117193
2015-06-25,69.209999,69.440002,67.980003,68.029999,1988200,67.71902
2015-06-24,69.910004,70.370003,68.959999,69.169998,2969700,68.853808
2015-06-23,69.370003,70.459999,68.779999,70.230003,2057700,69.908968
2015-06-22,68.769997,69.260002,68.019997,68.940002,1672100,68.624864
2015-06-19,68.989998,69.580002,68.489998,68.639999,3340200,68.326232
2015-06-18,69.779999,70.230003,69.089996,69.309998,1850700,68.993168
2015-06-17,70.080002,70.669998,68.739998,69.510002,2881300,69.192258
2015-06-16,67.220001,69.510002,67.139999,69.400002,2969900,69.08276
2015-06-15,66.879997,67.830002,66.830002,67.330002,2071700,67.022223
2015-06-12,68.889999,69.18,67.260002,67.660004,3751100,67.350716
2015-06-11,69.510002,69.900002,68.650002,68.830002,6065700,68.266507
2015-06-10,66.559998,66.940002,65.50,65.639999,2110600,65.102621
2015-06-09,65.949997,66.879997,65.50,65.57,2336500,65.033194
2015-06-08,65.800003,66.370003,64.839996,64.989998,4880900,64.457941
2015-06-05,65.989998,67.660004,65.699997,66.080002,2654000,65.539021
2015-06-04,66.300003,66.639999,66.010002,66.169998,2082900,65.62828
2015-06-03,67.190002,67.82,66.730003,66.760002,1192700,66.213454
2015-06-02,67.139999,67.699997,66.540001,67.290001,1703700,66.739114
2015-06-01,67.18,67.339996,66.690002,66.760002,2782800,66.213454
2015-05-29,67.279999,67.790001,66.849998,67.519997,2867000,66.967227
2015-05-28,67.019997,67.50,66.419998,67.290001,2055300,66.739114
2015-05-27,67.110001,68.139999,66.959999,67.220001,2046000,66.669687
2015-05-26,68.129997,68.43,67.139999,67.309998,2627100,66.758947
2015-05-22,69.040001,69.540001,68.43,69.019997,2256700,68.454947
2015-05-21,70.120003,70.400002,69.379997,69.940002,2781600,69.367421
2015-05-20,67.949997,69.639999,67.360001,69.550003,4599200,68.980614
2015-05-19,68.139999,68.550003,67.269997,67.699997,2423900,67.145753
2015-05-18,68.980003,69.07,68.290001,68.889999,1695200,68.326014
2015-05-15,69.239998,70.110001,68.650002,69.660004,1846000,69.089714
2015-05-14,70.349998,70.889999,69.239998,69.410004,1930600,68.841761
2015-05-13,71.989998,72.139999,69.879997,70.25,2395300,69.67488
2015-05-12,71.699997,72.029999,71.019997,71.50,2539800,70.914647
2015-05-11,74.360001,74.50,71.650002,71.690002,2575300,71.103094
2015-05-08,74.160004,74.360001,72.800003,74.339996,3174800,73.731393
2015-05-07,74.199997,74.400002,72.739998,73.459999,2920200,72.8586
2015-05-06,75.029999,75.620003,74.029999,74.470001,2765200,73.860333
2015-05-05,75.389999,76.080002,73.559998,73.900002,4479300,73.295
2015-05-04,75.980003,76.419998,74.169998,74.690002,3037300,74.078533
2015-05-01,77.040001,77.279999,74.989998,75.779999,2135300,75.159606
2015-04-30,78.389999,78.870003,76.599998,76.900002,2924300,76.27044
2015-04-29,78.00,78.809998,75.400002,77.970001,3896700,77.33168
2015-04-28,75.029999,76.860001,75.029999,76.75,2567300,76.121666
2015-04-27,75.480003,75.900002,75.019997,75.220001,1755000,74.604193
2015-04-24,75.290001,75.709999,74.779999,75.209999,1662300,74.594273
2015-04-23,75.75,76.57,75.699997,75.800003,1674100,75.179447
2015-04-22,75.120003,75.879997,74.559998,75.279999,1807100,74.6637
2015-04-21,77.559998,77.720001,74.699997,74.940002,2902400,74.326487
2015-04-20,77.68,79.00,77.440002,77.68,2443500,77.044053
