Date,Open,High,Low,Close,Volume,Adj Close
2015-10-16,50.27,50.880001,50.00,50.490002,1883900,50.490002
2015-10-15,49.310001,50.419998,49.099998,50.220001,2534900,50.220001
2015-10-14,49.330002,49.669998,48.790001,49.07,2389200,49.07
2015-10-13,50.029999,50.450001,48.939999,49.240002,2966600,49.240002
2015-10-12,50.540001,50.75,49.720001,50.259998,2141200,50.259998
2015-10-09,51.349998,51.610001,49.43,50.32,2517600,50.32
2015-10-08,50.43,51.509998,50.099998,51.240002,3152200,51.240002
2015-10-07,51.00,51.099998,49.540001,50.540001,2805800,50.540001
2015-10-06,51.220001,51.419998,50.16,50.209999,3342300,50.209999
2015-10-05,50.93,51.610001,50.16,51.290001,2637800,51.290001
2015-10-02,49.240002,50.560001,48.459999,50.549999,2475100,50.549999
2015-10-01,48.860001,49.919998,48.450001,49.639999,2375700,49.639999
2015-09-30,47.450001,48.93,47.169998,48.84,2708700,48.84
2015-09-29,47.360001,48.41,46.50,46.77,2839700,46.77
2015-09-28,49.75,50.400002,46.720001,47.220001,2925400,47.220001
2015-09-25,48.560001,51.43,47.869999,49.759998,6396900,49.759998
2015-09-24,47.049999,48.52,46.75,48.299999,2482600,48.299999
2015-09-23,47.02,48.259998,46.77,47.18,2455900,47.18
2015-09-22,46.09,47.049999,45.860001,46.77,2414500,46.77
2015-09-21,46.869999,47.459999,46.50,46.57,2790900,46.57
2015-09-18,46.220001,47.549999,45.880001,46.720001,5443500,46.720001
2015-09-17,45.439999,47.939999,44.93,46.59,5946000,46.59
2015-09-16,46.490002,46.650002,44.900002,45.34,3785100,45.34
2015-09-15,46.009998,46.779999,45.439999,46.619999,2994300,46.619999
2015-09-14,48.130001,48.130001,45.720001,45.77,2410900,45.77
2015-09-11,48.080002,48.369999,47.360001,48.099998,1912200,48.099998
2015-09-10,47.57,48.669998,46.830002,48.150002,2832800,48.150002
2015-09-09,48.41,48.709999,46.959999,47.040001,3141500,47.040001
2015-09-08,47.279999,48.009998,46.48,47.900002,3089400,47.900002
2015-09-04,46.299999,47.279999,46.130001,46.419998,3650800,46.419998
2015-09-03,47.029999,47.919998,46.52,46.970001,2993200,46.970001
2015-09-02,46.040001,46.759998,45.380001,46.75,3775100,46.75
2015-09-01,45.860001,46.220001,45.009998,45.279999,3509700,45.279999
2015-08-31,46.549999,47.700001,46.360001,46.860001,3583400,46.860001
2015-08-28,46.48,47.389999,46.400002,46.84,2376300,46.51
2015-08-27,47.220001,47.349998,45.389999,46.349998,3384900,46.02345
2015-08-26,46.049999,46.259998,44.639999,46.209999,3129000,45.884437
2015-08-25,47.68,47.68,44.959999,45.09,3550800,44.772329
2015-08-24,43.700001,47.799999,43.560001,46.16,4654800,45.83479
2015-08-21,49.669998,50.759998,47.869999,47.880001,5530100,47.542674
2015-08-20,51.740002,53.00,51.34,51.560001,3127000,51.196747
2015-08-19,53.119999,53.34,52.299999,52.48,2356900,52.110264
2015-08-18,53.259998,53.459999,52.66,53.259998,1696300,52.884767
2015-08-17,52.950001,53.549999,52.540001,53.389999,2018600,53.013852
2015-08-14,53.169998,53.459999,52.560001,52.830002,2448600,52.4578
2015-08-13,53.66,54.73,52.880001,53.259998,3420100,52.884767
2015-08-12,53.290001,54.00,52.560001,53.779999,3017400,53.401104
2015-08-11,51.580002,53.849998,51.07,53.799999,4494700,53.420964
2015-08-10,50.549999,52.470001,50.450001,52.450001,3446700,52.080476
2015-08-07,50.639999,50.990002,49.84,50.279999,3162400,49.925763
2015-08-06,49.68,51.48,49.439999,50.73,4538600,50.372593
2015-08-05,47.700001,49.709999,47.110001,49.48,5502700,49.1314
2015-08-04,47.189999,47.830002,46.580002,46.869999,2298800,46.539787
2015-08-03,48.080002,48.189999,47.040001,47.18,2244700,46.847605
2015-07-31,48.150002,48.68,47.740002,48.259998,2871300,47.919994
2015-07-30,45.669998,49.540001,45.189999,48.150002,9693300,47.810772
2015-07-29,46.02,46.209999,45.259998,46.029999,2323200,45.705705
2015-07-28,45.529999,46.200001,44.830002,46.009998,2134300,45.685846
2015-07-27,46.02,46.02,44.860001,45.700001,2140700,45.378032
2015-07-24,46.919998,47.139999,46.049999,46.509998,2392000,46.182323
2015-07-23,47.099998,47.509998,46.68,46.73,3334800,46.400774
2015-07-22,46.25,47.490002,45.650002,47.220001,3981400,46.887324
2015-07-21,46.389999,46.740002,45.950001,46.220001,1783200,45.894369
2015-07-20,46.389999,46.790001,45.939999,46.00,2143100,45.675918
2015-07-17,46.380001,46.740002,46.00,46.43,2341100,46.102888
2015-07-16,45.450001,46.50,45.41,46.360001,2768600,46.033382
2015-07-15,45.68,46.32,45.080002,45.130001,2624100,44.812048
2015-07-14,45.799999,46.560001,45.740002,46.119999,2878200,45.795071
2015-07-13,45.669998,46.110001,45.52,45.689999,3889200,45.3681
2015-07-10,44.650002,45.400002,44.52,45.259998,3259000,44.941129
2015-07-09,44.91,45.119999,44.23,44.290001,3254800,43.977966
2015-07-08,45.240002,45.52,44.360001,44.59,3158000,44.275852
2015-07-07,45.029999,45.470001,43.849998,45.360001,3676700,45.040427
2015-07-06,44.389999,45.419998,44.139999,45.169998,2999400,44.851763
2015-07-02,43.900002,44.939999,43.799999,44.82,3703500,44.504231
2015-07-01,42.860001,44.220001,42.68,43.970001,5194400,43.660221
2015-06-30,41.830002,42.779999,41.830002,42.689999,3175700,42.389236
2015-06-29,41.34,42.130001,41.240002,41.389999,2457800,41.098396
2015-06-26,41.529999,42.240002,41.369999,41.84,2403100,41.545226
2015-06-25,41.779999,41.98,41.389999,41.52,1688500,41.227481
2015-06-24,42.049999,42.34,41.630001,41.849998,1684300,41.555154
2015-06-23,41.52,42.27,41.470001,42.169998,1633300,41.872899
2015-06-22,42.060001,42.27,41.360001,41.470001,2769300,41.177834
2015-06-19,41.880001,42.650002,41.790001,41.900002,2420500,41.604805
2015-06-18,41.509998,42.689999,41.310001,42.02,2855300,41.723958
2015-06-17,41.32,41.849998,41.080002,41.310001,1710900,41.018961
2015-06-16,40.669998,41.099998,40.419998,41.080002,1349700,40.790582
2015-06-15,40.52,41.189999,40.369999,40.73,1195700,40.443046
2015-06-12,41.240002,41.369999,40.66,40.84,1786800,40.552271
2015-06-11,41.119999,41.990002,41.02,41.50,1617400,41.207621
2015-06-10,40.959999,41.700001,40.93,41.189999,2564700,40.899804
2015-06-09,41.060001,41.279999,40.599998,40.720001,1935100,40.433118
2015-06-08,41.02,41.400002,40.630001,40.900002,2343000,40.61185
2015-06-05,40.220001,41.439999,40.220001,41.25,2563800,40.959383
2015-06-04,40.040001,40.59,39.830002,40.259998,2701900,39.976356
2015-06-03,40.48,40.639999,40.00,40.400002,2206400,40.115373
2015-06-02,41.27,41.349998,40.240002,40.950001,3150700,40.333823
2015-06-01,41.610001,42.209999,41.290001,41.389999,2687000,40.767201
2015-05-29,42.009998,42.84,41.450001,41.650002,2993700,41.023291
2015-05-28,41.509998,42.290001,41.23,42.060001,2384600,41.427121
2015-05-27,42.150002,42.389999,41.43,41.57,2978100,40.944493
2015-05-26,42.549999,42.73,41.610001,41.709999,2039100,41.082386
2015-05-22,42.560001,43.040001,42.560001,42.880001,1786600,42.234783
2015-05-21,42.75,43.07,42.470001,42.880001,2004700,42.234783
2015-05-20,42.900002,43.209999,42.619999,42.77,1591000,42.126437
2015-05-19,43.099998,43.290001,42.700001,42.939999,1699900,42.293877
2015-05-18,43.049999,43.709999,42.48,43.369999,2435800,42.717407
2015-05-15,42.82,43.27,42.330002,43.049999,2223800,42.402223
2015-05-14,41.880001,43.200001,41.700001,43.150002,2733700,42.50072
2015-05-13,40.860001,41.790001,40.740002,41.639999,2021600,41.013439
2015-05-12,41.330002,41.34,40.470001,40.790001,1813200,40.176231
2015-05-11,42.139999,42.139999,40.849998,41.349998,2062800,40.727802
2015-05-08,41.700001,42.580002,40.91,42.25,3203100,41.614261
2015-05-07,39.810001,41.950001,39.650002,41.650002,4647100,41.023291
2015-05-06,40.450001,41.200001,38.900002,39.509998,4406600,38.915488
2015-05-05,38.970001,39.310001,38.889999,39.099998,1921000,38.511658
2015-05-04,39.779999,39.779999,38.77,38.950001,1477500,38.363917
2015-05-01,38.779999,39.799999,38.669998,39.709999,2123300,39.11248
2015-04-30,39.75,40.169998,38.509998,38.779999,2807400,38.196473
2015-04-29,39.779999,40.200001,39.459999,39.709999,1977000,39.11248
2015-04-28,39.82,40.439999,39.759998,39.849998,2540400,39.250373
2015-04-27,39.73,40.41,39.349998,39.91,3052300,39.309471
2015-04-24,38.580002,39.84,38.470001,39.759998,4495500,39.161727
2015-04-23,38.75,38.990002,38.16,38.50,2190700,37.920688
2015-04-22,38.34,38.810001,38.009998,38.689999,2114400,38.107827
2015-04-21,38.07,38.740002,37.959999,38.189999,2195500,37.615351
2015-04-20,38.040001,38.50,37.93,38.029999,2072700,37.457759
