Date,Open,High,Low,Close,Volume,Adj Close
2015-10-16,108.18,108.330002,105.449997,106.239998,156200,106.239998
2015-10-15,108.580002,109.059998,106.650002,108.300003,206900,108.300003
2015-10-14,109.980003,110.75,108.220001,108.610001,239900,108.610001
2015-10-13,111.010002,112.129997,109.419998,109.519997,230400,109.519997
2015-10-12,113.540001,113.540001,111.559998,111.889999,198600,111.889999
2015-10-09,112.25,113.699997,111.120003,113.510002,221800,113.510002
2015-10-08,109.620003,112.18,109.050003,111.470001,234200,111.470001
2015-10-07,109.220001,110.980003,108.059998,110.220001,284200,110.220001
2015-10-06,108.489998,109.400002,107.989998,108.300003,225900,108.300003
2015-10-05,108.230003,108.900002,107.480003,108.300003,295600,108.300003
2015-10-02,104.230003,106.940002,103.580002,106.940002,187500,106.940002
2015-10-01,106.849998,107.620003,104.519997,105.75,313300,105.75
2015-09-30,106.75,107.660004,105.650002,107.150002,223000,107.150002
2015-09-29,104.480003,105.660004,103.510002,105.349998,238000,105.349998
2015-09-28,104.889999,105.550003,103.43,103.980003,304200,103.980003
2015-09-25,108.150002,108.300003,105.139999,105.720001,161300,105.720001
2015-09-24,105.790001,107.529999,104.989998,107.080002,240700,107.080002
2015-09-23,109.849998,109.889999,107.050003,107.239998,116200,107.239998
2015-09-22,109.239998,110.129997,108.080002,109.010002,199500,109.010002
2015-09-21,112.599998,112.599998,110.339996,110.830002,280600,110.830002
2015-09-18,114.120003,114.400002,111.199997,111.599998,470800,111.599998
2015-09-17,116.290001,117.190002,115.040001,115.279999,167100,115.279999
2015-09-16,116.43,116.800003,115.019997,116.400002,245500,116.400002
2015-09-15,115.639999,116.449997,114.989998,116.300003,138100,116.300003
2015-09-14,115.379997,115.389999,114.029999,115.040001,146700,115.040001
2015-09-11,114.099998,115.650002,113.800003,115.540001,131000,115.540001
2015-09-10,114.849998,116.910004,114.059998,115.230003,238200,115.230003
2015-09-09,116.949997,117.260002,114.550003,114.790001,238600,114.790001
2015-09-08,114.519997,116.089996,113.370003,116.00,270500,116.00
2015-09-04,112.43,113.769997,111.849998,112.610001,221500,112.610001
2015-09-03,114.400002,116.18,113.639999,113.989998,506100,113.989998
2015-09-02,109.400002,114.339996,108.400002,114.260002,764600,114.260002
2015-09-01,110.900002,112.260002,106.970001,107.550003,867100,107.550003
2015-08-31,112.93,114.379997,111.910004,112.580002,285200,112.580002
2015-08-28,112.50,114.129997,111.480003,113.57,393000,113.57
2015-08-27,110.349998,113.620003,110.129997,113.129997,385400,113.129997
2015-08-26,106.529999,109.529999,105.400002,109.389999,364800,109.389999
2015-08-25,110.330002,110.330002,104.559998,104.870003,430400,104.470005
2015-08-24,103.809998,112.010002,102.760002,107.360001,609700,106.950506
2015-08-21,111.910004,114.040001,109.980003,110.07,483800,109.650168
2015-08-20,117.699997,118.059998,112.669998,112.779999,403200,112.349831
2015-08-19,119.809998,120.370003,117.739998,118.309998,367900,117.858737
2015-08-18,119.75,121.400002,119.559998,120.529999,208400,120.070271
2015-08-17,118.589996,120.529999,117.760002,120.129997,329700,119.671795
2015-08-14,116.910004,119.800003,116.610001,119.199997,288900,118.745342
2015-08-13,117.400002,118.730003,116.760002,117.18,359800,116.73305
2015-08-12,117.980003,117.989998,114.639999,117.690002,410900,117.241107
2015-08-11,119.550003,120.75,118.379997,118.980003,349400,118.526187
2015-08-10,117.019997,121.029999,116.489998,120.550003,368900,120.090199
2015-08-07,121.610001,122.309998,113.540001,115.809998,657600,115.368273
2015-08-06,116.459999,128.220001,114.709999,122.260002,591000,121.793676
2015-08-05,116.650002,118.800003,115.769997,117.120003,444300,116.673281
2015-08-04,115.839996,116.900002,114.610001,115.949997,247900,115.507738
2015-08-03,117.029999,117.029999,115.059998,115.730003,278200,115.288584
2015-07-31,116.970001,118.309998,115.839996,117.410004,302900,116.962176
2015-07-30,117.00,117.760002,115.040001,116.610001,249900,116.165224
2015-07-29,114.739998,117.970001,114.470001,117.480003,412100,117.031909
2015-07-28,113.220001,114.989998,112.269997,114.860001,299000,114.421899
2015-07-27,111.690002,112.550003,110.50,112.25,202900,111.821854
2015-07-24,114.940002,115.519997,111.720001,112.040001,249500,111.612656
2015-07-23,115.019997,116.989998,114.169998,114.839996,219900,114.401971
2015-07-22,114.959999,115.150002,113.959999,114.699997,232100,114.262506
2015-07-21,116.339996,116.480003,114.449997,115.459999,247400,115.019609
2015-07-20,117.099998,117.260002,115.870003,116.169998,181900,115.7269
2015-07-17,117.360001,117.639999,116.019997,116.620003,188900,116.175188
2015-07-16,116.739998,117.620003,115.620003,117.589996,249300,117.141482
2015-07-15,116.839996,117.07,115.010002,115.739998,192200,115.29854
2015-07-14,115.980003,117.349998,115.019997,117.110001,283700,116.663317
2015-07-13,115.129997,116.790001,115.129997,116.209999,250600,115.766749
2015-07-10,114.00,114.879997,113.300003,114.169998,213600,113.734529
2015-07-09,113.379997,113.970001,112.449997,112.589996,156200,112.160553
2015-07-08,113.139999,113.75,111.300003,111.93,407100,111.503075
2015-07-07,113.449997,114.580002,111.839996,114.32,283900,113.883958
2015-07-06,111.870003,113.790001,111.650002,113.260002,318100,112.828004
2015-07-02,114.470001,114.470001,112.43,113.07,247800,112.638726
2015-07-01,113.57,114.449997,112.919998,113.790001,346200,113.355981
2015-06-30,113.580002,113.580002,111.379997,112.589996,476300,112.160553
2015-06-29,113.709999,114.110001,112.25,112.449997,288600,112.021088
2015-06-26,116.190002,116.550003,114.709999,114.839996,488200,114.401971
2015-06-25,116.699997,117.080002,115.739998,116.190002,239400,115.746828
2015-06-24,119.25,119.25,116.18,116.269997,254900,115.826517
2015-06-23,117.889999,119.370003,116.410004,119.300003,429000,118.844967
2015-06-22,118.029999,118.120003,116.68,118.019997,262300,117.569842
2015-06-19,117.68,118.610001,117.43,117.440002,326700,116.99206
2015-06-18,117.690002,118.809998,117.459999,117.980003,334300,117.530002
2015-06-17,117.00,117.980003,116.040001,117.580002,285100,117.131526
2015-06-16,116.839996,118.110001,116.339996,116.860001,293700,116.414271
2015-06-15,117.099998,117.82,115.50,116.699997,336200,116.254877
2015-06-12,117.529999,118.410004,117.379997,118.129997,291100,117.679423
2015-06-11,118.82,119.57,118.099998,118.529999,564200,118.077899
2015-06-10,118.160004,119.970001,117.889999,118.75,401000,118.297061
2015-06-09,119.080002,119.080002,117.32,117.440002,251400,116.99206
2015-06-08,119.760002,119.989998,118.489998,118.910004,212200,118.456455
2015-06-05,119.010002,119.739998,117.720001,119.669998,222800,119.21355
2015-06-04,121.099998,121.900002,118.129997,119.379997,254200,118.924656
2015-06-03,122.559998,123.57,121.349998,121.779999,252800,121.315503
2015-06-02,120.50,123.519997,120.50,121.93,329100,121.464932
2015-06-01,124.919998,124.919998,121.139999,121.730003,572000,121.265698
2015-05-29,123.459999,124.389999,121.849998,123.989998,402700,123.517073
2015-05-28,123.459999,124.160004,122.540001,123.410004,254300,122.939291
2015-05-27,122.00,124.239998,121.360001,123.910004,263200,123.437384
2015-05-26,122.190002,122.730003,121.900002,122.330002,377200,121.464931
2015-05-22,122.489998,123.419998,121.360001,122.860001,261300,121.991182
2015-05-21,122.720001,123.68,122.099998,123.129997,242200,122.259269
2015-05-20,121.160004,122.610001,119.919998,122.129997,343100,121.266341
2015-05-19,120.00,121.489998,119.650002,120.489998,395600,119.637939
2015-05-18,122.50,123.730003,122.00,123.50,218100,122.626656
2015-05-15,124.059998,124.309998,122.550003,122.900002,257600,122.0309
2015-05-14,122.949997,124.720001,122.849998,124.150002,309900,123.272061
2015-05-13,121.639999,123.07,121.019997,122.589996,444400,121.723087
2015-05-12,120.029999,121.510002,119.379997,120.669998,504100,119.816666
2015-05-11,118.550003,121.900002,118.510002,120.949997,636100,120.094685
2015-05-08,121.419998,122.57,116.900002,118.75,1286800,117.910246
2015-05-07,128.809998,128.809998,120.519997,123.529999,1337700,122.656442
2015-05-06,134.330002,134.919998,132.929993,133.729996,293900,132.784309
2015-05-05,135.929993,136.160004,133.679993,133.869995,300800,132.923318
2015-05-04,133.639999,136.240005,132.089996,135.660004,231900,134.700668
2015-05-01,132.059998,134.539993,131.410004,133.960007,291600,133.012693
2015-04-30,135.639999,136.580002,131.320007,131.589996,433200,130.659443
2015-04-29,137.029999,137.699997,136.580002,136.690002,199000,135.723383
2015-04-28,137.50,138.699997,136.119995,137.220001,203400,136.249634
2015-04-27,139.539993,140.100006,137.169998,138.119995,193000,137.143264
2015-04-24,139.119995,139.910004,138.690002,139.559998,131300,138.573083
2015-04-23,138.940002,139.990005,138.509995,139.009995,209600,138.026969
2015-04-22,139.149994,140.149994,137.339996,139.759995,169200,138.771666
2015-04-21,139.059998,139.770004,138.119995,139.210007,353000,138.225567
2015-04-20,137.960007,138.899994,137.50,138.160004,189700,137.182989
