Date,Open,High,Low,Close,Volume,Adj Close
2015-10-15,41.18,41.599998,41.009998,41.599998,489600,41.599998
2015-10-14,41.459999,41.59,40.98,41.060001,586100,41.060001
2015-10-13,41.439999,41.799999,41.139999,41.32,564300,41.32
2015-10-12,41.34,41.740002,40.990002,41.560001,448400,41.560001
2015-10-09,41.369999,41.380001,40.98,41.209999,456700,41.209999
2015-10-08,40.82,41.380001,40.66,41.349998,789600,41.349998
2015-10-07,40.259998,40.84,40.119999,40.84,1080100,40.84
2015-10-06,40.150002,40.599998,39.990002,40.110001,779200,40.110001
2015-10-05,39.52,40.290001,39.48,40.209999,602900,40.209999
2015-10-02,38.650002,39.349998,38.470001,39.34,768000,39.34
2015-10-01,38.900002,39.049999,38.18,38.779999,1265300,38.779999
2015-09-30,39.09,39.139999,38.639999,38.75,991700,38.75
2015-09-29,38.310001,38.919998,38.169998,38.830002,701100,38.830002
2015-09-28,38.43,38.57,37.84,38.16,747400,38.16
2015-09-25,38.759998,39.060001,38.439999,38.639999,835000,38.639999
2015-09-24,38.720001,38.990002,38.360001,38.610001,767900,38.610001
2015-09-23,38.75,39.130001,38.630001,38.880001,586900,38.880001
2015-09-22,39.099998,39.310001,38.59,38.59,954200,38.59
2015-09-21,39.209999,39.700001,39.209999,39.400002,800700,39.400002
2015-09-18,39.029999,39.650002,38.970001,39.130001,1348300,39.130001
2015-09-17,38.849998,40.00,38.75,39.419998,931500,39.419998
2015-09-16,38.509998,39.049999,38.450001,38.869999,667000,38.869999
2015-09-15,38.110001,38.799999,37.98,38.57,731500,38.57
2015-09-14,38.16,38.279999,37.990002,38.110001,556300,38.110001
2015-09-11,37.380001,38.080002,37.049999,38.060001,617400,38.060001
2015-09-10,36.959999,37.950001,36.959999,37.439999,1111300,37.439999
2015-09-09,38.07,38.169998,36.939999,37.00,606800,37.00
2015-09-08,37.23,37.450001,36.939999,37.349998,719700,37.349998
2015-09-04,37.310001,37.419998,36.57,36.82,670300,36.82
2015-09-03,37.779999,37.950001,37.380001,37.720001,1035700,37.720001
2015-09-02,37.490002,37.68,37.209999,37.50,1013100,37.50
2015-09-01,37.25,37.689999,36.860001,37.130001,954800,37.130001
2015-08-31,38.880001,38.91,37.900002,37.939999,1163300,37.939999
2015-08-28,39.009998,39.150002,38.540001,38.970001,1056000,38.970001
2015-08-27,38.880001,39.529999,38.240002,39.080002,1075300,39.080002
2015-08-26,38.07,38.529999,37.43,38.439999,1547000,38.439999
2015-08-25,39.389999,39.43,37.41,37.450001,1515100,37.450001
2015-08-24,38.91,39.98,38.27,38.509998,1503400,38.509998
2015-08-21,41.23,41.470001,40.700001,40.709999,1107500,40.709999
2015-08-20,41.630001,42.029999,41.360001,41.580002,941600,41.580002
2015-08-19,41.759998,42.049999,41.490002,41.759998,896400,41.759998
2015-08-18,42.00,42.110001,41.810001,42.02,705300,42.02
2015-08-17,41.759998,42.240002,41.349998,42.07,970800,42.07
2015-08-14,41.52,41.790001,41.380001,41.759998,875900,41.759998
2015-08-13,41.380001,41.849998,41.080002,41.630001,718100,41.630001
2015-08-12,41.82,41.990002,41.400002,41.970001,997100,41.545001
2015-08-11,42.02,42.459999,41.599998,42.040001,975700,41.614292
2015-08-10,42.00,42.169998,41.810001,41.939999,853600,41.515302
2015-08-07,41.779999,42.009998,41.369999,41.91,744200,41.485607
2015-08-06,41.799999,41.939999,41.150002,41.91,845100,41.485607
2015-08-05,42.220001,42.400002,41.619999,41.810001,921800,41.386621
2015-08-04,42.450001,42.779999,42.02,42.139999,662600,41.713277
2015-08-03,42.330002,42.689999,42.290001,42.669998,641800,42.237909
2015-07-31,42.259998,42.599998,42.240002,42.330002,736000,41.901356
2015-07-30,41.970001,42.169998,41.759998,41.93,674300,41.505405
2015-07-29,41.610001,42.299999,41.380001,42.110001,541600,41.683582
2015-07-28,41.68,41.860001,41.43,41.689999,506700,41.267833
2015-07-27,41.709999,42.049999,41.529999,41.68,432400,41.257936
2015-07-24,41.509998,41.880001,41.400002,41.66,622900,41.238138
2015-07-23,42.02,42.189999,41.240002,41.580002,701700,41.158951
2015-07-22,41.93,42.34,41.810001,42.049999,445500,41.624189
2015-07-21,41.950001,42.200001,41.869999,41.990002,682600,41.564799
2015-07-20,41.82,42.060001,41.549999,41.950001,620500,41.525203
2015-07-17,41.900002,41.98,41.66,41.970001,579200,41.545001
2015-07-16,41.799999,42.110001,41.73,41.970001,372700,41.545001
2015-07-15,41.310001,41.700001,41.049999,41.619999,412200,41.198543
2015-07-14,41.450001,41.700001,41.23,41.490002,427200,41.069862
2015-07-13,41.639999,42.02,41.259998,41.470001,467100,41.050064
2015-07-10,41.16,41.650002,41.16,41.310001,496100,40.891684
2015-07-09,41.369999,41.490002,40.869999,40.959999,626700,40.545226
2015-07-08,41.139999,41.360001,40.91,41.150002,672500,40.733305
2015-07-07,40.900002,41.419998,40.610001,41.290001,605300,40.871886
2015-07-06,40.27,40.830002,40.02,40.740002,452400,40.327456
2015-07-02,40.849998,41.27,40.369999,40.439999,659000,40.030491
2015-07-01,39.900002,40.580002,39.73,40.540001,932400,40.129481
2015-06-30,40.240002,40.41,39.720001,39.950001,805400,39.545455
2015-06-29,40.560001,41.009998,39.93,39.959999,916600,39.555352
2015-06-26,40.360001,40.849998,40.130001,40.689999,761900,40.27796
2015-06-25,40.830002,40.919998,40.27,40.360001,720700,39.951303
2015-06-24,41.169998,41.299999,41.02,41.029999,496300,40.614517
2015-06-23,41.220001,41.509998,41.02,41.130001,492400,40.713507
2015-06-22,41.740002,42.080002,41.380001,41.439999,530800,41.020365
2015-06-19,41.93,42.029999,41.52,41.68,1556400,41.257936
2015-06-18,41.630001,42.310001,41.630001,42.18,646700,41.752873
2015-06-17,41.470001,41.610001,40.91,41.50,833500,41.079759
2015-06-16,41.119999,41.709999,41.02,41.459999,448200,41.040163
2015-06-15,41.27,41.27,40.740002,41.049999,545500,40.634315
2015-06-12,41.41,41.540001,41.18,41.32,316800,40.901581
2015-06-11,41.48,41.610001,41.27,41.450001,577000,41.030266
2015-06-10,40.959999,41.560001,40.849998,41.220001,593400,40.802595
2015-06-09,41.25,41.400002,40.82,40.900002,512100,40.485836
2015-06-08,41.389999,41.50,41.080002,41.209999,388100,40.792695
2015-06-05,41.380001,41.560001,41.16,41.330002,537300,40.911482
2015-06-04,41.830002,42.16,41.689999,41.799999,646700,41.37672
2015-06-03,41.990002,42.299999,41.759998,41.939999,635000,41.515302
2015-06-02,42.48,42.700001,41.869999,42.099998,508100,41.673682
2015-06-01,42.009998,42.619999,41.860001,42.59,760500,42.158721
2015-05-29,42.619999,42.689999,41.869999,41.950001,834100,41.525203
2015-05-28,42.900002,43.139999,42.369999,42.68,421800,42.24781
2015-05-27,42.389999,43.060001,42.18,43.00,571600,42.564569
2015-05-26,42.369999,42.439999,41.959999,42.330002,557500,41.901356
2015-05-22,42.77,43.060001,42.41,42.43,476200,42.000342
2015-05-21,42.919998,43.09,42.610001,42.93,1159000,42.495279
2015-05-20,42.84,43.220001,42.77,42.900002,676200,42.465584
2015-05-19,42.52,43.00,42.400002,42.790001,767800,42.356697
2015-05-18,42.259998,42.790001,42.099998,42.68,625100,42.24781
2015-05-15,42.880001,43.200001,42.599998,42.84,800200,41.985494
2015-05-14,42.310001,42.740002,42.029999,42.73,816600,41.877687
2015-05-13,42.77,43.09,41.950001,42.09,1010700,41.250454
2015-05-12,41.91,42.599998,41.459999,42.48,637300,41.632674
2015-05-11,42.830002,43.110001,42.02,42.189999,826400,41.348458
2015-05-08,43.419998,44.099998,43.00,43.029999,660300,42.171703
2015-05-07,42.060001,42.990002,41.959999,42.84,718500,41.985494
2015-05-06,42.25,42.369999,41.709999,42.02,655700,41.18185
2015-05-05,43.029999,43.18,41.970001,42.240002,876600,41.397463
2015-05-04,43.150002,43.470001,42.959999,43.290001,895500,42.426519
2015-05-01,43.07,43.50,42.970001,43.009998,1050000,42.152101
2015-04-30,43.759998,43.900002,42.810001,43.040001,858300,42.181505
2015-04-29,45.209999,45.52,43.900002,44.02,738800,43.141957
2015-04-28,45.009998,45.139999,44.560001,44.970001,660900,44.073009
2015-04-27,45.389999,45.68,44.900002,45.110001,570200,44.210216
2015-04-24,45.200001,45.639999,44.919998,45.299999,363800,44.396425
2015-04-23,45.080002,45.52,44.810001,45.07,443500,44.171013
2015-04-22,45.18,45.400002,44.93,45.099998,512600,44.200413
2015-04-21,45.369999,45.73,44.939999,45.07,579000,44.171013
2015-04-20,44.970001,45.34,44.790001,45.169998,538800,44.269017
