Date,Open,High,Low,Close,Volume,Adj Close
2015-10-09,46.689999,47.060001,46.32,46.799999,118400,46.799999
2015-10-08,45.709999,46.59,45.41,46.560001,144400,46.560001
2015-10-07,44.549999,46.02,44.400002,45.889999,189500,45.889999
2015-10-06,44.66,44.950001,44.009998,44.290001,142600,44.290001
2015-10-05,43.889999,44.919998,43.75,44.830002,163500,44.830002
2015-10-02,42.709999,43.73,42.360001,43.689999,190500,43.689999
2015-10-01,42.93,43.439999,42.369999,43.299999,141600,43.299999
2015-09-30,42.709999,43.23,42.279999,42.900002,162100,42.900002
2015-09-29,42.040001,42.419998,41.290001,42.330002,226700,42.330002
2015-09-28,42.720001,43.18,41.91,42.139999,182400,42.139999
2015-09-25,44.299999,44.299999,43.009998,43.110001,145200,43.110001
2015-09-24,43.900002,44.099998,43.169998,43.860001,119200,43.860001
2015-09-23,44.459999,44.779999,43.939999,44.16,120400,44.16
2015-09-22,44.720001,44.990002,44.029999,44.25,100900,44.25
2015-09-21,45.16,46.00,45.02,45.169998,105700,45.169998
2015-09-18,45.130001,45.630001,44.560001,44.709999,318800,44.709999
2015-09-17,46.279999,46.669998,45.509998,45.970001,203600,45.970001
2015-09-16,45.490002,46.25,45.419998,46.209999,91300,46.209999
2015-09-15,45.099998,45.509998,44.509998,45.41,144100,45.41
2015-09-14,44.939999,44.939999,44.439999,44.689999,59600,44.689999
2015-09-11,44.599998,44.93,43.84,44.91,121400,44.91
2015-09-10,45.290001,45.580002,44.75,44.919998,99400,44.919998
2015-09-09,46.00,46.029999,45.290001,45.41,121200,45.41
2015-09-08,45.459999,45.889999,45.32,45.700001,150500,45.700001
2015-09-04,44.220001,44.98,44.220001,44.689999,135000,44.689999
2015-09-03,45.18,45.59,44.75,44.860001,148200,44.860001
2015-09-02,44.77,45.00,44.040001,44.990002,217200,44.990002
2015-09-01,45.59,46.029999,44.220001,44.259998,216400,44.259998
2015-08-31,45.880001,46.939999,45.700001,46.740002,188700,46.740002
2015-08-28,45.950001,46.689999,45.709999,46.029999,179200,46.029999
2015-08-27,45.759998,46.290001,45.110001,46.09,172100,46.09
2015-08-26,45.189999,45.599998,43.939999,45.380001,147300,45.380001
2015-08-25,46.700001,46.799999,44.32,44.400002,186200,44.400002
2015-08-24,44.830002,46.740002,44.82,45.619999,303100,45.619999
2015-08-21,46.91,48.040001,45.77,46.91,240500,46.91
2015-08-20,48.889999,49.75,48.68,48.709999,190400,48.709999
2015-08-19,49.68,50.080002,49.00,49.419998,132400,49.419998
2015-08-18,49.970001,50.279999,49.66,49.919998,93100,49.919998
2015-08-17,48.759998,50.110001,48.540001,50.009998,100200,50.009998
2015-08-14,48.049999,49.119999,48.009998,48.98,86400,48.98
2015-08-13,48.200001,48.84,47.970001,48.18,75600,48.18
2015-08-12,48.689999,48.689999,47.889999,48.259998,96400,48.259998
2015-08-11,49.060001,49.810001,48.900002,49.209999,134200,48.944998
2015-08-10,48.889999,49.849998,48.880001,49.560001,106900,49.293116
2015-08-07,49.009998,49.349998,48.040001,48.529999,163700,48.26866
2015-08-06,50.200001,50.50,48.889999,49.27,144700,49.004677
2015-08-05,49.889999,50.490002,49.630001,50.110001,128100,49.840153
2015-08-04,49.310001,49.990002,48.34,49.59,122800,49.322953
2015-08-03,49.580002,49.599998,48.84,49.279999,87800,49.014621
2015-07-31,49.720001,50.00,49.349998,49.59,124600,49.322953
2015-07-30,49.119999,49.84,49.060001,49.580002,105900,49.313009
2015-07-29,48.709999,49.529999,48.630001,49.32,96000,49.054407
2015-07-28,48.619999,49.029999,47.880001,48.82,120200,48.557099
2015-07-27,48.490002,48.98,48.220001,48.299999,162000,48.039899
2015-07-24,49.669998,50.290001,48.810001,48.900002,168200,48.63667
2015-07-23,51.619999,52.52,49.560001,49.720001,205000,49.452254
2015-07-22,50.529999,51.040001,50.200001,50.630001,143800,50.357353
2015-07-21,51.049999,51.799999,50.560001,50.66,144800,50.387191
2015-07-20,50.880001,51.630001,50.52,51.189999,104300,50.914335
2015-07-17,51.66,51.799999,50.68,50.950001,133400,50.67563
2015-07-16,52.02,52.150002,51.389999,51.68,128500,51.401698
2015-07-15,51.50,51.82,51.080002,51.630001,115000,51.351968
2015-07-14,51.169998,51.650002,50.84,51.540001,86900,51.262453
2015-07-13,51.060001,51.779999,50.709999,51.16,156700,50.884498
2015-07-10,50.57,51.049999,50.27,50.790001,102600,50.516492
2015-07-09,50.540001,50.669998,49.700001,49.880001,107900,49.611392
2015-07-08,49.82,50.799999,49.310001,49.799999,246200,49.531821
2015-07-07,50.599998,50.889999,49.50,50.48,143400,50.20816
2015-07-06,49.82,50.939999,49.540001,50.580002,150700,50.307623
2015-07-02,51.439999,51.630001,50.110001,50.349998,120200,50.078859
2015-07-01,51.700001,51.810001,50.759998,51.240002,195400,50.964069
2015-06-30,52.23,52.23,50.880001,51.150002,160900,50.874554
2015-06-29,52.810001,53.349998,51.619999,51.720001,140700,51.441484
2015-06-26,52.77,53.75,52.549999,53.200001,355100,52.913513
2015-06-25,53.07,53.07,52.150002,52.700001,99700,52.416206
2015-06-24,52.75,52.93,52.299999,52.59,121700,52.306798
2015-06-23,52.799999,53.029999,52.310001,52.900002,86600,52.61513
2015-06-22,52.639999,52.939999,52.25,52.73,100800,52.446043
2015-06-19,52.66,53.02,52.040001,52.349998,238100,52.068088
2015-06-18,51.470001,52.860001,51.360001,52.529999,129700,52.247119
2015-06-17,51.790001,51.82,51.200001,51.310001,68600,51.033692
2015-06-16,50.84,51.889999,50.580002,51.59,91300,51.312183
2015-06-15,51.02,51.02,49.900002,50.810001,116200,50.536384
2015-06-12,51.529999,51.84,51.139999,51.509998,98800,51.232612
2015-06-11,51.279999,51.799999,51.060001,51.75,166400,51.471321
2015-06-10,50.360001,51.740002,50.360001,51.119999,131000,50.844713
2015-06-09,49.68,50.27,49.080002,50.080002,102300,49.810316
2015-06-08,49.759998,50.00,49.41,49.68,94300,49.412468
2015-06-05,48.619999,49.91,48.25,49.84,131500,49.571607
2015-06-04,49.27,49.599998,48.57,48.73,75600,48.467584
2015-06-03,49.349998,49.91,48.869999,49.599998,195800,49.332897
2015-06-02,48.389999,49.759998,48.34,49.130001,79300,48.865431
2015-06-01,50.610001,50.610001,48.119999,48.77,108900,48.507369
2015-05-29,49.029999,49.490002,48.18,48.490002,124800,48.228878
2015-05-28,48.849998,49.540001,48.66,49.189999,84000,48.925106
2015-05-27,48.07,49.34,47.73,49.150002,167800,48.885324
2015-05-26,48.400002,48.400002,47.630001,47.93,225100,47.671892
2015-05-22,49.560001,50.150002,48.509998,48.549999,181600,48.288553
2015-05-21,49.630001,50.450001,49.310001,49.799999,151700,49.531821
2015-05-20,49.560001,49.959999,49.25,49.709999,99300,49.442306
2015-05-19,49.689999,50.150002,49.529999,49.540001,121600,49.273223
2015-05-18,49.07,49.919998,48.540001,49.639999,178300,49.372683
2015-05-15,50.169998,50.169998,48.950001,49.150002,134800,48.885324
2015-05-14,49.139999,50.110001,48.799999,50.099998,180700,49.830205
2015-05-13,49.080002,49.439999,48.07,48.810001,138300,48.547155
2015-05-12,49.349998,49.700001,48.400002,49.18,190600,48.651588
2015-05-11,50.310001,50.82,49.68,49.700001,246100,49.166001
2015-05-08,49.57,51.91,49.419998,50.330002,353400,49.789234
2015-05-07,47.549999,48.220001,47.48,48.16,145500,47.642547
2015-05-06,48.360001,48.41,46.970001,47.66,178100,47.147919
2015-05-05,48.240002,48.73,47.25,48.049999,275400,47.533728
2015-05-04,48.099998,48.759998,48.099998,48.34,228700,47.820613
2015-05-01,46.740002,48.240002,46.68,48.09,278600,47.573299
2015-04-30,47.900002,48.200001,46.189999,46.639999,317700,46.138878
2015-04-29,49.41,49.52,48.040001,48.209999,219600,47.692009
2015-04-28,49.459999,50.00,48.830002,49.830002,313200,49.294606
2015-04-27,52.049999,52.049999,48.610001,49.400002,399700,48.869226
2015-04-24,51.200001,52.130001,50.040001,51.98,377800,51.421503
2015-04-23,55.75,56.59,51.18,51.27,837900,50.719132
2015-04-22,57.189999,57.740002,56.790001,57.580002,185700,56.961336
2015-04-21,57.200001,57.59,56.610001,56.880001,148900,56.268857
2015-04-20,56.099998,57.07,55.599998,56.799999,172900,56.189714
2015-04-17,56.299999,56.299999,55.130001,55.549999,129000,54.953145
2015-04-16,57.119999,57.119999,56.450001,56.700001,91000,56.09079
2015-04-15,57.259998,57.549999,56.779999,57.220001,144100,56.605204
2015-04-14,56.43,57.23,56.040001,57.099998,122700,56.48649
2015-04-13,56.540001,57.060001,56.189999,56.369999,113700,55.764334
