Date,Open,High,Low,Close,Volume,Adj Close
2015-10-09,55.080002,55.59,54.849998,55.09,2461800,55.09
2015-10-08,54.23,55.349998,54.200001,55.080002,2523000,55.080002
2015-10-07,54.869999,55.310001,53.919998,54.549999,4504400,54.549999
2015-10-06,55.75,56.23,54.59,54.82,2806500,54.82
2015-10-05,55.23,56.400002,55.200001,55.849998,2491200,55.849998
2015-10-02,53.369999,54.990002,53.07,54.950001,2132500,54.950001
2015-10-01,54.849998,54.950001,53.130001,54.09,2622900,54.09
2015-09-30,54.310001,55.470001,54.18,54.900002,3064100,54.900002
2015-09-29,52.790001,53.580002,52.419998,53.220001,2663300,53.220001
2015-09-28,53.52,53.740002,52.450001,52.75,2371800,52.75
2015-09-25,53.889999,54.139999,53.580002,53.880001,1908900,53.880001
2015-09-24,52.310001,53.68,52.23,53.439999,2312600,53.439999
2015-09-23,53.599998,53.860001,52.950001,53.09,2026000,53.09
2015-09-22,53.810001,53.939999,53.23,53.599998,2769700,53.599998
2015-09-21,54.529999,55.50,54.50,54.82,2001400,54.82
2015-09-18,55.009998,55.080002,54.16,54.419998,4488700,54.419998
2015-09-17,55.970001,56.560001,55.560001,55.700001,1885300,55.700001
2015-09-16,54.919998,56.16,54.889999,55.959999,2080600,55.959999
2015-09-15,54.349998,55.16,54.259998,54.990002,1801700,54.990002
2015-09-14,54.82,55.360001,54.34,54.48,2423500,54.48
2015-09-11,54.41,54.919998,54.349998,54.779999,2236900,54.779999
2015-09-10,55.259998,55.259998,54.00,54.799999,3386700,54.489998
2015-09-09,56.27,56.68,55.310001,55.43,1919700,55.116435
2015-09-08,55.59,56.00,54.580002,55.759998,2913100,55.444566
2015-09-04,54.790001,55.220001,54.419998,54.779999,2857800,54.470111
2015-09-03,56.119999,56.610001,55.639999,55.790001,2102500,55.474399
2015-09-02,55.310001,55.790001,54.990002,55.790001,2226800,55.474399
2015-09-01,54.790001,55.43,54.27,54.650002,2150300,54.340849
2015-08-31,56.150002,56.580002,55.860001,56.049999,1983700,55.732927
2015-08-28,56.52,56.740002,56.169998,56.639999,1767600,56.319589
2015-08-27,55.669998,56.610001,55.41,56.580002,1980100,56.259931
2015-08-26,54.68,55.00,53.669998,54.889999,2359200,54.579489
2015-08-25,55.549999,55.869999,53.200001,53.209999,3148400,52.908992
2015-08-24,52.50,56.029999,50.639999,54.290001,5348300,53.982885
2015-08-21,58.00,58.349998,56.139999,56.290001,3846200,55.971571
2015-08-20,59.130001,59.59,58.529999,58.540001,3177500,58.208843
2015-08-19,59.32,60.330002,59.200001,59.84,2050800,59.501488
2015-08-18,59.82,59.98,59.459999,59.790001,1666200,59.451771
2015-08-17,59.169998,59.98,58.880001,59.880001,1782500,59.541262
2015-08-14,58.790001,59.59,58.529999,59.23,1457400,58.894938
2015-08-13,58.360001,59.349998,58.209999,58.900002,1351600,58.566807
2015-08-12,59.080002,59.189999,58.060001,58.66,2003300,58.328163
2015-08-11,59.669998,60.02,59.369999,59.720001,2349300,59.382168
2015-08-10,58.93,60.669998,58.91,60.41,3062700,60.068263
2015-08-07,58.450001,59.389999,58.27,58.75,1917400,58.417654
2015-08-06,58.099998,58.720001,57.959999,58.450001,1912400,58.119352
2015-08-05,58.220001,58.639999,58.00,58.110001,1548300,57.781275
2015-08-04,57.66,58.50,57.52,57.950001,1018600,57.62218
2015-08-03,58.50,58.619999,57.799999,58.00,1379400,57.671896
2015-07-31,58.77,58.82,58.110001,58.299999,1631200,57.970199
2015-07-30,58.25,58.869999,58.25,58.59,1513200,58.258559
2015-07-29,58.330002,58.779999,58.130001,58.650002,1738500,58.318221
2015-07-28,58.220001,58.50,57.77,58.18,1861800,57.850879
2015-07-27,57.380001,58.02,57.25,57.799999,2113300,57.473027
2015-07-24,58.73,58.73,57.470001,57.57,2608900,57.244329
2015-07-23,58.810001,59.290001,58.029999,58.25,2205300,57.920482
2015-07-22,57.459999,59.330002,57.459999,58.610001,4753300,58.278446
2015-07-21,57.490002,58.049999,56.43,57.669998,6184400,57.343761
2015-07-20,55.029999,55.349998,54.66,54.939999,2759600,54.629205
2015-07-17,55.509998,55.599998,54.740002,54.959999,2345000,54.649093
2015-07-16,56.32,56.439999,55.32,55.68,2241900,55.365021
2015-07-15,57.540001,57.689999,55.779999,55.860001,2514100,55.544003
2015-07-14,56.939999,58.220001,56.939999,57.610001,3136100,57.284103
2015-07-13,56.23,56.66,56.029999,56.529999,2064600,56.210211
2015-07-10,55.43,55.830002,55.27,55.68,1462100,55.365021
2015-07-09,55.259998,55.380001,54.560001,54.700001,1257900,54.390565
2015-07-08,55.700001,55.849998,54.27,54.700001,3173100,54.390565
2015-07-07,56.450001,56.790001,55.349998,56.66,1770700,56.339477
2015-07-06,56.299999,56.790001,55.779999,56.450001,2430100,56.130666
2015-07-02,56.59,56.610001,55.650002,56.029999,1362200,55.713039
2015-07-01,56.91,56.950001,55.939999,56.099998,1927800,55.782643
2015-06-30,56.59,56.720001,55.849998,56.349998,1894700,56.031229
2015-06-29,56.509998,56.639999,55.869999,55.93,2197300,55.613607
2015-06-26,57.700001,57.700001,56.860001,56.91,3588800,56.588062
2015-06-25,57.880001,57.889999,57.279999,57.419998,1099000,57.095176
2015-06-24,58.310001,58.540001,57.57,57.849998,1788000,57.522743
2015-06-23,58.619999,59.040001,58.18,58.200001,2271300,57.870766
2015-06-22,58.779999,59.099998,58.580002,58.75,2415900,58.417654
2015-06-19,58.98,59.00,58.040001,58.299999,3558800,57.970199
2015-06-18,57.57,59.610001,57.57,59.009998,7034800,58.676181
2015-06-17,54.98,57.110001,54.77,56.66,3939400,56.339477
2015-06-16,54.48,54.779999,54.369999,54.709999,1083400,54.400507
2015-06-15,54.040001,54.66,53.82,54.52,1956700,54.211583
2015-06-12,54.41,54.849998,54.41,54.52,1847600,54.211583
2015-06-11,54.029999,54.720001,53.939999,54.720001,2481600,54.410452
2015-06-10,53.59,54.84,53.549999,54.689999,1924700,54.38062
2015-06-09,53.939999,54.310001,53.639999,54.02,1412700,53.714412
2015-06-08,54.23,54.380001,53.849998,53.900002,1718200,53.595092
2015-06-05,54.189999,54.50,53.939999,54.299999,1324300,53.992826
2015-06-04,54.130001,54.700001,54.009998,54.169998,1314000,53.863561
2015-06-03,54.240002,55.060001,54.200001,54.529999,1729100,54.221525
2015-06-02,53.200001,54.970001,53.200001,54.02,2121300,53.714412
2015-06-01,53.68,53.68,53.099998,53.389999,2348000,53.087974
2015-05-29,53.950001,53.990002,53.380001,53.490002,2596800,53.187411
2015-05-28,54.82,54.93,53.759998,54.02,2670300,53.714412
2015-05-27,55.00,55.259998,54.700001,54.970001,1973000,54.659038
2015-05-26,56.720001,56.720001,54.560001,54.939999,2561400,54.629205
2015-05-22,57.00,57.25,56.900002,56.950001,2110100,56.319591
2015-05-21,56.50,57.099998,56.389999,57.00,1966700,56.369036
2015-05-20,55.98,56.669998,55.889999,56.529999,2241700,55.904238
2015-05-19,56.330002,56.330002,55.73,55.98,1944400,55.360327
2015-05-18,55.709999,56.189999,55.619999,56.16,2004600,55.538335
2015-05-15,54.73,55.720001,54.610001,55.689999,3959600,55.073536
2015-05-14,55.48,55.509998,53.040001,54.610001,7396300,54.005493
2015-05-13,56.400002,56.48,55.709999,55.799999,1910000,55.182319
2015-05-12,56.630001,56.84,56.110001,56.18,1749800,55.558114
2015-05-11,57.009998,57.599998,56.849998,56.880001,1166200,56.250366
2015-05-08,57.400002,57.889999,57.169998,57.23,1236800,56.59649
2015-05-07,56.43,57.00,56.299999,56.860001,1081600,56.230587
2015-05-06,57.200001,57.27,56.310001,56.529999,2186200,55.904238
2015-05-05,56.759998,57.580002,56.66,57.16,3318000,56.527265
2015-05-04,56.779999,57.060001,56.540001,56.700001,2296500,56.072358
2015-05-01,56.689999,56.779999,56.360001,56.59,2044300,55.963575
2015-04-30,56.75,56.880001,56.169998,56.209999,2481300,55.58778
2015-04-29,56.599998,57.080002,56.529999,56.849998,2264800,56.220695
2015-04-28,57.669998,57.91,56.650002,56.93,2963400,56.299812
2015-04-27,57.43,57.66,56.869999,57.50,2775100,56.863502
2015-04-24,57.41,57.790001,57.080002,57.23,2458500,56.59649
2015-04-23,56.48,57.200001,56.139999,56.950001,2999800,56.319591
2015-04-22,55.759998,56.959999,55.509998,56.23,7543100,55.60756
2015-04-21,56.439999,57.779999,55.59,55.720001,15471900,55.103207
2015-04-20,60.990002,61.830002,60.93,61.77,3422500,61.086235
2015-04-17,61.310001,61.330002,60.290001,60.599998,2489200,59.929185
2015-04-16,61.639999,61.93,61.139999,61.709999,2277500,61.026898
2015-04-15,62.18,62.259998,61.57,61.700001,2013000,61.01701
2015-04-14,62.060001,62.369999,61.189999,62.169998,1382900,61.481805
2015-04-13,62.619999,62.919998,62.310001,62.439999,1412400,61.748817
