Date,Open,High,Low,Close,Volume,Adj Close
2015-10-09,37.400002,37.650002,37.119999,37.279999,3014200,37.279999
2015-10-08,37.41,37.48,36.720001,37.200001,2806900,37.200001
2015-10-07,37.360001,37.720001,36.689999,37.48,2484800,37.48
2015-10-06,38.779999,39.799999,37.130001,37.470001,3296400,37.470001
2015-10-05,39.669998,39.669998,38.610001,38.779999,4710000,38.779999
2015-10-02,38.490002,39.43,38.259998,39.419998,2194500,39.419998
2015-10-01,39.02,39.25,38.25,39.029999,1955700,39.029999
2015-09-30,38.389999,39.240002,38.18,39.130001,2876700,39.130001
2015-09-29,37.880001,38.360001,37.299999,37.860001,4765600,37.860001
2015-09-28,39.720001,39.790001,37.00,37.759998,4008400,37.759998
2015-09-25,41.23,41.34,39.709999,40.00,2381300,40.00
2015-09-24,40.860001,41.02,40.400002,40.709999,2433200,40.709999
2015-09-23,41.34,41.599998,40.869999,41.189999,1745300,41.189999
2015-09-22,41.099998,41.529999,40.959999,41.389999,1893200,41.389999
2015-09-21,41.830002,42.25,41.18,41.759998,1687800,41.759998
2015-09-18,41.630001,42.369999,41.139999,41.610001,5630300,41.610001
2015-09-17,41.639999,42.580002,41.529999,41.990002,2415500,41.990002
2015-09-16,41.580002,41.610001,40.709999,41.52,2424400,41.52
2015-09-15,40.689999,41.330002,40.32,41.139999,2288900,41.139999
2015-09-14,40.189999,40.459999,39.880001,40.459999,1980100,40.459999
2015-09-11,39.450001,40.220001,39.369999,40.110001,1899900,40.110001
2015-09-10,38.900002,39.66,38.75,39.389999,1720800,39.389999
2015-09-09,40.00,40.00,38.860001,38.939999,2319800,38.939999
2015-09-08,39.139999,39.779999,38.689999,39.669998,4153700,39.669998
2015-09-04,38.00,38.689999,37.98,38.529999,2755100,38.529999
2015-09-03,38.119999,38.82,38.119999,38.43,2638800,38.43
2015-09-02,38.220001,38.439999,37.32,37.880001,3905300,37.880001
2015-09-01,38.279999,38.48,37.07,37.220001,4676900,37.220001
2015-08-31,39.419998,39.709999,38.689999,38.810001,1847900,38.810001
2015-08-28,39.240002,39.779999,38.52,39.759998,2209600,39.759998
2015-08-27,39.290001,39.470001,38.709999,39.310001,2317200,39.310001
2015-08-26,38.970001,39.18,37.59,38.720001,4269300,38.720001
2015-08-25,39.299999,39.32,37.970001,38.00,3846100,38.00
2015-08-24,37.220001,38.82,35.799999,38.029999,6542100,38.029999
2015-08-21,40.52,40.830002,39.669998,39.740002,3225200,39.740002
2015-08-20,41.91,42.169998,40.860001,40.869999,1796800,40.869999
2015-08-19,42.580002,42.599998,41.93,42.209999,2209600,42.209999
2015-08-18,42.419998,43.00,42.23,42.599998,2269500,42.599998
2015-08-17,42.41,42.990002,42.09,42.919998,2382100,42.919998
2015-08-14,41.490002,42.48,41.490002,42.450001,3896600,42.450001
2015-08-13,42.09,42.259998,41.68,41.73,4378600,41.73
2015-08-12,40.950001,42.080002,40.689999,41.900002,4622000,41.900002
2015-08-11,41.200001,41.66,40.959999,41.240002,3347800,41.240002
2015-08-10,41.02,41.880001,40.799999,41.509998,4153000,41.509998
2015-08-07,40.32,40.779999,39.759998,40.740002,5016500,40.740002
2015-08-06,42.130001,42.43,40.400002,40.419998,5798600,40.419998
2015-08-05,41.48,42.48,41.48,42.279999,6526900,42.279999
2015-08-04,40.599998,41.990002,40.599998,41.389999,7866700,41.389999
2015-08-03,41.669998,41.990002,41.290001,41.57,3287400,41.57
2015-07-31,40.849998,41.709999,40.779999,41.66,4308900,41.66
2015-07-30,41.50,42.349998,40.68,40.75,12723700,40.75
2015-07-29,37.599998,38.110001,37.450001,38.029999,2954900,38.029999
2015-07-28,37.84,37.84,37.240002,37.540001,4232700,37.540001
2015-07-27,37.66,37.77,37.34,37.66,2054600,37.66
2015-07-24,37.919998,38.130001,37.529999,37.91,2940000,37.91
2015-07-23,37.98,38.049999,37.59,37.619999,2072600,37.619999
2015-07-22,37.84,38.119999,37.75,37.990002,2650500,37.990002
2015-07-21,38.049999,38.119999,37.689999,37.900002,1343700,37.900002
2015-07-20,38.150002,38.240002,37.77,37.900002,1858200,37.900002
2015-07-17,38.220001,38.220001,37.830002,38.009998,1445000,38.009998
2015-07-16,37.959999,38.549999,37.48,38.099998,4598300,38.099998
2015-07-15,38.560001,38.830002,38.310001,38.34,2247200,38.34
2015-07-14,38.490002,39.349998,38.330002,38.400002,3846200,38.400002
2015-07-13,38.490002,39.310001,38.400002,39.240002,3151700,39.240002
2015-07-10,38.389999,38.790001,38.16,38.709999,2765600,38.709999
2015-07-09,38.23,38.32,37.950001,37.959999,2459500,37.959999
2015-07-08,38.57,38.68,37.630001,37.799999,6606600,37.799999
2015-07-07,38.50,38.98,38.220001,38.799999,3041600,38.799999
2015-07-06,38.049999,38.41,37.779999,38.34,2370700,38.34
2015-07-02,38.16,38.459999,37.93,38.41,2480600,38.41
2015-07-01,38.41,38.52,38.009998,38.130001,1477000,38.130001
2015-06-30,37.830002,38.130001,37.75,38.060001,1576800,38.060001
2015-06-29,37.970001,38.369999,37.599998,37.630001,2363800,37.630001
2015-06-26,37.810001,38.549999,37.779999,38.25,4549700,38.25
2015-06-25,37.790001,37.84,37.619999,37.689999,1751400,37.689999
2015-06-24,37.860001,37.919998,37.48,37.630001,1276700,37.630001
2015-06-23,38.349998,38.450001,37.93,37.93,1080100,37.93
2015-06-22,38.540001,38.540001,38.009998,38.110001,2609900,38.110001
2015-06-19,38.029999,38.330002,38.00,38.259998,1736300,38.259998
2015-06-18,37.380001,37.950001,37.369999,37.869999,1614400,37.869999
2015-06-17,37.66,37.66,37.09,37.369999,1140500,37.369999
2015-06-16,36.990002,37.509998,36.919998,37.50,1847400,37.50
2015-06-15,37.00,37.209999,36.830002,37.080002,2294700,37.080002
2015-06-12,37.259998,37.490002,37.080002,37.299999,2375200,37.299999
2015-06-11,37.110001,37.599998,37.02,37.400002,1855600,37.400002
2015-06-10,36.709999,37.310001,36.50,37.099998,3590200,37.099998
2015-06-09,36.290001,36.580002,36.02,36.549999,1436300,36.549999
2015-06-08,36.330002,36.450001,36.189999,36.25,1333500,36.25
2015-06-05,36.290001,36.439999,36.029999,36.369999,1495800,36.369999
2015-06-04,36.169998,36.450001,36.080002,36.259998,1630200,36.259998
2015-06-03,36.349998,36.549999,36.27,36.43,3745600,36.43
2015-06-02,35.990002,36.360001,35.709999,36.23,1512100,36.23
2015-06-01,36.00,36.349998,35.77,36.139999,1736700,36.139999
2015-05-29,35.240002,35.93,35.00,35.77,2517800,35.77
2015-05-28,35.34,35.450001,35.00,35.290001,1880000,35.290001
2015-05-27,34.639999,35.50,34.639999,35.450001,1714900,35.450001
2015-05-26,35.029999,35.080002,34.43,34.610001,2081100,34.610001
2015-05-22,34.869999,35.240002,34.849998,35.049999,803200,35.049999
2015-05-21,34.849998,35.009998,34.57,34.959999,1146000,34.959999
2015-05-20,35.299999,35.299999,34.849998,34.889999,1272700,34.889999
2015-05-19,34.689999,35.349998,34.610001,35.32,1516400,35.32
2015-05-18,34.310001,34.709999,34.220001,34.619999,877400,34.619999
2015-05-15,34.310001,34.57,34.25,34.450001,815100,34.450001
2015-05-14,34.23,34.400002,33.98,34.299999,1040800,34.299999
2015-05-13,33.950001,34.139999,33.740002,34.080002,1463800,34.080002
2015-05-12,34.060001,34.060001,33.700001,33.849998,707100,33.849998
2015-05-11,34.009998,34.34,33.959999,34.25,1024100,34.25
2015-05-08,33.950001,34.150002,33.709999,33.990002,889500,33.990002
2015-05-07,33.349998,33.880001,32.950001,33.639999,1062100,33.639999
2015-05-06,33.700001,33.75,33.380001,33.470001,1467600,33.470001
2015-05-05,34.360001,34.66,33.459999,33.630001,2190900,33.630001
2015-05-04,34.139999,34.560001,34.00,34.400002,2002500,34.400002
2015-05-01,33.990002,34.349998,33.84,34.009998,1968600,34.009998
2015-04-30,34.369999,34.650002,33.389999,33.740002,6481300,33.740002
2015-04-29,32.810001,33.220001,32.419998,32.66,2263800,32.66
2015-04-28,33.080002,33.299999,32.720001,33.040001,2707700,33.040001
2015-04-27,34.009998,34.02,33.02,33.150002,2386600,33.150002
2015-04-24,33.490002,34.200001,33.310001,33.990002,1883300,33.990002
2015-04-23,33.16,33.610001,33.139999,33.419998,2912700,33.419998
2015-04-22,33.369999,33.50,33.119999,33.259998,2259900,33.259998
2015-04-21,33.240002,33.52,32.970001,33.330002,1636100,33.330002
2015-04-20,32.580002,33.16,32.509998,33.080002,1219700,33.080002
2015-04-17,32.66,32.860001,32.360001,32.470001,657100,32.470001
2015-04-16,32.599998,32.84,32.560001,32.82,801500,32.82
2015-04-15,33.259998,33.259998,32.709999,32.740002,776600,32.740002
2015-04-14,33.200001,33.310001,32.950001,33.18,897400,33.18
2015-04-13,33.27,33.459999,33.099998,33.169998,680000,33.169998
