Date,Open,High,Low,Close,Volume,Adj Close
2015-10-15,67.970001,68.160004,66.190002,67.940002,2169500,67.940002
2015-10-14,69.110001,69.199997,67.239998,67.370003,1890100,67.370003
2015-10-13,69.830002,70.349998,68.769997,69.129997,1755300,69.129997
2015-10-12,70.639999,70.980003,70.00,70.330002,1195600,70.330002
2015-10-09,71.050003,71.339996,70.349998,70.519997,1803100,70.519997
2015-10-08,70.199997,71.470001,70.129997,71.25,1615600,71.25
2015-10-07,69.18,70.360001,69.18,70.309998,2751100,70.309998
2015-10-06,69.620003,69.82,68.910004,69.00,1072000,69.00
2015-10-05,68.400002,70.00,68.400002,69.68,1268300,69.68
2015-10-02,66.480003,68.040001,65.400002,68.040001,1408800,68.040001
2015-10-01,66.699997,67.849998,66.529999,67.440002,1779100,67.440002
2015-09-30,65.419998,66.769997,65.230003,66.480003,2303400,66.480003
2015-09-29,65.220001,65.540001,63.990002,64.529999,2225200,64.529999
2015-09-28,67.849998,68.099998,65.129997,65.169998,2458200,65.169998
2015-09-25,68.970001,69.269997,68.00,68.389999,1584800,68.389999
2015-09-24,69.00,69.309998,67.75,68.300003,2213000,68.300003
2015-09-23,70.089996,70.32,69.18,69.370003,1229200,69.370003
2015-09-22,70.00,70.57,69.199997,69.970001,1844600,69.970001
2015-09-21,71.949997,71.970001,70.870003,71.220001,1465200,71.220001
2015-09-18,72.43,72.739998,71.010002,71.339996,2710700,71.339996
2015-09-17,73.889999,74.989998,73.510002,73.660004,1292500,73.660004
2015-09-16,73.910004,74.339996,73.389999,74.139999,1178100,74.139999
2015-09-15,74.239998,74.379997,72.720001,74.080002,1844700,74.080002
2015-09-14,73.739998,74.169998,73.239998,73.849998,3469500,73.849998
2015-09-11,71.480003,73.790001,71.480003,73.699997,2414100,73.699997
2015-09-10,72.010002,72.279999,71.440002,71.910004,1359100,71.910004
2015-09-09,72.650002,73.230003,71.849998,72.110001,2834800,72.110001
2015-09-08,71.449997,72.400002,70.970001,72.330002,1832100,71.955
2015-09-04,70.110001,70.860001,69.709999,70.419998,2054600,70.054899
2015-09-03,70.440002,71.900002,70.00,71.050003,1633300,70.681638
2015-09-02,69.559998,70.25,69.129997,70.199997,2402700,69.836039
2015-09-01,70.050003,70.50,68.410004,68.849998,2503200,68.493039
2015-08-31,72.769997,72.959999,71.449997,71.470001,1629900,71.099459
2015-08-28,72.339996,73.529999,72.099998,73.290001,1169500,72.910022
2015-08-27,71.879997,73.050003,71.260002,72.669998,2295900,72.293234
2015-08-26,71.32,71.32,69.400002,71.089996,2490600,70.721424
2015-08-25,72.00,72.040001,69.620003,69.620003,2796000,69.259052
2015-08-24,66.449997,70.980003,66.389999,69.949997,3975600,69.587335
2015-08-21,74.150002,74.589996,73.160004,73.169998,2096300,72.790642
2015-08-20,75.93,76.389999,74.800003,74.800003,1633600,74.412196
2015-08-19,76.260002,77.589996,76.239998,76.959999,1603800,76.560993
2015-08-18,77.199997,77.510002,76.660004,76.860001,899400,76.461513
2015-08-17,75.339996,77.739998,74.769997,77.459999,2112600,77.058401
2015-08-14,75.800003,76.050003,75.059998,75.389999,1056000,74.999133
2015-08-13,75.949997,76.370003,75.269997,75.779999,1447800,75.38711
2015-08-12,75.480003,76.059998,74.239998,75.830002,2755000,75.436854
2015-08-11,76.589996,77.00,76.080002,76.410004,1354100,76.013849
2015-08-10,77.089996,77.290001,76.470001,77.239998,3332300,76.83954
2015-08-07,76.089996,76.480003,75.639999,76.379997,1203300,75.983998
2015-08-06,77.00,77.00,75.57,75.910004,2408900,75.516441
2015-08-05,78.599998,78.989998,76.620003,76.830002,3788900,76.43167
2015-08-04,78.459999,78.849998,77.720001,78.199997,1929900,77.794562
2015-08-03,79.949997,80.080002,77.620003,78.330002,1852400,77.923893
2015-07-31,78.879997,80.050003,77.860001,79.459999,3640900,79.048032
2015-07-30,83.75,86.959999,77.620003,78.199997,8417100,77.794562
2015-07-29,81.07,82.900002,81.040001,82.650002,2500600,82.221495
2015-07-28,80.870003,81.68,80.129997,80.699997,3230300,80.2816
2015-07-27,80.889999,81.32,79.529999,79.910004,1991700,79.495703
2015-07-24,82.870003,82.870003,81.290001,81.589996,1801800,81.166986
2015-07-23,84.900002,84.980003,82.379997,82.709999,2555100,82.281182
2015-07-22,84.099998,85.00,83.910004,84.870003,1575400,84.429987
2015-07-21,84.720001,84.980003,83.900002,84.239998,979000,83.803248
2015-07-20,85.769997,85.769997,84.739998,84.790001,1042500,84.350399
2015-07-17,84.849998,85.800003,84.519997,85.620003,3006700,85.176098
2015-07-16,85.309998,85.900002,84.360001,84.849998,3216300,84.410086
2015-07-15,83.93,84.580002,83.68,84.099998,1772100,83.663974
2015-07-14,82.959999,84.459999,82.639999,84.139999,2514100,83.703768
2015-07-13,82.440002,82.699997,82.00,82.480003,2284500,82.052378
2015-07-10,81.139999,81.940002,81.099998,81.760002,2297600,81.33611
2015-07-09,81.68,82.239998,80.349998,80.379997,1450900,79.96326
2015-07-08,81.57,81.769997,80.519997,80.580002,2888500,80.162227
2015-07-07,82.25,82.489998,81.099998,82.139999,2430100,81.714137
2015-07-06,81.639999,82.620003,81.550003,82.07,1482300,81.6445
2015-07-02,82.339996,82.459999,81.75,82.269997,1258000,81.84346
2015-07-01,81.779999,82.739998,81.709999,82.00,1615500,81.574864
2015-06-30,81.459999,81.459999,80.309998,81.089996,2077000,80.669578
2015-06-29,81.550003,82.199997,80.449997,80.550003,3273000,80.132384
2015-06-26,82.639999,82.879997,82.199997,82.690002,2943500,82.261289
2015-06-25,82.510002,82.769997,82.059998,82.220001,2111400,81.793724
2015-06-24,82.709999,83.589996,82.360001,82.389999,2747300,81.962841
2015-06-23,82.949997,83.120003,82.209999,82.68,2138900,82.251338
2015-06-22,82.790001,83.080002,82.32,82.830002,2257900,82.400562
2015-06-19,82.57,83.059998,82.32,82.489998,1824900,82.062321
2015-06-18,82.029999,83.029999,81.93,82.790001,2796700,82.360769
2015-06-17,82.199997,82.50,81.449997,81.900002,1481800,81.475384
2015-06-16,82.150002,82.389999,81.800003,82.239998,1203000,81.813617
2015-06-15,82.010002,82.239998,81.620003,81.760002,1586000,81.33611
2015-06-12,82.400002,82.839996,82.00,82.18,1033600,81.753931
2015-06-11,82.309998,83.07,82.239998,82.940002,1367700,82.509992
2015-06-10,82.220001,82.709999,82.010002,82.139999,1636800,81.714137
2015-06-09,82.75,82.919998,82.099998,82.169998,3827500,81.74398
2015-06-08,84.18,84.18,82.550003,82.709999,2635100,82.281182
2015-06-05,83.400002,84.800003,83.00,84.550003,3475800,84.111646
2015-06-04,83.279999,84.449997,83.230003,83.839996,2565100,83.40532
2015-06-03,84.260002,84.769997,83.040001,84.269997,4637900,83.460037
2015-06-02,82.18,82.769997,81.889999,82.400002,2715400,81.608015
2015-06-01,83.00,83.150002,82.279999,82.360001,2609400,81.568399
2015-05-29,83.949997,84.169998,82.57,82.760002,2363800,81.593159
2015-05-28,84.550003,84.779999,83.440002,84.089996,2090100,82.904401
2015-05-27,84.410004,84.639999,83.75,84.510002,1839700,83.318485
2015-05-26,84.970001,84.970001,83.419998,83.900002,1613000,82.717085
2015-05-22,85.00,85.32,84.50,84.779999,1020700,83.584675
2015-05-21,85.059998,85.389999,84.809998,84.839996,1832100,83.643827
2015-05-20,85.769997,85.769997,85.050003,85.349998,1428700,84.146639
2015-05-19,85.379997,86.120003,85.18,85.620003,2229700,84.412836
2015-05-18,84.870003,85.739998,84.790001,85.290001,1769800,84.087487
2015-05-15,85.00,85.110001,84.529999,84.849998,1616300,83.653688
2015-05-14,84.550003,85.07,84.260002,84.919998,3308400,83.722701
2015-05-13,84.489998,85.080002,83.82,83.860001,3338300,82.677648
2015-05-12,84.00,84.629997,83.879997,83.919998,2221000,82.7368
2015-05-11,85.00,85.940002,84.519997,84.599998,4914600,83.407213
2015-05-08,86.50,87.660004,86.419998,86.610001,1947600,85.388876
2015-05-07,85.00,85.720001,84.709999,85.690002,2701800,84.481849
2015-05-06,85.50,85.529999,84.529999,84.989998,2926700,83.791714
2015-05-05,86.25,86.269997,85.150002,85.400002,3846700,84.195937
2015-05-04,86.139999,86.879997,86.139999,86.18,2393600,84.964938
2015-05-01,86.199997,86.699997,85.309998,86.550003,3129900,85.329724
2015-04-30,87.529999,87.75,84.989998,85.949997,7677500,84.738178
2015-04-29,87.559998,87.989998,86.519997,87.529999,19612400,86.295903
2015-04-28,81.300003,81.529999,80.059998,80.800003,3568600,79.660794
2015-04-27,83.370003,83.519997,80.720001,81.239998,4957900,80.094585
2015-04-24,83.93,84.059998,83.050003,83.129997,1380000,81.957937
2015-04-23,83.470001,84.019997,83.290001,83.339996,2200000,82.164976
2015-04-22,83.769997,84.199997,82.440002,83.510002,2367000,82.332585
2015-04-21,82.830002,84.300003,82.290001,83.730003,3454700,82.549484
2015-04-20,82.330002,82.629997,81.949997,82.470001,2720700,81.307247
