Date,Open,High,Low,Close,Volume,Adj Close
2015-10-09,59.740002,60.529999,58.34,60.259998,2776200,60.259998
2015-10-08,57.25,60.189999,55.75,59.580002,3689200,59.580002
2015-10-07,57.130001,58.639999,55.150002,57.009998,4063600,57.009998
2015-10-06,52.299999,56.220001,51.66,56.169998,5415000,56.169998
2015-10-05,50.150002,52.209999,49.73,51.810001,2939300,51.810001
2015-10-02,46.360001,49.380001,46.32,49.279999,2729000,49.279999
2015-10-01,48.209999,49.00,46.50,46.860001,3042500,46.860001
2015-09-30,48.189999,49.049999,46.720001,47.259998,4115300,47.259998
2015-09-29,47.360001,48.73,46.650002,47.84,3445000,47.84
2015-09-28,46.27,46.860001,46.16,46.50,3205700,46.50
2015-09-25,47.709999,48.150002,46.740002,47.09,2444400,47.09
2015-09-24,46.82,48.00,46.610001,47.380001,3355700,47.380001
2015-09-23,47.880001,48.93,46.560001,47.130001,2490800,47.130001
2015-09-22,47.060001,48.860001,47.02,47.439999,2585000,47.439999
2015-09-21,49.540001,50.00,47.959999,48.07,3479300,48.07
2015-09-18,50.50,51.220001,48.849998,49.27,4151800,49.27
2015-09-17,52.470001,54.049999,51.459999,52.59,3655400,52.59
2015-09-16,50.560001,53.07,50.360001,52.849998,3347900,52.849998
2015-09-15,49.380001,50.389999,49.080002,49.889999,2148300,49.889999
2015-09-14,49.310001,49.349998,47.59,49.009998,3324700,49.009998
2015-09-11,49.919998,50.52,48.349998,49.349998,3676200,49.349998
2015-09-10,50.700001,51.48,49.540001,51.290001,3220600,51.290001
2015-09-09,52.84,53.790001,50.32,50.66,2888200,50.66
2015-09-08,52.459999,53.490002,51.34,52.950001,2905100,52.950001
2015-09-04,54.029999,54.060001,51.959999,52.25,2902400,52.25
2015-09-03,54.639999,56.830002,54.049999,54.700001,3066700,54.700001
2015-09-02,56.419998,56.529999,53.00,54.610001,3965600,54.610001
2015-09-01,56.900002,58.509998,55.389999,55.919998,2820500,55.919998
2015-08-31,56.580002,59.330002,55.50,59.009998,3641500,59.009998
2015-08-28,55.110001,59.169998,54.509998,57.650002,4808000,57.650002
2015-08-27,52.860001,55.32,52.25,55.09,3460300,55.09
2015-08-26,52.150002,53.580002,50.32,51.490002,4287700,51.490002
2015-08-25,53.380001,53.380001,50.59,50.91,4282700,50.91
2015-08-24,50.310001,53.900002,49.990002,51.369999,4363500,51.369999
2015-08-21,56.52,58.009998,54.720001,54.75,2671500,54.75
2015-08-20,57.759998,58.540001,56.459999,56.459999,1834700,56.459999
2015-08-19,58.080002,58.419998,56.50,57.209999,2241600,57.209999
2015-08-18,58.07,59.279999,57.779999,58.630001,1552000,58.630001
2015-08-17,57.959999,58.759998,57.029999,58.029999,2262300,58.029999
2015-08-14,60.490002,61.75,58.200001,58.259998,2464400,58.259998
2015-08-13,61.580002,61.880001,59.75,60.43,2040100,60.43
2015-08-12,60.75,62.990002,60.080002,62.290001,2567500,62.290001
2015-08-11,60.77,62.349998,60.189999,61.740002,2970200,61.052002
2015-08-10,59.689999,63.07,59.130001,62.669998,2298600,61.971635
2015-08-07,61.18,62.98,59.07,59.459999,2841200,58.797406
2015-08-06,57.099998,62.040001,56.07,61.66,3499200,60.972891
2015-08-05,59.299999,60.189999,56.880001,57.459999,2285100,56.819693
2015-08-04,58.310001,59.73,58.130001,58.490002,1887300,57.838218
2015-08-03,57.450001,58.880001,56.720001,57.759998,2088700,57.116349
2015-07-31,58.130001,59.00,57.470001,57.740002,2024200,57.096576
2015-07-30,59.68,60.889999,58.27,58.73,3978200,58.075541
2015-07-29,57.470001,60.450001,56.91,59.799999,4116300,59.133618
2015-07-28,56.139999,58.369999,54.93,57.77,2574300,57.12624
2015-07-27,55.18,56.34,54.200001,55.639999,3164600,55.019975
2015-07-24,59.599998,59.610001,55.540001,55.919998,4684200,55.296853
2015-07-23,59.16,61.240002,58.830002,59.610001,2359800,58.945736
2015-07-22,58.990002,59.25,58.169998,58.82,2028400,58.164539
2015-07-21,59.799999,61.25,59.189999,59.27,2236700,58.609525
2015-07-20,60.509998,60.700001,59.34,59.779999,2045400,59.11384
2015-07-17,61.759998,62.00,60.169998,60.529999,2894700,59.855482
2015-07-16,63.200001,63.540001,61.470001,61.939999,2216900,61.24977
2015-07-15,65.400002,65.809998,62.540001,62.709999,2471000,62.01119
2015-07-14,64.480003,66.209999,64.400002,65.940002,1852800,65.2052
2015-07-13,64.650002,65.230003,63.830002,64.809998,1687700,64.087787
2015-07-10,65.290001,65.779999,63.91,64.110001,1584000,63.39559
2015-07-09,64.980003,65.720001,64.489998,64.550003,1633800,63.83069
2015-07-08,64.610001,66.18,62.84,63.68,2077100,62.970382
2015-07-07,65.089996,65.809998,62.450001,65.620003,3430400,64.888766
2015-07-06,66.25,66.959999,65.18,65.50,2001400,64.7701
2015-07-02,68.379997,68.93,67.489998,67.760002,1593600,67.004918
2015-07-01,70.290001,70.339996,67.910004,68.010002,2099100,67.252132
2015-06-30,70.57,70.949997,69.739998,70.419998,1707000,69.635273
2015-06-29,69.650002,70.720001,69.00,69.830002,1836000,69.051851
2015-06-26,70.599998,71.419998,70.18,70.949997,3095800,70.159365
2015-06-25,70.959999,71.339996,70.57,70.800003,1776700,70.011043
2015-06-24,71.709999,72.25,70.379997,70.949997,3544700,70.159365
2015-06-23,72.459999,73.220001,72.279999,72.940002,1074300,72.127195
2015-06-22,72.209999,72.800003,71.290001,72.57,1149900,71.761315
2015-06-19,72.269997,72.690002,71.50,72.099998,1903100,71.296552
2015-06-18,74.279999,74.660004,72.650002,72.790001,1426700,71.978865
2015-06-17,74.389999,75.059998,73.470001,73.919998,876000,73.09627
2015-06-16,72.690002,74.07,72.599998,73.760002,943800,72.938057
2015-06-15,72.410004,73.32,71.839996,72.610001,984100,71.800871
2015-06-12,72.989998,73.690002,72.620003,73.50,957300,72.680952
2015-06-11,74.910004,75.18,73.620003,73.720001,1071700,72.898502
2015-06-10,74.879997,75.25,73.809998,75.120003,1307900,74.282903
2015-06-09,73.900002,74.760002,72.68,72.690002,1132200,71.879981
2015-06-08,73.339996,74.589996,72.849998,73.120003,1093200,72.30519
2015-06-05,71.809998,74.720001,71.730003,73.650002,1485700,72.829282
2015-06-04,72.830002,73.300003,71.870003,72.18,1398200,71.375662
2015-06-03,73.860001,74.790001,72.849998,73.440002,1429400,72.621623
2015-06-02,72.470001,74.470001,72.43,73.809998,1221400,72.987495
2015-06-01,72.980003,73.07,71.739998,72.010002,1500600,71.207558
2015-05-29,73.129997,74.07,72.93,72.989998,1574500,72.176633
2015-05-28,72.760002,73.459999,71.849998,73.089996,1271800,72.275518
2015-05-27,72.129997,73.940002,71.699997,73.480003,1738500,72.661179
2015-05-26,74.160004,75.010002,72.470001,72.660004,1334100,71.850317
2015-05-22,74.669998,76.309998,74.360001,75.269997,982700,74.431225
2015-05-21,74.779999,76.510002,74.68,75.519997,1500400,74.678439
2015-05-20,72.800003,74.139999,72.18,73.68,1485200,72.858947
2015-05-19,73.449997,73.910004,71.419998,72.470001,1511400,71.662431
2015-05-18,73.860001,74.839996,73.32,74.57,1270700,73.739028
2015-05-15,74.040001,74.50,73.00,73.839996,1518800,73.01716
2015-05-14,75.300003,76.25,73.610001,74.279999,1583000,73.452259
2015-05-13,76.059998,76.43,74.910004,75.809998,1239600,74.965208
2015-05-12,75.699997,76.599998,74.389999,76.07,1504400,74.541981
2015-05-11,77.650002,77.660004,75.309998,75.489998,1571500,73.97363
2015-05-08,76.830002,77.879997,75.400002,77.660004,1395200,76.100047
2015-05-07,77.339996,77.339996,75.510002,75.989998,2591500,74.463586
2015-05-06,78.959999,79.260002,77.349998,78.150002,1916000,76.580202
2015-05-05,78.440002,79.900002,77.209999,77.610001,1918400,76.051048
2015-05-04,78.879997,78.879997,76.800003,77.510002,1114500,75.953058
2015-05-01,77.720001,78.800003,76.57,78.470001,1660200,76.893774
2015-04-30,78.720001,79.290001,77.190002,77.970001,2284000,76.403818
2015-04-29,76.089996,79.110001,75.370003,78.410004,1779100,76.834982
2015-04-28,75.610001,76.550003,75.029999,76.349998,1593700,74.816356
2015-04-27,76.830002,77.75,75.760002,75.879997,2308000,74.355795
2015-04-24,75.050003,75.580002,73.839996,74.419998,1527300,72.925123
2015-04-23,73.389999,75.720001,71.980003,75.330002,2884400,73.816848
2015-04-22,71.970001,73.949997,71.970001,73.529999,2735400,72.053001
2015-04-21,74.230003,74.709999,71.690002,72.050003,2405700,70.602734
2015-04-20,74.32,75.540001,73.910004,74.029999,1743000,72.542958
2015-04-17,75.510002,75.510002,73.25,73.639999,2107200,72.160792
2015-04-16,77.279999,77.919998,75.459999,75.779999,2147200,74.257806
2015-04-15,76.00,78.25,75.099998,77.650002,2601100,76.090246
2015-04-14,72.50,75.800003,72.50,75.690002,3170400,74.169617
2015-04-13,73.099998,73.620003,71.830002,72.010002,2124300,70.563537
