Date,Open,High,Low,Close,Volume,Adj Close
2015-10-16,76.540001,76.790001,75.889999,76.580002,659400,76.580002
2015-10-15,76.529999,76.610001,75.269997,76.440002,645900,76.440002
2015-10-14,75.540001,76.50,75.349998,76.029999,720700,76.029999
2015-10-13,76.370003,76.82,75.50,75.57,1075000,75.57
2015-10-12,76.489998,77.889999,76.32,77.00,1363300,77.00
2015-10-09,75.529999,75.800003,75.080002,75.730003,557500,75.730003
2015-10-08,74.43,75.660004,74.349998,75.50,478100,75.50
2015-10-07,75.080002,75.150002,73.720001,74.730003,992900,74.730003
2015-10-06,74.50,74.919998,74.010002,74.440002,790000,74.440002
2015-10-05,74.540001,75.440002,74.260002,74.739998,882700,74.739998
2015-10-02,72.269997,74.029999,71.889999,73.959999,905200,73.959999
2015-10-01,72.989998,73.620003,72.68,73.239998,1295400,73.239998
2015-09-30,71.989998,73.260002,71.660004,73.150002,998700,73.150002
2015-09-29,70.25,71.220001,70.099998,71.07,1168400,71.07
2015-09-28,71.660004,72.099998,70.199997,70.279999,665200,70.279999
2015-09-25,72.239998,73.150002,72.059998,72.220001,1633100,72.220001
2015-09-24,71.839996,72.279999,71.199997,71.550003,946100,71.550003
2015-09-23,72.480003,72.620003,71.910004,72.449997,691800,72.449997
2015-09-22,72.559998,72.900002,72.080002,72.279999,815800,72.279999
2015-09-21,73.440002,74.239998,73.209999,73.489998,769400,73.489998
2015-09-18,73.639999,74.370003,72.959999,73.169998,1089600,73.169998
2015-09-17,74.580002,75.550003,74.199997,74.650002,1125500,74.650002
2015-09-16,73.870003,74.660004,73.650002,74.540001,675700,74.540001
2015-09-15,70.25,74.419998,70.25,73.93,696900,73.93
2015-09-14,74.029999,74.480003,73.529999,73.900002,650200,73.900002
2015-09-11,74.339996,74.809998,73.50,74.089996,769300,74.089996
2015-09-10,75.43,75.870003,74.830002,75.07,726800,75.07
2015-09-09,77.419998,77.639999,75.360001,75.529999,1211400,75.529999
2015-09-08,75.779999,77.239998,74.419998,76.980003,2097700,76.480005
2015-09-04,74.57,75.029999,73.68,73.959999,794200,73.479616
2015-09-03,75.410004,76.580002,75.309998,75.75,898800,75.25799
2015-09-02,75.18,75.699997,74.440002,75.339996,768200,74.85065
2015-09-01,75.419998,75.82,74.150002,74.639999,1504700,74.155199
2015-08-31,77.110001,77.449997,76.529999,76.82,768300,76.32104
2015-08-28,76.650002,77.580002,76.50,77.540001,735000,77.036365
2015-08-27,76.50,77.099998,75.519997,77.059998,740300,76.559479
2015-08-26,75.519997,75.93,73.510002,75.839996,1119400,75.347402
2015-08-25,76.349998,77.080002,73.730003,73.760002,1754100,73.280918
2015-08-24,74.029999,77.760002,72.489998,75.18,1575600,74.691693
2015-08-21,79.599998,79.900002,78.260002,78.419998,1273800,77.910646
2015-08-20,81.459999,81.660004,80.160004,80.209999,570700,79.689021
2015-08-19,82.339996,82.519997,81.239998,81.989998,667200,81.457458
2015-08-18,82.849998,83.220001,82.370003,82.629997,644900,82.093301
2015-08-17,82.269997,83.099998,81.830002,83.019997,579900,82.480767
2015-08-14,82.839996,83.019997,81.980003,82.870003,523800,82.331747
2015-08-13,83.529999,83.970001,82.540001,82.580002,666600,82.04363
2015-08-12,82.550003,83.470001,81.669998,83.410004,694000,82.868241
2015-08-11,84.059998,84.199997,82.379997,82.93,1128100,82.391355
2015-08-10,82.75,84.779999,82.239998,84.589996,1857800,84.040569
2015-08-07,82.879997,82.879997,78.610001,81.57,2539200,81.040188
2015-08-06,83.040001,83.220001,82.279999,82.940002,820800,82.401292
2015-08-05,82.610001,83.82,82.160004,83.059998,564600,82.520508
2015-08-04,82.18,82.760002,82.00,82.279999,414600,81.745576
2015-08-03,82.75,82.75,81.540001,82.290001,575900,81.755513
2015-07-31,82.489998,83.330002,82.25,82.940002,908200,82.401292
2015-07-30,81.690002,82.489998,81.379997,82.339996,620000,81.805183
2015-07-29,80.669998,81.830002,80.160004,81.779999,662000,81.248823
2015-07-28,79.93,80.540001,79.370003,80.50,760600,79.977138
2015-07-27,80.790001,80.93,79.760002,79.910004,486200,79.390974
2015-07-24,82.00,82.410004,80.599998,81.040001,562700,80.513632
2015-07-23,81.620003,82.43,81.330002,82.089996,711400,81.556807
2015-07-22,81.150002,81.75,80.760002,81.610001,670500,81.079929
2015-07-21,81.769997,82.199997,80.93,81.290001,552500,80.762008
2015-07-20,82.110001,82.410004,81.480003,81.550003,616300,81.020321
2015-07-17,82.07,82.529999,81.589996,82.169998,594200,81.636289
2015-07-16,82.379997,82.419998,81.639999,82.32,943900,81.785317
2015-07-15,81.010002,82.150002,80.699997,82.099998,1250800,81.566744
2015-07-14,80.389999,80.830002,80.099998,80.790001,841100,80.265255
2015-07-13,79.779999,80.290001,79.699997,80.260002,788500,79.738699
2015-07-10,79.25,79.440002,78.769997,79.349998,761600,78.834606
2015-07-09,78.150002,78.93,78.089996,78.489998,1271500,77.980191
2015-07-08,76.919998,77.589996,76.800003,76.839996,1329800,76.340907
2015-07-07,76.699997,77.480003,75.660004,77.410004,1149100,76.907212
2015-07-06,76.970001,77.120003,76.489998,76.669998,883500,76.172013
2015-07-02,77.739998,77.839996,77.50,77.739998,661900,77.235063
2015-07-01,77.529999,77.779999,77.190002,77.379997,830100,76.8774
2015-06-30,77.389999,77.669998,76.349998,76.910004,1616400,76.41046
2015-06-29,77.599998,78.160004,77.050003,77.110001,846500,76.609157
2015-06-26,78.360001,78.400002,77.75,78.269997,1322800,77.761619
2015-06-25,79.080002,79.50,78.300003,78.400002,592900,77.89078
2015-06-24,79.519997,79.589996,78.760002,78.970001,770000,78.457077
2015-06-23,80.18,80.449997,79.330002,79.650002,469200,79.132661
2015-06-22,80.00,80.669998,79.559998,80.18,657200,79.659217
2015-06-19,79.029999,79.489998,78.860001,79.169998,1103700,78.655775
2015-06-18,78.599998,79.18,78.550003,79.029999,656400,78.516685
2015-06-17,78.779999,79.059998,78.190002,78.599998,490200,78.089478
2015-06-16,78.019997,78.660004,78.00,78.599998,449500,78.089478
2015-06-15,77.82,78.260002,77.470001,78.019997,729000,77.513243
2015-06-12,78.330002,78.730003,78.110001,78.25,515600,77.741752
2015-06-11,78.889999,78.989998,78.519997,78.639999,590100,78.129219
2015-06-10,77.940002,79.360001,77.940002,78.910004,713700,78.397469
2015-06-09,78.110001,78.190002,77.830002,78.010002,667400,77.503313
2015-06-08,78.559998,78.720001,77.879997,78.00,1392400,77.493376
2015-06-05,77.919998,78.660004,77.800003,78.489998,854100,77.980191
2015-06-04,78.449997,78.769997,77.419998,77.800003,909300,77.294678
2015-06-03,78.809998,78.989998,78.120003,78.550003,940600,78.039807
2015-06-02,79.199997,79.629997,78.239998,78.809998,876100,78.298113
2015-06-01,79.919998,79.989998,78.00,79.699997,1206300,79.182331
2015-05-29,79.470001,80.470001,78.739998,79.220001,1635300,78.705453
2015-05-28,80.029999,80.470001,79.00,79.25,5354600,78.735257
2015-05-27,79.379997,80.889999,79.360001,80.190002,1478900,79.669154
2015-05-26,79.940002,80.230003,78.470001,79.089996,1334400,78.576293
2015-05-22,79.309998,80.739998,79.309998,80.260002,1323600,79.738699
2015-05-21,79.440002,79.669998,78.980003,79.32,580300,78.804802
2015-05-20,78.93,79.839996,78.879997,79.410004,691200,78.894222
2015-05-19,79.400002,79.50,78.470001,79.400002,742500,78.417337
2015-05-18,78.690002,79.43,78.459999,79.209999,727300,78.229686
2015-05-15,78.959999,79.300003,78.25,78.669998,533000,77.696368
2015-05-14,77.870003,78.790001,77.709999,78.75,854000,77.77538
2015-05-13,77.809998,78.309998,77.199997,77.349998,1250800,76.392705
2015-05-12,77.93,78.199997,77.169998,77.769997,699900,76.807505
2015-05-11,79.040001,79.050003,77.970001,78.260002,747000,77.291446
2015-05-08,78.529999,79.169998,78.410004,78.870003,1131800,77.893897
2015-05-07,78.400002,79.110001,77.580002,78.199997,1184800,77.232184
2015-05-06,79.18,80.059998,78.279999,78.50,746700,77.528474
2015-05-05,80.32,81.419998,78.589996,79.269997,1035100,78.288941
2015-05-04,80.669998,80.970001,80.300003,80.470001,695000,79.474094
2015-05-01,80.769997,81.43,80.160004,80.449997,838400,79.454337
2015-04-30,79.089996,80.790001,78.75,80.239998,1359300,79.246937
2015-04-29,80.690002,80.900002,78.760002,79.260002,905500,78.27907
2015-04-28,80.870003,81.169998,80.220001,81.089996,739100,80.086416
2015-04-27,81.139999,81.839996,80.50,80.739998,878400,79.740749
2015-04-24,82.120003,82.120003,80.68,81.099998,967800,80.096294
2015-04-23,81.879997,82.239998,81.120003,82.00,792300,80.985157
2015-04-22,82.730003,82.790001,81.690002,82.459999,1426600,81.439463
2015-04-21,79.559998,82.120003,79.150002,81.93,2230100,80.916024
2015-04-20,79.300003,80.139999,79.139999,79.300003,790000,78.318576
