Date,Open,High,Low,Close,Volume,Adj Close
2015-10-09,59.48,59.48,58.650002,59.34,167100,59.34
2015-10-08,57.68,59.18,57.549999,59.139999,287500,59.139999
2015-10-07,58.389999,58.549999,57.389999,57.82,208400,57.82
2015-10-06,58.57,58.779999,57.369999,58.009998,176900,58.009998
2015-10-05,57.880001,58.900002,57.50,58.57,155800,58.57
2015-10-02,55.860001,57.52,55.259998,57.439999,287600,57.439999
2015-10-01,57.549999,57.84,56.549999,56.66,424100,56.66
2015-09-30,58.509998,60.360001,57.169998,57.240002,751900,57.240002
2015-09-29,58.060001,58.450001,57.619999,58.09,225100,58.09
2015-09-28,59.27,59.790001,57.779999,58.09,331700,58.09
2015-09-25,60.73,61.02,59.369999,59.50,256800,59.50
2015-09-24,57.889999,60.310001,57.889999,60.209999,443900,60.209999
2015-09-23,58.18,58.50,57.529999,58.209999,208600,58.209999
2015-09-22,57.369999,58.16,57.369999,58.060001,334900,58.060001
2015-09-21,58.040001,59.029999,57.57,58.07,263600,58.07
2015-09-18,58.290001,59.169998,57.299999,57.599998,408000,57.599998
2015-09-17,58.970001,59.529999,58.57,58.990002,283900,58.990002
2015-09-16,58.080002,59.200001,57.619999,59.119999,185700,59.119999
2015-09-15,57.689999,58.41,57.369999,58.099998,168600,58.099998
2015-09-14,58.860001,58.860001,57.799999,57.849998,148200,57.849998
2015-09-11,58.259998,58.900002,57.830002,58.869999,181600,58.869999
2015-09-10,59.439999,59.599998,58.400002,58.68,165200,58.68
2015-09-09,60.450001,60.490002,59.23,59.439999,186200,59.439999
2015-09-08,59.959999,60.369999,58.720001,59.82,245500,59.82
2015-09-04,59.110001,60.02,58.790001,58.950001,235100,58.950001
2015-09-03,60.41,60.540001,59.810001,59.93,160000,59.93
2015-09-02,60.18,60.740002,59.50,59.98,203100,59.98
2015-09-01,59.59,60.459999,59.16,59.509998,427900,59.509998
2015-08-31,61.639999,61.849998,60.25,60.810001,358900,60.810001
2015-08-28,62.099998,62.82,61.740002,62.380001,284600,62.030002
2015-08-27,61.66,62.869999,61.009998,62.220001,310900,61.870899
2015-08-26,61.709999,61.990002,59.700001,61.150002,347500,60.806903
2015-08-25,59.639999,61.18,58.509998,60.200001,597000,59.862233
2015-08-24,58.32,60.029999,57.639999,57.709999,450400,57.386202
2015-08-21,60.599998,61.900002,60.34,60.93,363100,60.588136
2015-08-20,62.490002,62.549999,61.52,61.57,281300,61.224545
2015-08-19,62.740002,63.709999,62.07,63.029999,196400,62.676352
2015-08-18,63.709999,64.00,63.16,63.189999,192800,62.835454
2015-08-17,63.00,63.709999,62.41,63.68,352400,63.322707
2015-08-14,62.470001,63.759998,62.119999,63.400002,473900,63.044279
2015-08-13,62.860001,63.419998,62.52,62.630001,431000,62.278599
2015-08-12,62.860001,63.34,62.389999,62.98,287700,62.626634
2015-08-11,64.379997,64.449997,63.189999,63.490002,289000,63.133774
2015-08-10,64.919998,65.809998,64.110001,64.760002,424600,64.396649
2015-08-07,66.050003,66.730003,63.419998,64.449997,765000,64.088383
2015-08-06,70.839996,71.440002,66.43,66.669998,1137900,66.295929
2015-08-05,74.099998,75.43,73.550003,74.57,430700,74.151605
2015-08-04,73.199997,74.25,73.120003,73.529999,219100,73.117439
2015-08-03,73.459999,74.129997,72.519997,73.050003,184900,72.640137
2015-07-31,73.709999,73.949997,73.239998,73.510002,154000,73.097555
2015-07-30,71.870003,73.459999,71.870003,73.32,190000,72.908618
2015-07-29,71.699997,72.580002,71.349998,72.199997,222700,71.7949
2015-07-28,71.269997,72.139999,70.330002,71.889999,228900,71.486642
2015-07-27,70.910004,71.330002,70.309998,70.889999,164300,70.492252
2015-07-24,71.699997,72.029999,71.019997,71.129997,127100,70.730904
2015-07-23,72.720001,73.019997,71.519997,71.889999,115100,71.486642
2015-07-22,71.559998,72.720001,71.559998,72.720001,212100,72.311986
2015-07-21,72.720001,73.010002,71.900002,72.059998,131700,71.655686
2015-07-20,72.330002,73.220001,72.279999,72.540001,188000,72.132996
2015-07-17,73.110001,73.699997,72.209999,72.349998,219400,71.94406
2015-07-16,72.25,73.339996,71.959999,73.150002,181900,72.739574
2015-07-15,73.849998,73.849998,71.57,71.900002,378600,71.496588
2015-07-14,72.949997,73.75,72.720001,73.440002,213500,73.027948
2015-07-13,72.629997,73.099998,71.870003,72.800003,256500,72.391539
2015-07-10,71.57,72.050003,70.800003,71.940002,170400,71.536364
2015-07-09,71.099998,71.440002,69.970001,70.980003,221500,70.581751
2015-07-08,70.18,71.169998,69.919998,70.279999,332600,69.885674
2015-07-07,70.540001,70.75,69.419998,70.660004,245800,70.263547
2015-07-06,69.559998,70.790001,69.559998,70.550003,150900,70.154164
2015-07-02,70.199997,70.849998,70.040001,70.190002,161100,69.796183
2015-07-01,70.720001,70.879997,69.720001,70.410004,190000,70.01495
2015-06-30,70.059998,70.50,69.519997,70.190002,238200,69.796183
2015-06-29,70.57,71.389999,69.279999,69.419998,168400,69.030499
2015-06-26,70.190002,71.459999,69.349998,71.239998,402000,70.840287
2015-06-25,70.150002,70.629997,69.550003,69.949997,168500,69.557524
2015-06-24,70.860001,70.989998,69.949997,70.010002,119300,69.617193
2015-06-23,70.75,70.949997,70.279999,70.900002,148600,70.502198
2015-06-22,70.019997,70.260002,69.239998,70.260002,182900,69.86579
2015-06-19,70.639999,70.650002,69.480003,69.860001,321100,69.468033
2015-06-18,68.779999,70.690002,68.779999,70.459999,301400,70.064665
2015-06-17,68.800003,68.889999,68.050003,68.769997,137000,68.384144
2015-06-16,67.839996,68.709999,67.839996,68.559998,175700,68.175324
2015-06-15,68.080002,68.389999,67.230003,68.220001,163100,67.837235
2015-06-12,68.949997,69.239998,68.540001,68.75,103400,68.36426
2015-06-11,69.040001,69.830002,68.760002,69.059998,137900,68.672518
2015-06-10,68.690002,69.459999,68.309998,69.199997,171000,68.811732
2015-06-09,68.879997,69.300003,68.07,68.220001,204300,67.837235
2015-06-08,69.419998,69.599998,68.879997,69.029999,164800,68.642688
2015-06-05,69.230003,69.559998,68.470001,69.32,184000,68.931062
2015-06-04,68.989998,69.82,68.989998,69.139999,190000,68.752071
2015-06-03,69.360001,71.209999,69.190002,69.410004,380900,69.020561
2015-06-02,67.110001,68.260002,66.82,67.82,348700,67.439478
2015-06-01,67.18,67.970001,66.489998,67.43,389800,67.051666
2015-05-29,67.620003,67.699997,66.870003,67.110001,289700,66.385424
2015-05-28,67.510002,67.910004,67.419998,67.879997,165300,67.147107
2015-05-27,67.32,68.139999,66.949997,67.809998,199200,67.077864
2015-05-26,67.870003,67.970001,66.959999,67.129997,266300,66.405205
2015-05-22,68.400002,68.970001,67.699997,67.809998,315900,67.077864
2015-05-21,69.129997,69.459999,68.440002,68.650002,250300,67.908798
2015-05-20,69.00,69.790001,69.00,69.139999,299900,68.393506
2015-05-19,68.639999,69.529999,68.010002,68.949997,355100,68.205555
2015-05-18,67.730003,68.720001,67.389999,68.080002,293000,67.344953
2015-05-15,67.660004,67.970001,67.379997,67.690002,319700,66.959164
2015-05-14,67.50,67.93,67.330002,67.589996,234300,66.860238
2015-05-13,67.50,67.720001,67.150002,67.410004,294000,66.682188
2015-05-12,67.269997,68.059998,66.919998,67.470001,356300,66.741538
2015-05-11,67.50,67.790001,67.339996,67.379997,345300,66.652506
2015-05-08,66.970001,67.870003,66.50,67.440002,536800,66.711863
2015-05-07,64.620003,66.50,64.089996,66.190002,490000,65.475359
2015-05-06,66.93,66.93,62.860001,64.230003,673400,63.536522
2015-05-05,62.799999,63.84,61.740002,61.869999,367100,61.201998
2015-05-04,62.720001,63.610001,62.450001,63.009998,267000,62.329689
2015-05-01,62.509998,63.450001,62.27,62.830002,309900,62.151636
2015-04-30,63.41,63.48,62.139999,62.419998,331700,61.746059
2015-04-29,64.75,64.75,63.43,63.869999,373500,63.180404
2015-04-28,64.790001,65.050003,63.950001,64.650002,270000,63.951985
2015-04-27,65.279999,65.360001,64.610001,64.910004,259100,64.20918
2015-04-24,65.660004,65.660004,65.18,65.309998,175800,64.604856
2015-04-23,65.089996,65.760002,65.089996,65.440002,171200,64.733457
2015-04-22,65.129997,65.419998,64.900002,65.199997,188000,64.496043
2015-04-21,65.550003,65.699997,65.089996,65.220001,190000,64.515831
2015-04-20,64.470001,65.260002,64.470001,65.18,261200,64.476262
2015-04-17,64.599998,64.849998,63.790001,64.209999,277100,63.516734
2015-04-16,64.849998,65.599998,64.410004,65.050003,297100,64.347668
2015-04-15,65.599998,65.830002,64.150002,64.870003,464600,64.169611
2015-04-14,66.150002,66.269997,64.989998,65.199997,270400,64.496043
2015-04-13,66.639999,66.849998,65.900002,65.949997,266900,65.237945
