Date,Open,High,Low,Close,Volume,Adj Close
2015-10-15,28.23,29.27,28.01,29.24,487600,29.24
2015-10-14,27.690001,28.780001,27.540001,28.209999,955900,28.209999
2015-10-13,27.280001,27.74,26.895,27.639999,1461900,27.639999
2015-10-12,28.90,28.90,26.60,27.51,1611600,27.51
2015-10-09,30.360001,30.76,30.02,30.129999,450900,30.129999
2015-10-08,30.34,30.40,29.790001,30.35,397500,30.35
2015-10-07,29.469999,30.549999,29.34,30.389999,586300,30.389999
2015-10-06,29.18,29.690001,29.08,29.379999,548400,29.379999
2015-10-05,29.030001,29.309999,28.92,29.280001,282800,29.280001
2015-10-02,28.059999,28.799999,27.972,28.799999,264600,28.799999
2015-10-01,28.440001,28.67,28.00,28.32,307700,28.32
2015-09-30,28.290001,28.530001,27.969999,28.440001,451300,28.440001
2015-09-29,28.74,28.780001,27.76,28.07,559500,28.07
2015-09-28,29.15,29.15,28.280001,28.84,531200,28.84
2015-09-25,30.33,30.57,29.10,29.33,625200,29.33
2015-09-24,30.219999,30.549999,29.709999,30.09,530900,30.09
2015-09-23,30.99,31.129999,30.42,30.49,234100,30.49
2015-09-22,31.190001,31.424999,30.370001,30.799999,491300,30.799999
2015-09-21,32.25,32.869999,31.33,31.389999,750800,31.389999
2015-09-18,32.860001,33.09,32.119999,32.369999,578200,32.369999
2015-09-17,33.27,33.849998,33.167999,33.240002,394600,33.240002
2015-09-16,33.549999,33.82,33.200001,33.209999,637400,33.209999
2015-09-15,33.23,33.57,32.98,33.549999,374700,33.549999
2015-09-14,33.279999,33.349998,32.580002,33.18,360300,33.18
2015-09-11,32.470001,33.27,32.183998,33.23,448900,33.23
2015-09-10,31.74,32.419998,31.629999,32.369999,411700,32.369999
2015-09-09,31.549999,32.084999,31.365999,31.700001,343800,31.700001
2015-09-08,31.42,31.66,30.950001,31.23,918300,31.23
2015-09-04,30.790001,31.23,30.495001,30.950001,587000,30.950001
2015-09-03,31.059999,31.75,30.778,31.17,416700,31.17
2015-09-02,30.42,31.129999,30.049999,30.85,1080200,30.85
2015-09-01,30.799999,30.92,29.98,30.040001,394000,30.040001
2015-08-31,31.77,31.790001,31.190001,31.440001,468600,31.440001
2015-08-28,31.389999,31.969999,31.26,31.809999,441100,31.809999
2015-08-27,30.73,31.469999,30.68,31.450001,657400,31.450001
2015-08-26,29.85,30.48,29.49,30.43,1152600,30.43
2015-08-25,29.799999,29.799999,29.10,29.42,804100,29.42
2015-08-24,28.85,29.73,28.273001,29.299999,2316000,29.299999
2015-08-21,31.40,32.060001,30.562,30.620001,1030300,30.620001
2015-08-20,32.459999,32.619999,31.76,31.799999,656500,31.799999
2015-08-19,32.880001,33.275002,32.59,32.82,804100,32.82
2015-08-18,32.970001,33.119999,32.830002,33.040001,519900,33.040001
2015-08-17,32.77,33.32,32.639999,33.00,566400,33.00
2015-08-14,32.689999,33.064999,32.529999,32.970001,724200,32.970001
2015-08-13,32.77,33.040001,32.68,32.77,794200,32.77
2015-08-12,32.900002,33.189999,32.560001,32.919998,929400,32.919998
2015-08-11,32.77,33.200001,32.77,33.150002,891600,33.150002
2015-08-10,32.369999,33.110001,32.279999,33.07,895900,33.07
2015-08-07,33.110001,33.48,32.150002,32.360001,758500,32.360001
2015-08-06,34.060001,34.290001,32.560001,33.369999,1742400,33.369999
2015-08-05,33.299999,34.330002,32.130001,34.279999,2342200,34.279999
2015-08-04,32.889999,36.830002,32.82,35.080002,4381700,35.080002
2015-08-03,40.790001,41.400002,39.700001,39.759998,629000,39.759998
2015-07-31,40.790001,41.220001,40.669998,40.740002,378900,40.740002
2015-07-30,40.990002,41.125,40.650002,40.689999,448500,40.689999
2015-07-29,40.68,41.169998,40.669998,41.099998,315500,41.099998
2015-07-28,40.759998,41.110001,40.619999,40.779999,585200,40.779999
2015-07-27,40.00,40.810001,39.959999,40.700001,642300,40.700001
2015-07-24,40.860001,41.00,40.209999,40.27,362000,40.27
2015-07-23,41.349998,41.349998,40.790001,40.860001,406100,40.860001
2015-07-22,40.810001,41.400002,40.810001,41.330002,410900,41.330002
2015-07-21,41.099998,41.290001,40.720001,40.84,673200,40.84
2015-07-20,40.990002,41.240002,40.724998,41.139999,249300,41.139999
2015-07-17,41.369999,41.50,40.93,40.990002,590800,40.990002
2015-07-16,41.09,41.490002,41.009998,41.34,428400,41.34
2015-07-15,40.970001,41.330002,40.84,40.990002,396600,40.990002
2015-07-14,40.720001,41.189999,40.639999,40.959999,479100,40.959999
2015-07-13,41.580002,41.84,40.709999,40.740002,473400,40.740002
2015-07-10,40.240002,41.421001,40.18,41.290001,687600,41.290001
2015-07-09,39.869999,40.189999,39.75,39.98,721800,39.98
2015-07-08,39.380001,39.709999,39.314999,39.619999,585200,39.619999
2015-07-07,40.00,40.00,39.32,39.68,536800,39.68
2015-07-06,38.75,40.040001,38.41,39.990002,732600,39.990002
2015-07-02,39.73,39.790001,39.09,39.27,561400,39.27
2015-07-01,40.709999,40.84,39.297001,39.779999,681400,39.779999
2015-06-30,40.650002,40.860001,40.396,40.50,800900,40.50
2015-06-29,40.939999,40.970001,40.279999,40.439999,977800,40.439999
2015-06-26,41.349998,41.669998,40.75,41.080002,2698500,41.080002
2015-06-25,42.32,42.50,41.209999,41.330002,672300,41.330002
2015-06-24,42.950001,43.060001,42.220001,42.279999,520200,42.279999
2015-06-23,43.169998,43.419998,42.900002,43.099998,370600,43.099998
2015-06-22,43.029999,43.349998,42.950001,43.119999,372500,43.119999
2015-06-19,43.009998,43.169998,42.793999,42.950001,382200,42.950001
2015-06-18,42.360001,43.169998,42.360001,42.900002,427600,42.900002
2015-06-17,42.240002,42.57,42.240002,42.349998,356000,42.349998
2015-06-16,42.48,42.57,42.042999,42.209999,460800,42.209999
2015-06-15,42.610001,42.700001,42.009998,42.529999,298300,42.529999
2015-06-12,42.709999,42.950001,42.52,42.790001,324700,42.790001
2015-06-11,42.779999,42.990002,42.529999,42.779999,680900,42.779999
2015-06-10,42.240002,43.040001,42.240002,42.77,426200,42.77
2015-06-09,42.25,42.57,42.02,42.189999,552200,42.189999
2015-06-08,42.09,42.68,42.02,42.290001,685300,42.290001
2015-06-05,42.32,42.360001,41.810001,42.09,428900,42.09
2015-06-04,42.220001,42.564999,42.139999,42.310001,496900,42.310001
2015-06-03,41.669998,42.619999,41.568001,42.59,471500,42.59
2015-06-02,41.459999,41.84,41.41,41.720001,405600,41.720001
2015-06-01,41.369999,41.82,41.18,41.50,479400,41.50
2015-05-29,41.419998,41.59,41.25,41.419998,581200,41.419998
2015-05-28,41.75,42.310001,41.380001,41.529999,530800,41.529999
2015-05-27,41.50,42.110001,40.139999,41.630001,1705500,41.630001
2015-05-26,41.330002,41.669998,41.040001,41.439999,865900,41.439999
2015-05-22,41.959999,42.139999,41.720001,41.759998,536900,41.759998
2015-05-21,42.299999,42.400002,41.57,42.049999,699500,42.049999
2015-05-20,42.959999,43.110001,42.41,42.439999,552800,42.439999
2015-05-19,41.560001,43.089001,41.25,42.919998,1303500,42.919998
2015-05-18,42.27,42.299999,41.509998,41.560001,1631000,41.560001
2015-05-15,43.310001,43.529999,42.040001,42.349998,1528500,42.349998
2015-05-14,44.119999,44.490002,43.00,43.099998,2039100,43.099998
2015-05-13,44.00,44.25,43.619999,44.00,573100,44.00
2015-05-12,44.50,44.669998,43.351002,44.00,700500,44.00
2015-05-11,45.23,45.41,44.549999,44.610001,705300,44.610001
2015-05-08,45.040001,45.450001,44.849998,45.099998,535600,45.099998
2015-05-07,44.720001,45.240002,44.599998,44.830002,617600,44.830002
2015-05-06,45.50,45.98,44.450001,44.790001,821000,44.790001
2015-05-05,45.939999,46.220001,45.209999,45.529999,913100,45.529999
2015-05-04,47.099998,47.919998,44.599998,45.91,2995200,45.91
2015-05-01,48.50,49.299999,48.450001,48.849998,461800,48.849998
2015-04-30,47.310001,48.625,46.759998,48.48,610100,48.48
2015-04-29,47.400002,47.740002,47.00,47.610001,677000,47.610001
2015-04-28,47.619999,47.869999,46.639999,47.630001,614500,47.630001
2015-04-27,49.43,49.549999,47.57,47.630001,535700,47.630001
2015-04-24,49.259998,49.52,49.099998,49.27,265700,49.27
2015-04-23,48.889999,49.349998,48.799999,49.18,232200,49.18
2015-04-22,48.990002,49.18,48.610001,49.049999,177400,49.049999
2015-04-21,49.00,49.369999,48.84,49.060001,176000,49.060001
2015-04-20,48.869999,49.189999,48.48,48.830002,246200,48.830002
