Date,Open,High,Low,Close,Volume,Adj Close
2015-10-16,237.960007,239.550003,235.779999,237.889999,587800,237.889999
2015-10-15,230.330002,236.809998,230.199997,236.220001,429600,236.220001
2015-10-14,231.220001,233.600006,228.910004,229.350006,521800,229.350006
2015-10-13,231.899994,233.770004,231.009995,231.160004,450900,231.160004
2015-10-12,229.809998,233.869995,228.899994,233.399994,392500,233.399994
2015-10-09,234.169998,234.600006,227.389999,228.899994,694400,228.899994
2015-10-08,232.830002,234.460007,230.539993,234.160004,437500,234.160004
2015-10-07,237.990005,238.360001,232.369995,233.789993,594700,233.789993
2015-10-06,237.110001,237.539993,234.429993,236.279999,539300,236.279999
2015-10-05,232.850006,237.320007,232.020004,236.960007,636500,236.960007
2015-10-02,231.259995,231.529999,224.639999,231.479996,873900,231.479996
2015-10-01,234.009995,235.949997,230.080002,233.539993,900600,233.539993
2015-09-30,229.160004,235.320007,228.50,234.990005,623100,234.990005
2015-09-29,228.199997,229.130005,223.490005,227.789993,696500,227.789993
2015-09-28,233.160004,234.75,227.75,227.979996,876600,227.979996
2015-09-25,228.649994,236.490005,228.119995,235.00,1057200,235.00
2015-09-24,227.690002,227.690002,224.820007,226.690002,714900,226.690002
2015-09-23,226.070007,229.710007,225.520004,229.270004,490900,229.270004
2015-09-22,228.580002,230.00,225.139999,226.460007,584400,226.460007
2015-09-21,229.740005,232.990005,229.039993,231.649994,930500,231.649994
2015-09-18,228.25,230.080002,226.520004,228.259995,1028700,228.259995
2015-09-17,234.00,235.639999,229.509995,230.199997,1071500,230.199997
2015-09-16,233.270004,234.199997,229.699997,233.440002,882300,233.440002
2015-09-15,234.580002,234.580002,231.639999,233.50,855200,233.50
2015-09-14,235.789993,238.160004,232.860001,233.550003,649400,233.550003
2015-09-11,234.889999,236.380005,232.669998,236.229996,731700,235.479989
2015-09-10,231.50,237.00,230.990005,235.139999,623500,234.393453
2015-09-09,236.070007,236.220001,230.729996,231.190002,550400,230.455997
2015-09-08,228.740005,234.740005,227.820007,234.509995,582700,233.765448
2015-09-04,228.00,230.050003,224.910004,226.789993,587600,226.069958
2015-09-03,227.009995,231.270004,225.639999,228.910004,1097500,228.183237
2015-09-02,226.449997,227.320007,223.660004,226.509995,519100,225.790848
2015-09-01,224.559998,227.240005,223.490005,224.520004,831300,223.807175
2015-08-31,232.600006,232.600006,228.320007,228.410004,656300,227.684825
2015-08-28,230.660004,234.139999,230.00,232.410004,544400,231.672125
2015-08-27,230.949997,232.729996,227.360001,231.970001,869700,231.233519
2015-08-26,227.020004,231.220001,224.070007,229.339996,928200,228.611865
2015-08-25,229.910004,231.139999,222.429993,222.520004,1297300,221.813525
2015-08-24,227.009995,232.899994,220.279999,224.929993,1541900,224.215862
2015-08-21,242.940002,243.520004,236.429993,236.710007,1120800,235.958476
2015-08-20,242.419998,246.389999,239.419998,244.289993,1174600,243.514397
2015-08-19,243.949997,245.910004,242.270004,243.979996,913200,243.205383
2015-08-18,240.979996,244.369995,240.369995,244.050003,610600,243.275168
2015-08-17,239.289993,241.610001,238.580002,241.00,480400,240.234849
2015-08-14,237.320007,240.800003,236.990005,240.649994,865800,239.885954
2015-08-13,236.679993,239.080002,235.100006,237.710007,679300,236.955301
2015-08-12,235.600006,236.580002,232.009995,236.179993,592200,235.430145
2015-08-11,238.789993,239.779999,236.039993,236.899994,531600,236.14786
2015-08-10,238.600006,241.940002,238.330002,240.410004,400000,239.646726
2015-08-07,237.00,238.589996,235.440002,237.25,566400,236.496755
2015-08-06,238.660004,239.309998,234.639999,237.00,734100,236.247548
2015-08-05,230.149994,238.199997,229.449997,237.539993,644500,236.785827
2015-08-04,230.050003,231.100006,229.699997,230.649994,551100,229.917703
2015-08-03,228.869995,229.919998,227.630005,229.880005,427200,229.150159
2015-07-31,228.850006,228.869995,226.910004,228.039993,433900,227.315989
2015-07-30,227.479996,229.910004,227.479996,229.050003,267900,228.322792
2015-07-29,226.529999,228.229996,224.940002,227.710007,307800,226.98705
2015-07-28,227.770004,227.770004,224.970001,226.350006,381900,225.631367
2015-07-27,228.089996,228.589996,225.649994,226.50,373100,225.780885
2015-07-24,229.639999,231.690002,227.979996,229.009995,522700,228.28291
2015-07-23,232.720001,233.970001,229.25,229.839996,418000,229.110277
2015-07-22,231.690002,233.360001,230.25,233.289993,429400,232.549321
2015-07-21,231.169998,233.419998,230.990005,231.699997,454800,230.964372
2015-07-20,231.460007,232.570007,230.00,231.509995,343600,230.774973
2015-07-17,231.009995,232.699997,230.539993,231.720001,403100,230.984313
2015-07-16,230.800003,232.429993,229.559998,232.320007,417400,231.582414
2015-07-15,227.850006,229.710007,224.820007,228.919998,507200,228.1932
2015-07-14,228.50,229.369995,226.979996,227.990005,428900,227.26616
2015-07-13,231.669998,231.919998,227.979996,229.00,614300,228.272948
2015-07-10,228.929993,231.619995,226.25,229.470001,621800,228.741457
2015-07-09,223.270004,227.190002,222.619995,224.429993,991800,223.71745
2015-07-08,225.759995,226.860001,221.589996,221.860001,805900,221.155617
2015-07-07,225.020004,227.899994,223.25,227.229996,710800,226.508563
2015-07-06,225.25,226.509995,223.089996,224.369995,648800,223.657643
2015-07-02,226.690002,227.490005,225.460007,227.039993,526800,226.319164
2015-07-01,225.190002,226.460007,224.520004,225.740005,1077800,225.023303
2015-06-30,223.570007,224.979996,221.910004,223.610001,729800,222.900061
2015-06-29,224.210007,225.610001,222.110001,222.289993,468500,221.584245
2015-06-26,228.00,229.25,225.509995,226.160004,755300,225.441968
2015-06-25,228.00,229.490005,227.570007,227.729996,494100,227.006976
2015-06-24,229.50,230.490005,227.770004,228.059998,547500,227.33593
2015-06-23,232.029999,232.429993,229.729996,229.860001,470200,229.130218
2015-06-22,231.139999,231.940002,229.789993,230.889999,431400,230.156946
2015-06-19,233.00,233.929993,227.830002,229.380005,1060200,228.651746
2015-06-18,235.00,235.990005,232.830002,233.75,690400,233.007867
2015-06-17,235.229996,236.259995,233.440002,234.309998,599900,233.566087
2015-06-16,236.679993,238.089996,233.789993,234.399994,611900,233.655797
2015-06-15,236.649994,238.639999,235.529999,237.309998,456200,236.556562
2015-06-12,240.520004,241.539993,237.679993,238.550003,605900,237.79263
2015-06-11,240.789993,242.960007,239.740005,242.00,494100,240.484061
2015-06-10,237.300003,240.699997,234.970001,240.470001,714600,238.963647
2015-06-09,235.050003,239.160004,234.160004,236.880005,642500,235.396139
2015-06-08,237.259995,237.729996,234.850006,235.570007,673800,234.094347
2015-06-05,237.00,238.00,234.369995,236.550003,470800,235.068204
2015-06-04,233.139999,236.029999,231.759995,235.279999,638500,233.806156
2015-06-03,236.160004,238.029999,234.220001,234.240005,700000,232.772677
2015-06-02,234.470001,236.699997,233.679993,235.899994,331200,234.422267
2015-06-01,237.490005,237.669998,235.320007,235.539993,557100,234.064521
2015-05-29,236.339996,238.419998,234.139999,236.779999,835700,235.296759
2015-05-28,235.339996,236.800003,233.580002,236.440002,371300,234.958893
2015-05-27,234.089996,235.75,232.320007,234.679993,468700,233.209908
2015-05-26,236.440002,236.440002,233.179993,233.679993,518700,232.216172
2015-05-22,235.600006,238.289993,235.029999,236.869995,315900,235.386192
2015-05-21,235.149994,236.910004,234.179993,235.350006,535800,233.875724
2015-05-20,238.720001,239.479996,235.649994,235.759995,676500,234.283144
2015-05-19,238.330002,240.00,237.449997,237.850006,528200,236.360064
2015-05-18,238.130005,240.75,237.520004,237.679993,530300,236.191115
2015-05-15,241.419998,241.570007,237.440002,238.770004,475700,237.274299
2015-05-14,241.149994,241.979996,239.809998,240.509995,778200,239.003389
2015-05-13,239.960007,241.600006,238.789993,240.080002,561900,238.57609
2015-05-12,239.00,240.949997,236.669998,239.940002,678400,238.436968
2015-05-11,237.029999,241.979996,236.699997,240.00,1621000,238.49659
2015-05-08,235.759995,239.960007,234.050003,238.240005,1762400,236.74762
2015-05-07,228.050003,233.990005,226.919998,233.089996,1018300,231.629872
2015-05-06,231.729996,232.139999,225.889999,227.259995,1009900,225.83639
2015-05-05,230.00,232.169998,226.860001,232.169998,1909700,230.715637
2015-05-04,226.740005,228.169998,225.550003,226.589996,887300,225.170589
2015-05-01,224.25,228.059998,224.039993,225.820007,488100,224.405423
2015-04-30,223.75,227.029999,222.149994,224.529999,528100,223.123496
2015-04-29,223.080002,226.50,222.860001,224.759995,459900,223.352051
2015-04-28,222.75,224.440002,221.160004,224.289993,527800,222.884994
2015-04-27,223.360001,224.960007,222.050003,222.75,631900,221.354647
2015-04-24,224.729996,225.869995,221.279999,223.389999,646400,221.990638
2015-04-23,225.100006,226.550003,224.509995,225.190002,395200,223.779365
2015-04-22,224.179993,227.570007,222.929993,225.610001,643000,224.196732
2015-04-21,225.669998,226.100006,223.199997,224.119995,436600,222.71606
2015-04-20,224.320007,226.050003,223.279999,225.669998,533800,224.256354
