Date,Open,High,Low,Close,Volume,Adj Close
2015-10-09,79.190002,79.589996,77.699997,77.769997,931600,77.769997
2015-10-08,76.230003,79.360001,76.230003,79.209999,659700,79.209999
2015-10-07,75.150002,76.790001,74.779999,76.410004,525200,76.410004
2015-10-06,74.650002,75.32,74.379997,74.769997,307500,74.769997
2015-10-05,72.779999,74.93,72.290001,74.760002,312300,74.760002
2015-10-02,69.519997,72.18,69.400002,72.18,345200,72.18
2015-10-01,71.470001,71.769997,69.769997,70.279999,559700,70.279999
2015-09-30,70.720001,71.43,70.309998,71.300003,487500,71.300003
2015-09-29,69.949997,70.400002,69.480003,70.290001,584300,70.290001
2015-09-28,69.029999,69.400002,68.480003,69.120003,479300,69.120003
2015-09-25,69.57,69.739998,69.00,69.540001,508000,69.540001
2015-09-24,68.209999,69.470001,67.82,69.199997,593100,69.199997
2015-09-23,70.470001,70.589996,68.82,68.980003,371500,68.980003
2015-09-22,70.82,71.089996,69.940002,70.32,397300,70.32
2015-09-21,71.449997,72.150002,70.910004,71.559998,328500,71.559998
2015-09-18,71.25,71.660004,70.760002,71.260002,919400,71.260002
2015-09-17,72.809998,73.050003,71.879997,71.949997,303200,71.949997
2015-09-16,71.50,72.93,71.50,72.839996,407400,72.839996
2015-09-15,70.290001,71.519997,70.150002,71.410004,222700,71.410004
2015-09-14,70.730003,70.790001,69.75,70.150002,285400,70.150002
2015-09-11,70.00,70.620003,69.889999,70.599998,195500,70.599998
2015-09-10,70.599998,71.25,70.089996,70.32,339700,70.32
2015-09-09,71.610001,71.660004,70.529999,70.660004,356100,70.660004
2015-09-08,70.459999,71.040001,70.019997,70.989998,221500,70.989998
2015-09-04,69.339996,69.75,69.019997,69.300003,241700,69.300003
2015-09-03,69.849998,70.540001,69.440002,70.330002,363900,70.330002
2015-09-02,69.709999,70.300003,68.669998,69.830002,294600,69.830002
2015-09-01,70.690002,70.980003,68.690002,68.860001,625500,68.860001
2015-08-31,71.330002,72.230003,70.730003,71.830002,486500,71.830002
2015-08-28,71.18,71.910004,71.029999,71.629997,499300,71.629997
2015-08-27,70.75,71.489998,70.059998,71.309998,611000,71.309998
2015-08-26,70.790001,70.839996,68.889999,69.860001,643100,69.860001
2015-08-25,70.709999,70.910004,69.360001,69.50,756800,69.50
2015-08-24,67.029999,70.860001,66.879997,69.519997,1098900,69.519997
2015-08-21,72.059998,72.489998,70.839996,70.839996,353800,70.839996
2015-08-20,74.00,74.349998,72.550003,72.559998,245100,72.559998
2015-08-19,74.809998,75.209999,74.449997,74.709999,340800,74.709999
2015-08-18,75.559998,75.699997,75.139999,75.43,162900,75.43
2015-08-17,74.959999,75.669998,74.540001,75.660004,257100,75.660004
2015-08-14,74.790001,75.379997,74.419998,75.18,189300,75.18
2015-08-13,74.900002,75.029999,74.540001,74.82,212200,74.82
2015-08-12,74.07,75.00,73.610001,74.870003,228700,74.870003
2015-08-11,75.110001,75.330002,74.599998,74.82,243500,74.82
2015-08-10,74.610001,75.940002,74.610001,75.900002,984100,75.900002
2015-08-07,74.550003,75.150002,74.110001,74.209999,685300,74.209999
2015-08-06,75.669998,75.669998,74.639999,74.739998,529700,74.739998
2015-08-05,75.230003,75.93,74.989998,75.50,196900,75.50
2015-08-04,74.809998,75.449997,74.480003,74.709999,319900,74.709999
2015-08-03,76.029999,76.120003,74.639999,74.889999,387400,74.889999
2015-07-31,76.699997,76.910004,75.959999,76.029999,257400,76.029999
2015-07-30,75.889999,76.519997,75.370003,76.279999,318400,76.279999
2015-07-29,74.690002,76.410004,74.169998,76.400002,521400,76.400002
2015-07-28,73.68,74.849998,73.370003,74.839996,527400,74.839996
2015-07-27,73.849998,73.849998,73.129997,73.599998,425200,73.599998
2015-07-24,76.129997,76.230003,74.440002,74.449997,382900,74.449997
2015-07-23,75.440002,77.07,75.440002,76.300003,600900,76.300003
2015-07-22,76.00,76.339996,75.68,75.870003,414200,75.870003
2015-07-21,77.029999,77.220001,76.07,76.220001,367900,76.220001
2015-07-20,77.160004,77.440002,76.970001,77.209999,268700,77.209999
2015-07-17,77.360001,77.400002,76.800003,77.019997,266400,77.019997
2015-07-16,78.230003,78.389999,77.32,77.43,282300,77.43
2015-07-15,78.330002,78.43,77.480003,77.610001,353400,77.610001
2015-07-14,78.029999,78.739998,77.800003,78.370003,248700,78.370003
2015-07-13,77.949997,78.400002,77.550003,78.220001,340500,77.900001
2015-07-10,78.349998,78.410004,77.139999,77.199997,348000,76.88417
2015-07-09,78.389999,78.529999,77.639999,77.68,322700,77.36221
2015-07-08,78.279999,78.519997,77.230003,77.440002,415200,77.123194
2015-07-07,78.269997,78.830002,77.489998,78.790001,418900,78.467669
2015-07-06,78.339996,78.949997,78.00,78.339996,255300,78.019506
2015-07-02,79.559998,79.610001,78.769997,79.120003,222200,78.796321
2015-07-01,79.360001,79.50,78.370003,79.050003,403500,78.726608
2015-06-30,78.879997,79.07,78.300003,78.580002,621900,78.258529
2015-06-29,78.970001,79.190002,78.050003,78.110001,552300,77.790451
2015-06-26,79.220001,79.860001,79.07,79.57,443600,79.244477
2015-06-25,79.519997,79.529999,78.699997,79.07,292000,78.746522
2015-06-24,79.800003,80.050003,78.43,79.43,175000,79.10505
2015-06-23,79.879997,80.080002,79.760002,80.00,141600,79.672718
2015-06-22,80.269997,80.300003,79.620003,79.889999,253500,79.563167
2015-06-19,80.040001,80.110001,79.580002,79.620003,573600,79.294275
2015-06-18,79.449997,80.309998,79.150002,79.959999,253900,79.632881
2015-06-17,79.470001,79.809998,78.870003,79.339996,320800,79.015414
2015-06-16,78.620003,79.230003,78.389999,79.120003,205000,78.796321
2015-06-15,79.050003,79.470001,78.339996,78.879997,240700,78.557297
2015-06-12,79.790001,79.849998,79.239998,79.75,266400,79.423741
2015-06-11,79.169998,80.010002,78.150002,79.989998,444400,79.662757
2015-06-10,78.349998,78.959999,77.940002,78.82,279000,78.497545
2015-06-09,77.860001,78.489998,77.730003,77.779999,372100,77.461799
2015-06-08,77.900002,78.440002,77.620003,77.889999,290500,77.57135
2015-06-05,77.370003,78.330002,76.809998,78.269997,312400,77.949792
2015-06-04,77.699997,78.209999,77.220001,77.50,275600,77.182946
2015-06-03,77.690002,78.519997,77.389999,78.169998,148400,77.850203
2015-06-02,77.150002,77.849998,76.870003,77.349998,249800,77.033558
2015-06-01,77.540001,77.739998,76.669998,77.230003,236800,76.914054
2015-05-29,77.720001,78.089996,77.00,77.260002,296200,76.94393
2015-05-28,78.110001,78.400002,77.410004,77.800003,230400,77.481721
2015-05-27,77.830002,78.360001,77.400002,78.239998,236400,77.919916
2015-05-26,78.459999,78.459999,77.389999,77.519997,368700,77.20286
2015-05-22,79.120003,79.349998,78.720001,78.93,184600,78.607096
2015-05-21,78.510002,79.360001,78.510002,79.190002,185400,78.866034
2015-05-20,78.25,78.720001,77.639999,78.629997,305800,78.30832
2015-05-19,78.449997,78.660004,77.720001,78.190002,237100,77.870125
2015-05-18,77.940002,78.449997,77.730003,78.400002,215500,78.079265
2015-05-15,78.769997,78.769997,77.879997,78.150002,198200,77.830288
2015-05-14,78.00,78.739998,77.82,78.629997,252700,78.30832
2015-05-13,76.610001,77.639999,76.610001,77.480003,276500,77.163031
2015-05-12,76.269997,76.75,75.830002,76.550003,349600,76.236835
2015-05-11,76.379997,76.739998,76.07,76.57,251100,76.25675
2015-05-08,76.50,76.919998,76.330002,76.489998,300900,76.177075
2015-05-07,75.760002,76.029999,75.440002,75.769997,279800,75.46002
2015-05-06,75.440002,76.089996,75.050003,76.040001,424500,75.728919
2015-05-05,75.459999,76.370003,74.989998,75.239998,316400,74.932189
2015-05-04,75.220001,75.879997,75.209999,75.529999,219100,75.221004
2015-05-01,75.209999,75.809998,74.889999,75.199997,376500,74.892352
2015-04-30,75.339996,75.809998,74.870003,75.010002,392000,74.703134
2015-04-29,75.610001,76.169998,75.230003,75.900002,339100,75.589493
2015-04-28,75.760002,76.190002,75.440002,76.010002,288800,75.699043
2015-04-27,75.949997,76.589996,75.589996,76.050003,317200,75.738881
2015-04-24,76.419998,76.449997,75.440002,75.889999,274400,75.579532
2015-04-23,75.769997,76.650002,75.589996,76.370003,335000,76.057571
2015-04-22,75.800003,76.169998,75.160004,76.059998,386200,75.748834
2015-04-21,75.440002,76.139999,73.800003,75.919998,865500,75.609408
2015-04-20,75.940002,76.800003,75.620003,76.589996,361200,76.276665
2015-04-17,75.790001,75.790001,75.010002,75.419998,264500,75.111453
2015-04-16,77.059998,77.510002,76.360001,76.779999,245800,76.1472
2015-04-15,76.639999,77.629997,76.639999,77.370003,230600,76.732341
2015-04-14,76.099998,76.50,75.790001,76.50,150400,75.869509
2015-04-13,76.160004,76.879997,75.599998,76.080002,233000,75.452972
