Date,Open,High,Low,Close,Volume,Adj Close
2015-10-15,89.93,90.730003,89.690002,90.529999,425500,90.529999
2015-10-14,90.959999,91.25,89.639999,89.830002,353400,89.830002
2015-10-13,91.339996,92.18,91.019997,91.209999,254800,91.209999
2015-10-12,90.529999,91.68,90.309998,91.559998,245600,91.559998
2015-10-09,90.389999,91.040001,89.959999,90.610001,326100,90.610001
2015-10-08,88.730003,90.32,88.730003,90.239998,408300,90.239998
2015-10-07,89.239998,89.550003,88.650002,89.050003,678500,89.050003
2015-10-06,89.949997,90.32,88.50,88.769997,770000,88.769997
2015-10-05,88.940002,90.849998,88.68,90.279999,888500,90.279999
2015-10-02,86.190002,88.989998,85.849998,88.980003,499600,88.980003
2015-10-01,87.290001,88.290001,85.989998,87.160004,474100,87.160004
2015-09-30,86.370003,87.519997,85.940002,87.309998,591800,87.309998
2015-09-29,85.339996,85.809998,84.790001,85.57,525700,85.57
2015-09-28,86.610001,86.690002,84.830002,85.089996,318200,85.089996
2015-09-25,87.300003,88.300003,86.870003,87.25,396100,86.80
2015-09-24,86.220001,87.010002,85.260002,86.860001,346700,86.412012
2015-09-23,86.779999,87.25,86.099998,86.629997,253900,86.183195
2015-09-22,87.760002,87.839996,85.980003,86.480003,425500,86.033975
2015-09-21,87.440002,89.099998,86.709999,88.669998,830300,88.212675
2015-09-18,88.610001,88.839996,86.519997,86.650002,930300,86.203096
2015-09-17,88.230003,90.480003,87.949997,89.57,641500,89.108034
2015-09-16,86.910004,88.370003,86.910004,88.129997,734200,87.675459
2015-09-15,83.910004,86.910004,83.82,86.809998,685500,86.362267
2015-09-14,84.580002,85.230003,83.360001,83.870003,699700,83.437436
2015-09-11,82.629997,83.529999,82.629997,83.269997,458000,82.840524
2015-09-10,82.879997,83.940002,82.650002,82.959999,456300,82.532125
2015-09-09,85.330002,85.43,83.260002,83.459999,401700,83.029547
2015-09-08,84.889999,85.43,83.559998,84.720001,479900,84.28305
2015-09-04,84.349998,84.970001,83.669998,84.050003,181500,83.616508
2015-09-03,85.32,86.349998,84.910004,85.309998,291200,84.870004
2015-09-02,84.489998,84.910004,83.510002,84.790001,318100,84.352689
2015-09-01,85.190002,85.519997,83.32,83.82,468600,83.387691
2015-08-31,85.540001,86.690002,85.419998,86.339996,659000,85.89469
2015-08-28,86.410004,87.050003,85.620003,86.099998,606500,85.65593
2015-08-27,86.50,87.269997,85.779999,86.940002,568600,86.491602
2015-08-26,85.580002,86.139999,83.68,85.900002,511800,85.456965
2015-08-25,86.040001,86.849998,84.010002,84.129997,592800,83.696089
2015-08-24,83.980003,87.389999,83.029999,85.230003,879400,84.790422
2015-08-21,89.830002,90.839996,88.300003,88.360001,427100,87.904276
2015-08-20,90.370003,91.279999,89.910004,90.849998,380000,90.381431
2015-08-19,92.849998,93.160004,89.93,90.849998,738300,90.381431
2015-08-18,93.459999,93.849998,93.07,93.339996,262200,92.858587
2015-08-17,92.75,93.870003,92.599998,93.849998,273200,93.365959
2015-08-14,92.980003,93.730003,92.559998,93.309998,415900,92.828743
2015-08-13,92.18,93.279999,92.029999,93.029999,548300,92.550188
2015-08-12,90.75,92.440002,90.150002,92.349998,693700,91.873695
2015-08-11,90.389999,91.690002,89.889999,90.959999,387900,90.490865
2015-08-10,90.82,91.82,90.290001,91.160004,413700,90.689838
2015-08-07,89.559998,90.629997,89.559998,90.279999,374900,89.814372
2015-08-06,91.300003,91.300003,89.610001,90.18,444400,89.714889
2015-08-05,90.199997,91.790001,90.129997,91.050003,464700,90.580404
2015-08-04,89.360001,90.360001,89.019997,89.75,410100,89.287106
2015-08-03,88.260002,89.629997,88.150002,89.330002,497400,88.869274
2015-07-31,88.989998,89.389999,87.669998,88.199997,577000,87.745098
2015-07-30,83.50,88.599998,83.50,88.349998,1138200,87.894325
2015-07-29,81.610001,83.120003,81.610001,82.650002,439000,82.223727
2015-07-28,80.650002,81.730003,80.010002,81.639999,272500,81.218934
2015-07-27,80.699997,80.93,80.32,80.419998,261700,80.005225
2015-07-24,82.459999,82.739998,81.080002,81.110001,387100,80.691668
2015-07-23,82.150002,82.620003,81.919998,82.290001,397800,81.865583
2015-07-22,82.00,82.470001,81.519997,82.089996,210500,81.66661
2015-07-21,81.779999,82.290001,81.470001,81.68,425100,81.258728
2015-07-20,81.919998,81.919998,81.330002,81.779999,260800,81.358211
2015-07-17,81.650002,81.830002,80.699997,81.800003,216200,81.378112
2015-07-16,82.019997,82.059998,81.480003,81.809998,177100,81.388055
2015-07-15,81.75,81.889999,81.019997,81.610001,351000,81.18909
2015-07-14,81.080002,82.019997,81.080002,81.940002,236200,81.51739
2015-07-13,80.589996,81.260002,80.589996,81.169998,312900,80.751357
2015-07-10,80.220001,80.459999,79.709999,80.339996,333600,79.925636
2015-07-09,80.889999,81.169998,79.309998,79.309998,332100,78.900949
2015-07-08,80.959999,81.419998,79.870003,79.900002,393500,79.48791
2015-07-07,80.730003,81.419998,79.68,81.370003,356800,80.95033
2015-07-06,80.18,80.809998,80.059998,80.730003,732300,80.313631
2015-07-02,81.00,81.540001,80.489998,80.889999,421700,80.472802
2015-07-01,80.209999,81.059998,79.830002,80.970001,443000,80.552391
2015-06-30,81.279999,81.57,79.669998,79.809998,563700,79.39837
2015-06-29,81.940002,82.169998,80.75,80.779999,652800,80.363369
2015-06-26,82.019997,82.940002,80.900002,82.870003,965500,82.442593
2015-06-25,82.50,82.980003,81.970001,82.089996,380200,81.248777
2015-06-24,82.739998,82.860001,81.940002,82.010002,281700,81.169602
2015-06-23,83.00,83.00,82.349998,82.830002,310800,81.981199
2015-06-22,82.449997,82.959999,82.25,82.860001,223300,82.01089
2015-06-19,82.370003,82.959999,81.720001,82.150002,432700,81.308167
2015-06-18,82.120003,82.760002,81.980003,82.089996,283800,81.248777
2015-06-17,81.379997,82.290001,81.260002,82.010002,376900,81.169602
2015-06-16,80.379997,81.50,80.099998,81.300003,349200,80.466879
2015-06-15,80.860001,80.860001,80.07,80.169998,318000,79.348454
2015-06-12,81.349998,81.879997,80.790001,81.519997,321300,80.684618
2015-06-11,80.949997,81.800003,80.949997,81.790001,383700,80.951856
2015-06-10,80.330002,81.519997,79.769997,81.040001,296100,80.209541
2015-06-09,79.839996,80.620003,79.839996,79.910004,294500,79.091124
2015-06-08,80.040001,80.419998,79.589996,79.940002,298700,79.120815
2015-06-05,80.480003,80.830002,79.559998,80.309998,485400,79.487019
2015-06-04,81.279999,81.860001,80.459999,80.580002,226200,79.754256
2015-06-03,81.599998,82.260002,81.07,81.730003,322400,80.892473
2015-06-02,81.279999,81.419998,80.800003,81.279999,248200,80.44708
2015-06-01,82.330002,82.720001,81.50,81.620003,232500,80.783599
2015-05-29,81.760002,82.410004,81.339996,81.970001,383600,81.130011
2015-05-28,82.00,82.25,81.559998,81.970001,266200,81.130011
2015-05-27,81.690002,82.440002,81.470001,82.279999,227000,81.436832
2015-05-26,81.860001,82.239998,81.410004,81.660004,615500,80.82319
2015-05-22,81.730003,82.480003,81.650002,82.290001,333000,81.446732
2015-05-21,81.809998,82.339996,81.730003,82.099998,256000,81.258676
2015-05-20,81.660004,82.099998,81.599998,81.720001,182200,80.882573
2015-05-19,82.279999,82.279999,81.400002,81.769997,207500,80.932056
2015-05-18,81.220001,82.00,81.220001,81.93,199100,81.09042
2015-05-15,81.480003,81.769997,81.269997,81.709999,240900,80.872674
2015-05-14,81.120003,81.730003,80.970001,81.699997,428300,80.862774
2015-05-13,80.690002,81.309998,80.300003,80.68,356500,79.85323
2015-05-12,80.830002,81.239998,80.379997,80.690002,363100,79.863129
2015-05-11,80.910004,81.669998,80.910004,81.209999,270400,80.377797
2015-05-08,81.510002,81.839996,81.00,81.099998,256600,80.268924
2015-05-07,80.540001,81.089996,80.059998,80.75,285600,79.922512
2015-05-06,81.040001,81.519997,80.419998,80.82,547000,79.991794
2015-05-05,80.760002,81.129997,80.370003,80.75,412200,79.922512
2015-05-04,80.50,80.919998,80.080002,80.68,455800,79.85323
2015-05-01,79.519997,80.510002,78.93,80.379997,550600,79.556301
2015-04-30,80.00,82.059998,78.790001,79.400002,1222900,78.586348
2015-04-29,77.089996,77.220001,76.260002,76.790001,840100,76.003093
2015-04-28,78.07,78.110001,77.279999,77.339996,589900,76.547453
2015-04-27,77.220001,78.330002,77.160004,78.269997,471600,77.467923
2015-04-24,77.82,77.82,77.080002,77.190002,442300,76.398996
2015-04-23,77.580002,78.339996,76.839996,77.830002,284400,77.032437
2015-04-22,78.080002,78.080002,77.25,77.75,324500,76.953255
2015-04-21,78.449997,78.669998,77.690002,77.779999,196500,76.982946
2015-04-20,78.449997,78.889999,78.150002,78.220001,227500,77.41844
