Date,Open,High,Low,Close,Volume,Adj Close
2015-10-16,21.370001,21.459999,21.049999,21.190001,2298500,21.190001
2015-10-15,20.99,21.32,20.83,21.24,4947300,21.24
2015-10-14,20.940001,21.01,20.77,20.85,2304200,20.85
2015-10-13,20.83,21.120001,20.790001,20.959999,2754400,20.959999
2015-10-12,21.059999,21.09,20.91,20.959999,3337700,20.959999
2015-10-09,20.93,21.049999,20.67,21.040001,3437200,21.040001
2015-10-08,20.16,20.92,20.15,20.889999,6138400,20.889999
2015-10-07,20.15,20.32,20.059999,20.26,5053800,20.26
2015-10-06,20.02,20.42,20.00,20.059999,3163900,20.059999
2015-10-05,19.73,20.110001,19.700001,20.030001,5027700,20.030001
2015-10-02,18.889999,19.639999,18.84,19.639999,3806700,19.639999
2015-10-01,19.110001,19.23,18.809999,19.190001,4545000,19.190001
2015-09-30,18.950001,19.15,18.889999,19.129999,3883100,19.129999
2015-09-29,18.91,18.91,18.540001,18.74,3165500,18.74
2015-09-28,19.209999,19.280001,18.75,18.84,2616300,18.84
2015-09-25,19.57,19.60,19.190001,19.299999,3509300,19.299999
2015-09-24,19.530001,19.530001,19.23,19.469999,5504700,19.469999
2015-09-23,19.68,19.77,19.559999,19.620001,2752800,19.620001
2015-09-22,19.75,19.91,19.620001,19.700001,5834500,19.700001
2015-09-21,20.25,20.33,20.049999,20.120001,3072300,20.120001
2015-09-18,20.190001,20.50,20.07,20.129999,5458500,20.129999
2015-09-17,20.299999,20.719999,20.25,20.48,4432200,20.48
2015-09-16,19.90,20.32,19.90,20.280001,2924800,20.280001
2015-09-15,19.83,19.93,19.639999,19.860001,3042600,19.860001
2015-09-14,19.620001,19.809999,19.530001,19.799999,5487900,19.799999
2015-09-11,19.35,19.67,19.120001,19.66,4522900,19.66
2015-09-10,19.09,19.41,19.02,19.219999,1919000,19.219999
2015-09-09,19.60,19.65,19.110001,19.15,3270300,19.15
2015-09-08,19.17,19.51,19.059999,19.450001,4874100,19.450001
2015-09-04,18.799999,19.08,18.700001,18.83,4738300,18.83
2015-09-03,18.93,19.27,18.83,19.139999,3978200,19.139999
2015-09-02,18.50,18.90,18.41,18.889999,4223700,18.889999
2015-09-01,18.440001,18.65,18.16,18.27,4096000,18.27
2015-08-31,19.15,19.190001,18.860001,18.879999,2593500,18.879999
2015-08-28,19.17,19.27,19.01,19.18,3179700,19.18
2015-08-27,19.280001,19.41,18.879999,19.24,5731300,19.119999
2015-08-26,18.93,19.129999,18.43,19.10,4675000,18.980873
2015-08-25,19.35,19.35,18.459999,18.49,5059500,18.374677
2015-08-24,18.629999,19.209999,18.42,18.74,6702100,18.623118
2015-08-21,20.00,20.08,19.60,19.610001,3128500,19.487692
2015-08-20,20.700001,20.700001,20.23,20.24,2388600,20.113762
2015-08-19,20.92,21.120001,20.700001,20.959999,2157100,20.829271
2015-08-18,21.200001,21.25,20.92,21.01,1465000,20.87896
2015-08-17,21.10,21.280001,20.959999,21.219999,1659700,21.08765
2015-08-14,21.10,21.16,20.85,21.15,2284500,21.018086
2015-08-13,21.32,21.35,21.07,21.08,2460700,20.948523
2015-08-12,20.969999,21.33,20.860001,21.299999,2792500,21.167151
2015-08-11,21.02,21.33,20.93,21.27,4624100,21.137339
2015-08-10,21.120001,21.440001,21.09,21.16,4776800,21.028024
2015-08-07,20.75,21.030001,20.709999,20.90,3599300,20.769646
2015-08-06,21.17,21.17,20.200001,20.75,6837600,20.620582
2015-08-05,21.24,21.33,21.01,21.15,4898100,21.018086
2015-08-04,21.10,21.280001,20.959999,21.10,2189300,20.968399
2015-08-03,21.32,21.440001,21.00,21.10,3132600,20.968399
2015-07-31,21.309999,21.40,21.219999,21.299999,2779300,21.167151
2015-07-30,21.129999,21.27,20.870001,21.219999,2487300,21.08765
2015-07-29,21.049999,21.23,21.01,21.190001,2917700,21.057838
2015-07-28,20.76,21.110001,20.59,21.08,4426400,20.948523
2015-07-27,20.709999,20.82,20.59,20.620001,4365300,20.491393
2015-07-24,20.879999,21.120001,20.719999,20.799999,3458900,20.670269
2015-07-23,20.959999,21.16,20.690001,20.77,4374600,20.640457
2015-07-22,19.780001,20.90,19.780001,20.870001,9377700,20.739834
2015-07-21,20.059999,20.059999,19.629999,19.799999,4130800,19.676506
2015-07-20,20.059999,20.120001,19.889999,19.99,2707400,19.865322
2015-07-17,20.120001,20.139999,19.879999,20.120001,3907700,19.994512
2015-07-16,19.889999,20.120001,19.75,20.110001,3376600,19.984574
2015-07-15,19.92,20.00,19.719999,19.780001,2273400,19.656632
2015-07-14,19.82,20.00,19.82,19.91,2398800,19.785821
2015-07-13,19.780001,19.91,19.700001,19.879999,2465100,19.756007
2015-07-10,19.549999,19.700001,19.49,19.65,2543100,19.527442
2015-07-09,19.290001,19.51,19.26,19.290001,5113000,19.169689
2015-07-08,19.190001,19.24,18.969999,19.00,4345900,18.881496
2015-07-07,19.139999,19.370001,18.83,19.34,4683900,19.219376
2015-07-06,19.07,19.17,18.98,19.07,5387900,18.95106
2015-07-02,19.35,19.469999,19.139999,19.27,3725800,19.149813
2015-07-01,19.42,19.51,19.26,19.40,2652900,19.279001
2015-06-30,19.24,19.33,19.08,19.27,8261800,19.149813
2015-06-29,19.52,19.73,19.09,19.10,4138900,18.980873
2015-06-26,19.82,19.85,19.610001,19.700001,3524400,19.577131
2015-06-25,19.75,19.950001,19.66,19.790001,4209600,19.66657
2015-06-24,19.879999,19.969999,19.629999,19.639999,4664600,19.517504
2015-06-23,20.209999,20.26,19.92,19.93,3147600,19.805696
2015-06-22,20.200001,20.299999,20.110001,20.209999,1504900,20.083949
2015-06-19,20.18,20.26,20.059999,20.110001,2511800,19.984574
2015-06-18,20.09,20.34,20.059999,20.23,2771500,20.103824
2015-06-17,20.139999,20.23,20.01,20.040001,2133000,19.915011
2015-06-16,19.940001,20.10,19.940001,20.10,2046500,19.974636
2015-06-15,19.799999,19.959999,19.719999,19.889999,3938800,19.765945
2015-06-12,20.030001,20.16,19.91,19.98,2693600,19.855384
2015-06-11,20.190001,20.24,19.99,20.15,2790000,20.024323
2015-06-10,19.93,20.190001,19.860001,20.17,1725100,20.044199
2015-06-09,19.969999,20.01,19.629999,19.870001,2862500,19.746071
2015-06-08,20.18,20.24,19.959999,19.959999,1842200,19.835508
2015-06-05,20.16,20.290001,19.950001,20.190001,2676100,20.064075
2015-06-04,20.49,20.60,20.18,20.209999,2088200,20.083949
2015-06-03,20.540001,20.700001,20.389999,20.629999,1102800,20.501329
2015-06-02,20.370001,20.65,20.33,20.52,1590400,20.392017
2015-06-01,20.450001,20.530001,20.219999,20.43,1654200,20.302578
2015-05-29,20.52,20.620001,20.309999,20.42,2520400,20.29264
2015-05-28,20.75,20.799999,20.52,20.639999,2656100,20.392016
2015-05-27,20.66,20.799999,20.49,20.75,3094800,20.500695
2015-05-26,20.870001,20.93,20.52,20.65,2095200,20.401896
2015-05-22,20.99,21.07,20.82,20.92,3514900,20.668653
2015-05-21,20.91,21.209999,20.780001,21.02,2850300,20.767452
2015-05-20,21.02,21.07,20.860001,20.91,5831600,20.658773
2015-05-19,21.34,21.35,20.93,20.950001,2541400,20.698293
2015-05-18,21.09,21.32,20.93,21.26,3498700,21.004568
2015-05-15,21.18,21.27,21.030001,21.08,3215600,20.82673
2015-05-14,20.959999,21.200001,20.93,21.139999,2336400,20.886009
2015-05-13,20.84,20.950001,20.68,20.799999,3545000,20.550094
2015-05-12,20.879999,20.92,20.59,20.85,3287800,20.599494
2015-05-11,21.00,21.280001,21.00,21.030001,5792700,20.777332
2015-05-08,20.98,21.129999,20.84,21.01,2521900,20.757572
2015-05-07,20.639999,20.889999,20.530001,20.709999,3340800,20.461175
2015-05-06,20.940001,20.959999,20.52,20.68,4274700,20.431537
2015-05-05,21.00,21.280001,20.809999,20.83,3997200,20.579734
2015-05-04,21.059999,21.280001,21.059999,21.07,2796400,20.81685
2015-05-01,21.00,21.040001,20.85,21.01,5173200,20.757572
2015-04-30,20.75,21.129999,20.68,20.84,6042700,20.589614
2015-04-29,21.00,21.16,20.719999,20.75,4868200,20.500695
2015-04-28,20.719999,21.10,20.450001,21.059999,5853200,20.80697
2015-04-27,21.780001,21.82,20.719999,20.799999,8381800,20.550094
2015-04-24,21.91,21.98,21.709999,21.790001,6778100,21.528201
2015-04-23,21.33,21.389999,21.09,21.16,5046000,20.905769
2015-04-22,21.15,21.379999,20.93,21.34,4457900,21.083607
2015-04-21,20.99,21.26,20.90,21.139999,5613900,20.886009
2015-04-20,20.959999,20.98,20.709999,20.860001,7513800,20.609374
