Date,Open,High,Low,Close,Volume,Adj Close
2015-10-16,54.040001,54.150002,53.23,53.599998,5119600,53.599998
2015-10-15,53.669998,54.279999,53.189999,54.25,2066900,54.25
2015-10-14,53.82,53.950001,53.209999,53.48,2053900,53.48
2015-10-13,54.080002,54.639999,53.759998,53.830002,1384300,53.830002
2015-10-12,54.790001,54.970001,54.299999,54.580002,1575600,54.580002
2015-10-09,55.00,55.830002,54.759998,54.849998,3239300,54.849998
2015-10-08,53.509998,55.02,53.400002,54.860001,2948100,54.860001
2015-10-07,53.50,54.66,53.32,53.75,3100800,53.75
2015-10-06,52.889999,53.57,52.66,53.32,2696200,53.32
2015-10-05,51.700001,53.049999,51.209999,52.810001,3538000,52.810001
2015-10-02,50.040001,51.389999,49.740002,51.389999,2879400,51.389999
2015-10-01,50.799999,51.02,49.939999,50.689999,2850200,50.689999
2015-09-30,51.029999,51.32,49.799999,50.77,6650800,50.77
2015-09-29,51.299999,51.59,50.279999,50.610001,3109000,50.610001
2015-09-28,52.049999,52.25,50.93,50.970001,2161700,50.970001
2015-09-25,53.139999,53.380001,52.310001,52.52,2222800,52.52
2015-09-24,52.290001,52.740002,51.389999,52.66,3497000,52.66
2015-09-23,53.939999,54.029999,52.830002,53.139999,2374500,53.139999
2015-09-22,54.00,54.049999,53.290001,53.93,2393500,53.93
2015-09-21,55.060001,55.509998,54.599998,54.810001,1514800,54.810001
2015-09-18,53.50,55.630001,53.50,54.950001,2941300,54.950001
2015-09-17,56.869999,57.189999,56.00,56.119999,2696700,56.119999
2015-09-16,56.400002,57.310001,56.23,57.099998,3243400,57.099998
2015-09-15,55.419998,56.560001,54.990002,56.48,3179600,56.48
2015-09-14,54.98,55.169998,54.77,54.959999,3088500,54.959999
2015-09-11,54.150002,55.080002,53.93,55.00,3018100,55.00
2015-09-10,54.09,55.099998,53.98,54.290001,2962000,54.290001
2015-09-09,54.509998,63.669998,54.16,54.259998,4454900,54.259998
2015-09-08,53.77,54.00,53.299999,53.889999,3429000,53.599999
2015-09-04,53.00,53.470001,52.720001,52.84,3234300,52.55565
2015-09-03,54.119999,54.700001,53.599998,53.669998,6715300,53.381181
2015-09-02,54.419998,54.619999,53.48,54.23,3940700,53.938169
2015-09-01,53.950001,54.330002,53.259998,53.580002,6049300,53.291669
2015-08-31,55.50,55.900002,55.150002,55.290001,2331900,54.992466
2015-08-28,55.880001,56.419998,55.57,55.73,4012800,55.430097
2015-08-27,55.98,56.759998,55.049999,55.939999,3524200,55.638966
2015-08-26,55.639999,55.849998,54.18,55.369999,2667700,55.072034
2015-08-25,57.549999,57.549999,54.279999,54.310001,2878800,54.01774
2015-08-24,52.529999,56.869999,52.529999,55.560001,5506300,55.261014
2015-08-21,58.939999,59.34,57.75,57.779999,2629400,57.469065
2015-08-20,60.369999,60.68,59.57,59.59,2183100,59.269326
2015-08-19,61.639999,62.029999,60.919998,60.919998,1802800,60.592167
2015-08-18,61.82,62.279999,61.75,62.139999,1901100,61.805603
2015-08-17,61.259998,62.41,61.02,62.119999,1966300,61.78571
2015-08-14,61.490002,61.990002,61.27,61.549999,1706900,61.218777
2015-08-13,61.470001,61.869999,61.32,61.380001,2068100,61.049694
2015-08-12,60.43,61.75,60.029999,61.639999,2598700,61.308293
2015-08-11,61.02,61.369999,60.669998,61.060001,2163400,60.731416
2015-08-10,60.580002,61.830002,60.549999,61.599998,2683800,61.268508
2015-08-07,59.959999,60.41,59.689999,60.25,3774100,59.925774
2015-08-06,59.990002,60.27,59.790001,60.009998,2701400,59.687064
2015-08-05,59.799999,60.470001,59.799999,59.959999,3232000,59.637334
2015-08-04,60.779999,61.16,59.060001,59.380001,4526700,59.060457
2015-08-03,61.189999,61.279999,60.459999,60.529999,3543300,60.204266
2015-07-31,61.27,61.77,61.18,61.400002,2299800,61.069587
2015-07-30,61.060001,61.259998,60.689999,61.110001,2660700,60.781147
2015-07-29,60.84,62.080002,60.630001,61.50,4237200,61.169047
2015-07-28,61.900002,62.00,60.439999,60.700001,8875700,60.373353
2015-07-27,65.50,65.730003,64.949997,65.00,2215600,64.650213
2015-07-24,66.839996,67.080002,65.82,66.00,1408500,65.644831
2015-07-23,68.25,68.25,66.889999,66.970001,2135500,66.609612
2015-07-22,67.970001,68.480003,67.639999,68.199997,2662900,67.832989
2015-07-21,68.93,69.080002,67.769997,67.989998,1827800,67.62412
2015-07-20,67.889999,69.279999,67.769997,68.760002,2514400,68.389981
2015-07-17,67.68,68.330002,67.209999,67.629997,1470300,67.266057
2015-07-16,68.529999,68.690002,67.589996,67.68,3485000,67.315791
2015-07-15,67.620003,67.709999,67.099998,67.370003,2693600,67.007461
2015-07-14,67.290001,67.589996,67.230003,67.449997,1631900,67.087025
2015-07-13,67.43,67.510002,67.080002,67.230003,2038500,66.868215
2015-07-10,66.790001,66.919998,66.18,66.410004,1157300,66.052628
2015-07-09,66.919998,67.279999,66.099998,66.099998,1496800,65.744292
2015-07-08,66.669998,67.239998,66.150002,66.18,1816400,65.823863
2015-07-07,67.279999,67.410004,66.279999,67.300003,1678900,66.937838
2015-07-06,66.800003,67.400002,66.330002,67.029999,1624000,66.669287
2015-07-02,67.870003,68.050003,67.300003,67.510002,826400,67.146707
2015-07-01,68.029999,68.050003,67.330002,67.599998,1181200,67.23622
2015-06-30,68.129997,68.480003,67.169998,67.419998,1757600,67.057188
2015-06-29,68.00,68.169998,67.50,67.580002,1920200,67.21633
2015-06-26,68.360001,68.580002,67.989998,68.43,1708100,68.061755
2015-06-25,68.839996,68.839996,67.980003,68.169998,950700,67.803152
2015-06-24,68.879997,68.989998,68.300003,68.57,1123100,68.201001
2015-06-23,69.32,69.449997,68.849998,68.870003,1395700,68.499389
2015-06-22,69.209999,69.379997,68.82,69.269997,2078800,68.897231
2015-06-19,69.449997,69.529999,68.980003,68.989998,2101200,68.618739
2015-06-18,69.00,69.800003,68.949997,69.43,1399800,69.056373
2015-06-17,69.18,69.300003,68.540001,68.980003,2128900,68.608798
2015-06-16,68.699997,69.139999,68.599998,69.059998,1521000,68.688362
2015-06-15,69.129997,69.300003,68.43,69.040001,1910600,68.668473
2015-06-12,69.980003,70.470001,69.639999,69.860001,2685800,69.48406
2015-06-11,69.489998,69.75,69.400002,69.650002,1650700,69.275191
2015-06-10,68.720001,69.57,68.550003,69.190002,1052600,68.817667
2015-06-09,68.650002,69.00,68.43,68.610001,1258200,67.952348
2015-06-08,69.059998,69.169998,68.580002,68.589996,960600,67.932535
2015-06-05,69.019997,69.239998,68.629997,69.110001,2154500,68.447555
2015-06-04,68.790001,69.120003,68.25,69.050003,2822100,68.388132
2015-06-03,69.360001,69.510002,68.910004,69.089996,2269100,68.427742
2015-06-02,68.839996,69.709999,68.599998,69.239998,2193800,68.576306
2015-06-01,69.029999,69.50,68.389999,68.989998,1299100,68.328702
2015-05-29,69.290001,69.50,68.589996,68.779999,2018200,68.120716
2015-05-28,69.410004,69.699997,69.040001,69.440002,1090100,68.774394
2015-05-27,68.959999,69.68,68.639999,69.519997,1236600,68.853621
2015-05-26,69.050003,69.07,68.459999,68.589996,942500,67.932535
2015-05-22,70.339996,70.339996,69.269997,69.269997,1153800,68.606017
2015-05-21,69.349998,69.870003,68.959999,69.519997,1128300,68.853621
2015-05-20,69.809998,69.900002,69.199997,69.339996,1567500,68.675346
2015-05-19,70.540001,70.629997,69.519997,69.739998,1986200,69.071513
2015-05-18,70.50,70.839996,70.339996,70.50,1602400,69.824231
2015-05-15,70.099998,70.93,70.040001,70.910004,3010400,70.230304
2015-05-14,69.489998,70.209999,68.980003,70.18,2622300,69.507298
2015-05-13,67.599998,68.440002,67.25,68.120003,1962200,67.467047
2015-05-12,67.160004,67.769997,66.93,67.519997,1466400,66.872792
2015-05-11,67.300003,67.82,67.089996,67.169998,1624700,66.526148
2015-05-08,67.940002,68.330002,67.360001,67.440002,1588100,66.793564
2015-05-07,66.830002,67.410004,66.599998,67.139999,1556800,66.496437
2015-05-06,66.010002,66.82,65.470001,66.82,3489000,66.179505
2015-05-05,66.690002,66.980003,65.790001,65.830002,1589300,65.198996
2015-05-04,66.970001,67.379997,66.690002,66.889999,1262700,66.248833
2015-05-01,65.980003,67.059998,65.849998,66.849998,1713600,66.209216
2015-04-30,67.290001,67.790001,65.769997,65.839996,2886100,65.208895
2015-04-29,68.650002,68.959999,67.580002,67.650002,2412400,67.001551
2015-04-28,68.529999,69.220001,68.199997,69.190002,1718600,68.52679
2015-04-27,68.669998,69.400002,68.410004,68.629997,1787600,67.972153
2015-04-24,69.139999,69.139999,68.230003,68.629997,2055700,67.972153
2015-04-23,68.82,69.400002,67.940002,69.059998,2832000,68.398031
2015-04-22,67.190002,67.599998,66.620003,67.489998,1656000,66.843081
2015-04-21,67.75,68.110001,67.139999,67.199997,1349500,66.555859
2015-04-20,67.75,67.849998,67.400002,67.68,1048700,67.031262
