Date,Open,High,Low,Close,Volume,Adj Close
2015-10-16,31.32,31.719999,31.309999,31.60,1912000,31.60
2015-10-15,31.459999,31.559999,30.940001,31.25,1553300,31.25
2015-10-14,31.709999,31.950001,31.25,31.389999,1591700,31.389999
2015-10-13,31.75,31.940001,31.610001,31.68,1146000,31.68
2015-10-12,31.309999,31.790001,31.219999,31.780001,1417400,31.780001
2015-10-09,32.07,32.259998,31.00,31.280001,2547600,31.280001
2015-10-08,31.76,32.349998,31.549999,32.299999,1352700,32.299999
2015-10-07,31.82,32.130001,31.540001,31.83,1686800,31.83
2015-10-06,31.709999,31.92,31.50,31.75,1004000,31.75
2015-10-05,31.33,31.709999,31.24,31.709999,1407500,31.709999
2015-10-02,30.82,31.16,30.65,31.16,1890100,31.16
2015-10-01,31.07,31.17,30.719999,31.16,1570100,31.16
2015-09-30,30.690001,31.07,30.49,31.02,1279700,31.02
2015-09-29,30.200001,30.40,29.940001,30.360001,1514500,30.360001
2015-09-28,30.26,30.469999,29.93,30.17,1350500,30.17
2015-09-25,30.459999,30.82,30.209999,30.549999,1414100,30.549999
2015-09-24,29.709999,30.450001,29.66,30.309999,1879500,30.309999
2015-09-23,29.59,29.85,29.42,29.809999,975700,29.809999
2015-09-22,29.42,29.67,29.33,29.49,1287100,29.49
2015-09-21,30.110001,30.309999,29.709999,29.870001,2760200,29.870001
2015-09-18,29.030001,30.040001,29.030001,30.00,3965800,30.00
2015-09-17,29.209999,30.01,29.15,29.48,919600,29.48
2015-09-16,28.83,29.290001,28.780001,29.190001,720500,29.190001
2015-09-15,28.559999,28.959999,28.530001,28.889999,969700,28.889999
2015-09-14,28.469999,28.620001,28.049999,28.540001,1045700,28.540001
2015-09-11,27.93,28.40,27.860001,28.379999,854900,28.379999
2015-09-10,28.049999,28.27,27.82,28.040001,1482300,28.040001
2015-09-09,28.200001,28.370001,27.73,28.01,1762600,28.01
2015-09-08,28.780001,28.879999,28.27,28.459999,1676000,27.985
2015-09-04,27.940001,28.219999,27.709999,28.209999,2420400,27.739172
2015-09-03,28.17,28.700001,28.120001,28.440001,1611600,27.965335
2015-09-02,27.879999,28.129999,27.59,28.120001,1144100,27.650676
2015-09-01,27.719999,28.110001,27.389999,27.629999,2095900,27.168852
2015-08-31,28.42,28.629999,28.15,28.34,2662500,27.867003
2015-08-28,28.18,28.559999,27.950001,28.540001,1803000,28.063666
2015-08-27,27.75,28.35,27.610001,28.209999,1742000,27.739172
2015-08-26,27.389999,28.469999,26.790001,27.41,3146000,26.952525
2015-08-25,28.52,29.83,26.49,26.52,1962900,26.07738
2015-08-24,28.879999,29.059999,27.370001,27.620001,1996400,27.159021
2015-08-21,30.15,30.24,29.18,29.24,1610700,28.751982
2015-08-20,29.85,30.620001,29.709999,30.24,2062900,29.735292
2015-08-19,30.059999,30.18,29.60,30.15,1323200,29.646794
2015-08-18,30.27,30.41,30.09,30.219999,1397200,29.715625
2015-08-17,30.110001,30.299999,29.879999,30.290001,881000,29.784459
2015-08-14,29.530001,30.290001,29.280001,30.190001,1268900,29.686127
2015-08-13,29.709999,29.940001,29.48,29.52,1134000,29.027309
2015-08-12,28.76,29.84,28.68,29.75,3183200,29.25347
2015-08-11,28.93,29.10,28.719999,28.91,1895700,28.42749
2015-08-10,29.51,29.540001,28.92,29.07,1221600,28.584819
2015-08-07,29.23,29.35,28.950001,29.27,803500,28.781482
2015-08-06,29.870001,29.870001,28.99,29.27,1285500,28.781482
2015-08-05,30.00,30.219999,29.719999,29.809999,858000,29.312468
2015-08-04,30.16,30.43,29.90,29.969999,889000,29.469798
2015-08-03,30.09,30.43,30.030001,30.23,1052900,29.725459
2015-07-31,30.09,30.43,29.90,30.049999,1266400,29.548462
2015-07-30,29.209999,29.950001,28.34,29.91,2305700,29.4108
2015-07-29,31.00,31.01,30.290001,30.66,2259600,30.148282
2015-07-28,30.860001,30.969999,30.67,30.90,975100,30.384276
2015-07-27,31.08,31.23,30.639999,30.76,1801600,30.246614
2015-07-24,31.15,31.23,31.00,31.120001,1387400,30.600606
2015-07-23,31.51,31.58,31.120001,31.200001,1229200,30.67927
2015-07-22,31.33,31.700001,31.23,31.58,1037800,31.052927
2015-07-21,31.43,31.709999,31.299999,31.360001,1538300,30.8366
2015-07-20,31.74,31.790001,31.360001,31.40,885700,30.875931
2015-07-17,31.75,31.84,31.530001,31.73,964900,31.200423
2015-07-16,31.620001,31.799999,31.450001,31.77,909900,31.239757
2015-07-15,31.41,31.620001,31.280001,31.41,2355800,30.885765
2015-07-14,31.25,31.629999,31.059999,31.51,1505300,30.984096
2015-07-13,31.08,31.379999,30.93,31.15,712300,30.630104
2015-07-10,30.969999,31.18,30.870001,30.92,778300,30.403943
2015-07-09,30.889999,31.190001,30.65,30.67,995400,30.158115
2015-07-08,30.620001,30.940001,30.43,30.540001,1227900,30.030286
2015-07-07,31.35,31.65,30.709999,30.959999,2210200,30.443274
2015-07-06,31.32,31.76,31.17,31.23,1752900,30.708768
2015-07-02,31.67,32.25,31.129999,31.549999,1798400,31.023427
2015-07-01,30.950001,31.60,30.889999,31.48,2319300,30.954596
2015-06-30,31.40,31.629999,30.950001,31.00,2101100,30.482608
2015-06-29,31.68,32.119999,31.00,31.09,2319500,30.571106
2015-06-26,31.52,32.209999,31.469999,31.860001,3569300,31.328255
2015-06-25,31.690001,31.82,31.450001,31.450001,1109600,30.925098
2015-06-24,32.580002,32.59,31.60,31.65,1781000,31.121759
2015-06-23,32.880001,32.880001,32.50,32.57,1735700,32.026404
2015-06-22,32.610001,32.91,32.48,32.779999,2534000,32.232898
2015-06-19,32.689999,32.73,32.380001,32.50,1759700,31.957573
2015-06-18,32.110001,32.889999,32.029999,32.709999,2580600,32.164067
2015-06-17,31.790001,32.16,31.620001,32.029999,1323900,31.495416
2015-06-16,31.90,31.959999,31.559999,31.700001,1436800,31.170925
2015-06-15,31.83,31.950001,31.440001,31.879999,2070800,31.34792
2015-06-12,31.77,32.25,31.65,32.02,2633500,31.485584
2015-06-11,32.009998,32.060001,31.639999,31.860001,1389800,31.328255
2015-06-10,31.74,31.969999,31.379999,31.85,1806900,31.318421
2015-06-09,32.360001,32.360001,31.76,31.950001,2406700,30.94968
2015-06-08,32.189999,32.639999,32.009998,32.299999,2077200,31.28872
2015-06-05,32.959999,32.959999,32.32,32.650002,2404200,31.627764
2015-06-04,34.060001,34.310001,32.77,32.889999,2790500,31.860248
2015-06-03,34.560001,34.560001,33.959999,34.279999,2236100,33.206728
2015-06-02,35.700001,35.98,34.540001,34.68,4355100,33.594206
2015-06-01,36.490002,37.02,36.459999,36.830002,1058600,35.676893
2015-05-29,36.799999,36.889999,36.259998,36.470001,4082100,35.328164
2015-05-28,36.82,37.00,36.459999,36.75,1220000,35.599396
2015-05-27,36.52,37.00,36.450001,36.91,1302700,35.754387
2015-05-26,36.650002,36.73,36.310001,36.50,1342400,35.357223
2015-05-22,36.639999,36.810001,36.50,36.639999,776600,35.49284
2015-05-21,37.25,37.290001,36.52,36.73,1021300,35.580022
2015-05-20,37.73,37.73,37.220001,37.23,1339000,36.064367
2015-05-19,37.169998,37.650002,37.110001,37.599998,1703600,36.422782
2015-05-18,36.869999,37.290001,36.830002,37.220001,1835800,36.054682
2015-05-15,36.720001,37.00,36.700001,36.990002,1149200,35.831884
2015-05-14,36.450001,36.599998,36.220001,36.580002,2246600,35.43472
2015-05-13,35.990002,36.48,35.959999,36.139999,2130300,35.008494
2015-05-12,35.380001,36.029999,35.099998,35.880001,2415400,34.756636
2015-05-11,35.299999,35.77,35.299999,35.669998,1882500,34.553208
2015-05-08,35.310001,35.849998,35.220001,35.439999,1320500,34.33041
2015-05-07,34.34,35.110001,34.150002,34.93,1469400,33.836379
2015-05-06,34.209999,34.450001,33.880001,34.25,1013400,33.177668
2015-05-05,34.779999,34.860001,34.139999,34.209999,1576900,33.13892
2015-05-04,34.630001,35.02,34.529999,34.849998,1457700,33.758882
2015-05-01,34.50,34.91,34.299999,34.599998,1724400,33.516709
2015-04-30,35.259998,35.599998,34.290001,34.490002,3411000,33.410156
2015-04-29,37.110001,37.110001,35.18,35.400002,3191600,34.291665
2015-04-28,38.00,38.490002,36.810001,37.279999,6468100,36.112801
2015-04-27,36.709999,36.810001,36.169998,36.240002,1351600,35.105365
2015-04-24,36.50,36.720001,36.470001,36.52,952500,35.376598
2015-04-23,36.380001,36.98,36.32,36.50,1703500,35.357223
2015-04-22,36.50,36.59,36.189999,36.389999,905300,35.250667
2015-04-21,36.880001,36.970001,36.459999,36.490002,927200,35.347538
2015-04-20,37.119999,37.240002,36.77,36.790001,939400,35.638145
