Date,Open,High,Low,Close,Volume,Adj Close
2015-10-16,36.200001,36.470001,35.639999,35.82,198600,35.82
2015-10-15,36.209999,36.330002,35.709999,36.110001,252900,36.110001
2015-10-14,36.650002,37.150002,36.060001,36.080002,171800,36.080002
2015-10-13,36.650002,37.00,36.369999,36.59,174500,36.59
2015-10-12,36.349998,37.189999,36.060001,36.759998,347800,36.759998
2015-10-09,35.66,36.77,35.50,36.139999,254800,36.139999
2015-10-08,35.950001,36.59,34.650002,35.599998,393000,35.599998
2015-10-07,33.540001,33.939999,33.369999,33.639999,148500,33.639999
2015-10-06,32.98,33.470001,32.860001,33.299999,89500,33.299999
2015-10-05,32.389999,33.110001,32.389999,33.09,71200,33.09
2015-10-02,31.389999,32.349998,31.389999,32.110001,124300,32.110001
2015-10-01,31.82,31.84,31.18,31.60,99300,31.60
2015-09-30,32.029999,32.470001,31.549999,31.719999,128900,31.719999
2015-09-29,31.200001,31.969999,31.08,31.73,216600,31.73
2015-09-28,31.139999,31.41,30.99,31.110001,109600,31.110001
2015-09-25,31.73,31.91,31.120001,31.23,128700,31.23
2015-09-24,31.48,31.73,31.200001,31.52,181300,31.52
2015-09-23,31.969999,32.50,31.690001,31.700001,71900,31.700001
2015-09-22,31.83,32.119999,31.629999,31.959999,85000,31.959999
2015-09-21,32.459999,32.82,31.98,32.150002,81000,32.150002
2015-09-18,32.200001,32.610001,31.969999,32.330002,316400,32.330002
2015-09-17,32.75,33.34,32.610001,32.779999,74900,32.779999
2015-09-16,32.400002,33.009998,32.400002,32.740002,60900,32.740002
2015-09-15,32.029999,32.540001,31.719999,32.419998,59500,32.419998
2015-09-14,32.450001,32.450001,31.870001,31.92,101900,31.92
2015-09-11,31.91,32.470001,31.84,32.439999,61900,32.439999
2015-09-10,31.809999,32.490002,31.809999,32.139999,68700,32.139999
2015-09-09,32.709999,33.049999,31.799999,31.90,82500,31.90
2015-09-08,32.709999,32.799999,32.400002,32.669998,63600,32.669998
2015-09-04,32.130001,32.490002,32.040001,32.200001,95800,32.200001
2015-09-03,32.48,32.93,32.349998,32.610001,94700,32.610001
2015-09-02,32.07,32.490002,31.780001,32.400002,113500,32.400002
2015-09-01,31.440001,31.93,31.10,31.719999,218200,31.719999
2015-08-31,31.690001,32.18,31.48,32.09,126400,32.09
2015-08-28,31.280001,31.98,31.26,31.969999,141800,31.969999
2015-08-27,30.959999,31.719999,30.690001,31.49,113700,31.49
2015-08-26,31.00,31.18,30.16,30.790001,199800,30.790001
2015-08-25,31.40,31.40,30.299999,30.48,132500,30.48
2015-08-24,30.26,31.719999,28.959999,30.50,126100,30.50
2015-08-21,31.469999,32.279999,31.469999,31.76,117600,31.76
2015-08-20,32.700001,32.75,31.92,31.98,91600,31.98
2015-08-19,33.650002,33.669998,32.990002,33.029999,111200,33.029999
2015-08-18,33.740002,34.169998,33.57,33.849998,103900,33.849998
2015-08-17,33.130001,34.139999,32.900002,33.810001,106600,33.810001
2015-08-14,32.619999,33.630001,32.439999,33.290001,79200,33.290001
2015-08-13,32.93,33.049999,32.68,32.779999,78700,32.779999
2015-08-12,32.68,32.889999,32.470001,32.849998,120200,32.849998
2015-08-11,33.169998,33.279999,32.73,32.98,60600,32.98
2015-08-10,32.959999,33.450001,32.799999,33.400002,85100,33.400002
2015-08-07,33.110001,33.389999,32.599998,32.93,161300,32.93
2015-08-06,33.639999,33.639999,33.060001,33.25,85700,33.25
2015-08-05,33.900002,34.07,33.34,33.580002,69100,33.580002
2015-08-04,33.77,34.259998,33.599998,33.689999,65300,33.689999
2015-08-03,34.25,34.25,33.41,33.880001,79700,33.880001
2015-07-31,34.639999,35.66,34.16,34.27,75300,34.27
2015-07-30,34.02,34.830002,33.77,34.48,133900,34.48
2015-07-29,34.23,34.459999,33.650002,34.040001,106400,34.040001
2015-07-28,33.869999,34.279999,33.529999,34.220001,93200,34.220001
2015-07-27,34.740002,34.740002,33.439999,33.68,151300,33.68
2015-07-24,35.299999,35.470001,34.880001,34.880001,107500,34.880001
2015-07-23,35.849998,35.849998,35.220001,35.450001,124900,35.450001
2015-07-22,35.77,36.060001,35.509998,35.799999,74500,35.799999
2015-07-21,35.48,35.959999,35.48,35.759998,88600,35.759998
2015-07-20,35.759998,36.040001,35.380001,35.549999,87800,35.549999
2015-07-17,36.23,36.50,35.669998,35.75,94500,35.75
2015-07-16,36.150002,36.34,36.040001,36.189999,81100,36.189999
2015-07-15,35.98,36.25,35.66,36.09,79800,36.09
2015-07-14,35.610001,36.099998,35.52,36.02,109200,36.02
2015-07-13,35.580002,35.689999,35.34,35.599998,141800,35.599998
2015-07-10,35.50,35.849998,35.419998,35.50,194600,35.50
2015-07-09,35.299999,35.650002,35.02,35.279999,192800,35.279999
2015-07-08,34.490002,34.919998,34.279999,34.82,302600,34.82
2015-07-07,34.75,35.119999,34.369999,34.830002,314700,34.830002
2015-07-06,34.860001,35.549999,34.610001,34.759998,402000,34.759998
2015-07-02,35.060001,35.279999,32.639999,34.549999,438000,34.549999
2015-07-01,37.02,37.700001,36.650002,36.98,247100,36.98
2015-06-30,37.00,37.00,36.509998,36.669998,167700,36.669998
2015-06-29,37.459999,37.669998,36.639999,36.689999,142900,36.689999
2015-06-26,37.59,37.75,37.43,37.689999,261600,37.689999
2015-06-25,37.650002,37.75,37.419998,37.630001,71400,37.630001
2015-06-24,37.75,37.75,37.349998,37.490002,68100,37.490002
2015-06-23,37.639999,37.75,37.419998,37.73,96800,37.73
2015-06-22,37.369999,37.669998,37.18,37.59,120000,37.59
2015-06-19,37.290001,37.32,37.150002,37.150002,172100,37.150002
2015-06-18,37.049999,37.419998,37.040001,37.34,163400,37.34
2015-06-17,37.150002,37.380001,36.849998,36.900002,80000,36.900002
2015-06-16,36.860001,37.150002,36.779999,37.00,101900,37.00
2015-06-15,36.91,37.09,36.490002,36.970001,88500,36.970001
2015-06-12,37.419998,37.439999,36.84,37.209999,62500,37.209999
2015-06-11,37.189999,37.50,37.049999,37.48,116400,37.48
2015-06-10,36.700001,37.209999,36.700001,37.150002,162500,37.150002
2015-06-09,36.48,36.610001,36.290001,36.50,143100,36.50
2015-06-08,36.77,36.98,36.43,36.50,172800,36.50
2015-06-05,36.810001,37.00,36.57,36.849998,134600,36.849998
2015-06-04,37.110001,37.43,36.669998,36.790001,81700,36.790001
2015-06-03,37.369999,38.060001,37.27,37.360001,170400,37.360001
2015-06-02,37.16,37.650002,36.799999,37.330002,164900,37.330002
2015-06-01,37.50,37.709999,37.130001,37.34,122200,37.34
2015-05-29,37.57,37.650002,37.099998,37.23,117400,37.23
2015-05-28,37.490002,38.27,37.369999,37.630001,61500,37.630001
2015-05-27,37.25,37.810001,37.07,37.639999,131800,37.639999
2015-05-26,37.279999,37.52,37.049999,37.439999,97800,37.18
2015-05-22,37.41,37.799999,37.130001,37.470001,116000,37.209794
2015-05-21,37.66,37.799999,37.27,37.50,107300,37.239584
2015-05-20,38.029999,38.130001,37.639999,37.700001,51900,37.438196
2015-05-19,38.00,38.029999,37.630001,37.950001,88000,37.68646
2015-05-18,37.240002,37.98,37.240002,37.779999,155700,37.517639
2015-05-15,37.50,37.59,36.50,37.43,135200,37.170071
2015-05-14,37.080002,37.50,36.970001,37.490002,64300,37.229655
2015-05-13,37.09,37.16,36.73,36.990002,58900,36.733128
2015-05-12,36.919998,37.209999,36.529999,37.02,79100,36.762918
2015-05-11,36.720001,37.16,36.709999,37.02,150900,36.762918
2015-05-08,36.919998,37.040001,36.689999,36.860001,170300,36.604029
2015-05-07,36.560001,36.669998,36.34,36.619999,97200,36.365694
2015-05-06,36.560001,36.689999,36.220001,36.630001,133900,36.375627
2015-05-05,36.290001,36.740002,36.16,36.419998,165300,36.167082
2015-05-04,36.799999,36.91,36.400002,36.459999,107500,36.206806
2015-05-01,36.48,37.040001,36.279999,36.68,123600,36.425279
2015-04-30,36.330002,37.00,36.27,36.360001,177200,36.107502
2015-04-29,36.68,36.900002,36.41,36.529999,114000,36.276319
2015-04-28,36.52,36.849998,36.220001,36.830002,154100,36.574239
2015-04-27,36.709999,36.919998,36.259998,36.549999,167100,36.296181
2015-04-24,37.07,37.150002,36.529999,36.549999,81500,36.296181
2015-04-23,36.700001,37.09,36.669998,36.950001,93700,36.693405
2015-04-22,36.830002,37.009998,36.490002,36.740002,125100,36.484864
2015-04-21,37.200001,37.709999,36.650002,36.720001,103600,36.465002
2015-04-20,37.25,37.490002,36.869999,36.950001,157300,36.693405
