Date,Open,High,Low,Close,Volume,Adj Close
2015-10-16,86.349998,87.120003,85.540001,86.040001,174900,86.040001
2015-10-15,85.230003,86.419998,84.970001,86.349998,232000,86.349998
2015-10-14,86.389999,86.550003,84.650002,84.839996,183700,84.839996
2015-10-13,85.989998,86.660004,85.889999,86.150002,239200,86.150002
2015-10-12,85.510002,86.339996,85.230003,86.279999,324900,86.279999
2015-10-09,84.510002,85.480003,84.300003,85.400002,575600,85.400002
2015-10-08,83.949997,84.669998,83.209999,84.379997,848500,84.379997
2015-10-07,84.419998,84.790001,83.949997,84.00,948300,84.00
2015-10-06,83.989998,84.300003,83.639999,84.00,424500,84.00
2015-10-05,84.419998,84.870003,83.970001,84.25,742100,84.25
2015-10-02,82.300003,83.989998,81.519997,83.949997,543600,83.949997
2015-10-01,83.769997,84.099998,81.860001,83.099998,731600,83.099998
2015-09-30,84.519997,84.760002,83.339996,83.93,620400,83.93
2015-09-29,84.150002,84.349998,83.339996,83.669998,364500,83.669998
2015-09-28,85.910004,86.139999,84.00,84.220001,181900,84.220001
2015-09-25,86.529999,86.849998,85.959999,86.309998,346000,86.309998
2015-09-24,86.489998,87.690002,85.730003,86.040001,380900,86.040001
2015-09-23,87.709999,88.129997,87.269997,87.650002,113000,87.650002
2015-09-22,87.309998,87.879997,87.089996,87.68,195400,87.68
2015-09-21,87.779999,89.139999,87.57,88.290001,212300,88.290001
2015-09-18,87.099998,88.25,87.010002,87.389999,434500,87.389999
2015-09-17,88.360001,88.940002,87.82,87.910004,142400,87.910004
2015-09-16,87.360001,88.279999,86.779999,88.190002,136800,88.190002
2015-09-15,86.360001,87.400002,85.889999,87.360001,120200,87.360001
2015-09-14,86.269997,86.599998,85.919998,86.080002,102000,86.080002
2015-09-11,85.209999,86.739998,84.860001,86.540001,135900,86.540001
2015-09-10,85.300003,86.279999,85.019997,85.510002,202900,85.510002
2015-09-09,87.25,88.010002,85.220001,85.290001,225500,85.290001
2015-09-08,85.519997,86.589996,85.330002,86.470001,206900,86.470001
2015-09-04,84.440002,84.910004,83.860001,84.169998,133400,84.169998
2015-09-03,85.32,85.910004,85.089996,85.449997,157900,85.449997
2015-09-02,84.400002,85.029999,83.43,85.029999,234000,85.029999
2015-09-01,83.800003,84.610001,83.199997,83.370003,363700,83.370003
2015-08-31,86.599998,86.599998,85.239998,85.510002,443300,85.510002
2015-08-28,86.419998,86.870003,85.580002,86.800003,324900,86.800003
2015-08-27,85.57,87.209999,84.889999,86.410004,336100,86.410004
2015-08-26,84.120003,85.269997,82.900002,84.889999,301300,84.889999
2015-08-25,84.559998,85.290001,82.669998,82.730003,464700,82.730003
2015-08-24,82.230003,85.580002,79.93,83.279999,674600,83.279999
2015-08-21,88.419998,89.230003,86.470001,86.57,279000,86.57
2015-08-20,89.830002,91.25,89.050003,89.059998,278100,89.059998
2015-08-19,91.110001,91.68,90.269997,90.830002,228300,90.830002
2015-08-18,91.620003,92.459999,91.410004,91.540001,216000,91.540001
2015-08-17,90.610001,91.809998,90.309998,91.779999,193000,91.779999
2015-08-14,90.660004,91.699997,89.93,91.089996,274000,91.089996
2015-08-13,90.510002,91.110001,90.230003,90.550003,160100,90.550003
2015-08-12,89.550003,90.650002,88.889999,90.449997,199900,90.449997
2015-08-11,90.040001,91.139999,89.690002,90.150002,218300,90.150002
2015-08-10,90.529999,91.169998,90.480003,90.889999,161600,90.889999
2015-08-07,89.709999,90.099998,88.610001,89.800003,170500,89.800003
2015-08-06,91.989998,91.989998,89.470001,89.849998,335900,89.849998
2015-08-05,90.00,92.220001,89.830002,91.900002,489800,91.900002
2015-08-04,88.519997,89.239998,87.809998,89.220001,449700,89.220001
2015-08-03,88.349998,88.739998,87.730003,88.730003,316300,88.730003
2015-07-31,87.919998,89.050003,87.32,88.57,442400,88.57
2015-07-30,86.099998,87.650002,84.900002,87.540001,387000,87.540001
2015-07-29,85.709999,87.269997,85.360001,86.970001,295300,86.970001
2015-07-28,85.800003,86.089996,84.879997,85.839996,228300,85.839996
2015-07-27,85.540001,85.720001,85.139999,85.419998,186400,85.419998
2015-07-24,86.580002,87.339996,85.910004,86.220001,225500,86.220001
2015-07-23,87.07,87.830002,86.440002,86.669998,203500,86.669998
2015-07-22,86.080002,87.379997,85.949997,87.040001,207000,87.040001
2015-07-21,87.379997,87.720001,86.410004,86.440002,219500,86.440002
2015-07-20,87.339996,87.889999,87.089996,87.550003,145600,87.550003
2015-07-17,88.050003,88.050003,86.940002,87.410004,189300,87.410004
2015-07-16,87.169998,88.190002,87.00,88.099998,292700,88.099998
2015-07-15,86.889999,87.25,86.540001,86.889999,171300,86.889999
2015-07-14,86.68,87.059998,86.400002,86.940002,436200,86.940002
2015-07-13,86.639999,87.209999,86.220001,86.269997,419300,86.269997
2015-07-10,86.779999,86.849998,85.839996,86.120003,300600,86.120003
2015-07-09,86.410004,86.410004,85.309998,85.330002,182200,85.330002
2015-07-08,85.610001,86.010002,84.790001,85.279999,275900,85.279999
2015-07-07,86.540001,86.800003,85.290001,86.050003,316800,86.050003
2015-07-06,85.839996,87.120003,85.839996,86.339996,223800,86.339996
2015-07-02,86.459999,86.620003,85.419998,86.50,321800,86.50
2015-07-01,86.50,87.089996,85.639999,86.139999,366800,86.139999
2015-06-30,86.019997,86.150002,85.199997,85.779999,465400,85.779999
2015-06-29,87.029999,87.440002,85.419998,85.510002,287900,85.510002
2015-06-26,88.080002,88.410004,87.199997,87.620003,507000,87.620003
2015-06-25,87.940002,88.129997,87.190002,87.790001,203100,87.790001
2015-06-24,89.099998,89.099998,87.599998,87.739998,267200,87.739998
2015-06-23,88.580002,89.07,88.209999,89.07,303200,89.07
2015-06-22,87.949997,88.43,87.559998,88.360001,419800,88.360001
2015-06-19,87.839996,88.150002,87.449997,87.779999,754200,87.779999
2015-06-18,87.900002,88.330002,87.550003,88.050003,360400,88.050003
2015-06-17,87.75,87.980003,87.410004,87.709999,319700,87.709999
2015-06-16,86.459999,87.629997,86.400002,87.529999,256800,87.529999
2015-06-15,86.160004,86.68,85.059998,86.589996,278500,86.589996
2015-06-12,87.099998,87.260002,86.550003,86.989998,246800,86.989998
2015-06-11,86.739998,87.440002,86.720001,87.410004,255200,87.410004
2015-06-10,86.360001,86.910004,85.919998,86.709999,270900,86.709999
2015-06-09,85.739998,86.330002,85.25,85.870003,246400,85.870003
2015-06-08,86.82,87.269997,85.910004,86.00,361900,86.00
2015-06-05,86.400002,87.120003,85.959999,87.059998,391500,87.059998
2015-06-04,86.519997,87.120003,86.349998,86.589996,372000,86.589996
2015-06-03,86.669998,87.889999,86.459999,87.309998,442200,87.309998
2015-06-02,86.449997,86.980003,85.959999,86.669998,372000,86.669998
2015-06-01,87.879997,88.730003,86.580002,86.879997,802900,86.879997
2015-05-29,88.50,88.650002,86.93,87.480003,3516900,87.480003
2015-05-28,88.529999,88.800003,87.580002,88.220001,601300,88.220001
2015-05-27,87.080002,88.519997,86.779999,88.410004,661600,88.410004
2015-05-26,87.019997,87.330002,86.50,86.970001,1034600,86.970001
2015-05-22,87.470001,88.00,87.190002,87.209999,850500,87.209999
2015-05-21,88.300003,88.300003,87.629997,87.720001,459800,87.720001
2015-05-20,87.650002,88.510002,87.309998,88.129997,808700,88.129997
2015-05-19,87.639999,87.940002,87.25,87.419998,348700,87.419998
2015-05-18,87.199997,87.870003,87.160004,87.760002,481400,87.760002
2015-05-15,87.690002,88.150002,86.889999,87.470001,715000,87.470001
2015-05-14,86.50,88.120003,86.410004,88.040001,760300,88.040001
2015-05-13,85.089996,86.360001,84.169998,86.199997,783500,86.199997
2015-05-12,84.199997,84.239998,82.949997,83.75,288400,83.75
2015-05-11,85.339996,86.330002,84.410004,84.470001,362100,84.470001
2015-05-08,86.029999,87.32,85.339996,85.610001,504000,85.610001
2015-05-07,84.459999,85.959999,84.150002,84.980003,391600,84.980003
2015-05-06,83.639999,84.190002,83.269997,84.099998,442800,84.099998
2015-05-05,84.690002,84.809998,83.449997,83.629997,353800,83.629997
2015-05-04,84.349998,85.440002,84.349998,84.690002,464500,84.690002
2015-05-01,83.379997,84.760002,83.089996,84.089996,454100,84.089996
2015-04-30,82.779999,84.019997,82.550003,82.980003,535300,82.980003
2015-04-29,83.139999,83.769997,82.610001,83.139999,320400,83.139999
2015-04-28,83.239998,83.519997,82.529999,83.279999,349700,83.279999
2015-04-27,83.470001,83.959999,82.93,83.120003,354400,83.120003
2015-04-24,84.18,84.32,83.379997,83.470001,356200,83.470001
2015-04-23,82.730003,84.489998,82.730003,84.25,732900,84.25
2015-04-22,83.360001,83.510002,82.349998,82.879997,689200,82.879997
2015-04-21,84.360001,84.589996,83.540001,83.559998,455800,83.559998
2015-04-20,83.68,84.120003,83.480003,83.860001,215300,83.860001
