Date,Open,High,Low,Close,Volume,Adj Close
2015-10-16,32.060001,32.52,31.84,32.400002,3159500,32.400002
2015-10-15,31.33,32.02,31.129999,32.00,3561000,32.00
2015-10-14,31.50,31.799999,31.040001,31.120001,4294900,31.120001
2015-10-13,32.549999,32.580002,31.42,31.459999,5730100,31.459999
2015-10-12,32.82,32.919998,32.439999,32.630001,1739100,32.630001
2015-10-09,33.169998,33.330002,32.740002,32.880001,2576000,32.880001
2015-10-08,32.84,33.169998,31.889999,33.139999,2436700,33.139999
2015-10-07,32.73,33.220001,32.57,33.00,2697500,33.00
2015-10-06,32.41,32.57,32.189999,32.50,3528000,32.50
2015-10-05,31.889999,32.610001,31.889999,32.50,3732900,32.50
2015-10-02,30.719999,31.549999,30.209999,31.549999,3546700,31.549999
2015-10-01,31.27,31.58,30.870001,31.48,3717000,31.48
2015-09-30,31.110001,31.379999,30.790001,31.23,6652300,31.23
2015-09-29,31.34,31.34,30.65,30.82,4239200,30.82
2015-09-28,31.68,31.860001,30.809999,30.92,3412000,30.92
2015-09-25,32.369999,32.549999,31.90,32.02,3152900,32.02
2015-09-24,31.59,32.080002,31.32,31.950001,3796000,31.950001
2015-09-23,32.200001,32.259998,31.59,31.889999,2554600,31.889999
2015-09-22,32.279999,32.450001,31.809999,32.080002,2696600,32.080002
2015-09-21,32.93,33.169998,32.639999,32.849998,2567900,32.849998
2015-09-18,32.310001,33.049999,32.02,32.490002,4107700,32.490002
2015-09-17,33.630001,34.189999,33.380001,33.470001,3843800,33.470001
2015-09-16,33.259998,33.779999,33.00,33.709999,3086400,33.709999
2015-09-15,32.669998,33.450001,32.57,33.259998,3238700,33.259998
2015-09-14,32.869999,32.93,32.580002,32.66,2677000,32.66
2015-09-11,32.529999,32.889999,32.43,32.880001,2605400,32.880001
2015-09-10,32.349998,33.02,32.279999,32.740002,3491000,32.740002
2015-09-09,33.349998,33.689999,32.439999,32.529999,4315700,32.529999
2015-09-08,32.700001,32.970001,32.240002,32.919998,4320100,32.919998
2015-09-04,32.419998,32.509998,31.77,31.950001,5043600,31.950001
2015-09-03,32.849998,33.389999,32.790001,32.900002,4821200,32.900002
2015-09-02,33.299999,33.639999,32.580002,32.959999,3127500,32.959999
2015-09-01,33.110001,33.439999,32.669998,32.91,4675700,32.91
2015-08-31,34.369999,34.459999,33.959999,34.110001,3946300,34.110001
2015-08-28,34.049999,34.720001,33.73,34.610001,4998500,34.610001
2015-08-27,33.66,34.77,33.490002,34.560001,5299900,34.560001
2015-08-26,33.16,33.240002,31.959999,33.189999,6933000,33.189999
2015-08-25,34.200001,34.400002,32.009998,32.040001,7360100,32.040001
2015-08-24,32.169998,34.080002,31.030001,32.880001,7071000,32.880001
2015-08-21,35.540001,35.700001,34.580002,34.599998,6400800,34.599998
2015-08-20,36.259998,36.349998,35.860001,35.889999,3043200,35.889999
2015-08-19,37.009998,37.09,36.50,36.66,2706500,36.66
2015-08-18,37.369999,37.450001,37.009998,37.220001,1995100,37.220001
2015-08-17,37.310001,37.68,37.169998,37.66,1573800,37.389999
2015-08-14,37.400002,37.77,37.110001,37.509998,2447800,37.241073
2015-08-13,37.84,37.939999,37.43,37.459999,2174500,37.191432
2015-08-12,37.959999,37.959999,37.009998,37.84,2350200,37.568709
2015-08-11,38.459999,38.560001,38.16,38.330002,1847800,38.055198
2015-08-10,38.59,38.970001,38.59,38.869999,1649800,38.591323
2015-08-07,38.490002,38.610001,38.02,38.209999,2978200,37.936055
2015-08-06,38.669998,38.779999,38.310001,38.599998,2471000,38.323259
2015-08-05,38.82,38.970001,38.52,38.73,2431300,38.452328
2015-08-04,38.59,38.689999,38.279999,38.41,2072400,38.134622
2015-08-03,38.669998,38.709999,38.259998,38.549999,2567700,38.273618
2015-07-31,39.07,39.110001,38.549999,38.599998,4027000,38.323259
2015-07-30,38.59,39.48,38.490002,38.990002,5335200,38.710466
2015-07-29,37.360001,37.799999,37.099998,37.709999,2725400,37.43964
2015-07-28,37.209999,37.360001,36.91,37.27,2046100,37.002796
2015-07-27,37.150002,37.240002,36.82,36.939999,2364000,36.67516
2015-07-24,37.990002,37.990002,37.34,37.48,1731100,37.211289
2015-07-23,38.580002,38.580002,37.889999,38.00,1967900,37.727562
2015-07-22,38.32,38.619999,38.299999,38.50,2505200,38.223977
2015-07-21,38.23,38.43,38.049999,38.419998,2037200,38.144549
2015-07-20,38.560001,38.630001,38.220001,38.34,1915400,38.065124
2015-07-17,38.50,38.549999,38.169998,38.490002,1901900,38.21405
2015-07-16,38.310001,38.689999,38.290001,38.599998,2970900,38.323259
2015-07-15,38.049999,38.259998,37.880001,37.950001,2658300,37.677921
2015-07-14,37.389999,38.279999,37.389999,38.00,4568800,37.727562
2015-07-13,37.32,37.57,36.950001,37.490002,3501200,37.22122
2015-07-10,37.619999,37.689999,36.75,36.93,2744700,36.665233
2015-07-09,36.810001,37.029999,36.299999,36.450001,3280700,36.188675
2015-07-08,36.73,36.91,36.200001,36.220001,2452100,35.960325
2015-07-07,37.279999,37.279999,36.48,37.150002,3679000,36.883657
2015-07-06,36.75,37.290001,36.369999,37.259998,3049500,36.992866
2015-07-02,37.799999,37.919998,37.360001,37.619999,2250300,37.350285
2015-07-01,37.970001,38.130001,37.580002,37.810001,2576100,37.538925
2015-06-30,37.799999,38.029999,37.290001,37.490002,3142200,37.22122
2015-06-29,38.040001,38.25,37.349998,37.400002,3035100,37.131865
2015-06-26,38.689999,38.810001,38.380001,38.560001,2586700,38.283548
2015-06-25,38.669998,38.900002,38.50,38.540001,2753500,38.263691
2015-06-24,39.060001,39.139999,38.790001,38.849998,2947400,38.571466
2015-06-23,39.029999,39.290001,38.98,39.150002,3309900,38.869319
2015-06-22,39.279999,39.400002,38.889999,38.93,4362500,38.650895
2015-06-19,39.330002,39.360001,38.880001,38.900002,3971600,38.621111
2015-06-18,39.380001,39.77,39.27,39.50,2529400,39.216808
2015-06-17,39.759998,39.810001,39.130001,39.23,3575000,38.948743
2015-06-16,39.32,39.580002,39.119999,39.540001,3092100,39.256522
2015-06-15,39.09,39.439999,38.900002,39.419998,2683100,39.137379
2015-06-12,39.209999,39.580002,38.810001,39.470001,4685200,39.187024
2015-06-11,39.240002,39.380001,38.830002,39.360001,4958100,39.077812
2015-06-10,39.240002,39.610001,39.060001,39.119999,3827800,38.839531
2015-06-09,39.299999,39.389999,38.959999,39.00,2645900,38.720392
2015-06-08,39.490002,39.889999,39.279999,39.330002,2783900,39.048028
2015-06-05,39.560001,39.560001,39.00,39.200001,2302100,38.918959
2015-06-04,39.560001,39.73,39.130001,39.18,3016100,38.899102
2015-06-03,40.119999,40.25,39.50,39.830002,3318300,39.544444
2015-06-02,39.799999,39.91,39.459999,39.860001,2581900,39.574227
2015-06-01,40.00,40.139999,39.59,39.869999,2670300,39.584154
2015-05-29,40.310001,40.450001,39.759998,39.830002,2934400,39.544444
2015-05-28,40.299999,40.450001,39.990002,40.34,2136400,40.050786
2015-05-27,40.200001,40.50,39.990002,40.389999,1435400,40.100426
2015-05-26,40.419998,40.52,39.849998,39.990002,2104600,39.703296
2015-05-22,40.580002,40.720001,40.459999,40.52,1049500,40.229495
2015-05-21,40.830002,40.900002,40.52,40.619999,1720400,40.328777
2015-05-20,40.529999,41.049999,40.200001,40.91,2341100,40.616699
2015-05-19,40.77,40.790001,39.959999,40.369999,5306000,40.080569
2015-05-18,40.540001,40.740002,40.48,40.68,1881300,40.388348
2015-05-15,40.970001,41.049999,40.400002,40.540001,2175500,40.249352
2015-05-14,40.48,41.02,40.380001,40.990002,1977600,40.696127
2015-05-13,40.599998,40.720001,40.139999,40.299999,2876000,40.011071
2015-05-12,41.00,41.25,40.50,40.82,1987500,40.259281
2015-05-11,41.310001,41.68,41.209999,41.279999,2360700,40.712962
2015-05-08,41.439999,41.59,41.259998,41.43,2494900,40.860903
2015-05-07,40.77,41.02,40.549999,41.009998,2265400,40.44667
2015-05-06,41.16,41.259998,40.380001,40.720001,2131100,40.160656
2015-05-05,41.48,41.669998,40.990002,41.110001,2680300,40.545299
2015-05-04,41.82,41.93,41.59,41.73,2568800,41.156781
2015-05-01,41.75,42.049999,41.389999,41.610001,2937200,41.03843
2015-04-30,41.150002,42.00,40.93,41.419998,4593000,40.851038
2015-04-29,40.740002,41.23,40.619999,40.740002,2586600,40.180382
2015-04-28,40.439999,41.110001,40.360001,41.110001,2526800,40.545299
2015-04-27,40.889999,40.990002,40.470001,40.52,1716600,39.963403
2015-04-24,40.75,40.849998,40.529999,40.82,1476200,40.259281
2015-04-23,40.380001,40.970001,40.16,40.810001,1729900,40.24942
2015-04-22,40.189999,40.540001,39.779999,40.389999,1777900,39.835188
2015-04-21,40.360001,40.57,39.970001,40.060001,1465400,39.509722
2015-04-20,40.139999,40.43,40.080002,40.310001,1485800,39.756288
