Date,Open,High,Low,Close,Volume,Adj Close
2015-10-15,75.540001,76.279999,74.75,76.220001,283000,76.220001
2015-10-14,76.650002,77.089996,74.68,75.029999,393400,75.029999
2015-10-13,76.57,78.190002,76.370003,76.510002,252400,76.510002
2015-10-12,77.110001,77.580002,76.349998,76.589996,273100,76.589996
2015-10-09,75.610001,77.480003,75.459999,77.410004,452500,77.410004
2015-10-08,74.940002,76.639999,74.860001,75.790001,322200,75.790001
2015-10-07,76.019997,76.800003,74.559998,75.529999,456700,75.529999
2015-10-06,78.18,78.220001,76.370003,76.620003,351000,76.620003
2015-10-05,77.050003,78.440002,76.419998,78.089996,436100,78.089996
2015-10-02,73.82,76.779999,73.220001,76.760002,623300,76.760002
2015-10-01,76.629997,77.050003,73.459999,74.360001,794300,74.360001
2015-09-30,79.25,79.879997,76.830002,77.040001,675800,77.040001
2015-09-29,78.650002,79.059998,76.790001,78.370003,736600,78.370003
2015-09-28,79.739998,79.879997,76.440002,77.370003,611700,77.370003
2015-09-25,79.519997,80.519997,79.110001,79.709999,815800,79.709999
2015-09-24,78.25,78.809998,77.190002,78.699997,895300,78.699997
2015-09-23,78.199997,78.870003,77.760002,78.43,389900,78.43
2015-09-22,75.830002,78.379997,75.029999,78.279999,857800,78.279999
2015-09-21,75.800003,76.550003,74.690002,75.010002,515800,75.010002
2015-09-18,75.690002,76.629997,75.389999,75.580002,699200,75.580002
2015-09-17,75.879997,77.849998,75.529999,77.019997,635400,77.019997
2015-09-16,77.610001,77.82,75.559998,75.82,667800,75.82
2015-09-15,77.400002,78.290001,76.339996,77.839996,497700,77.839996
2015-09-14,79.889999,79.889999,77.269997,77.370003,584700,77.370003
2015-09-11,77.519997,79.489998,77.489998,79.440002,340300,79.440002
2015-09-10,78.739998,79.379997,77.989998,78.190002,393300,78.190002
2015-09-09,80.589996,80.620003,78.529999,78.709999,359100,78.709999
2015-09-08,79.660004,80.150002,78.68,79.790001,337700,79.790001
2015-09-04,77.779999,79.00,77.330002,78.309998,277700,78.309998
2015-09-03,78.559998,79.220001,78.300003,78.650002,422800,78.650002
2015-09-02,77.910004,78.480003,76.980003,78.040001,504400,78.040001
2015-09-01,76.879997,77.889999,76.260002,77.010002,610400,77.010002
2015-08-31,81.540001,82.160004,78.00,78.18,654100,78.18
2015-08-28,81.57,82.400002,80.870003,81.769997,371800,81.769997
2015-08-27,80.330002,82.099998,80.040001,81.489998,607200,81.489998
2015-08-26,80.470001,80.790001,77.809998,79.93,758700,79.93
2015-08-25,79.18,80.980003,78.709999,78.720001,860600,78.720001
2015-08-24,70.970001,80.709999,63.939999,78.50,1277400,78.50
2015-08-21,82.470001,83.489998,81.309998,81.410004,937400,81.110003
2015-08-20,85.160004,86.110001,83.769997,83.919998,922100,83.610748
2015-08-19,85.610001,86.50,84.50,86.129997,872500,85.812603
2015-08-18,87.470001,87.720001,85.550003,85.940002,889400,85.623309
2015-08-17,87.080002,87.959999,86.290001,87.400002,462500,87.077928
2015-08-14,87.230003,88.080002,86.910004,87.480003,302300,87.157635
2015-08-13,87.309998,88.660004,87.309998,87.610001,492900,87.287153
2015-08-12,87.32,87.699997,85.550003,87.459999,723100,87.137704
2015-08-11,88.290001,89.279999,87.080002,88.110001,661200,87.78531
2015-08-10,90.989998,91.93,88.459999,88.589996,821400,88.263537
2015-08-07,90.419998,91.510002,88.32,90.209999,1212700,89.87757
2015-08-06,95.50,96.300003,89.150002,91.110001,2078700,90.774255
2015-08-05,97.099998,98.260002,96.639999,97.139999,1333400,96.782033
2015-08-04,96.449997,97.139999,95.510002,96.449997,678400,96.094573
2015-08-03,95.169998,96.419998,95.129997,96.120003,479700,95.765795
2015-07-31,94.419998,95.610001,93.769997,95.00,478800,94.64992
2015-07-30,93.199997,94.419998,92.839996,94.150002,418600,93.803053
2015-07-29,91.879997,93.760002,91.660004,93.510002,567300,93.165412
2015-07-28,90.18,91.82,89.260002,91.57,406800,91.232559
2015-07-27,91.580002,91.599998,89.849998,90.089996,549800,89.75801
2015-07-24,93.50,93.620003,91.099998,91.620003,433700,91.282378
2015-07-23,94.949997,95.110001,92.970001,93.00,373900,92.65729
2015-07-22,92.970001,95.07,92.699997,94.959999,581000,94.610066
2015-07-21,92.339996,93.00,92.010002,92.779999,258500,92.438099
2015-07-20,92.510002,93.370003,92.220001,92.839996,302600,92.497876
2015-07-17,92.669998,92.900002,91.769997,92.339996,301400,91.999718
2015-07-16,92.959999,93.00,91.830002,92.900002,391200,92.55766
2015-07-15,93.089996,93.099998,92.00,92.209999,332600,91.8702
2015-07-14,92.370003,93.230003,92.07,92.889999,571800,92.547694
2015-07-13,90.00,92.389999,89.900002,92.099998,657600,91.760605
2015-07-10,89.110001,90.00,88.739998,89.889999,488300,89.55875
2015-07-09,89.389999,89.739998,88.309998,88.330002,1143000,88.004501
2015-07-08,89.050003,89.50,88.120003,88.889999,4846100,88.562435
2015-07-07,89.120003,89.790001,87.629997,89.550003,867600,89.220006
2015-07-06,86.809998,88.379997,86.599998,87.889999,441700,87.56612
2015-07-02,87.940002,88.220001,87.089996,87.470001,317000,87.147669
2015-07-01,88.540001,88.800003,87.690002,88.00,573100,87.675715
2015-06-30,87.620003,88.629997,87.290001,88.160004,582200,87.835129
2015-06-29,87.690002,88.449997,87.080002,87.110001,576300,86.788995
2015-06-26,88.080002,88.699997,87.110001,88.589996,659100,88.263537
2015-06-25,87.919998,88.300003,87.300003,87.830002,305500,87.506343
2015-06-24,87.620003,88.50,87.059998,87.400002,360100,87.077928
2015-06-23,88.940002,89.260002,86.620003,87.879997,790300,87.556154
2015-06-22,88.599998,89.639999,88.129997,89.419998,479200,89.09048
2015-06-19,86.970001,88.290001,86.519997,88.010002,674700,87.68568
2015-06-18,87.440002,88.379997,87.150002,87.25,482700,86.928479
2015-06-17,86.849998,87.339996,86.050003,87.150002,413200,86.828849
2015-06-16,86.699997,87.800003,86.589996,86.839996,376100,86.519986
2015-06-15,86.949997,87.510002,86.209999,86.959999,441500,86.639547
2015-06-12,86.779999,88.43,86.779999,87.540001,414300,87.217411
2015-06-11,87.010002,87.639999,86.410004,86.860001,403000,86.539917
2015-06-10,86.699997,87.699997,86.50,87.120003,463300,86.798961
2015-06-09,87.510002,87.529999,86.410004,86.639999,522300,86.320726
2015-06-08,87.580002,89.040001,87.580002,87.739998,662000,87.416671
2015-06-05,87.349998,87.93,87.080002,87.830002,355700,87.506343
2015-06-04,86.690002,87.870003,86.419998,87.620003,508800,87.297118
2015-06-03,86.43,87.059998,86.18,86.980003,457600,86.659477
2015-06-02,85.769997,86.300003,85.650002,85.959999,705600,85.643232
2015-06-01,86.68,87.00,86.040001,86.150002,596000,85.832534
2015-05-29,87.029999,87.199997,86.57,86.809998,756800,86.490098
2015-05-28,87.00,87.739998,86.699997,87.07,389400,86.749142
2015-05-27,87.480003,87.620003,86.82,87.300003,335300,86.679404
2015-05-26,86.75,87.440002,86.050003,87.160004,653000,86.5404
2015-05-22,88.510002,88.879997,86.739998,86.940002,656200,86.321963
2015-05-21,89.290001,89.690002,88.150002,88.239998,436900,87.612717
2015-05-20,89.089996,90.019997,88.599998,89.449997,527600,88.814114
2015-05-19,87.800003,89.849998,87.690002,89.379997,858100,88.744612
2015-05-18,87.529999,87.889999,86.510002,87.489998,849000,86.868048
2015-05-15,87.989998,88.620003,87.099998,87.730003,854300,87.106348
2015-05-14,92.790001,93.239998,86.410004,87.82,2502900,87.195704
2015-05-13,92.150002,92.949997,91.129997,91.779999,1096100,91.127552
2015-05-12,91.470001,92.529999,90.160004,91.830002,499200,91.1772
2015-05-11,92.519997,92.900002,91.690002,92.150002,422300,91.494925
2015-05-08,91.800003,93.550003,91.650002,92.309998,621400,91.653784
2015-05-07,89.110001,91.459999,89.110001,90.730003,542900,90.085021
2015-05-06,88.839996,89.389999,88.199997,88.900002,459500,88.268029
2015-05-05,88.970001,90.019997,87.940002,88.57,708200,87.940373
2015-05-04,87.330002,89.339996,87.300003,88.580002,679200,87.950304
2015-05-01,87.089996,89.029999,85.300003,87.269997,979900,86.649611
2015-04-30,88.959999,89.360001,86.239998,86.769997,1008200,86.153165
2015-04-29,93.419998,93.419998,88.620003,89.199997,851400,88.565891
2015-04-28,92.110001,94.099998,91.18,93.629997,360400,92.9644
2015-04-27,93.82,94.730003,92.019997,92.260002,331800,91.604144
2015-04-24,94.599998,95.529999,93.830002,93.879997,268800,93.212622
2015-04-23,91.650002,94.470001,91.379997,94.32,598300,93.649497
2015-04-22,91.800003,92.00,90.290001,91.32,551700,90.670823
2015-04-21,92.089996,92.550003,91.510002,91.589996,373600,90.938901
2015-04-20,92.459999,93.25,91.730003,91.910004,394100,91.256633
