Date,Open,High,Low,Close,Volume,Adj Close
2015-10-15,22.959999,23.209999,22.91,23.200001,2523900,23.200001
2015-10-14,22.639999,22.969999,22.49,22.889999,3765000,22.889999
2015-10-13,22.540001,22.90,22.52,22.58,2655300,22.58
2015-10-12,22.59,22.91,22.49,22.77,2608500,22.77
2015-10-09,22.719999,22.83,22.43,22.52,4431100,22.52
2015-10-08,22.65,22.690001,22.219999,22.48,2531600,22.48
2015-10-07,22.34,22.809999,22.190001,22.690001,4904900,22.690001
2015-10-06,22.50,22.709999,21.57,22.18,8077000,22.18
2015-10-05,21.959999,22.75,21.780001,22.50,6500400,22.50
2015-10-02,21.889999,22.02,21.709999,21.92,4241700,21.92
2015-10-01,22.25,22.389999,21.870001,22.15,3409400,22.15
2015-09-30,22.35,22.48,22.15,22.370001,3959800,22.370001
2015-09-29,21.67,22.10,21.42,22.040001,3479800,22.040001
2015-09-28,21.68,22.030001,21.440001,21.65,5098100,21.65
2015-09-25,21.35,22.99,21.26,21.879999,13779000,21.879999
2015-09-24,18.870001,19.58,18.790001,19.50,3964000,19.50
2015-09-23,19.299999,19.43,19.030001,19.09,1625100,19.09
2015-09-22,19.52,19.610001,19.18,19.299999,2630800,19.299999
2015-09-21,20.190001,20.35,19.879999,20.02,1723500,20.02
2015-09-18,19.90,20.110001,19.889999,20.01,3575200,20.01
2015-09-17,20.389999,20.620001,20.200001,20.23,1749800,20.23
2015-09-16,20.08,20.540001,20.08,20.48,1777000,20.48
2015-09-15,19.780001,20.190001,19.77,20.110001,1178200,20.110001
2015-09-14,20.030001,20.09,19.610001,19.709999,1231500,19.709999
2015-09-11,19.450001,19.790001,19.34,19.77,1257200,19.77
2015-09-10,19.360001,19.76,19.23,19.60,1689600,19.60
2015-09-09,19.790001,19.889999,19.35,19.379999,2139300,19.379999
2015-09-08,19.34,19.700001,19.34,19.639999,1390700,19.639999
2015-09-04,19.049999,19.190001,18.92,19.01,1470900,19.01
2015-09-03,18.889999,19.48,18.85,19.360001,1650900,19.360001
2015-09-02,18.91,18.950001,18.60,18.74,2314700,18.74
2015-09-01,18.540001,19.08,18.43,18.68,2268800,18.68
2015-08-31,19.43,19.58,19.25,19.35,1226000,19.35
2015-08-28,19.34,19.700001,19.26,19.469999,1601500,19.469999
2015-08-27,18.799999,19.370001,18.790001,19.309999,2542400,19.309999
2015-08-26,18.09,18.639999,17.969999,18.559999,2674400,18.559999
2015-08-25,18.459999,18.459999,17.66,17.66,3060500,17.66
2015-08-24,16.90,18.57,16.90,17.83,2808900,17.83
2015-08-21,18.889999,19.120001,18.59,18.59,2202000,18.59
2015-08-20,19.360001,19.41,19.139999,19.139999,1961500,19.139999
2015-08-19,19.450001,19.74,19.219999,19.549999,1304600,19.549999
2015-08-18,19.860001,19.870001,19.559999,19.59,1145200,19.59
2015-08-17,19.629999,19.98,19.540001,19.91,1227800,19.91
2015-08-14,19.450001,19.799999,19.450001,19.77,998900,19.77
2015-08-13,19.540001,19.799999,19.450001,19.50,1633800,19.50
2015-08-12,19.42,19.620001,19.110001,19.60,1441400,19.60
2015-08-11,19.889999,20.030001,19.67,19.690001,1819300,19.610001
2015-08-10,19.860001,20.18,19.83,20.15,1423600,20.068131
2015-08-07,19.790001,19.98,19.610001,19.700001,1254900,19.619961
2015-08-06,20.209999,20.360001,19.860001,19.889999,1925100,19.809187
2015-08-05,19.82,20.299999,19.82,20.23,1879400,20.147806
2015-08-04,19.93,20.040001,19.639999,19.74,1409900,19.659797
2015-08-03,20.25,20.34,19.84,19.98,1380900,19.898822
2015-07-31,20.18,20.43,20.10,20.25,1383700,20.167725
2015-07-30,19.940001,20.24,19.940001,20.17,1501700,20.08805
2015-07-29,19.75,19.98,19.700001,19.959999,1237800,19.878903
2015-07-28,19.530001,19.77,19.379999,19.75,1354000,19.669757
2015-07-27,19.25,19.709999,19.190001,19.389999,1756400,19.311219
2015-07-24,19.620001,19.75,19.370001,19.48,2020500,19.400853
2015-07-23,19.75,19.92,19.540001,19.59,1607700,19.510407
2015-07-22,19.709999,19.889999,19.57,19.620001,1876100,19.540286
2015-07-21,19.84,20.16,19.799999,19.98,1248000,19.898822
2015-07-20,20.049999,20.09,19.76,19.809999,1654600,19.729512
2015-07-17,20.16,20.16,19.889999,20.01,846800,19.928701
2015-07-16,20.08,20.309999,20.040001,20.219999,1718300,20.137846
2015-07-15,20.41,20.440001,19.90,19.92,2399900,19.839066
2015-07-14,20.370001,20.59,20.26,20.50,1601000,20.41671
2015-07-13,20.639999,20.639999,20.299999,20.360001,1184900,20.277279
2015-07-10,20.60,20.639999,20.360001,20.51,1529700,20.426669
2015-07-09,20.540001,20.639999,20.219999,20.23,1602400,20.147806
2015-07-08,20.48,20.52,20.16,20.27,2871700,20.187644
2015-07-07,20.709999,20.799999,20.290001,20.74,2042500,20.655734
2015-07-06,20.83,21.10,20.58,20.74,2659200,20.655734
2015-07-02,20.950001,21.370001,20.950001,21.10,1814500,21.014272
2015-07-01,21.50,21.50,21.01,21.120001,2929100,21.034191
2015-06-30,21.549999,21.60,21.15,21.290001,2638600,21.203501
2015-06-29,21.68,21.84,21.309999,21.370001,3040500,21.283176
2015-06-26,22.040001,22.08,21.719999,21.98,4686300,21.890696
2015-06-25,22.32,22.35,21.969999,22.040001,2137600,21.950453
2015-06-24,22.50,22.549999,22.15,22.280001,2714700,22.189478
2015-06-23,22.68,22.77,22.49,22.60,1999700,22.508178
2015-06-22,22.85,22.93,22.51,22.68,2399100,22.587853
2015-06-19,22.459999,22.860001,22.43,22.60,4875200,22.508178
2015-06-18,22.860001,23.32,22.379999,22.52,8634100,22.428503
2015-06-17,24.690001,24.76,24.27,24.33,2771800,24.231148
2015-06-16,24.09,24.629999,24.09,24.59,2298700,24.490092
2015-06-15,24.35,24.40,23.85,24.08,2496100,23.982164
2015-06-12,24.120001,24.23,24.040001,24.139999,868200,24.04192
2015-06-11,24.139999,24.309999,24.02,24.190001,1651800,24.091718
2015-06-10,23.85,24.07,23.73,24.00,1251300,23.902489
2015-06-09,23.780001,23.91,23.459999,23.700001,1845200,23.603709
2015-06-08,24.27,24.34,23.77,23.84,1338100,23.743139
2015-06-05,23.90,24.26,23.780001,24.23,1202400,24.131554
2015-06-04,23.99,24.200001,23.860001,23.98,1611300,23.88257
2015-06-03,24.08,24.34,24.059999,24.09,2355500,23.992124
2015-06-02,24.10,24.18,23.90,23.969999,1278600,23.87261
2015-06-01,24.559999,24.60,24.129999,24.16,1557600,24.061839
2015-05-29,24.610001,24.700001,24.32,24.57,1111600,24.470173
2015-05-28,24.639999,24.780001,24.549999,24.610001,1122000,24.510011
2015-05-27,24.34,24.66,24.219999,24.66,2100500,24.559807
2015-05-26,24.43,24.50,24.120001,24.33,1385200,24.231148
2015-05-22,24.40,24.610001,24.379999,24.57,676100,24.470173
2015-05-21,24.65,24.76,24.41,24.459999,987300,24.360619
2015-05-20,24.59,24.76,24.450001,24.719999,986100,24.619563
2015-05-19,24.799999,24.950001,24.52,24.530001,1616800,24.430337
2015-05-18,24.27,24.91,24.139999,24.83,2436300,24.729117
2015-05-15,24.209999,24.32,24.110001,24.309999,1597800,24.211229
2015-05-14,23.77,24.25,23.60,24.24,1447000,24.141514
2015-05-13,23.360001,23.700001,23.309999,23.559999,1201900,23.464276
2015-05-12,23.370001,23.51,23.17,23.40,906000,23.225252
2015-05-11,23.34,23.52,23.309999,23.450001,700600,23.274879
2015-05-08,23.43,23.49,23.32,23.379999,1027800,23.2054
2015-05-07,22.92,23.25,22.83,23.18,1461300,23.006895
2015-05-06,23.120001,23.209999,22.73,22.889999,1026600,22.71906
2015-05-05,23.26,23.440001,22.950001,22.98,1551700,22.808388
2015-05-04,23.02,23.41,23.02,23.32,1641900,23.145849
2015-05-01,22.42,23.00,22.309999,22.959999,1293300,22.788537
2015-04-30,22.940001,23.030001,22.389999,22.52,2297500,22.351824
2015-04-29,23.219999,23.450001,23.139999,23.15,1955800,22.977119
2015-04-28,23.67,23.809999,23.190001,23.33,2916500,23.155775
2015-04-27,23.75,23.98,23.540001,23.65,1200400,23.473385
2015-04-24,24.030001,24.040001,23.639999,23.690001,983300,23.513087
2015-04-23,23.629999,24.02,23.469999,23.93,1809600,23.751294
2015-04-22,23.48,23.76,23.35,23.76,1387900,23.582564
2015-04-21,23.51,23.57,23.309999,23.469999,1247500,23.294729
2015-04-20,23.27,23.469999,23.200001,23.34,1243100,23.1657
