Date,Open,High,Low,Close,Volume,Adj Close
2015-10-16,24.299999,24.379999,23.629999,24.10,6119800,24.10
2015-10-15,24.290001,24.60,23.799999,24.379999,8463700,24.379999
2015-10-14,24.940001,25.17,24.08,24.32,11469100,24.32
2015-10-13,25.639999,25.75,24.60,24.75,17642000,24.75
2015-10-12,26.219999,27.09,26.219999,26.860001,6166000,26.860001
2015-10-09,25.219999,26.780001,25.219999,26.10,9061600,26.10
2015-10-08,25.639999,25.75,25.15,25.26,7018000,25.26
2015-10-07,25.52,25.76,24.85,25.629999,8268500,25.629999
2015-10-06,26.48,26.629999,25.23,25.50,6719500,25.50
2015-10-05,26.49,26.76,26.049999,26.49,6174500,26.49
2015-10-02,25.82,26.23,25.120001,26.219999,6558200,26.219999
2015-10-01,25.65,26.33,25.26,26.23,5614800,26.23
2015-09-30,25.450001,25.98,25.129999,25.77,7270000,25.77
2015-09-29,25.290001,25.57,24.860001,25.190001,6945200,25.190001
2015-09-28,26.02,26.360001,25.09,25.48,9250700,25.48
2015-09-25,26.73,26.98,26.309999,26.66,6537400,26.66
2015-09-24,26.370001,26.530001,26.01,26.389999,5975200,26.389999
2015-09-23,26.530001,26.67,26.08,26.620001,6141700,26.620001
2015-09-22,26.40,26.67,26.030001,26.34,7074000,26.34
2015-09-21,27.00,27.16,26.52,26.84,6862000,26.84
2015-09-18,26.809999,27.18,26.66,26.91,17221900,26.91
2015-09-17,26.719999,27.360001,26.700001,27.02,8374200,27.02
2015-09-16,26.370001,26.83,26.18,26.65,7464200,26.65
2015-09-15,26.50,26.549999,26.15,26.370001,8425000,26.370001
2015-09-14,25.549999,26.389999,25.50,26.33,8365400,26.33
2015-09-11,25.40,25.889999,25.34,25.68,8239800,25.68
2015-09-10,24.93,25.540001,24.90,25.379999,7817100,25.379999
2015-09-09,25.50,25.57,24.67,24.879999,9513700,24.879999
2015-09-08,24.07,25.01,24.049999,24.870001,11566000,24.870001
2015-09-04,23.48,23.83,23.01,23.719999,6523100,23.719999
2015-09-03,23.84,23.84,23.34,23.42,6660900,23.42
2015-09-02,22.60,23.549999,22.33,23.530001,9472400,23.530001
2015-09-01,21.75,22.40,21.59,22.110001,6291400,22.110001
2015-08-31,22.26,22.75,22.18,22.32,5502700,22.32
2015-08-28,22.40,22.530001,22.15,22.299999,4884200,22.299999
2015-08-27,22.540001,22.73,21.84,22.379999,9330200,22.379999
2015-08-26,22.209999,22.299999,21.299999,22.209999,8121900,22.209999
2015-08-25,22.690001,22.74,21.40,21.48,8594900,21.48
2015-08-24,18.33,21.950001,16.26,21.219999,13344900,21.219999
2015-08-21,22.57,22.92,21.60,21.67,12512000,21.67
2015-08-20,23.799999,23.85,22.889999,22.969999,6751800,22.969999
2015-08-19,23.940001,24.290001,23.84,23.940001,6585900,23.940001
2015-08-18,24.379999,24.639999,23.93,24.040001,7729600,24.040001
2015-08-17,23.950001,24.440001,23.82,24.40,6131500,24.40
2015-08-14,23.82,24.219999,23.67,24.00,5661600,24.00
2015-08-13,23.450001,23.950001,23.09,23.82,7381300,23.82
2015-08-12,23.42,23.43,22.34,23.15,8193700,23.15
2015-08-11,23.23,23.950001,23.209999,23.59,6328600,23.59
2015-08-10,23.58,23.75,23.209999,23.27,4993900,23.27
2015-08-07,23.25,23.42,23.030001,23.299999,3961800,23.299999
2015-08-06,23.84,23.98,23.01,23.27,7461800,23.27
2015-08-05,23.889999,24.049999,23.68,23.68,6062000,23.68
2015-08-04,23.90,23.98,23.540001,23.85,8601600,23.85
2015-08-03,23.07,23.690001,22.98,23.59,7018400,23.59
2015-07-31,23.00,23.16,22.84,22.98,4989900,22.98
2015-07-30,22.690001,22.90,22.370001,22.860001,6889400,22.860001
2015-07-29,23.059999,23.32,22.65,22.93,8624900,22.93
2015-07-28,21.84,22.959999,21.40,22.82,13825100,22.82
2015-07-27,22.48,22.60,21.799999,22.35,8371000,22.35
2015-07-24,23.389999,23.40,22.57,22.73,9305900,22.73
2015-07-23,24.129999,24.190001,23.190001,23.219999,12067000,23.219999
2015-07-22,23.059999,23.549999,22.93,23.52,7141100,23.52
2015-07-21,22.93,23.23,22.709999,23.209999,5150000,23.209999
2015-07-20,23.059999,23.08,22.700001,22.879999,5216700,22.879999
2015-07-17,22.83,23.10,22.76,22.940001,5455000,22.940001
2015-07-16,22.549999,22.889999,22.299999,22.74,7247100,22.74
2015-07-15,22.40,22.530001,21.90,22.290001,7928700,22.290001
2015-07-14,21.700001,22.57,21.620001,22.450001,9739100,22.450001
2015-07-13,22.18,22.370001,21.83,21.99,8373500,21.99
2015-07-10,21.299999,21.790001,21.25,21.719999,8377400,21.719999
2015-07-09,21.02,21.190001,20.83,20.90,5841900,20.90
2015-07-08,20.700001,21.00,20.48,20.67,6622300,20.67
2015-07-07,20.860001,21.08,20.459999,21.02,6845000,21.02
2015-07-06,20.469999,21.02,20.440001,20.75,6967300,20.75
2015-07-02,20.200001,20.709999,19.889999,20.629999,9097700,20.629999
2015-07-01,21.16,21.200001,19.530001,20.059999,16863900,20.059999
2015-06-30,20.51,21.08,20.43,20.76,8753700,20.76
2015-06-29,20.35,20.950001,20.110001,20.200001,9078300,20.200001
2015-06-26,21.280001,21.299999,20.700001,20.790001,24638700,20.790001
2015-06-25,21.09,21.299999,21.00,21.17,6409800,21.17
2015-06-24,21.27,21.440001,20.860001,20.90,7427500,20.90
2015-06-23,21.469999,21.60,20.93,21.15,8398700,21.15
2015-06-22,20.51,21.219999,20.43,21.209999,10783300,21.209999
2015-06-19,20.129999,20.58,20.059999,20.23,8200700,20.23
2015-06-18,19.57,19.98,19.450001,19.959999,6286600,19.959999
2015-06-17,19.50,19.799999,19.370001,19.540001,5644400,19.540001
2015-06-16,19.780001,19.940001,19.459999,19.549999,6676700,19.549999
2015-06-15,19.40,19.700001,19.209999,19.540001,6577100,19.540001
2015-06-12,19.040001,19.58,19.030001,19.52,9558300,19.52
2015-06-11,19.18,19.57,19.129999,19.27,6689800,19.27
2015-06-10,18.66,19.370001,18.65,19.15,9586400,19.15
2015-06-09,18.719999,19.10,18.33,18.870001,18374200,18.870001
2015-06-08,20.33,20.40,18.809999,19.01,16557700,19.01
2015-06-05,20.379999,20.540001,20.219999,20.49,4492300,20.49
2015-06-04,20.66,20.93,20.27,20.379999,6492600,20.379999
2015-06-03,20.639999,20.799999,20.49,20.719999,5309300,20.719999
2015-06-02,20.32,20.700001,20.15,20.60,8505400,20.60
2015-06-01,20.32,20.84,20.049999,20.700001,9453800,20.700001
2015-05-29,19.76,20.200001,19.709999,20.16,7327000,20.16
2015-05-28,20.129999,20.24,19.82,19.92,7662200,19.92
2015-05-27,19.719999,20.24,19.700001,20.18,9201400,20.18
2015-05-26,20.59,20.74,19.309999,19.559999,17918300,19.559999
2015-05-22,20.299999,20.60,20.24,20.450001,20669500,20.450001
2015-05-21,20.35,20.540001,20.129999,20.18,12688800,20.18
2015-05-20,21.700001,21.700001,20.030001,20.24,21822800,20.24
2015-05-19,22.209999,22.40,21.709999,21.75,10926700,21.75
2015-05-18,21.450001,21.879999,21.34,21.83,7358500,21.83
2015-05-15,21.67,21.75,21.32,21.42,6183800,21.42
2015-05-14,21.57,21.73,21.379999,21.48,6804100,21.48
2015-05-13,21.969999,22.139999,21.299999,21.42,8036500,21.42
2015-05-12,21.610001,21.799999,21.40,21.709999,6187500,21.709999
2015-05-11,21.76,21.93,21.629999,21.83,7160400,21.83
2015-05-08,21.709999,22.08,21.60,21.76,8613400,21.76
2015-05-07,21.200001,21.76,21.18,21.49,9764000,21.49
2015-05-06,21.08,21.49,20.719999,21.17,8646900,21.17
2015-05-05,21.530001,21.84,21.309999,21.40,9994700,21.40
2015-05-04,21.67,21.93,21.549999,21.58,8529500,21.58
2015-05-01,20.83,21.67,20.77,21.559999,11030800,21.559999
2015-04-30,21.00,21.24,20.360001,20.530001,11322400,20.530001
2015-04-29,20.969999,21.10,20.25,20.73,11069900,20.73
2015-04-28,19.709999,21.280001,18.969999,21.02,25722900,21.02
2015-04-27,20.00,20.129999,19.58,19.709999,9687100,19.709999
2015-04-24,19.83,19.959999,19.639999,19.889999,5697700,19.889999
2015-04-23,19.559999,19.91,19.549999,19.75,10179000,19.75
2015-04-22,19.870001,19.950001,19.530001,19.67,6963400,19.67
2015-04-21,19.620001,19.93,19.48,19.83,8004900,19.83
2015-04-20,19.530001,19.790001,19.23,19.57,4972000,19.57
