Date,Open,High,Low,Close,Volume,Adj Close
2015-10-15,9.43,9.56,9.25,9.50,7451500,9.50
2015-10-14,9.63,9.76,9.35,9.43,11373200,9.43
2015-10-13,9.66,9.85,9.57,9.65,10453600,9.65
2015-10-12,9.75,9.78,9.53,9.71,6655700,9.71
2015-10-09,9.65,9.79,9.58,9.79,7701000,9.79
2015-10-08,9.38,9.72,9.35,9.62,10262400,9.62
2015-10-07,9.66,9.71,9.21,9.38,22211800,9.38
2015-10-06,9.75,9.96,9.72,9.79,11809200,9.79
2015-10-05,9.96,10.09,9.76,9.79,10914600,9.79
2015-10-02,9.20,9.98,9.14,9.92,20583500,9.92
2015-10-01,9.26,9.36,9.02,9.27,11746300,9.27
2015-09-30,9.20,9.37,9.11,9.29,9757900,9.29
2015-09-29,9.26,9.27,8.95,9.10,10810500,9.10
2015-09-28,9.62,9.72,9.27,9.29,13080400,9.29
2015-09-25,9.40,9.55,9.32,9.43,6432500,9.43
2015-09-24,9.32,9.44,9.15,9.33,7527100,9.33
2015-09-23,9.41,9.55,9.31,9.37,5394100,9.37
2015-09-22,9.42,9.50,9.23,9.38,6613700,9.38
2015-09-21,9.52,9.72,9.46,9.51,5952800,9.51
2015-09-18,9.69,9.78,9.47,9.50,8503900,9.50
2015-09-17,9.87,9.97,9.75,9.78,8122600,9.78
2015-09-16,9.74,9.92,9.66,9.91,6803500,9.91
2015-09-15,9.75,9.86,9.68,9.73,7594500,9.73
2015-09-14,9.73,9.89,9.62,9.74,7993800,9.74
2015-09-11,9.53,9.75,9.48,9.74,7594300,9.74
2015-09-10,9.61,9.86,9.46,9.57,11734600,9.57
2015-09-09,10.03,10.04,9.61,9.64,15766800,9.64
2015-09-08,9.81,10.00,9.77,9.98,11190300,9.98
2015-09-04,9.55,9.76,9.48,9.68,11193900,9.68
2015-09-03,9.37,9.70,9.35,9.64,13320300,9.64
2015-09-02,9.39,9.48,9.14,9.32,10379700,9.32
2015-09-01,8.94,9.44,8.94,9.26,21918000,9.26
2015-08-31,9.12,9.30,9.02,9.11,21664100,9.11
2015-08-28,8.44,9.05,8.40,8.94,25856200,8.94
2015-08-27,8.02,8.48,7.97,8.47,14686900,8.47
2015-08-26,8.10,8.10,7.73,7.93,13986900,7.93
2015-08-25,8.19,8.19,7.87,7.92,11866400,7.92
2015-08-24,7.55,7.91,7.21,7.91,19413200,7.91
2015-08-21,8.10,8.27,8.03,8.08,14861700,8.08
2015-08-20,8.40,8.49,8.20,8.20,14329700,8.20
2015-08-19,8.71,8.75,8.38,8.49,12808500,8.49
2015-08-18,9.02,9.15,8.63,8.69,16824100,8.69
2015-08-17,8.73,8.97,8.67,8.92,22669600,8.92
2015-08-14,8.68,8.80,8.39,8.52,36463900,8.52
2015-08-13,8.21,8.28,8.00,8.07,22808700,8.07
2015-08-12,8.22,8.30,7.90,8.27,14885600,8.27
2015-08-11,8.35,8.43,8.21,8.33,7135700,8.33
2015-08-10,8.27,8.43,8.15,8.38,6170400,8.38
2015-08-07,8.46,8.56,8.10,8.24,13027400,8.24
2015-08-06,8.39,8.55,8.26,8.53,9333900,8.53
2015-08-05,8.23,8.43,8.17,8.38,8432900,8.38
2015-08-04,8.20,8.22,8.03,8.16,9459000,8.16
2015-08-03,8.21,8.33,8.15,8.17,7163700,8.17
2015-07-31,8.24,8.33,8.17,8.24,5788500,8.24
2015-07-30,8.28,8.32,8.21,8.26,4867700,8.26
2015-07-29,8.22,8.32,8.14,8.29,7265000,8.29
2015-07-28,8.30,8.35,8.15,8.20,9800400,8.20
2015-07-27,8.42,8.52,8.17,8.24,11200000,8.24
2015-07-24,8.53,8.65,8.44,8.44,10643100,8.44
2015-07-23,8.75,8.85,8.50,8.52,7987200,8.52
2015-07-22,8.76,9.07,8.69,8.73,12280200,8.73
2015-07-21,8.51,8.72,8.46,8.50,7349900,8.50
2015-07-20,8.75,8.82,8.50,8.51,10304700,8.51
2015-07-17,8.95,8.97,8.72,8.78,8282200,8.78
2015-07-16,9.11,9.19,8.94,8.94,7680300,8.94
2015-07-15,9.05,9.39,8.98,9.10,14452500,9.10
2015-07-14,9.06,9.06,8.90,9.01,9489200,9.01
2015-07-13,8.98,9.16,8.97,9.14,6056500,9.14
2015-07-10,8.92,9.00,8.88,8.95,5842900,8.95
2015-07-09,9.13,9.21,8.85,8.86,8382400,8.86
2015-07-08,9.05,9.14,8.92,9.02,8939400,9.02
2015-07-07,8.88,9.18,8.74,9.16,19800200,9.16
2015-07-06,8.42,8.78,8.41,8.73,7790400,8.73
2015-07-02,8.62,8.74,8.47,8.55,6645400,8.55
2015-07-01,8.57,8.69,8.35,8.65,9513900,8.65
2015-06-30,8.56,8.64,8.42,8.47,9922600,8.47
2015-06-29,8.72,8.91,8.48,8.51,11842900,8.51
2015-06-26,8.84,8.93,8.70,8.83,6539500,8.83
2015-06-25,8.84,8.95,8.77,8.79,7480800,8.79
2015-06-24,8.81,8.99,8.65,8.78,15861300,8.78
2015-06-23,8.43,8.85,8.42,8.83,12852600,8.83
2015-06-22,8.53,8.62,8.40,8.57,8688300,8.57
2015-06-19,8.33,8.55,8.30,8.50,11910400,8.50
2015-06-18,8.24,8.38,8.16,8.31,7427400,8.31
2015-06-17,8.14,8.35,8.13,8.24,10814500,8.24
2015-06-16,8.36,8.46,8.10,8.13,11244600,8.13
2015-06-15,8.18,8.48,8.13,8.38,12682100,8.38
2015-06-12,8.30,8.34,8.16,8.22,10579900,8.22
2015-06-11,8.65,8.70,8.30,8.35,12229000,8.35
2015-06-10,8.53,8.59,8.40,8.56,12637000,8.56
2015-06-09,8.57,8.63,8.43,8.46,8805000,8.46
2015-06-08,8.53,8.70,8.48,8.57,11109200,8.57
2015-06-05,8.60,8.65,8.41,8.53,8656600,8.53
2015-06-04,8.79,8.86,8.63,8.64,8026700,8.64
2015-06-03,8.77,8.86,8.70,8.84,7584500,8.84
2015-06-02,8.46,8.84,8.45,8.75,10208300,8.75
2015-06-01,8.57,8.70,8.48,8.50,9790100,8.50
2015-05-29,8.59,8.64,8.50,8.59,10025900,8.59
2015-05-28,8.59,8.71,8.53,8.63,9404500,8.63
2015-05-27,8.75,8.87,8.60,8.60,12405800,8.60
2015-05-26,8.78,8.97,8.73,8.73,13162800,8.73
2015-05-22,8.85,9.08,8.81,8.83,10632800,8.83
2015-05-21,8.61,8.99,8.58,8.84,15384400,8.84
2015-05-20,8.52,8.71,8.48,8.66,12569400,8.66
2015-05-19,8.51,8.69,8.44,8.55,12834700,8.55
2015-05-18,8.54,8.60,8.31,8.55,17193200,8.55
2015-05-15,8.18,8.59,8.12,8.56,32193000,8.56
2015-05-14,8.67,8.70,8.02,8.04,59205500,8.04
2015-05-13,8.80,8.82,8.45,8.71,33674400,8.71
2015-05-12,8.70,8.98,8.54,8.88,19552100,8.88
2015-05-11,8.57,8.94,8.43,8.75,18641200,8.75
2015-05-08,8.35,8.64,8.31,8.50,13557400,8.50
2015-05-07,8.20,8.27,8.02,8.25,7716000,8.25
2015-05-06,8.22,8.24,8.02,8.19,7000300,8.19
2015-05-05,8.36,8.48,8.15,8.15,6237500,8.15
2015-05-04,8.45,8.57,8.33,8.37,9635100,8.37
2015-05-01,8.31,8.46,8.19,8.43,7599300,8.43
2015-04-30,8.35,8.44,8.17,8.30,8139100,8.30
2015-04-29,8.55,8.55,8.17,8.39,11689100,8.39
2015-04-28,8.28,8.64,8.26,8.60,9206600,8.60
2015-04-27,8.41,8.49,8.28,8.32,5324700,8.32
2015-04-24,8.52,8.62,8.38,8.41,6907000,8.41
2015-04-23,8.55,8.62,8.36,8.48,8496000,8.48
2015-04-22,8.58,8.61,8.33,8.56,9744400,8.56
2015-04-21,8.65,8.68,8.53,8.58,7245800,8.58
2015-04-20,8.74,8.77,8.64,8.65,6156400,8.65
