Date,Open,High,Low,Close,Volume,Adj Close
2015-10-16,149.630005,150.770004,148.990005,150.289993,166900,150.289993
2015-10-15,148.479996,149.619995,147.820007,149.25,266600,149.25
2015-10-14,148.610001,149.789993,147.229996,147.770004,164100,147.770004
2015-10-13,148.039993,150.00,147.309998,148.520004,234800,148.520004
2015-10-12,149.139999,150.00,147.949997,149.139999,122400,149.139999
2015-10-09,149.449997,150.039993,148.139999,148.940002,179500,148.940002
2015-10-08,146.279999,149.070007,145.910004,148.660004,181800,148.660004
2015-10-07,145.350006,146.990005,144.399994,146.539993,263700,146.539993
2015-10-06,146.360001,147.509995,144.279999,144.350006,214900,144.350006
2015-10-05,145.339996,147.50,145.339996,147.179993,261500,147.179993
2015-10-02,142.059998,144.830002,141.070007,144.789993,247100,144.789993
2015-10-01,144.240005,145.089996,141.529999,143.630005,315000,143.630005
2015-09-30,145.960007,146.570007,142.960007,143.770004,330300,143.770004
2015-09-29,143.279999,144.50,141.410004,143.50,330700,143.50
2015-09-28,147.070007,147.139999,141.509995,142.690002,273800,142.690002
2015-09-25,149.669998,150.089996,147.679993,148.169998,211500,148.169998
2015-09-24,149.470001,150.75,146.440002,148.119995,209800,148.119995
2015-09-23,149.940002,151.330002,149.059998,150.190002,109200,150.190002
2015-09-22,150.179993,150.699997,148.009995,149.160004,165700,149.160004
2015-09-21,151.389999,153.419998,150.309998,151.460007,145800,151.460007
2015-09-18,149.820007,152.029999,149.600006,149.940002,352500,149.940002
2015-09-17,151.669998,154.729996,148.970001,151.779999,317200,151.779999
2015-09-16,149.660004,152.179993,148.720001,151.789993,322300,151.789993
2015-09-15,146.360001,149.789993,144.860001,149.350006,236900,149.350006
2015-09-14,150.270004,150.50,145.679993,146.199997,291700,146.199997
2015-09-11,146.630005,150.00,145.580002,149.940002,244700,149.940002
2015-09-10,145.610001,149.149994,145.550003,147.029999,365400,147.029999
2015-09-09,149.270004,149.270004,145.460007,145.570007,297300,145.570007
2015-09-08,147.949997,147.949997,145.559998,147.339996,266000,147.339996
2015-09-04,145.850006,146.600006,143.240005,144.229996,199200,144.229996
2015-09-03,148.210007,148.960007,144.869995,147.690002,265100,147.690002
2015-09-02,145.75,147.020004,143.449997,147.020004,374100,147.020004
2015-09-01,145.970001,148.050003,143.190002,143.949997,297700,143.949997
2015-08-31,151.830002,152.669998,148.220001,148.869995,283500,148.869995
2015-08-28,152.639999,153.809998,151.559998,152.729996,261100,152.729996
2015-08-27,149.00,154.300003,148.789993,153.240005,502100,153.240005
2015-08-26,148.270004,148.699997,144.669998,147.229996,912700,147.229996
2015-08-25,154.00,154.00,147.960007,148.110001,682800,148.110001
2015-08-24,155.830002,156.179993,149.270004,149.279999,829500,149.279999
2015-08-21,167.539993,167.720001,162.440002,162.550003,396800,162.550003
2015-08-20,172.970001,172.970001,168.690002,168.850006,292500,168.850006
2015-08-19,175.50,175.559998,172.740005,174.009995,335700,174.009995
2015-08-18,176.509995,177.410004,174.449997,176.919998,154400,176.919998
2015-08-17,176.410004,177.039993,174.630005,176.990005,274800,176.990005
2015-08-14,175.25,177.029999,174.270004,177.009995,198900,177.009995
2015-08-13,173.919998,176.940002,173.330002,175.660004,173600,175.660004
2015-08-12,176.600006,177.75,172.130005,174.389999,418300,174.389999
2015-08-11,177.509995,179.970001,177.509995,179.350006,248200,179.350006
2015-08-10,176.179993,179.830002,176.179993,178.910004,233600,178.910004
2015-08-07,176.589996,177.889999,175.339996,177.419998,186500,177.419998
2015-08-06,178.770004,179.289993,174.50,176.740005,230500,176.740005
2015-08-05,179.649994,179.830002,177.449997,179.039993,242200,179.039993
2015-08-04,178.279999,179.529999,177.50,178.369995,220500,178.369995
2015-08-03,178.520004,179.020004,175.910004,178.539993,233100,178.539993
2015-07-31,177.399994,179.320007,176.440002,178.039993,237100,178.039993
2015-07-30,175.490005,176.990005,175.119995,176.300003,189000,176.300003
2015-07-29,171.699997,176.509995,170.869995,175.970001,428700,175.970001
2015-07-28,170.960007,171.690002,169.860001,171.149994,321800,171.149994
2015-07-27,171.00,172.580002,170.220001,170.570007,197400,170.570007
2015-07-24,172.710007,173.839996,171.320007,171.520004,226800,171.520004
2015-07-23,173.809998,175.380005,171.350006,172.050003,216600,172.050003
2015-07-22,173.699997,175.070007,173.100006,173.75,235500,173.75
2015-07-21,174.630005,176.089996,173.139999,173.220001,248000,173.220001
2015-07-20,173.300003,175.190002,172.429993,174.639999,349900,174.639999
2015-07-17,176.00,176.490005,172.839996,173.289993,394000,173.289993
2015-07-16,175.830002,176.949997,175.360001,175.910004,240800,175.910004
2015-07-15,175.529999,176.320007,174.399994,174.789993,245600,174.789993
2015-07-14,175.00,177.110001,174.399994,176.330002,223400,176.330002
2015-07-13,174.050003,176.839996,174.050003,174.910004,218600,174.910004
2015-07-10,173.940002,175.119995,173.270004,174.490005,164200,174.490005
2015-07-09,173.949997,174.729996,171.410004,172.220001,244000,172.220001
2015-07-08,173.449997,174.369995,171.610001,171.979996,277500,171.979996
2015-07-07,175.00,175.979996,172.830002,175.279999,397700,175.279999
2015-07-06,171.740005,174.779999,170.690002,174.199997,221400,174.199997
2015-07-02,173.759995,174.539993,172.649994,173.270004,210000,173.270004
2015-07-01,172.729996,172.949997,171.380005,172.759995,279700,172.759995
2015-06-30,170.300003,172.869995,168.869995,171.00,337400,171.00
2015-06-29,172.720001,173.949997,168.660004,168.850006,302700,168.850006
2015-06-26,171.809998,174.160004,170.949997,173.919998,622800,173.919998
2015-06-25,172.059998,172.75,171.100006,171.339996,241600,171.339996
2015-06-24,171.460007,173.410004,171.460007,172.270004,276300,172.270004
2015-06-23,171.660004,171.679993,169.850006,171.270004,278500,171.270004
2015-06-22,173.300003,173.419998,170.919998,171.220001,279700,171.220001
2015-06-19,171.580002,172.539993,170.759995,172.110001,328600,172.110001
2015-06-18,170.419998,173.149994,169.970001,172.419998,210200,172.419998
2015-06-17,169.940002,170.720001,168.600006,170.300003,172300,170.300003
2015-06-16,167.910004,170.210007,167.600006,169.350006,310700,169.350006
2015-06-15,168.770004,169.399994,167.50,167.880005,338300,167.880005
2015-06-12,171.419998,172.369995,169.899994,170.460007,241000,170.460007
2015-06-11,170.100006,172.580002,169.419998,172.580002,322600,172.580002
2015-06-10,168.149994,170.130005,167.320007,169.080002,284800,169.080002
2015-06-09,168.050003,169.729996,166.679993,167.729996,264700,167.729996
2015-06-08,170.949997,170.960007,168.429993,168.580002,189700,168.580002
2015-06-05,172.190002,172.190002,170.190002,170.820007,292300,170.820007
2015-06-04,171.309998,172.889999,170.149994,172.339996,478100,172.339996
2015-06-03,172.50,173.399994,170.940002,171.75,323700,171.75
2015-06-02,172.639999,173.570007,171.240005,172.399994,348900,172.399994
2015-06-01,173.00,174.089996,170.839996,173.720001,500900,173.720001
2015-05-29,173.100006,173.809998,170.539993,173.229996,1694900,173.229996
2015-05-28,173.399994,174.00,171.619995,172.460007,508300,172.460007
2015-05-27,173.699997,173.699997,171.919998,173.509995,480400,173.509995
2015-05-26,170.720001,173.050003,169.809998,172.740005,533500,172.740005
2015-05-22,170.559998,171.910004,170.240005,171.789993,237600,171.789993
2015-05-21,172.770004,173.449997,169.899994,170.570007,323700,170.570007
2015-05-20,170.800003,173.910004,170.100006,172.839996,373300,172.839996
2015-05-19,171.160004,171.889999,169.830002,170.289993,296400,170.289993
2015-05-18,167.490005,171.679993,167.119995,171.479996,358800,171.479996
2015-05-15,168.990005,169.830002,167.119995,167.850006,362300,167.850006
2015-05-14,165.50,168.440002,164.869995,168.410004,296600,168.410004
2015-05-13,162.179993,165.740005,161.470001,164.199997,382900,164.199997
2015-05-12,161.899994,162.360001,160.039993,161.100006,412000,160.830008
2015-05-11,164.820007,165.619995,162.880005,163.360001,253000,163.086215
2015-05-08,165.00,167.029999,163.839996,165.100006,205200,164.823305
2015-05-07,161.229996,163.809998,160.759995,163.059998,215400,162.786715
2015-05-06,164.410004,164.470001,160.160004,162.020004,341700,161.748465
2015-05-05,168.75,169.059998,163.360001,163.490005,512200,163.216002
2015-05-04,168.00,170.369995,167.169998,169.50,298300,169.215924
2015-05-01,167.160004,168.860001,166.300003,168.279999,248500,167.997968
2015-04-30,167.179993,168.460007,165.559998,166.059998,344200,165.781687
2015-04-29,170.339996,171.350006,166.309998,168.429993,384900,168.14771
2015-04-28,171.850006,174.830002,170.020004,171.520004,589800,171.232543
2015-04-27,166.720001,168.199997,165.149994,166.050003,257900,165.771709
2015-04-24,166.75,167.990005,165.550003,166.309998,189400,166.031268
2015-04-23,164.00,166.600006,164.00,166.119995,282400,165.841584
2015-04-22,164.009995,164.550003,163.029999,164.330002,201400,164.054591
2015-04-21,164.350006,164.919998,163.00,163.220001,259700,162.94645
2015-04-20,163.300003,164.899994,163.039993,163.789993,262300,163.515487
