Date,Open,High,Low,Close,Volume,Adj Close
2015-10-16,20.889999,20.969999,20.370001,20.540001,1281400,20.540001
2015-10-15,21.15,21.17,20.58,20.799999,1043000,20.799999
2015-10-14,21.469999,21.719999,20.809999,20.940001,943300,20.940001
2015-10-13,21.700001,22.00,21.299999,21.379999,1270200,21.379999
2015-10-12,21.57,21.82,21.129999,21.82,1728900,21.82
2015-10-09,21.129999,21.58,20.67,21.49,1381700,21.49
2015-10-08,21.280001,21.41,20.73,21.10,2832400,21.10
2015-10-07,21.35,21.629999,20.889999,21.299999,1874500,21.299999
2015-10-06,21.35,21.799999,21.02,21.17,2303200,21.17
2015-10-05,20.66,21.51,20.66,21.389999,3406000,21.389999
2015-10-02,19.17,20.52,18.92,20.49,2301400,20.49
2015-10-01,19.129999,19.58,18.74,19.52,2182800,19.52
2015-09-30,18.99,19.290001,18.76,19.110001,1456600,19.110001
2015-09-29,18.799999,19.049999,18.459999,18.639999,1204700,18.639999
2015-09-28,19.280001,19.280001,18.639999,18.74,1406600,18.74
2015-09-25,19.799999,19.799999,19.209999,19.360001,1278800,19.360001
2015-09-24,19.790001,19.99,19.10,19.52,1871400,19.52
2015-09-23,19.790001,20.00,19.17,19.41,1122500,19.41
2015-09-22,19.84,19.98,19.27,19.790001,1282800,19.790001
2015-09-21,20.52,20.83,20.040001,20.190001,954200,20.190001
2015-09-18,20.370001,20.690001,20.17,20.389999,1829900,20.389999
2015-09-17,20.469999,20.969999,20.34,20.65,1423000,20.65
2015-09-16,20.040001,20.67,19.91,20.469999,2081800,20.469999
2015-09-15,19.52,20.17,19.50,20.129999,2071300,20.129999
2015-09-14,19.459999,19.620001,19.200001,19.469999,1421200,19.469999
2015-09-11,18.67,19.459999,18.66,19.440001,2094800,19.440001
2015-09-10,18.209999,18.92,18.209999,18.76,2719900,18.76
2015-09-09,20.040001,20.049999,18.50,18.540001,2118500,18.540001
2015-09-08,19.639999,19.91,19.50,19.84,1789100,19.84
2015-09-04,19.040001,19.450001,18.959999,19.290001,1811400,19.290001
2015-09-03,19.01,19.49,18.93,19.41,1488000,19.41
2015-09-02,18.780001,19.030001,18.450001,19.02,1093000,19.02
2015-09-01,18.50,18.780001,18.309999,18.450001,1584900,18.450001
2015-08-31,18.76,19.309999,18.59,18.959999,1232700,18.959999
2015-08-28,18.42,19.129999,18.370001,18.879999,1443700,18.879999
2015-08-27,17.93,18.610001,17.879999,18.42,1506200,18.42
2015-08-26,17.49,17.870001,17.07,17.74,2174200,17.74
2015-08-25,17.82,17.860001,17.01,17.040001,2507900,17.040001
2015-08-24,17.469999,18.15,16.76,17.209999,3671300,17.209999
2015-08-21,18.75,19.040001,18.290001,18.459999,2563200,18.459999
2015-08-20,19.559999,19.66,18.93,18.940001,2627200,18.940001
2015-08-19,20.219999,20.26,19.42,19.75,2511500,19.75
2015-08-18,20.709999,20.98,20.34,20.41,921300,20.41
2015-08-17,20.639999,20.82,20.200001,20.809999,1080700,20.809999
2015-08-14,20.40,20.49,20.15,20.42,1193600,20.42
2015-08-13,20.66,20.719999,20.35,20.370001,1395900,20.370001
2015-08-12,20.82,20.93,19.93,20.700001,1863000,20.700001
2015-08-11,21.049999,21.60,20.790001,21.17,2574800,21.17
2015-08-10,20.700001,21.09,20.389999,21.059999,2766000,21.059999
2015-08-07,20.309999,20.889999,20.24,20.59,2325700,20.59
2015-08-06,21.459999,21.969999,19.870001,20.33,4452900,20.33
2015-08-05,22.620001,23.469999,21.299999,21.48,7305000,21.48
2015-08-04,20.309999,20.99,20.209999,20.700001,4301700,20.700001
2015-08-03,20.040001,20.49,19.91,20.25,4154700,20.25
2015-07-31,19.59,20.299999,19.40,20.120001,2566800,20.120001
2015-07-30,19.34,20.01,19.18,19.690001,2443300,19.690001
2015-07-29,19.33,19.52,18.98,19.389999,2126900,19.389999
2015-07-28,18.85,19.450001,18.700001,19.389999,2319900,19.389999
2015-07-27,19.23,19.32,18.690001,18.780001,1613100,18.780001
2015-07-24,19.879999,19.879999,19.190001,19.450001,1505800,19.450001
2015-07-23,19.790001,20.35,19.58,19.809999,2888700,19.809999
2015-07-22,19.65,19.68,19.040001,19.639999,4371200,19.639999
2015-07-21,20.50,20.50,19.49,19.709999,4649200,19.709999
2015-07-20,21.35,21.360001,20.370001,20.450001,2394300,20.450001
2015-07-17,21.27,21.57,21.139999,21.33,2618100,21.33
2015-07-16,21.57,21.719999,21.09,21.200001,2552500,21.200001
2015-07-15,21.620001,21.85,21.309999,21.459999,1865100,21.459999
2015-07-14,23.389999,23.389999,21.459999,21.629999,5699700,21.629999
2015-07-13,22.82,23.40,22.690001,23.370001,2462000,23.370001
2015-07-10,22.530001,22.889999,22.280001,22.66,2940600,22.66
2015-07-09,20.379999,22.42,20.379999,22.25,5467500,22.25
2015-07-08,21.059999,21.10,19.90,19.99,2394600,19.99
2015-07-07,21.10,21.200001,20.34,21.139999,2079300,21.139999
2015-07-06,21.299999,21.57,21.00,21.040001,2589400,21.040001
2015-07-02,21.65,22.00,21.450001,21.469999,1422300,21.469999
2015-07-01,21.84,22.27,21.49,21.57,2437600,21.57
2015-06-30,22.60,22.620001,21.450001,21.540001,4821600,21.540001
2015-06-29,22.91,23.059999,22.440001,22.51,2288500,22.51
2015-06-26,22.969999,23.370001,22.620001,23.07,4178600,23.07
2015-06-25,24.059999,24.200001,22.860001,22.860001,4282800,22.860001
2015-06-24,24.959999,25.07,23.99,24.030001,1878800,24.030001
2015-06-23,25.15,25.40,24.959999,24.98,1254300,24.98
2015-06-22,25.139999,25.27,24.90,25.059999,1137200,25.059999
2015-06-19,25.17,25.35,24.959999,24.99,946700,24.99
2015-06-18,25.10,25.370001,25.07,25.17,670300,25.17
2015-06-17,25.07,25.25,24.99,25.10,1026200,25.10
2015-06-16,24.93,25.290001,24.889999,24.950001,894400,24.950001
2015-06-15,25.370001,25.370001,24.83,25.01,1068200,25.01
2015-06-12,25.360001,25.52,25.27,25.48,646600,25.48
2015-06-11,25.65,25.690001,25.309999,25.48,770800,25.48
2015-06-10,25.66,25.84,25.469999,25.549999,695100,25.549999
2015-06-09,25.389999,25.709999,25.27,25.50,691800,25.50
2015-06-08,25.84,25.85,25.459999,25.549999,931800,25.549999
2015-06-05,25.549999,25.92,25.379999,25.75,1002200,25.75
2015-06-04,26.049999,26.200001,25.60,25.709999,1659800,25.709999
2015-06-03,25.559999,26.48,25.559999,26.23,1877000,26.23
2015-06-02,25.00,25.809999,24.91,25.450001,1965400,25.450001
2015-06-01,24.99,25.17,24.85,24.969999,2389200,24.969999
2015-05-29,24.83,25.24,24.629999,24.780001,2186700,24.780001
2015-05-28,25.50,25.73,25.02,25.129999,1853300,25.129999
2015-05-27,25.60,26.209999,24.809999,25.389999,5707500,25.389999
2015-05-26,27.18,27.209999,26.33,26.629999,1848400,26.629999
2015-05-22,27.610001,27.799999,27.07,27.280001,1173800,27.280001
2015-05-21,26.99,27.75,26.889999,27.700001,1353100,27.700001
2015-05-20,27.09,27.24,26.639999,27.00,1536200,27.00
2015-05-19,27.620001,28.030001,26.99,27.07,1309900,27.07
2015-05-18,27.60,28.139999,27.57,27.610001,2211600,27.610001
2015-05-15,27.469999,27.809999,27.110001,27.49,3044400,27.49
2015-05-14,28.67,28.73,27.559999,27.60,2579200,27.60
2015-05-13,29.450001,29.719999,27.940001,28.02,3015400,28.02
2015-05-12,29.00,29.459999,28.82,29.35,2104200,29.35
2015-05-11,28.629999,29.24,28.450001,29.200001,1784700,29.200001
2015-05-08,29.360001,29.790001,28.59,28.620001,3235300,28.620001
2015-05-07,31.219999,31.50,29.15,29.16,5550800,29.16
2015-05-06,32.740002,32.939999,32.049999,32.560001,1757200,32.560001
2015-05-05,33.099998,33.50,32.66,32.669998,1149700,32.669998
2015-05-04,33.259998,33.57,32.810001,33.23,1028400,33.23
2015-05-01,32.990002,33.18,32.48,32.889999,1329300,32.889999
2015-04-30,33.139999,33.279999,32.419998,32.700001,1592400,32.700001
2015-04-29,33.490002,33.68,33.029999,33.389999,718500,33.389999
2015-04-28,33.720001,34.200001,33.240002,33.689999,928800,33.689999
2015-04-27,34.119999,35.23,33.970001,34.259998,1109800,34.259998
2015-04-24,34.549999,34.650002,33.77,33.970001,744400,33.970001
2015-04-23,33.860001,34.599998,33.849998,34.380001,619300,34.380001
2015-04-22,34.02,34.169998,33.599998,33.970001,797400,33.970001
2015-04-21,33.790001,34.610001,33.560001,34.119999,954000,34.119999
2015-04-20,32.91,33.810001,32.549999,33.599998,1525700,33.599998
