Date,Open,High,Low,Close,Volume,Adj Close
2015-10-15,12.71,13.40,12.69,13.31,20769300,13.31
2015-10-14,13.00,13.00,12.65,12.71,12847400,12.71
2015-10-13,13.11,13.19,13.00,13.03,6099400,13.03
2015-10-12,13.07,13.21,13.03,13.15,7134900,13.15
2015-10-09,13.34,13.43,13.02,13.06,11594200,13.06
2015-10-08,13.26,13.42,13.16,13.34,8559500,13.34
2015-10-07,13.35,13.50,13.20,13.31,7577000,13.31
2015-10-06,13.26,13.35,13.17,13.24,6449800,13.24
2015-10-05,13.07,13.34,13.06,13.29,6091300,13.29
2015-10-02,12.72,12.99,12.44,12.98,10851400,12.98
2015-10-01,13.00,13.12,12.93,13.09,8211200,13.09
2015-09-30,12.92,13.01,12.79,13.01,9580100,13.01
2015-09-29,12.79,12.89,12.68,12.77,11798300,12.77
2015-09-28,13.14,13.15,12.75,12.76,10017800,12.76
2015-09-25,13.00,13.24,13.00,13.20,14792000,13.20
2015-09-24,12.74,12.85,12.65,12.79,14407900,12.79
2015-09-23,12.79,13.01,12.77,12.90,10137100,12.90
2015-09-22,12.92,13.03,12.71,12.82,14089400,12.82
2015-09-21,13.05,13.19,12.99,13.12,7262800,13.12
2015-09-18,13.24,13.24,12.88,12.92,15731800,12.92
2015-09-17,13.81,13.86,13.32,13.37,10689000,13.37
2015-09-16,13.77,13.83,13.56,13.80,8279800,13.80
2015-09-15,13.58,13.83,13.58,13.82,6643900,13.82
2015-09-14,13.51,13.74,13.46,13.60,7094600,13.60
2015-09-11,13.48,13.53,13.40,13.51,7544600,13.51
2015-09-10,13.46,13.74,13.42,13.57,8038200,13.57
2015-09-09,13.84,13.91,13.50,13.53,7867500,13.53
2015-09-08,13.59,13.70,13.45,13.68,7686500,13.68
2015-09-04,13.29,13.37,13.17,13.27,7531000,13.27
2015-09-03,13.36,13.57,13.31,13.45,8175000,13.45
2015-09-02,13.32,13.35,13.08,13.32,9484600,13.32
2015-09-01,13.42,13.51,13.00,13.09,10881600,13.09
2015-08-31,13.69,13.82,13.62,13.74,7642700,13.74
2015-08-28,13.68,13.85,13.59,13.78,8404100,13.78
2015-08-27,13.64,13.90,13.60,13.88,16690800,13.805
2015-08-26,13.07,13.48,12.87,13.43,20050800,13.357432
2015-08-25,13.26,13.39,12.67,12.67,14229600,12.601538
2015-08-24,13.10,13.40,12.77,12.94,23879600,12.870079
2015-08-21,14.05,14.10,13.79,13.79,13568900,13.715486
2015-08-20,14.52,14.56,14.22,14.22,11442000,14.143163
2015-08-19,14.74,14.82,14.63,14.64,10324100,14.560894
2015-08-18,14.76,14.86,14.72,14.81,5560300,14.729975
2015-08-17,14.65,14.82,14.57,14.75,5425200,14.670299
2015-08-14,14.61,14.78,14.55,14.77,6173500,14.690191
2015-08-13,14.45,14.62,14.42,14.59,6548600,14.511164
2015-08-12,14.60,14.64,14.23,14.40,12003900,14.32219
2015-08-11,14.76,14.83,14.62,14.72,12112400,14.640461
2015-08-10,14.73,15.00,14.72,14.96,9839700,14.879164
2015-08-07,14.83,14.94,14.54,14.64,11499200,14.560894
2015-08-06,14.95,15.01,14.81,14.81,6765500,14.729975
2015-08-05,14.91,15.09,14.86,14.90,6301100,14.819488
2015-08-04,14.78,14.97,14.75,14.85,6266300,14.769759
2015-08-03,14.83,14.89,14.66,14.75,6479800,14.670299
2015-07-31,14.97,15.00,14.81,14.84,7105600,14.759813
2015-07-30,14.92,15.01,14.87,14.97,5161200,14.88911
2015-07-29,14.82,15.00,14.76,14.96,8982500,14.879164
2015-07-28,14.77,14.92,14.69,14.81,7339000,14.729975
2015-07-27,14.91,14.93,14.75,14.78,7661700,14.700137
2015-07-24,15.11,15.19,15.00,15.02,7649000,14.938841
2015-07-23,15.34,15.46,15.13,15.15,11038600,15.068137
2015-07-22,15.03,15.39,15.03,15.33,10169800,15.247165
2015-07-21,15.22,15.35,15.04,15.04,11251500,14.958732
2015-07-20,14.98,15.25,14.98,15.20,8310100,15.117867
2015-07-17,15.10,15.14,14.80,14.94,11328300,14.859272
2015-07-16,15.33,15.39,15.01,15.17,14588900,15.08803
2015-07-15,15.25,15.39,15.18,15.29,10273900,15.207381
2015-07-14,14.96,15.18,14.91,15.18,7509700,15.097976
2015-07-13,15.09,15.16,15.00,15.04,10180200,14.958732
2015-07-10,15.04,15.09,14.87,14.92,10268400,14.83938
2015-07-09,14.96,14.96,14.74,14.82,5912000,14.73992
2015-07-08,14.78,14.83,14.62,14.63,6481600,14.550948
2015-07-07,14.97,15.01,14.64,14.91,9274100,14.829434
2015-07-06,14.94,15.04,14.85,15.01,7355200,14.928894
2015-07-02,15.26,15.26,14.99,15.08,8059700,14.998516
2015-07-01,15.27,15.35,15.21,15.31,8132500,15.227273
2015-06-30,15.08,15.29,14.98,15.02,10361600,14.938841
2015-06-29,15.17,15.30,14.96,14.97,8719800,14.88911
2015-06-26,15.43,15.54,15.34,15.36,7906200,15.277003
2015-06-25,15.52,15.58,15.31,15.37,9773700,15.286949
2015-06-24,15.63,15.70,15.43,15.43,6929000,15.346625
2015-06-23,15.49,15.67,15.47,15.65,11432300,15.565435
2015-06-22,15.38,15.43,15.32,15.43,5306100,15.346625
2015-06-19,15.29,15.37,15.21,15.21,7472900,15.127813
2015-06-18,15.30,15.37,15.12,15.37,8110700,15.286949
2015-06-17,15.52,15.60,15.20,15.25,9836000,15.167597
2015-06-16,15.32,15.47,15.26,15.44,5486000,15.35657
2015-06-15,15.21,15.44,15.14,15.35,4386400,15.267057
2015-06-12,15.35,15.39,15.22,15.37,6439300,15.286949
2015-06-11,15.45,15.47,15.31,15.36,5434800,15.277003
2015-06-10,15.42,15.56,15.34,15.41,11201000,15.326733
2015-06-09,15.14,15.38,14.97,15.34,10789600,15.257111
2015-06-08,15.09,15.23,15.03,15.11,8422400,15.028353
2015-06-05,14.86,15.14,14.86,15.10,10996900,15.018408
2015-06-04,14.55,14.88,14.55,14.75,9099200,14.670299
2015-06-03,14.72,14.95,14.71,14.84,11391800,14.759813
2015-06-02,14.49,14.72,14.47,14.64,8655500,14.560894
2015-06-01,14.64,14.68,14.35,14.51,9810500,14.431596
2015-05-29,14.78,14.82,14.58,14.58,12133000,14.501217
2015-05-28,14.94,14.98,14.83,14.86,6664300,14.705109
2015-05-27,14.88,15.00,14.83,14.95,8899300,14.794171
2015-05-26,14.80,14.86,14.68,14.82,10449000,14.665526
2015-05-22,14.94,15.00,14.84,14.90,4168700,14.744692
2015-05-21,14.92,15.03,14.86,14.92,6833100,14.764484
2015-05-20,15.08,15.10,14.93,14.97,6145400,14.813963
2015-05-19,14.92,15.11,14.88,15.11,9194100,14.952504
2015-05-18,14.73,14.90,14.70,14.86,6735500,14.705109
2015-05-15,15.00,15.00,14.64,14.70,12852900,14.546777
2015-05-14,14.96,15.06,14.85,14.93,11426600,14.77438
2015-05-13,14.72,14.97,14.66,14.92,16405800,14.764484
2015-05-12,14.65,14.79,14.51,14.72,14789800,14.566569
2015-05-11,14.59,14.81,14.53,14.74,7701600,14.58636
2015-05-08,14.45,14.60,14.33,14.58,9149200,14.428028
2015-05-07,14.49,14.50,14.29,14.35,11857300,14.200426
2015-05-06,14.41,14.71,14.38,14.46,19322100,14.309279
2015-05-05,14.57,14.83,14.54,14.65,16124300,14.497298
2015-05-04,14.50,14.64,14.41,14.63,7625300,14.477507
2015-05-01,14.52,14.57,14.36,14.40,6469600,14.249904
2015-04-30,14.54,14.62,14.37,14.45,11544500,14.299383
2015-04-29,14.21,14.56,14.21,14.49,11081800,14.338966
2015-04-28,14.10,14.28,14.01,14.26,7509700,14.111364
2015-04-27,14.25,14.32,14.11,14.11,6984700,13.962927
2015-04-24,14.33,14.33,14.22,14.23,7453200,14.081676
2015-04-23,14.32,14.39,14.22,14.34,9558000,14.19053
2015-04-22,14.16,14.37,14.06,14.34,10232000,14.19053
2015-04-21,14.26,14.32,14.18,14.18,7977800,14.032198
2015-04-20,14.19,14.34,14.13,14.21,8117700,14.061885
