Date,Open,High,Low,Close,Volume,Adj Close
2015-10-15,32.50,32.779999,32.369999,32.759998,368000,32.759998
2015-10-14,32.029999,32.610001,31.98,32.439999,424000,32.439999
2015-10-13,32.18,32.529999,31.969999,32.00,430400,32.00
2015-10-12,32.68,32.68,32.259998,32.299999,221900,32.299999
2015-10-09,33.169998,33.389999,32.650002,32.68,313300,32.68
2015-10-08,32.650002,33.349998,32.540001,33.119999,394200,33.119999
2015-10-07,32.310001,32.860001,32.200001,32.700001,626000,32.700001
2015-10-06,32.139999,32.310001,31.809999,32.150002,518600,32.150002
2015-10-05,31.559999,32.18,31.379999,32.099998,492000,32.099998
2015-10-02,30.02,31.309999,30.00,31.299999,639600,31.299999
2015-10-01,30.85,30.879999,30.34,30.43,520000,30.43
2015-09-30,30.50,30.969999,30.50,30.84,485000,30.84
2015-09-29,30.26,30.40,29.940001,30.17,492100,30.17
2015-09-28,30.83,30.91,30.16,30.23,405900,30.23
2015-09-25,31.379999,31.379999,30.860001,31.01,347200,31.01
2015-09-24,31.48,31.57,31.02,31.209999,448400,31.209999
2015-09-23,32.169998,32.220001,31.629999,31.780001,312000,31.780001
2015-09-22,32.470001,32.470001,31.92,32.049999,661100,32.049999
2015-09-21,33.02,33.259998,32.830002,32.900002,535800,32.900002
2015-09-18,33.34,33.68,32.720001,32.830002,1107700,32.830002
2015-09-17,33.610001,34.130001,33.535,33.709999,508200,33.709999
2015-09-16,32.919998,33.610001,32.810001,33.549999,417000,33.549999
2015-09-15,32.849998,33.009998,32.57,32.950001,361500,32.950001
2015-09-14,32.84,32.84,32.389999,32.830002,355500,32.830002
2015-09-11,32.779999,32.970001,32.720001,32.84,273600,32.84
2015-09-10,32.68,33.060001,32.470001,32.970001,649600,32.970001
2015-09-09,33.25,33.389999,32.639999,32.720001,758800,32.720001
2015-09-08,32.560001,33.139999,32.310001,33.09,993400,33.09
2015-09-04,32.25,32.50,31.99,32.240002,500200,32.240002
2015-09-03,31.93,32.73,31.93,32.610001,790600,32.610001
2015-09-02,31.629999,31.844999,31.440001,31.84,541800,31.84
2015-09-01,31.370001,31.68,31.17,31.25,984600,31.25
2015-08-31,31.74,32.220001,31.68,32.040001,685300,32.040001
2015-08-28,31.57,31.950001,31.309999,31.92,484700,31.92
2015-08-27,31.32,31.816999,31.00,31.67,606100,31.67
2015-08-26,30.98,31.164,30.190001,31.059999,725400,31.059999
2015-08-25,31.25,31.26,30.290001,30.35,924800,30.35
2015-08-24,30.629999,31.84,30.10,30.59,1000000,30.59
2015-08-21,32.32,33.290001,32.310001,32.349998,1269800,32.349998
2015-08-20,32.549999,33.240002,32.439999,32.77,2892500,32.77
2015-08-19,29.969999,30.00,29.42,29.540001,795700,29.540001
2015-08-18,30.379999,30.66,29.98,30.00,531200,30.00
2015-08-17,30.290001,30.49,30.15,30.379999,601500,30.379999
2015-08-14,29.91,30.389999,29.85,30.370001,448200,30.370001
2015-08-13,29.91,30.139999,29.799999,29.91,456800,29.91
2015-08-12,29.690001,29.99,29.280001,29.879999,635600,29.879999
2015-08-11,30.17,30.49,29.969999,30.08,583200,30.08
2015-08-10,30.049999,30.809999,30.040001,30.639999,463500,30.639999
2015-08-07,29.60,29.860001,29.415001,29.860001,459300,29.860001
2015-08-06,30.309999,30.379999,29.58,29.719999,748900,29.719999
2015-08-05,30.469999,30.90,30.32,30.35,656700,30.35
2015-08-04,30.35,30.709999,30.17,30.41,428500,30.41
2015-08-03,30.709999,30.889999,30.389999,30.49,633300,30.49
2015-07-31,30.700001,31.00,30.51,30.540001,613900,30.540001
2015-07-30,30.35,30.66,30.18,30.639999,572900,30.639999
2015-07-29,30.07,30.530001,29.90,30.49,487100,30.49
2015-07-28,29.74,30.200001,29.514999,30.059999,773000,30.059999
2015-07-27,30.00,30.00,29.65,29.68,441300,29.68
2015-07-24,30.25,30.440001,30.049999,30.059999,703400,30.059999
2015-07-23,30.73,30.860001,30.200001,30.299999,599100,30.299999
2015-07-22,30.18,30.780001,30.129999,30.74,582300,30.74
2015-07-21,30.700001,30.860001,30.389999,30.42,709500,30.42
2015-07-20,30.639999,30.889999,30.549999,30.76,499100,30.76
2015-07-17,30.870001,30.971001,30.50,30.559999,983400,30.559999
2015-07-16,30.73,31.01,30.690001,30.790001,2007300,30.790001
2015-07-15,30.90,31.16,30.50,30.51,731400,30.51
2015-07-14,30.75,30.940001,30.68,30.93,463900,30.93
2015-07-13,30.530001,30.84,30.42,30.74,571800,30.74
2015-07-10,30.59,30.653,30.290001,30.35,707500,30.35
2015-07-09,30.620001,30.620001,30.25,30.32,1021800,30.32
2015-07-08,30.93,31.219999,30.25,30.379999,879300,30.379999
2015-07-07,31.219999,31.48,30.82,31.23,1156800,31.23
2015-07-06,31.09,31.450001,31.01,31.25,1126700,31.25
2015-07-02,31.370001,31.59,31.33,31.469999,449700,31.469999
2015-07-01,31.35,31.393999,30.84,31.25,1025000,31.25
2015-06-30,31.65,31.799999,31.02,31.190001,1050600,31.190001
2015-06-29,31.85,32.07,31.379999,31.40,986300,31.40
2015-06-26,32.25,32.380001,31.73,32.25,2201600,32.25
2015-06-25,32.529999,32.73,31.955,32.16,693800,32.16
2015-06-24,32.939999,33.00,32.441002,32.459999,621900,32.459999
2015-06-23,33.549999,33.549999,32.759998,32.889999,903100,32.889999
2015-06-22,33.400002,33.709999,33.189999,33.50,898600,33.50
2015-06-19,33.490002,33.490002,33.16,33.290001,833600,33.290001
2015-06-18,32.990002,33.400002,32.950001,33.400002,701000,33.400002
2015-06-17,32.68,33.110001,32.654999,33.009998,767000,33.009998
2015-06-16,32.529999,32.740002,32.279999,32.619999,472500,32.619999
2015-06-15,32.790001,32.922001,32.349998,32.619999,634800,32.619999
2015-06-12,33.110001,33.16,32.919998,33.029999,454200,33.029999
2015-06-11,33.119999,33.220001,32.939999,33.150002,1586200,33.150002
2015-06-10,32.889999,33.195,32.790001,33.110001,1087200,33.110001
2015-06-09,32.82,33.005001,32.66,32.860001,721100,32.860001
2015-06-08,32.919998,32.98,32.650002,32.77,379600,32.77
2015-06-05,32.93,33.068001,32.50,32.889999,514700,32.889999
2015-06-04,33.060001,33.299999,32.77,32.880001,493700,32.880001
2015-06-03,33.150002,33.41,32.939999,33.220001,837700,33.220001
2015-06-02,32.689999,33.105,32.630001,32.970001,535200,32.970001
2015-06-01,32.869999,32.98,32.689999,32.84,1046700,32.84
2015-05-29,32.84,33.130001,32.779999,32.860001,691600,32.860001
2015-05-28,32.98,32.987999,32.700001,32.900002,696000,32.900002
2015-05-27,32.599998,33.00,32.549999,32.970001,619000,32.970001
2015-05-26,33.009998,33.150002,32.34,32.610001,1020700,32.610001
2015-05-22,33.00,33.119999,32.740002,33.080002,2249500,33.080002
2015-05-21,32.34,33.110001,32.169998,33.029999,2218300,33.029999
2015-05-20,33.040001,33.07,32.25,32.380001,5977700,32.380001
2015-05-19,36.200001,36.275002,34.610001,34.990002,1735300,34.990002
2015-05-18,35.360001,36.310001,35.349998,36.220001,905200,36.220001
2015-05-15,35.310001,35.450001,35.150002,35.330002,418200,35.330002
2015-05-14,35.41,35.490002,35.099998,35.189999,584700,35.189999
2015-05-13,34.900002,35.630001,34.799999,35.25,697800,35.25
2015-05-12,34.849998,34.919998,34.259998,34.759998,668300,34.759998
2015-05-11,34.59,35.110001,34.52,35.02,586600,35.02
2015-05-08,34.240002,34.700001,34.110001,34.580002,597900,34.580002
2015-05-07,33.709999,34.09,33.700001,33.91,726300,33.91
2015-05-06,34.110001,34.110001,33.595001,33.650002,587200,33.650002
2015-05-05,34.48,34.810001,33.98,34.00,880100,34.00
2015-05-04,34.439999,35.358002,34.439999,34.48,1340200,34.48
2015-05-01,33.59,33.869999,33.43,33.610001,880500,33.610001
2015-04-30,33.610001,33.98,33.369999,33.459999,782200,33.459999
2015-04-29,33.900002,33.950001,33.580002,33.779999,1244700,33.779999
2015-04-28,34.220001,34.419998,33.91,33.939999,1576600,33.939999
2015-04-27,35.02,35.23,34.150002,34.34,1144700,34.34
2015-04-24,35.450001,35.450001,34.970001,34.990002,444100,34.990002
2015-04-23,35.75,35.75,35.355,35.439999,512400,35.439999
2015-04-22,36.200001,36.23,35.889999,36.009998,486600,36.009998
2015-04-21,36.18,36.360001,35.790001,36.209999,494400,36.209999
2015-04-20,35.470001,36.310001,35.470001,36.130001,594500,36.130001
