Date,Open,High,Low,Close,Volume,Adj Close
2015-10-09,32.779999,32.869999,32.060001,32.349998,11625100,32.349998
2015-10-08,32.150002,32.889999,31.790001,32.68,13514200,32.68
2015-10-07,32.040001,32.740002,31.52,32.139999,20770900,32.139999
2015-10-06,30.99,31.85,30.93,31.780001,16881000,31.780001
2015-10-05,30.01,31.09,29.950001,30.950001,20067700,30.950001
2015-10-02,27.889999,29.639999,27.76,29.629999,21881000,29.629999
2015-10-01,28.219999,28.42,27.690001,28.129999,16957200,28.129999
2015-09-30,26.969999,27.73,26.450001,27.68,27917900,27.68
2015-09-29,27.629999,27.809999,25.809999,26.16,31512200,26.16
2015-09-28,29.17,29.26,27.540001,27.549999,21180000,27.549999
2015-09-25,29.610001,29.68,29.120001,29.42,13176100,29.42
2015-09-24,29.01,29.389999,28.360001,29.34,24586900,29.34
2015-09-23,30.18,30.25,29.049999,29.059999,13003000,29.059999
2015-09-22,30.309999,30.639999,29.950001,30.110001,9771100,30.110001
2015-09-21,30.51,30.870001,30.34,30.67,9631700,30.67
2015-09-18,30.41,30.879999,30.299999,30.379999,28649300,30.379999
2015-09-17,30.75,31.280001,30.559999,30.83,14025900,30.83
2015-09-16,30.379999,30.790001,30.309999,30.690001,13851400,30.690001
2015-09-15,29.860001,30.219999,29.860001,30.190001,10595400,30.190001
2015-09-14,29.99,30.17,29.700001,29.860001,9674100,29.860001
2015-09-11,30.26,30.299999,29.809999,30.10,13886600,30.10
2015-09-10,30.74,30.93,30.34,30.50,11384800,30.50
2015-09-09,31.34,31.530001,30.60,30.639999,11298600,30.639999
2015-09-08,31.040001,31.209999,30.66,31.09,13803600,31.09
2015-09-04,30.780001,31.030001,30.60,30.77,12081800,30.77
2015-09-03,31.469999,31.790001,30.91,31.08,12123100,31.08
2015-09-02,31.77,31.77,30.75,31.309999,13794300,31.309999
2015-09-01,31.82,32.09,31.07,31.389999,17001500,31.389999
2015-08-31,32.439999,32.830002,31.73,32.41,19084600,32.41
2015-08-28,32.00,33.07,32.00,32.630001,16667000,32.630001
2015-08-27,31.379999,32.169998,31.10,32.00,18991700,32.00
2015-08-26,30.27,30.91,29.860001,30.790001,16906300,30.790001
2015-08-25,31.50,31.540001,29.93,29.93,17602200,29.93
2015-08-24,29.549999,31.450001,28.50,30.280001,21738000,30.280001
2015-08-21,32.50,32.75,31.790001,31.790001,17683600,31.790001
2015-08-20,33.349998,33.490002,32.689999,32.689999,13786200,32.689999
2015-08-19,33.810001,33.98,33.169998,33.580002,13184400,33.580002
2015-08-18,34.43,34.439999,33.709999,33.939999,11530000,33.939999
2015-08-17,34.009998,34.810001,33.959999,34.360001,15873000,34.360001
2015-08-14,34.259998,34.299999,33.849998,33.959999,17777100,33.959999
2015-08-13,33.810001,33.869999,32.970001,33.139999,11537900,33.139999
2015-08-12,32.59,34.060001,32.59,33.849998,20997300,33.849998
2015-08-11,32.279999,32.950001,32.060001,32.889999,15593000,32.889999
2015-08-10,32.23,32.619999,32.150002,32.50,16658900,32.50
2015-08-07,32.529999,32.82,32.060001,32.139999,13378200,32.139999
2015-08-06,32.009998,32.740002,31.09,32.689999,24389900,32.689999
2015-08-05,33.779999,34.09,32.189999,32.240002,25141200,32.240002
2015-08-04,33.889999,34.02,33.450001,33.66,12619300,33.66
2015-08-03,34.349998,34.380001,33.709999,33.75,19066500,33.75
2015-07-31,34.869999,35.150002,34.57,34.639999,14217900,34.639999
2015-07-30,35.27,35.389999,34.889999,35.029999,12778500,35.029999
2015-07-29,34.900002,35.279999,34.59,35.240002,19895300,35.240002
2015-07-28,35.509998,35.919998,35.130001,35.57,17220800,35.08
2015-07-27,34.650002,35.41,34.119999,35.220001,18827700,34.734823
2015-07-24,34.970001,35.259998,34.759998,34.849998,13054300,34.369917
2015-07-23,35.310001,35.50,34.650002,34.950001,16307000,34.468542
2015-07-22,35.720001,35.830002,35.25,35.360001,15381000,34.872894
2015-07-21,36.240002,36.240002,35.560001,35.84,17693100,35.346281
2015-07-20,36.880001,36.889999,36.25,36.299999,12922700,35.799943
2015-07-17,37.209999,37.25,36.450001,36.889999,13944500,36.381816
2015-07-16,37.84,38.02,37.240002,37.400002,13587600,36.884792
2015-07-15,37.900002,38.220001,37.48,37.580002,10426800,37.062313
2015-07-14,37.869999,38.389999,37.799999,38.02,10260600,37.49625
2015-07-13,38.279999,38.580002,38.040001,38.189999,10243200,37.663907
2015-07-10,37.650002,38.169998,37.610001,38.09,8792400,37.565286
2015-07-09,37.540001,37.919998,37.48,37.50,9087100,36.983413
2015-07-08,37.66,37.880001,37.16,37.299999,10496700,36.786168
2015-07-07,37.540001,37.84,37.099998,37.740002,12956900,37.220109
2015-07-06,37.619999,37.900002,37.189999,37.50,9553600,36.983413
2015-07-02,38.43,38.50,37.919998,38.029999,8739000,37.506111
2015-07-01,38.450001,38.52,37.740002,37.98,10625000,37.4568
2015-06-30,38.619999,38.700001,38.349998,38.389999,10812400,37.861152
2015-06-29,38.740002,39.110001,38.330002,38.360001,12289500,37.831567
2015-06-26,38.880001,39.299999,38.560001,38.959999,35917900,38.4233
2015-06-25,39.50,39.599998,38.919998,38.98,9188100,38.443025
2015-06-24,39.419998,39.68,39.25,39.450001,10459500,38.906551
2015-06-23,39.709999,39.810001,39.360001,39.43,10056200,38.886827
2015-06-22,39.799999,40.279999,39.540001,39.650002,15374600,39.103797
2015-06-19,39.91,39.959999,39.509998,39.540001,16779700,38.995312
2015-06-18,39.639999,40.25,39.439999,40.080002,15194300,39.527874
2015-06-17,39.68,39.740002,39.23,39.52,12393000,38.975587
2015-06-16,39.459999,39.709999,39.099998,39.490002,11661000,38.946001
2015-06-15,38.389999,39.599998,38.389999,39.360001,15535600,38.817791
2015-06-12,38.91,39.419998,38.330002,38.919998,27761600,38.38385
2015-06-11,40.169998,40.18,39.75,39.779999,11938200,39.232004
2015-06-10,40.490002,40.52,40.16,40.23,8036600,39.675805
2015-06-09,40.060001,40.400002,40.02,40.240002,7012200,39.68567
2015-06-08,40.240002,40.689999,40.130001,40.200001,6453300,39.64622
2015-06-05,40.080002,40.759998,39.77,40.400002,12104300,39.843465
2015-06-04,40.599998,40.790001,40.09,40.099998,14621400,39.547595
2015-06-03,41.189999,41.189999,40.740002,40.869999,9184400,40.306988
2015-06-02,41.330002,41.43,40.919998,41.290001,8267600,40.721204
2015-06-01,41.369999,41.470001,41.119999,41.290001,8953600,40.721204
2015-05-29,41.48,41.740002,41.419998,41.490002,9531700,40.91845
2015-05-28,41.810001,41.84,41.509998,41.619999,9250300,41.046657
2015-05-27,42.02,42.139999,41.810001,41.990002,8585400,41.411562
2015-05-26,42.50,42.50,41.939999,42.09,7409400,41.510183
2015-05-22,42.349998,42.860001,42.25,42.689999,5626600,42.101916
2015-05-21,42.720001,42.880001,42.50,42.66,5862500,42.072331
2015-05-20,42.869999,42.869999,42.380001,42.59,6005000,42.003295
2015-05-19,42.720001,42.990002,42.639999,42.860001,5859300,42.269576
2015-05-18,42.630001,42.91,42.50,42.830002,6951200,42.239991
2015-05-15,42.310001,42.650002,42.220001,42.619999,9122100,42.032881
2015-05-14,42.27,42.50,42.07,42.139999,6944300,41.559494
2015-05-13,42.84,42.91,41.939999,42.16,11285900,41.579219
2015-05-12,42.490002,42.830002,42.27,42.700001,7106800,42.111781
2015-05-11,42.990002,43.00,42.43,42.639999,5453400,42.052606
2015-05-08,42.84,43.060001,42.720001,43.029999,6884300,42.437233
2015-05-07,42.52,43.029999,42.299999,42.66,7628800,42.072331
2015-05-06,42.810001,42.939999,42.509998,42.669998,6358300,42.082191
2015-05-05,42.959999,42.990002,42.57,42.650002,5769800,42.06247
2015-05-04,43.240002,43.34,42.810001,42.830002,6317000,42.239991
2015-05-01,43.009998,43.150002,42.75,43.130001,6667800,42.535857
2015-04-30,43.169998,43.189999,42.720001,42.950001,9123900,42.358337
2015-04-29,43.150002,43.220001,42.77,43.07,9974300,42.476683
2015-04-28,43.599998,43.700001,43.080002,43.200001,10311700,42.604893
2015-04-27,44.450001,44.52,43.91,44.110001,8314800,43.028969
2015-04-24,44.709999,44.709999,44.209999,44.34,6702800,43.253331
2015-04-23,44.150002,44.669998,44.099998,44.57,11688300,43.477694
2015-04-22,43.759998,44.200001,43.400002,44.07,7393200,42.989948
2015-04-21,43.759998,44.049999,43.560001,43.610001,7973100,42.541222
2015-04-20,44.02,44.400002,43.490002,43.709999,11344800,42.63877
2015-04-17,43.400002,44.00,43.32,43.900002,13205700,42.824116
2015-04-16,43.32,44.09,43.029999,43.68,15156200,42.609507
2015-04-15,43.040001,43.509998,43.040001,43.43,12075800,42.365633
2015-04-14,42.970001,43.099998,42.84,43.009998,8755800,41.955925
2015-04-13,42.919998,43.110001,42.84,42.98,10172200,41.926661
