Date,Open,High,Low,Close,Volume,Adj Close
2015-10-16,57.009998,57.099998,56.07,56.18,2319500,56.18
2015-10-15,56.970001,57.220001,56.25,56.98,1758600,56.98
2015-10-14,56.91,57.290001,55.900002,56.77,2092000,56.77
2015-10-13,57.209999,57.66,56.75,56.91,2441300,56.91
2015-10-12,58.91,59.00,57.259998,57.34,2428400,57.34
2015-10-09,59.16,59.259998,57.959999,58.77,2639500,58.77
2015-10-08,59.360001,60.419998,59.119999,59.959999,1468100,59.959999
2015-10-07,59.59,60.330002,58.849998,59.48,1165800,59.48
2015-10-06,60.220001,60.50,58.900002,59.220001,1409200,59.220001
2015-10-05,60.099998,60.59,59.639999,60.48,1570400,60.48
2015-10-02,57.59,59.779999,57.32,59.779999,1726600,59.779999
2015-10-01,59.549999,59.75,57.709999,58.650002,2202700,58.650002
2015-09-30,59.099998,59.82,58.759998,59.32,2280700,59.32
2015-09-29,57.880001,58.310001,57.290001,57.959999,1436800,57.959999
2015-09-28,59.279999,59.450001,57.82,57.900002,1664800,57.900002
2015-09-25,59.669998,60.32,59.310001,59.73,1277800,59.73
2015-09-24,58.68,59.439999,58.220001,59.07,2005800,59.07
2015-09-23,58.549999,59.889999,57.880001,59.32,3875700,59.32
2015-09-22,60.02,60.540001,56.68,59.720001,6094500,59.720001
2015-09-21,60.75,62.68,60.73,62.66,3117000,62.66
2015-09-18,61.049999,61.529999,60.119999,60.27,3173500,60.27
2015-09-17,62.099998,62.959999,61.68,61.959999,2164400,61.959999
2015-09-16,60.68,62.07,60.52,62.060001,1807700,62.060001
2015-09-15,59.259998,61.220001,58.549999,60.82,2240400,60.82
2015-09-14,59.91,59.93,58.709999,58.990002,2516600,58.990002
2015-09-11,59.860001,60.52,59.57,60.209999,1380200,60.209999
2015-09-10,59.529999,60.52,59.099998,59.82,1387200,59.82
2015-09-09,60.720001,61.189999,59.43,59.580002,1593100,59.580002
2015-09-08,59.639999,60.279999,58.529999,60.110001,3176400,60.110001
2015-09-04,59.459999,60.389999,59.279999,60.02,1258100,60.02
2015-09-03,60.099998,61.380001,59.939999,60.580002,1357300,60.580002
2015-09-02,59.169998,59.84,58.32,59.84,1248700,59.84
2015-09-01,59.830002,60.209999,58.279999,58.560001,2182700,58.560001
2015-08-31,60.66,62.00,60.630001,61.00,1936300,61.00
2015-08-28,60.00,61.18,59.93,61.02,1501200,61.02
2015-08-27,59.150002,60.41,58.639999,60.00,1613800,60.00
2015-08-26,58.610001,58.790001,56.790001,58.50,1869100,58.50
2015-08-25,59.50,60.099998,57.119999,57.18,1629900,57.18
2015-08-24,56.110001,60.07,55.27,57.700001,2514200,57.700001
2015-08-21,60.849998,61.220001,59.50,59.580002,2232400,59.580002
2015-08-20,61.77,62.439999,61.259998,61.32,994600,61.32
2015-08-19,63.09,63.09,61.830002,62.529999,964000,62.529999
2015-08-18,63.650002,64.07,63.299999,63.50,1173900,63.50
2015-08-17,62.93,63.549999,62.34,63.529999,923800,63.529999
2015-08-14,62.540001,63.369999,62.23,63.130001,1068100,63.130001
2015-08-13,62.650002,63.18,62.040001,62.619999,1070200,62.619999
2015-08-12,62.110001,62.66,60.849998,62.509998,1623200,62.509998
2015-08-11,62.860001,63.00,62.150002,62.759998,1493900,62.759998
2015-08-10,62.610001,63.810001,62.50,63.41,1254500,63.41
2015-08-07,62.099998,62.889999,61.639999,62.150002,1193700,62.150002
2015-08-06,64.25,64.32,61.639999,62.099998,2448200,62.099998
2015-08-05,65.150002,65.800003,64.550003,64.769997,1005200,64.769997
2015-08-04,64.129997,65.290001,64.129997,64.760002,1276300,64.760002
2015-08-03,65.580002,65.580002,63.700001,64.129997,1061500,64.129997
2015-07-31,64.190002,64.870003,63.849998,64.510002,961900,64.510002
2015-07-30,64.110001,64.230003,63.549999,63.990002,1017900,63.990002
2015-07-29,62.869999,64.360001,62.869999,64.260002,1546200,64.260002
2015-07-28,62.310001,62.810001,61.049999,62.669998,1609500,62.669998
2015-07-27,63.049999,63.169998,61.630001,61.959999,2074700,61.959999
2015-07-24,65.57,65.669998,63.080002,63.18,1998300,63.18
2015-07-23,66.660004,66.82,65.110001,65.190002,1818700,65.190002
2015-07-22,66.879997,66.910004,66.099998,66.32,1371900,66.32
2015-07-21,68.160004,68.330002,66.779999,66.879997,890400,66.879997
2015-07-20,68.089996,68.800003,67.830002,68.169998,724000,68.169998
2015-07-17,68.480003,68.639999,67.760002,67.949997,850600,67.949997
2015-07-16,67.82,68.989998,67.629997,68.870003,1198700,68.870003
2015-07-15,68.00,68.040001,67.43,67.550003,1032000,67.550003
2015-07-14,68.300003,68.550003,68.00,68.019997,1249200,68.019997
2015-07-13,67.68,68.360001,67.360001,68.269997,1639800,68.269997
2015-07-10,67.010002,67.169998,66.68,66.919998,1106400,66.919998
2015-07-09,66.709999,66.709999,66.169998,66.25,1676600,66.25
2015-07-08,66.949997,67.050003,65.440002,65.57,2077900,65.57
2015-07-07,66.639999,66.709999,65.489998,66.599998,1763800,66.599998
2015-07-06,66.080002,66.910004,66.00,66.32,1421000,66.32
2015-07-02,67.339996,67.519997,66.540001,66.669998,1062200,66.669998
2015-07-01,66.949997,67.080002,66.279999,67.040001,1447300,67.040001
2015-06-30,66.82,67.190002,65.959999,66.209999,1751400,66.209999
2015-06-29,67.620003,68.120003,66.309998,66.349998,1488300,66.349998
2015-06-26,68.029999,68.449997,67.760002,68.410004,2023300,68.410004
2015-06-25,68.489998,68.68,67.900002,68.07,1139300,68.07
2015-06-24,68.660004,69.150002,68.110001,68.120003,1223600,68.120003
2015-06-23,68.25,68.839996,68.099998,68.730003,1999700,68.730003
2015-06-22,69.510002,69.739998,67.889999,68.029999,4525000,68.029999
2015-06-19,69.139999,70.879997,68.25,69.269997,6812500,69.269997
2015-06-18,72.400002,72.879997,71.720001,71.959999,2921500,71.959999
2015-06-17,72.379997,73.190002,72.040001,72.279999,1368100,72.279999
2015-06-16,71.57,72.220001,71.540001,72.199997,1174300,72.199997
2015-06-15,72.449997,72.449997,71.400002,71.550003,1679000,71.550003
2015-06-12,72.529999,73.120003,72.370003,72.860001,1180800,72.860001
2015-06-11,73.470001,73.690002,72.669998,72.779999,791600,72.779999
2015-06-10,72.849998,73.339996,72.809998,73.150002,1066400,73.150002
2015-06-09,72.050003,72.849998,72.050003,72.589996,813000,72.589996
2015-06-08,73.150002,73.480003,72.150002,72.160004,1706400,72.160004
2015-06-05,73.110001,73.760002,72.849998,73.699997,1376500,73.699997
2015-06-04,72.480003,73.199997,72.389999,73.089996,1282300,73.089996
2015-06-03,72.150002,73.139999,72.099998,72.809998,1064300,72.809998
2015-06-02,71.370003,72.230003,71.360001,72.099998,874000,72.099998
2015-06-01,71.440002,72.050003,70.830002,71.699997,856200,71.699997
2015-05-29,72.139999,72.410004,71.040001,71.040001,1477900,71.040001
2015-05-28,72.919998,73.150002,72.160004,72.379997,855400,72.379997
2015-05-27,72.150002,72.989998,71.870003,72.839996,1839400,72.839996
2015-05-26,72.360001,72.68,71.610001,71.709999,868300,71.709999
2015-05-22,72.559998,72.849998,71.93,72.410004,1286200,72.410004
2015-05-21,72.010002,72.940002,71.919998,72.510002,1298400,72.510002
2015-05-20,72.379997,72.629997,72.099998,72.300003,996700,72.300003
2015-05-19,72.940002,73.050003,72.120003,72.260002,1036600,72.260002
2015-05-18,72.449997,73.199997,72.32,73.00,1518900,73.00
2015-05-15,71.910004,72.449997,71.739998,72.260002,1741200,72.260002
2015-05-14,71.910004,72.050003,71.279999,71.720001,1596800,71.720001
2015-05-13,71.82,71.870003,70.839996,71.110001,958100,71.110001
2015-05-12,70.959999,71.650002,70.730003,71.269997,834900,71.269997
2015-05-11,71.349998,72.25,71.260002,71.349998,1349300,71.349998
2015-05-08,71.559998,72.139999,71.459999,71.529999,1105000,71.529999
2015-05-07,69.93,71.029999,69.779999,70.839996,1240300,70.839996
2015-05-06,70.349998,70.709999,69.400002,69.970001,1334700,69.970001
2015-05-05,71.110001,71.839996,70.209999,70.300003,1637300,70.300003
2015-05-04,70.050003,71.360001,69.93,71.330002,1608500,71.330002
2015-05-01,68.25,69.82,68.169998,69.809998,1293800,69.809998
2015-04-30,68.440002,68.830002,67.690002,68.110001,1307100,68.110001
2015-04-29,69.209999,69.279999,68.370003,68.760002,945000,68.760002
2015-04-28,68.959999,69.610001,68.349998,69.389999,1221800,69.389999
2015-04-27,70.00,70.220001,68.739998,68.809998,939500,68.809998
2015-04-24,70.830002,70.830002,69.809998,69.970001,845400,69.970001
2015-04-23,70.779999,71.050003,70.300003,70.720001,1024500,70.720001
2015-04-22,71.199997,71.519997,70.459999,70.839996,1366800,70.839996
2015-04-21,71.330002,71.910004,70.75,70.879997,1174300,70.879997
2015-04-20,70.970001,71.25,70.769997,70.970001,1265000,70.970001
