Date,Open,High,Low,Close,Volume,Adj Close
2015-10-16,21.35,21.41,20.620001,20.799999,1137500,20.799999
2015-10-15,20.879999,21.379999,20.780001,21.299999,1122100,21.299999
2015-10-14,21.370001,21.41,20.610001,20.889999,1263700,20.889999
2015-10-13,21.40,21.91,21.27,21.41,855100,21.41
2015-10-12,21.18,21.620001,20.860001,21.540001,933600,21.540001
2015-10-09,21.75,21.889999,20.48,21.23,2159600,21.23
2015-10-08,21.49,22.01,21.440001,21.700001,1707900,21.700001
2015-10-07,22.049999,22.23,21.26,21.540001,2198900,21.540001
2015-10-06,20.25,22.030001,20.219999,21.969999,2781100,21.969999
2015-10-05,20.34,22.33,20.110001,20.219999,4051500,20.219999
2015-10-02,18.32,19.68,18.129999,19.639999,1404600,19.639999
2015-10-01,18.42,18.85,18.370001,18.51,1607500,18.51
2015-09-30,17.950001,18.49,17.76,18.43,1458200,18.43
2015-09-29,17.790001,18.01,17.440001,17.76,1488200,17.76
2015-09-28,16.99,18.200001,16.99,17.610001,4141300,17.610001
2015-09-25,16.23,16.639999,15.86,16.370001,1592500,16.370001
2015-09-24,16.34,16.34,15.64,15.99,1429000,15.99
2015-09-23,16.549999,16.85,16.450001,16.52,1092300,16.52
2015-09-22,16.360001,16.67,16.209999,16.48,1270800,16.48
2015-09-21,16.389999,16.860001,16.24,16.620001,917300,16.620001
2015-09-18,16.360001,16.52,16.030001,16.27,1697900,16.27
2015-09-17,16.049999,16.879999,15.98,16.639999,1445700,16.639999
2015-09-16,16.48,16.74,15.92,16.23,1168100,16.23
2015-09-15,15.88,16.58,15.88,16.57,955400,16.57
2015-09-14,16.120001,16.23,15.74,15.88,1341600,15.88
2015-09-11,16.33,16.459999,15.92,16.129999,1136500,16.129999
2015-09-10,16.58,16.719999,16.34,16.49,649200,16.49
2015-09-09,16.98,17.15,16.43,16.65,1068500,16.65
2015-09-08,16.290001,16.879999,16.18,16.84,611800,16.84
2015-09-04,16.25,16.309999,15.83,16.00,1035000,16.00
2015-09-03,16.040001,16.620001,16.01,16.440001,785400,16.440001
2015-09-02,16.15,16.23,15.94,16.110001,928400,16.110001
2015-09-01,16.00,16.299999,15.90,16.00,1704100,16.00
2015-08-31,16.15,16.49,15.91,16.280001,1184600,16.280001
2015-08-28,15.69,16.49,15.69,16.280001,1243900,16.280001
2015-08-27,14.86,15.77,14.81,15.73,1376700,15.73
2015-08-26,14.18,14.80,13.98,14.76,2038400,14.76
2015-08-25,14.54,14.64,13.83,13.89,1815300,13.89
2015-08-24,13.98,14.98,13.31,14.14,2817600,14.14
2015-08-21,14.68,15.05,14.55,14.73,1504100,14.73
2015-08-20,15.84,15.94,14.85,15.00,3719700,15.00
2015-08-19,15.98,16.190001,15.81,16.059999,1262100,16.059999
2015-08-18,16.10,16.219999,15.93,16.139999,1428600,16.139999
2015-08-17,16.68,16.860001,15.96,16.10,1717700,16.10
2015-08-14,16.799999,16.99,16.530001,16.77,721100,16.77
2015-08-13,17.08,17.26,16.799999,16.860001,903600,16.860001
2015-08-12,17.370001,17.450001,16.860001,17.07,1296100,17.07
2015-08-11,17.66,17.889999,17.10,17.389999,1273000,17.389999
2015-08-10,17.639999,17.99,17.450001,17.879999,1929400,17.879999
2015-08-07,17.540001,17.809999,17.34,17.469999,1118400,17.469999
2015-08-06,17.879999,17.90,17.459999,17.709999,1291700,17.709999
2015-08-05,18.450001,18.60,17.76,17.90,1601300,17.90
2015-08-04,18.90,18.950001,18.33,18.389999,1102300,18.389999
2015-08-03,18.98,19.43,18.75,18.85,1302200,18.85
2015-07-31,18.709999,19.16,18.58,19.049999,2044300,19.049999
2015-07-30,18.450001,18.84,18.35,18.700001,1440000,18.700001
2015-07-29,18.24,18.799999,17.67,18.51,2590400,18.51
2015-07-28,18.450001,19.200001,16.65,18.299999,4285100,18.299999
2015-07-27,16.719999,17.469999,16.01,17.23,3400100,17.23
2015-07-24,17.219999,17.42,16.60,16.889999,3070600,16.889999
2015-07-23,17.870001,17.969999,17.35,17.35,996800,17.35
2015-07-22,17.870001,17.99,17.309999,17.790001,1516300,17.790001
2015-07-21,18.02,18.18,17.620001,18.01,856300,18.01
2015-07-20,18.18,18.26,17.799999,18.02,761200,18.02
2015-07-17,18.299999,18.35,17.75,18.280001,1427000,18.280001
2015-07-16,18.84,18.959999,18.27,18.33,912800,18.33
2015-07-15,18.809999,19.60,18.26,18.790001,1815300,18.790001
2015-07-14,19.049999,19.290001,18.77,18.879999,1045000,18.879999
2015-07-13,18.530001,19.030001,18.40,19.00,1548000,19.00
2015-07-10,18.200001,18.59,18.040001,18.49,1561500,18.49
2015-07-09,18.049999,18.24,17.200001,18.110001,2658800,18.110001
2015-07-08,17.870001,18.10,17.23,17.84,2416400,17.84
2015-07-07,18.290001,18.290001,17.530001,18.040001,960300,18.040001
2015-07-06,18.309999,18.68,17.940001,18.18,1385200,18.18
2015-07-02,18.780001,18.959999,18.370001,18.530001,1584400,18.530001
2015-07-01,18.530001,18.57,17.879999,18.549999,1794400,18.549999
2015-06-30,18.610001,18.73,18.040001,18.10,1173700,18.10
2015-06-29,18.32,18.76,18.200001,18.440001,1506500,18.440001
2015-06-26,18.93,19.030001,18.09,18.469999,7320700,18.469999
2015-06-25,19.98,20.00,18.74,18.93,1980300,18.93
2015-06-24,20.09,20.24,19.790001,19.940001,1231900,19.940001
2015-06-23,19.90,20.16,19.77,20.15,982700,20.15
2015-06-22,19.639999,19.860001,19.40,19.83,1103900,19.83
2015-06-19,19.280001,19.74,19.25,19.459999,1183100,19.459999
2015-06-18,19.40,19.559999,19.129999,19.25,827100,19.25
2015-06-17,18.440001,19.440001,18.27,19.35,1706400,19.35
2015-06-16,18.540001,18.75,18.16,18.52,1183900,18.52
2015-06-15,18.16,18.93,17.969999,18.60,1075900,18.60
2015-06-12,18.049999,18.33,17.99,18.27,693400,18.27
2015-06-11,18.17,18.219999,18.00,18.09,523900,18.09
2015-06-10,18.33,18.389999,17.959999,18.110001,1198200,18.110001
2015-06-09,18.709999,18.809999,18.17,18.200001,736900,18.200001
2015-06-08,18.799999,19.040001,18.459999,18.67,1124000,18.67
2015-06-05,18.84,19.030001,18.43,18.84,1159700,18.84
2015-06-04,19.879999,19.889999,19.00,19.00,1031800,19.00
2015-06-03,19.60,20.00,19.559999,19.93,1387300,19.93
2015-06-02,19.07,19.540001,18.99,19.48,867200,19.48
2015-06-01,19.360001,19.57,19.08,19.129999,887200,19.129999
2015-05-29,19.33,19.50,19.059999,19.35,766300,19.35
2015-05-28,19.51,19.639999,19.26,19.40,1104700,19.40
2015-05-27,19.48,19.65,19.43,19.60,701700,19.60
2015-05-26,19.370001,19.66,19.309999,19.50,731800,19.50
2015-05-22,19.280001,19.60,19.25,19.48,541600,19.48
2015-05-21,19.209999,19.51,19.040001,19.370001,942700,19.370001
2015-05-20,19.00,19.24,18.90,19.190001,660900,19.190001
2015-05-19,19.10,19.34,18.870001,18.98,700500,18.98
2015-05-18,18.860001,19.51,18.59,19.129999,1077300,19.129999
2015-05-15,19.32,19.360001,18.879999,19.01,930000,19.01
2015-05-14,18.700001,19.25,18.620001,19.120001,899400,19.120001
2015-05-13,18.610001,18.77,18.27,18.620001,940500,18.620001
2015-05-12,18.73,18.76,18.389999,18.549999,1366200,18.549999
2015-05-11,18.48,18.83,18.040001,18.82,1754500,18.82
2015-05-08,18.34,18.76,18.02,18.07,1281500,18.07
2015-05-07,18.129999,18.25,17.67,18.16,1753500,18.16
2015-05-06,18.92,19.290001,18.00,18.190001,1922400,18.190001
2015-05-05,19.209999,19.309999,18.75,18.860001,2186700,18.860001
2015-05-04,19.040001,19.32,18.969999,19.15,1412000,19.15
2015-05-01,18.92,19.27,18.92,19.030001,2568800,19.030001
2015-04-30,19.50,19.559999,17.92,19.17,6411000,19.17
2015-04-29,19.360001,20.120001,19.23,19.93,1177800,19.93
2015-04-28,20.40,20.40,19.51,19.559999,2614500,19.559999
2015-04-27,20.07,20.65,19.969999,20.35,1770400,20.35
2015-04-24,20.27,21.98,19.959999,20.08,3572300,20.08
2015-04-23,21.25,21.93,20.98,21.24,2458400,21.24
2015-04-22,21.49,21.49,21.07,21.27,1012900,21.27
2015-04-21,21.75,21.75,21.27,21.51,1718600,21.51
2015-04-20,20.959999,21.709999,20.809999,21.66,1209400,21.66
