Date,Open,High,Low,Close,Volume,Adj Close
2015-10-15,36.639999,37.080002,36.299999,37.07,12242600,37.07
2015-10-14,37.48,37.580002,35.849998,36.330002,14477400,36.330002
2015-10-13,38.16,38.380001,37.34,37.439999,6057600,37.439999
2015-10-12,38.02,38.400002,37.790001,38.200001,5261900,38.200001
2015-10-09,38.040001,38.349998,37.740002,38.029999,5872800,38.029999
2015-10-08,37.490002,38.060001,37.34,38.00,7367500,38.00
2015-10-07,37.349998,37.799999,37.119999,37.509998,3564200,37.509998
2015-10-06,38.029999,38.09,37.040001,37.130001,5074100,37.130001
2015-10-05,37.220001,38.099998,37.00,38.07,6217100,38.07
2015-10-02,36.349998,37.16,35.779999,37.139999,5423500,37.139999
2015-10-01,36.119999,36.799999,35.689999,36.68,7599600,36.68
2015-09-30,35.98,36.25,35.639999,36.07,7009600,36.07
2015-09-29,35.75,36.169998,35.290001,35.610001,6487800,35.610001
2015-09-28,35.880001,35.990002,35.560001,35.75,6342100,35.75
2015-09-25,36.220001,36.740002,35.869999,36.110001,4292000,36.110001
2015-09-24,36.040001,36.310001,35.689999,35.959999,6495300,35.959999
2015-09-23,36.470001,36.52,35.950001,36.380001,5007000,36.380001
2015-09-22,36.369999,36.459999,35.849998,36.41,6092500,36.41
2015-09-21,37.060001,37.130001,36.369999,36.66,6161500,36.66
2015-09-18,37.259998,37.610001,36.599998,36.73,10087900,36.73
2015-09-17,37.25,37.950001,37.060001,37.50,4816300,37.50
2015-09-16,37.400002,37.400002,36.950001,37.18,5448600,37.18
2015-09-15,37.43,37.490002,36.740002,37.16,8207000,37.16
2015-09-14,37.27,37.720001,37.110001,37.419998,8549100,37.419998
2015-09-11,37.41,37.75,36.09,37.290001,18383800,37.290001
2015-09-10,34.43,35.610001,34.310001,35.400002,12648200,35.400002
2015-09-09,35.349998,35.369999,34.400002,34.400002,7848100,34.400002
2015-09-08,34.66,35.07,34.470001,35.049999,8327400,35.049999
2015-09-04,34.299999,34.360001,33.91,34.07,5895000,34.07
2015-09-03,34.75,35.040001,34.41,34.57,5617300,34.57
2015-09-02,34.310001,34.950001,34.200001,34.650002,7477400,34.650002
2015-09-01,33.98,34.080002,33.630001,33.849998,8378600,33.849998
2015-08-31,34.869999,35.040001,34.330002,34.50,7836700,34.50
2015-08-28,35.50,35.549999,34.700001,34.939999,7196100,34.939999
2015-08-27,35.630001,36.00,34.830002,35.529999,8988400,35.529999
2015-08-26,34.389999,35.150002,33.779999,35.080002,10155000,35.080002
2015-08-25,35.189999,35.189999,33.66,33.66,8604700,33.66
2015-08-24,30.00,34.389999,27.32,33.77,13930300,33.77
2015-08-21,35.93,36.279999,34.91,34.93,12050500,34.93
2015-08-20,37.169998,37.73,36.639999,36.68,8053900,36.68
2015-08-19,38.43,38.450001,37.150002,37.360001,8761500,37.360001
2015-08-18,38.529999,38.73,38.439999,38.599998,4155200,38.599998
2015-08-17,38.189999,38.669998,38.029999,38.650002,4250000,38.650002
2015-08-14,38.02,38.360001,37.970001,38.349998,4164200,38.349998
2015-08-13,37.84,38.220001,37.68,38.209999,6596800,38.209999
2015-08-12,37.119999,39.43,37.09,37.799999,9703100,37.799999
2015-08-11,37.389999,37.84,37.209999,37.389999,6218300,37.285
2015-08-10,38.080002,38.240002,37.389999,37.540001,8510900,37.434581
2015-08-07,38.619999,38.66,37.509998,37.82,9152100,37.713793
2015-08-06,39.110001,39.150002,38.380001,38.720001,6630000,38.611267
2015-08-05,38.799999,39.169998,38.509998,39.080002,7534800,38.970257
2015-08-04,39.25,39.27,38.25,38.560001,8692200,38.451717
2015-08-03,39.23,39.400002,39.02,39.400002,4273800,39.289358
2015-07-31,39.110001,39.259998,38.849998,39.240002,5008300,39.129807
2015-07-30,38.549999,39.07,38.189999,39.00,4466600,38.89048
2015-07-29,38.779999,39.00,38.650002,38.799999,4499000,38.691041
2015-07-28,38.509998,38.869999,38.279999,38.720001,4573100,38.611267
2015-07-27,38.169998,38.41,37.389999,38.200001,5173900,38.092727
2015-07-24,38.650002,38.919998,38.330002,38.360001,4367600,38.252278
2015-07-23,39.130001,39.279999,38.619999,38.669998,4612100,38.561405
2015-07-22,38.950001,39.299999,38.759998,39.009998,4138700,38.90045
2015-07-21,39.209999,39.32,38.75,38.959999,5365400,38.850591
2015-07-20,38.84,39.34,38.720001,39.169998,5143500,39.06
2015-07-17,38.59,38.77,38.50,38.720001,4424600,38.611267
2015-07-16,38.349998,38.689999,38.32,38.59,4231800,38.481631
2015-07-15,38.080002,38.619999,38.080002,38.330002,5212100,38.222363
2015-07-14,38.41,38.50,38.119999,38.200001,4073500,38.092727
2015-07-13,76.959999,77.290001,76.459999,76.949997,5120200,38.366952
2015-07-10,76.00,76.82,75.959999,76.339996,4920200,38.062809
2015-07-09,75.949997,76.25,75.510002,75.57,7666400,37.678892
2015-07-08,75.07,75.610001,74.550003,75.150002,7201400,37.469482
2015-07-07,73.900002,75.599998,73.50,75.389999,9252000,37.589144
2015-07-06,72.790001,73.809998,72.760002,73.57,5766600,36.6817
2015-07-02,73.43,73.699997,72.860001,73.110001,3868200,36.452346
2015-07-01,73.089996,73.470001,72.639999,73.230003,6849600,36.512179
2015-06-30,73.029999,73.309998,72.489998,72.510002,7073600,36.153189
2015-06-29,72.970001,73.559998,72.459999,72.669998,6720400,36.232963
2015-06-26,73.190002,73.970001,72.940002,73.110001,17716400,36.452346
2015-06-25,72.989998,74.32,72.459999,72.949997,10389000,36.372569
2015-06-24,73.540001,73.599998,72.879997,72.940002,6861400,36.367586
2015-06-23,74.32,74.349998,73.279999,73.449997,7117600,36.621867
2015-06-22,74.290001,74.599998,73.919998,74.290001,5238000,37.040689
2015-06-19,73.50,74.470001,73.360001,73.949997,8856200,36.871165
2015-06-18,74.769997,75.029999,72.970001,73.540001,17429000,36.666742
2015-06-17,72.599998,73.07,72.410004,72.910004,10727000,36.352628
2015-06-16,71.669998,72.529999,71.440002,72.349998,6143800,36.073412
2015-06-15,71.089996,72.150002,70.790001,71.739998,6076200,35.769268
2015-06-12,71.449997,71.959999,71.099998,71.650002,3816800,35.724397
2015-06-11,71.739998,72.410004,71.400002,71.779999,4870000,35.789213
2015-06-10,70.739998,71.389999,70.709999,71.290001,5462600,35.544902
2015-06-09,70.57,71.220001,70.239998,70.699997,5260000,35.250728
2015-06-08,71.190002,71.269997,70.650002,70.690002,4816600,35.245745
2015-06-05,72.050003,72.080002,70.940002,71.010002,6111600,35.405295
2015-06-04,72.419998,72.690002,71.790001,72.199997,4920200,35.998622
2015-06-03,72.370003,72.720001,71.790001,72.589996,4986200,36.193074
2015-06-02,72.690002,72.959999,72.059998,72.300003,4637800,36.048485
2015-06-01,73.190002,73.220001,72.639999,72.989998,5930600,36.392513
2015-05-29,74.099998,74.099998,72.800003,72.800003,6133400,36.297783
2015-05-28,73.989998,74.190002,73.830002,73.940002,8964800,36.866182
2015-05-27,74.019997,74.620003,73.800003,74.190002,6850000,36.990831
2015-05-26,74.330002,74.540001,73.970001,74.230003,5628000,37.010775
2015-05-22,74.150002,74.529999,73.75,74.419998,7810800,37.105505
2015-05-21,73.699997,74.370003,73.339996,74.050003,6274200,36.921027
2015-05-20,73.07,73.959999,72.800003,73.760002,6719000,36.776434
2015-05-19,73.260002,73.739998,72.790001,73.470001,5979600,36.631841
2015-05-18,72.830002,73.43,72.730003,73.089996,6387800,36.442372
2015-05-15,72.57,73.110001,72.459999,73.099998,7296800,36.447359
2015-05-14,71.709999,72.519997,71.019997,72.440002,8311400,36.118288
2015-05-13,71.449997,71.739998,71.080002,71.230003,7076200,35.514987
2015-05-12,71.639999,71.949997,71.199997,71.339996,7226200,35.477588
2015-05-11,71.900002,72.730003,71.709999,71.839996,9477000,35.72624
2015-05-08,71.029999,72.349998,71.00,71.790001,12132600,35.701377
2015-05-07,69.449997,70.660004,68.93,70.650002,11486000,35.134452
2015-05-06,68.839996,69.879997,68.489998,69.800003,11625000,34.711745
2015-05-05,69.559998,69.629997,68.099998,68.209999,8429000,33.921032
2015-05-04,70.07,70.580002,69.800003,70.010002,5367600,34.816178
2015-05-01,69.050003,70.529999,69.050003,70.129997,10484000,34.875852
2015-04-30,68.720001,69.669998,68.470001,68.910004,13400400,34.269146
2015-04-29,69.230003,69.349998,68.160004,68.790001,14043400,34.209468
2015-04-28,70.290001,70.730003,69.389999,69.419998,11792200,34.522768
2015-04-27,71.860001,72.199997,70.389999,70.550003,8193000,35.084722
2015-04-24,71.389999,71.889999,71.330002,71.699997,7126400,35.656618
2015-04-23,70.339996,71.220001,70.339996,70.93,9221800,35.273696
2015-04-22,71.93,72.050003,69.599998,70.389999,14504000,35.005152
2015-04-21,71.410004,72.199997,71.349998,71.830002,9568400,35.72127
2015-04-20,72.339996,72.489998,71.230003,71.279999,11356400,35.447752
