Date,Open,High,Low,Close,Volume,Adj Close
2015-10-09,68.610001,68.610001,67.809998,68.529999,416700,68.529999
2015-10-08,68.580002,68.599998,67.709999,68.419998,513000,68.419998
2015-10-07,68.080002,68.599998,67.790001,68.550003,490800,68.550003
2015-10-06,67.959999,68.389999,67.68,67.900002,390000,67.900002
2015-10-05,67.110001,68.190002,67.059998,68.160004,563400,68.160004
2015-10-02,65.489998,66.769997,65.050003,66.730003,362400,66.730003
2015-10-01,65.349998,65.720001,64.849998,65.620003,464300,65.620003
2015-09-30,65.550003,65.730003,64.639999,65.160004,613900,65.160004
2015-09-29,64.059998,65.349998,63.77,65.029999,561100,65.029999
2015-09-28,65.419998,65.419998,63.599998,63.919998,612100,63.919998
2015-09-25,66.160004,66.720001,65.669998,66.00,454300,65.65
2015-09-24,66.129997,66.589996,65.389999,65.839996,439700,65.490845
2015-09-23,66.080002,66.730003,65.75,66.300003,498700,65.948412
2015-09-22,66.639999,67.190002,65.82,65.860001,576900,65.510743
2015-09-21,67.080002,67.690002,66.809998,67.150002,740100,66.793903
2015-09-18,66.849998,67.900002,66.68,66.760002,1644000,66.405972
2015-09-17,67.169998,68.910004,66.760002,67.639999,571500,67.281303
2015-09-16,66.410004,67.269997,66.169998,67.150002,319400,66.793903
2015-09-15,65.910004,66.650002,65.199997,66.400002,492300,66.047881
2015-09-14,65.839996,65.870003,65.459999,65.75,542600,65.401326
2015-09-11,63.900002,66.050003,63.799999,65.580002,742400,65.232229
2015-09-10,63.509998,64.580002,63.439999,64.129997,839700,63.789914
2015-09-09,64.330002,65.169998,63.529999,63.759998,694500,63.421877
2015-09-08,64.029999,64.470001,63.48,64.18,628900,63.839652
2015-09-04,64.059998,64.160004,62.91,63.419998,349600,63.08368
2015-09-03,64.68,65.080002,64.260002,64.650002,305800,64.307161
2015-09-02,64.190002,64.639999,63.099998,64.220001,469700,63.879441
2015-09-01,63.639999,64.389999,62.91,63.41,418000,63.073735
2015-08-31,65.779999,66.00,64.779999,64.860001,618900,64.516046
2015-08-28,65.790001,66.290001,65.449997,65.989998,547100,65.640051
2015-08-27,65.75,66.459999,64.940002,65.970001,826200,65.620161
2015-08-26,64.809998,65.32,63.560001,65.199997,677500,64.85424
2015-08-25,68.050003,68.059998,63.599998,63.669998,727100,63.332355
2015-08-24,67.559998,69.059998,66.330002,66.400002,801500,66.047881
2015-08-21,71.809998,71.959999,70.040001,70.07,641800,69.698417
2015-08-20,72.949997,73.019997,72.190002,72.32,388300,71.936485
2015-08-19,72.809998,73.599998,72.459999,73.089996,315300,72.702398
2015-08-18,72.949997,73.620003,72.910004,73.449997,250100,73.06049
2015-08-17,72.57,73.32,71.889999,73.290001,380800,72.901342
2015-08-14,71.739998,72.599998,71.620003,72.57,295000,72.185159
2015-08-13,71.639999,72.580002,71.089996,72.239998,302300,71.856907
2015-08-12,71.709999,72.080002,71.040001,72.040001,354200,71.657971
2015-08-11,71.559998,72.480003,71.50,72.160004,413400,71.777337
2015-08-10,72.50,72.559998,71.57,71.809998,368800,71.429187
2015-08-07,71.690002,72.150002,71.040001,72.099998,295700,71.71765
2015-08-06,71.480003,71.870003,70.540001,71.800003,448500,71.419246
2015-08-05,71.330002,72.089996,71.099998,71.599998,1924400,71.220302
2015-08-04,71.269997,72.040001,70.769997,71.269997,337600,70.89205
2015-08-03,70.970001,71.519997,70.809998,71.440002,289600,71.061154
2015-07-31,70.660004,71.330002,70.410004,70.849998,721700,70.474279
2015-07-30,71.50,72.18,70.599998,70.629997,723300,70.255445
2015-07-29,70.199997,71.07,69.900002,70.839996,524900,70.46433
2015-07-28,70.199997,70.550003,69.629997,70.309998,953900,69.937142
2015-07-27,70.32,70.959999,69.940002,70.080002,292700,69.708366
2015-07-24,70.18,70.75,69.959999,70.370003,248300,69.996829
2015-07-23,71.330002,71.330002,69.82,70.260002,455600,69.887412
2015-07-22,70.589996,71.599998,70.589996,71.330002,483800,70.951737
2015-07-21,71.040001,71.470001,70.370003,70.760002,865500,70.38476
2015-07-20,70.330002,70.919998,69.879997,70.889999,467800,70.514068
2015-07-17,70.519997,70.68,70.029999,70.489998,416900,70.116188
2015-07-16,69.989998,70.550003,69.889999,70.540001,310200,70.165926
2015-07-15,69.559998,70.00,69.010002,69.830002,438000,69.459692
2015-07-14,69.669998,70.019997,69.230003,69.669998,281800,69.300536
2015-07-13,70.029999,70.510002,69.309998,69.660004,416200,69.290595
2015-07-10,68.879997,69.779999,68.760002,69.389999,376100,69.022022
2015-07-09,68.779999,69.110001,68.150002,68.349998,434900,67.987537
2015-07-08,68.599998,69.199997,68.080002,68.43,946900,68.067114
2015-07-07,68.00,68.82,68.00,68.639999,1635800,68.276
2015-07-06,67.199997,67.879997,66.989998,67.75,427700,67.39072
2015-07-02,68.059998,68.610001,66.959999,67.209999,766600,66.853583
2015-07-01,67.089996,67.75,66.860001,67.480003,941300,67.122155
2015-06-30,67.760002,67.959999,66.660004,67.150002,781900,66.793903
2015-06-29,68.75,69.510002,67.220001,67.269997,543900,66.913262
2015-06-26,68.389999,69.150002,67.830002,68.959999,670900,68.594302
2015-06-25,69.150002,69.529999,68.309998,68.610001,532400,67.898015
2015-06-24,69.849998,70.300003,69.150002,69.169998,663800,68.452201
2015-06-23,70.589996,71.150002,69.720001,69.830002,620100,69.105356
2015-06-22,71.559998,72.129997,70.589996,70.669998,790000,69.936635
2015-06-19,71.82,72.059998,71.110001,71.510002,1039100,70.767922
2015-06-18,71.089996,72.610001,70.660004,72.07,822400,71.322109
2015-06-17,69.970001,71.110001,69.139999,70.879997,2344600,70.144455
2015-06-16,68.940002,70.059998,68.720001,69.949997,536700,69.224106
2015-06-15,68.879997,69.540001,68.470001,68.989998,433300,68.274069
2015-06-12,69.120003,69.790001,68.709999,69.059998,600700,68.343342
2015-06-11,68.620003,69.330002,68.010002,69.300003,707600,68.580857
2015-06-10,67.790001,69.010002,67.339996,68.089996,358700,67.383407
2015-06-09,67.910004,68.389999,67.220001,67.620003,252300,66.918291
2015-06-08,68.199997,68.470001,67.550003,67.839996,305200,67.136001
2015-06-05,68.279999,68.529999,67.400002,68.080002,364000,67.373516
2015-06-04,68.360001,69.099998,68.139999,68.879997,376900,68.16521
2015-06-03,69.220001,69.879997,68.489998,68.589996,378800,67.878218
2015-06-02,69.709999,69.709999,68.879997,69.190002,318300,68.471998
2015-06-01,69.00,70.019997,68.809998,69.910004,496600,69.184527
2015-05-29,70.120003,70.440002,68.870003,69.07,760500,68.35324
2015-05-28,70.459999,70.970001,69.959999,70.120003,438800,69.392347
2015-05-27,69.589996,70.769997,69.489998,70.629997,282700,69.897049
2015-05-26,70.459999,70.730003,69.199997,69.510002,407800,68.788677
2015-05-22,70.269997,71.010002,69.690002,70.580002,261700,69.847573
2015-05-21,70.300003,70.480003,69.730003,70.300003,370100,69.57048
2015-05-20,70.779999,71.389999,70.290001,70.379997,368700,69.649644
2015-05-19,70.779999,71.07,70.480003,70.650002,301000,69.916846
2015-05-18,70.660004,71.110001,70.279999,71.010002,299400,70.273111
2015-05-15,70.730003,71.400002,70.440002,70.989998,227800,70.253314
2015-05-14,69.190002,70.519997,68.889999,70.489998,285900,69.758503
2015-05-13,69.949997,70.480003,68.639999,68.809998,277200,68.095936
2015-05-12,68.68,69.690002,67.75,69.529999,453200,68.808466
2015-05-11,70.010002,70.529999,68.660004,68.980003,513700,68.264178
2015-05-08,70.419998,71.480003,70.220001,70.32,326800,69.590269
2015-05-07,69.010002,69.82,68.720001,69.559998,700200,68.838153
2015-05-06,69.230003,69.75,68.400002,68.720001,687100,68.006874
2015-05-05,70.870003,71.260002,68.809998,69.230003,487200,68.511584
2015-05-04,70.889999,71.699997,70.660004,71.18,363400,70.441345
2015-05-01,71.43,71.82,70.690002,70.779999,652500,70.045494
2015-04-30,72.150002,72.639999,70.599998,70.989998,473400,70.253314
2015-04-29,72.68,73.07,71.669998,72.290001,490700,71.539827
2015-04-28,73.940002,74.029999,73.129997,73.43,246900,72.667996
2015-04-27,74.209999,74.900002,73.879997,74.169998,344200,73.400315
2015-04-24,73.93,74.610001,73.470001,74.18,281000,73.410213
2015-04-23,74.019997,74.379997,73.620003,73.790001,374800,73.024261
2015-04-22,74.019997,74.50,73.610001,74.00,255700,73.232081
2015-04-21,73.760002,74.010002,73.220001,74.010002,304000,73.241979
2015-04-20,73.209999,73.660004,72.900002,73.309998,243100,72.549239
2015-04-17,73.220001,73.480003,72.25,73.099998,263700,72.341419
2015-04-16,73.029999,73.849998,72.879997,73.470001,315100,72.707582
2015-04-15,74.379997,74.779999,73.300003,73.330002,302100,72.569035
2015-04-14,74.599998,75.290001,74.099998,74.209999,366200,73.439901
2015-04-13,74.790001,75.209999,74.239998,74.25,365500,73.479486
