Date,Open,High,Low,Close,Volume,Adj Close
2015-10-09,46.599998,47.380001,46.43,47.27,3781100,47.27
2015-10-08,46.18,47.00,46.040001,46.650002,2865000,46.650002
2015-10-07,46.619999,47.139999,45.73,46.150002,2158100,46.150002
2015-10-06,46.419998,46.630001,45.650002,46.490002,3636500,46.490002
2015-10-05,45.790001,47.080002,45.700001,46.830002,3275900,46.830002
2015-10-02,44.689999,45.400002,44.040001,45.400002,4246800,45.400002
2015-10-01,47.18,47.52,44.759998,45.060001,4678000,45.060001
2015-09-30,46.52,46.810001,46.09,46.310001,3070200,46.310001
2015-09-29,46.299999,47.529999,45.619999,46.27,5357800,46.27
2015-09-28,47.580002,47.93,46.09,46.110001,2830700,46.110001
2015-09-25,48.330002,48.34,47.560001,47.700001,2945300,47.700001
2015-09-24,48.169998,48.32,47.619999,47.84,2597600,47.84
2015-09-23,49.080002,49.23,48.110001,48.52,2148500,48.52
2015-09-22,48.91,49.049999,48.32,48.900002,1790000,48.900002
2015-09-21,49.669998,50.110001,49.080002,49.189999,3369100,49.189999
2015-09-18,50.130001,50.57,49.009998,49.209999,6356100,49.209999
2015-09-17,51.790001,52.220001,50.560001,50.669998,3196600,50.669998
2015-09-16,50.389999,51.950001,50.369999,51.849998,3416100,51.849998
2015-09-15,51.00,51.00,50.389999,50.470001,2609600,50.470001
2015-09-14,50.669998,51.119999,50.549999,50.740002,2057000,50.740002
2015-09-11,50.34,50.759998,50.029999,50.740002,2120300,50.740002
2015-09-10,50.490002,51.259998,50.360001,50.84,1698700,50.84
2015-09-09,51.84,52.330002,50.759998,50.860001,2227400,50.860001
2015-09-08,51.110001,51.700001,50.73,51.66,2051000,51.66
2015-09-04,50.93,51.52,50.23,50.470001,2527300,50.470001
2015-09-03,51.099998,52.73,51.060001,51.540001,4513000,51.090002
2015-09-02,50.709999,50.990002,50.00,50.889999,2932600,50.445675
2015-09-01,49.810001,51.32,49.810001,50.52,3185300,50.078907
2015-08-31,51.459999,51.91,50.77,51.029999,2713100,50.584452
2015-08-28,51.380001,52.07,51.18,51.720001,2671500,51.26843
2015-08-27,51.18,51.900002,50.439999,51.34,3155300,50.891747
2015-08-26,50.18,50.900002,49.09,50.860001,2779300,50.415939
2015-08-25,51.34,51.400002,49.16,49.18,8454800,48.750606
2015-08-24,49.34,51.889999,49.27,50.43,6720300,49.989693
2015-08-21,53.23,53.790001,52.110001,52.299999,4478800,51.843364
2015-08-20,54.209999,54.41,53.549999,53.689999,5533400,53.221228
2015-08-19,55.25,55.560001,54.400002,54.740002,3448600,54.262063
2015-08-18,55.790001,55.900002,55.209999,55.450001,2688500,54.965863
2015-08-17,55.139999,55.799999,54.75,55.66,3121500,55.174029
2015-08-14,55.610001,55.950001,55.099998,55.540001,6049200,55.055077
2015-08-13,56.93,57.66,54.52,56.110001,16453600,55.6201
2015-08-12,60.200001,64.18,59.07,61.50,5861900,60.963039
2015-08-11,61.27,61.59,60.790001,61.41,1907700,60.873825
2015-08-10,60.299999,61.73,60.299999,61.599998,2345100,61.062165
2015-08-07,60.080002,60.77,59.139999,60.02,2252900,59.495962
2015-08-06,60.740002,60.990002,59.549999,60.349998,4066900,59.823079
2015-08-05,61.389999,62.02,60.740002,61.16,2382900,60.626008
2015-08-04,61.110001,61.459999,60.849998,61.18,1414400,60.645834
2015-08-03,61.330002,61.470001,60.66,60.849998,1380300,60.318713
2015-07-31,61.639999,62.00,61.119999,61.32,1457500,60.784611
2015-07-30,61.150002,61.709999,61.049999,61.52,1768100,60.982865
2015-07-29,61.50,61.599998,60.560001,61.169998,3329100,60.635919
2015-07-28,61.91,61.970001,61.200001,61.41,1609900,60.873825
2015-07-27,61.43,62.41,61.349998,61.779999,1685100,61.240593
2015-07-24,62.009998,62.119999,61.599998,61.880001,1740200,61.339723
2015-07-23,62.740002,62.790001,61.77,61.869999,2169600,61.329808
2015-07-22,62.119999,62.970001,62.119999,62.869999,1510800,62.321077
2015-07-21,62.52,62.689999,61.990002,62.060001,2460200,61.518151
2015-07-20,62.50,62.830002,62.259998,62.59,1995200,62.043523
2015-07-17,63.529999,63.73,62.25,62.259998,3069600,61.716402
2015-07-16,64.169998,64.260002,63.650002,63.73,2263800,63.173569
2015-07-15,64.849998,64.849998,63.580002,64.00,2303300,63.441212
2015-07-14,63.889999,64.93,63.700001,64.769997,2574400,64.204485
2015-07-13,64.349998,64.440002,63.73,64.07,1728400,63.5106
2015-07-10,63.709999,64.25,63.50,63.950001,1937100,63.391649
2015-07-09,65.199997,65.199997,62.139999,62.68,4427500,62.132737
2015-07-08,64.449997,65.199997,64.25,64.589996,2726000,64.026057
2015-07-07,63.150002,65.050003,62.959999,64.959999,3041200,64.392829
2015-07-06,62.50,63.16,62.459999,62.830002,2348200,62.281429
2015-07-02,63.110001,63.950001,62.959999,63.130001,1894800,62.578809
2015-07-01,62.93,63.220001,62.00,62.82,2412000,62.271514
2015-06-30,62.990002,63.009998,62.43,62.610001,1652400,62.063348
2015-06-29,63.189999,63.450001,62.41,62.529999,2281100,61.984045
2015-06-26,63.400002,63.849998,63.130001,63.369999,1957400,62.816711
2015-06-25,64.160004,64.50,63.34,63.360001,1420400,62.8068
2015-06-24,64.029999,64.559998,63.630001,63.990002,1690100,63.431301
2015-06-23,63.779999,64.589996,63.759998,63.900002,2112500,63.342086
2015-06-22,64.129997,64.470001,63.599998,63.650002,1649400,63.094269
2015-06-19,62.98,64.150002,62.98,63.810001,3551900,63.252872
2015-06-18,62.720001,63.349998,62.720001,63.200001,1301500,62.648197
2015-06-17,62.450001,63.189999,62.299999,62.759998,2701500,62.212037
2015-06-16,62.599998,62.970001,62.009998,62.080002,2282000,61.537977
2015-06-15,62.25,62.990002,62.189999,62.599998,2225700,62.053434
2015-06-12,62.09,62.869999,62.09,62.669998,1854800,62.122822
2015-06-11,62.900002,63.099998,62.32,62.41,1581800,61.865094
2015-06-10,62.50,62.619999,61.700001,62.459999,2559500,61.914657
2015-06-09,62.880001,63.040001,61.950001,62.049999,2320600,61.508237
2015-06-08,63.200001,63.310001,62.619999,62.709999,2402200,62.162474
2015-06-05,64.830002,64.959999,63.310001,63.419998,3991800,62.4202
2015-06-04,64.510002,65.540001,64.349998,64.839996,1938700,63.817812
2015-06-03,65.879997,66.18,65.300003,65.339996,2147500,64.30993
2015-06-02,65.029999,65.870003,64.800003,65.730003,3066500,64.693789
2015-06-01,65.489998,65.940002,64.629997,64.669998,2906400,63.650494
2015-05-29,65.239998,65.769997,64.919998,65.489998,2966300,64.457567
2015-05-28,65.610001,66.330002,65.269997,65.379997,3063100,64.3493
2015-05-27,65.400002,66.029999,65.199997,65.389999,3026600,64.359145
2015-05-26,66.099998,66.50,64.949997,65.110001,2759700,64.08356
2015-05-22,66.059998,66.800003,65.980003,66.099998,2877300,65.057951
2015-05-21,65.610001,66.599998,65.510002,65.910004,3428100,64.870951
2015-05-20,66.559998,66.860001,65.790001,65.839996,3764900,64.802048
2015-05-19,66.32,66.519997,65.709999,66.50,4414300,65.451647
2015-05-18,66.230003,66.800003,65.599998,66.07,5796300,65.028425
2015-05-15,64.709999,66.25,64.169998,66.129997,8833200,65.087477
2015-05-14,67.089996,68.080002,64.25,64.620003,25648400,63.601287
2015-05-13,73.910004,74.68,73.190002,74.510002,4728000,73.335373
2015-05-12,74.129997,74.800003,73.800003,74.300003,2865000,73.128685
2015-05-11,75.00,75.239998,74.019997,74.300003,3353200,73.128685
2015-05-08,74.00,74.889999,73.68,74.279999,3115600,73.108996
2015-05-07,73.089996,73.709999,72.309998,73.360001,2284800,72.203501
2015-05-06,72.120003,73.029999,71.629997,72.959999,2866300,71.809806
2015-05-05,72.779999,73.260002,71.410004,71.550003,2632300,70.422038
2015-05-04,73.120003,73.599998,72.779999,73.129997,1862000,71.977124
2015-05-01,71.589996,73.25,71.260002,73.089996,2272300,71.937754
2015-04-30,71.019997,72.169998,70.900002,71.650002,3889200,70.52046
2015-04-29,72.730003,73.099998,71.099998,71.099998,3668300,69.979127
2015-04-28,72.699997,73.480003,71.940002,73.25,3137200,72.095235
2015-04-27,75.120003,75.489998,72.809998,72.910004,3310400,71.760598
2015-04-24,76.279999,76.550003,73.889999,74.589996,4806300,73.414106
2015-04-23,75.769997,77.389999,75.459999,76.779999,2335300,75.569584
2015-04-22,75.339996,76.360001,74.669998,75.910004,2381800,74.713304
2015-04-21,75.370003,75.559998,74.400002,74.949997,1741300,73.768432
2015-04-20,75.370003,75.599998,74.68,75.330002,2260500,74.142446
2015-04-17,75.629997,76.290001,74.260002,74.470001,2994800,73.296003
2015-04-16,76.169998,76.809998,75.510002,76.309998,1864700,75.106992
2015-04-15,76.870003,77.440002,76.160004,76.199997,2263900,74.998726
2015-04-14,77.489998,77.699997,76.419998,76.580002,1998800,75.37274
2015-04-13,78.220001,78.940002,77.730003,77.730003,1509900,76.504612
