Date,Open,High,Low,Close,Volume,Adj Close
2015-10-15,95.879997,96.230003,94.849998,96.040001,1029800,96.040001
2015-10-14,96.349998,96.769997,94.989998,95.410004,737800,95.410004
2015-10-13,96.699997,97.260002,96.290001,96.540001,892700,96.540001
2015-10-12,96.25,97.099998,96.07,96.830002,1683200,96.830002
2015-10-09,96.50,96.510002,95.559998,96.339996,1452900,96.339996
2015-10-08,95.959999,97.489998,95.309998,96.529999,2803500,96.529999
2015-10-07,92.419998,95.239998,92.419998,94.699997,2038900,94.699997
2015-10-06,93.809998,94.349998,92.089996,93.389999,1093000,93.389999
2015-10-05,93.269997,93.980003,92.959999,93.870003,1829500,93.870003
2015-10-02,90.389999,93.059998,89.900002,93.059998,1570100,93.059998
2015-10-01,90.099998,91.389999,89.639999,91.309998,1915800,91.309998
2015-09-30,90.440002,91.160004,89.82,90.129997,1763300,90.129997
2015-09-29,89.75,89.849998,88.480003,89.389999,1048300,89.389999
2015-09-28,91.290001,91.970001,88.93,89.419998,1234300,89.419998
2015-09-25,92.230003,93.110001,91.169998,91.800003,985900,91.800003
2015-09-24,91.230003,92.059998,91.080002,91.839996,939600,91.839996
2015-09-23,92.040001,92.68,91.529999,91.959999,914700,91.959999
2015-09-22,91.360001,92.050003,90.690002,91.779999,1330400,91.779999
2015-09-21,92.720001,93.18,91.669998,92.209999,1343200,92.209999
2015-09-18,90.839996,92.400002,90.370003,91.93,4361800,91.93
2015-09-17,93.150002,93.349998,91.730003,92.089996,1778400,92.089996
2015-09-16,91.760002,92.809998,91.07,92.699997,1389900,92.699997
2015-09-15,92.019997,92.309998,91.18,91.769997,1553400,91.769997
2015-09-14,92.550003,93.290001,91.82,92.150002,1478600,92.150002
2015-09-11,90.970001,92.43,90.400002,92.32,1557400,92.32
2015-09-10,90.760002,92.220001,90.709999,91.589996,2653800,91.589996
2015-09-09,92.970001,93.410004,90.519997,90.639999,2412500,90.639999
2015-09-08,91.760002,92.790001,90.400002,92.720001,3079300,92.720001
2015-09-04,88.550003,90.860001,88.00,90.379997,3230200,90.379997
2015-09-03,87.110001,90.769997,87.110001,89.279999,3980200,89.279999
2015-09-02,84.68,86.010002,83.32,85.730003,3393900,85.730003
2015-09-01,82.080002,84.260002,81.93,83.849998,2923400,83.849998
2015-08-31,83.510002,84.349998,83.089996,83.900002,2588500,83.900002
2015-08-28,82.760002,84.18,82.690002,83.639999,1988400,83.639999
2015-08-27,81.980003,82.949997,81.099998,82.809998,2023900,82.809998
2015-08-26,79.82,81.529999,78.419998,81.360001,2456200,81.360001
2015-08-25,80.160004,80.32,77.830002,77.870003,2890100,77.870003
2015-08-24,76.629997,80.040001,75.110001,78.07,3309100,78.07
2015-08-21,83.029999,83.32,79.959999,80.290001,4021200,80.290001
2015-08-20,79.519997,84.300003,79.50,83.940002,3783400,83.940002
2015-08-19,80.449997,81.690002,80.300003,81.18,1937600,81.18
2015-08-18,81.50,81.959999,81.019997,81.349998,1272000,80.850001
2015-08-17,80.900002,81.620003,80.129997,81.510002,1074100,81.009021
2015-08-14,80.800003,81.300003,80.510002,80.989998,1443800,80.492213
2015-08-13,81.129997,81.43,80.559998,80.699997,1208900,80.203994
2015-08-12,80.660004,81.519997,78.449997,81.099998,3107300,80.601537
2015-08-11,82.620003,83.410004,82.00,82.489998,1279000,81.982994
2015-08-10,82.330002,83.650002,82.019997,83.389999,1323900,82.877463
2015-08-07,81.720001,82.029999,80.599998,81.660004,1538100,81.158101
2015-08-06,84.459999,84.959999,80.690002,81.800003,3059900,81.29724
2015-08-05,83.529999,84.849998,83.529999,84.489998,2092500,83.970701
2015-08-04,82.129997,83.290001,81.959999,83.199997,1626700,82.688629
2015-08-03,80.82,82.269997,80.699997,82.190002,2509000,81.684842
2015-07-31,81.910004,82.199997,80.660004,80.720001,1619600,80.223876
2015-07-30,82.620003,82.949997,81.269997,81.339996,1499700,80.84006
2015-07-29,81.269997,83.080002,81.169998,82.739998,1463500,82.231457
2015-07-28,81.129997,81.599998,80.419998,81.389999,1849200,80.889756
2015-07-27,82.510002,82.970001,80.860001,81.050003,2232300,80.551849
2015-07-24,83.959999,84.059998,82.919998,82.959999,2452800,82.450106
2015-07-23,84.199997,84.419998,83.440002,83.620003,1238800,83.106053
2015-07-22,83.720001,84.620003,83.279999,83.870003,1386500,83.354517
2015-07-21,83.580002,83.910004,83.330002,83.739998,1343700,83.225311
2015-07-20,83.18,83.839996,82.959999,83.610001,1166500,83.096112
2015-07-17,84.019997,84.300003,82.870003,83.18,1831600,82.668755
2015-07-16,84.540001,84.779999,84.00,84.50,1111500,83.980642
2015-07-15,84.110001,84.690002,83.699997,84.120003,1516900,83.60298
2015-07-14,84.980003,85.260002,83.970001,84.00,2092200,83.483715
2015-07-13,85.18,85.50,84.769997,84.980003,1597800,84.457695
2015-07-10,84.419998,85.25,84.220001,84.440002,1879900,83.921013
2015-07-09,86.510002,86.699997,83.620003,83.919998,3768700,83.404205
2015-07-08,86.580002,87.419998,85.989998,85.989998,1980400,85.461482
2015-07-07,86.330002,87.18,85.050003,87.00,1974700,86.465276
2015-07-06,85.610001,87.32,85.480003,86.129997,1794900,85.600621
2015-07-02,85.889999,86.610001,85.610001,86.360001,2126400,85.82921
2015-07-01,86.339996,86.50,85.489998,86.139999,1543400,85.610561
2015-06-30,85.919998,86.349998,85.349998,85.730003,1690000,85.203085
2015-06-29,87.120003,87.580002,84.940002,85.080002,1315900,84.557079
2015-06-26,87.550003,88.43,87.540001,88.059998,3080300,87.518759
2015-06-25,87.739998,88.25,87.059998,87.07,1005100,86.534846
2015-06-24,87.480003,87.879997,86.629997,86.730003,982200,86.196939
2015-06-23,87.089996,87.870003,86.989998,87.580002,1782600,87.041713
2015-06-22,86.190002,87.349998,86.169998,86.870003,2021600,86.336078
2015-06-19,86.029999,86.419998,85.440002,85.629997,4845200,85.103694
2015-06-18,84.93,86.709999,84.809998,86.080002,1394600,85.550932
2015-06-17,84.529999,85.199997,84.290001,84.769997,1318800,84.248979
2015-06-16,84.309998,84.760002,83.870003,84.50,1174800,83.980642
2015-06-15,84.029999,84.50,83.50,84.239998,1300100,83.722238
2015-06-12,84.309998,85.010002,83.910004,84.68,1466000,84.159536
2015-06-11,84.980003,85.57,84.57,84.690002,1109600,84.169476
2015-06-10,83.959999,84.949997,83.830002,84.739998,1744800,84.219164
2015-06-09,84.010002,84.589996,83.419998,83.93,1521900,83.414145
2015-06-08,85.389999,85.419998,84.00,84.110001,1888600,83.593039
2015-06-05,86.949997,87.059998,85.440002,85.459999,1659100,84.93474
2015-06-04,86.169998,88.260002,86.169998,87.169998,2007500,86.634229
2015-06-03,85.790001,86.790001,85.279999,86.160004,1504800,85.630443
2015-06-02,86.370003,86.889999,85.860001,86.190002,1172800,85.163329
2015-06-01,86.589996,86.82,85.980003,86.410004,1304700,85.380709
2015-05-29,87.059998,87.580002,86.459999,86.519997,1303700,85.489392
2015-05-28,87.459999,87.879997,87.019997,87.43,1235500,86.388556
2015-05-27,86.040001,87.769997,86.040001,87.279999,1511100,86.240341
2015-05-26,88.50,88.699997,85.769997,85.849998,2135200,84.827375
2015-05-22,88.339996,88.82,86.709999,87.459999,1439800,86.418197
2015-05-21,87.989998,89.949997,87.50,88.459999,1650800,87.406286
2015-05-20,88.660004,89.220001,87.779999,88.699997,2189600,87.643425
2015-05-19,89.050003,89.489998,87.889999,88.120003,1449200,87.070339
2015-05-18,88.32,89.150002,88.110001,88.900002,1046500,87.841047
2015-05-15,87.889999,88.440002,87.57,88.230003,1025500,87.17903
2015-05-14,87.730003,88.230003,86.559998,87.639999,1469400,86.596054
2015-05-13,88.040001,88.580002,86.660004,87.010002,2216900,85.973561
2015-05-12,89.050003,89.089996,87.620003,88.010002,3081500,86.961649
2015-05-11,90.199997,90.32,89.239998,89.360001,1488600,88.295567
2015-05-08,89.75,91.080002,89.629997,90.269997,1578400,89.194723
2015-05-07,89.989998,91.00,88.699997,88.970001,2210500,87.910213
2015-05-06,90.279999,90.879997,89.650002,90.830002,1585800,89.748058
2015-05-05,90.00,90.529999,89.410004,89.860001,1775100,88.789611
2015-05-04,91.620003,92.129997,90.339996,90.57,1115300,89.491153
2015-05-01,89.800003,91.709999,89.699997,91.669998,1328200,90.578048
2015-04-30,88.839996,90.589996,88.480003,89.360001,2151100,88.295567
2015-04-29,89.970001,90.349998,88.599998,89.00,1555800,87.939854
2015-04-28,90.400002,90.639999,89.349998,90.059998,1377900,88.987225
2015-04-27,91.529999,91.720001,90.279999,90.339996,1215500,89.263889
2015-04-24,91.790001,91.860001,91.129997,91.199997,971300,90.113645
2015-04-23,90.849998,92.040001,90.709999,91.650002,712500,90.55829
2015-04-22,92.190002,92.230003,90.639999,91.129997,989200,90.04448
2015-04-21,91.580002,92.559998,91.400002,92.230003,971500,91.131383
2015-04-20,90.040001,91.220001,89.639999,90.879997,1545700,89.797457
