Date,Open,High,Low,Close,Volume,Adj Close
2015-10-16,55.32,55.419998,53.93,54.41,821200,54.41
2015-10-15,56.110001,56.860001,54.580002,55.41,618000,55.41
2015-10-14,57.02,57.189999,55.990002,56.130001,656800,56.130001
2015-10-13,58.189999,58.810001,56.68,57.509998,406200,57.509998
2015-10-12,59.720001,59.720001,58.59,58.639999,405000,58.639999
2015-10-09,59.209999,59.549999,58.459999,59.459999,498300,59.459999
2015-10-08,56.830002,59.669998,56.509998,59.169998,571700,59.169998
2015-10-07,57.380001,58.509998,56.889999,57.580002,492300,57.580002
2015-10-06,56.889999,57.639999,54.830002,57.119999,378900,57.119999
2015-10-05,54.310001,56.98,54.130001,56.759998,608800,56.759998
2015-10-02,51.110001,53.93,50.950001,53.91,475900,53.91
2015-10-01,52.52,53.009998,50.950001,51.869999,833900,51.869999
2015-09-30,52.830002,53.240002,52.240002,52.43,545500,52.43
2015-09-29,52.09,52.849998,52.00,52.419998,421300,52.419998
2015-09-28,52.860001,52.889999,52.049999,52.09,344700,52.09
2015-09-25,53.689999,54.029999,53.18,53.400002,388600,53.110002
2015-09-24,53.68,54.119999,53.02,53.689999,471700,53.398424
2015-09-23,55.57,55.650002,54.150002,54.259998,322600,53.965329
2015-09-22,55.619999,56.009998,55.060001,55.310001,337000,55.009629
2015-09-21,56.43,57.040001,56.040001,56.419998,416400,56.113598
2015-09-18,56.650002,57.09,55.759998,56.119999,2270700,55.815228
2015-09-17,58.419998,58.509998,57.220001,57.650002,1159800,57.336922
2015-09-16,58.07,58.849998,57.990002,58.689999,399600,58.371271
2015-09-15,57.740002,58.029999,57.259998,57.91,550000,57.595508
2015-09-14,58.299999,58.299999,56.990002,57.41,927200,57.098223
2015-09-11,57.919998,58.389999,57.400002,58.380001,255400,58.062957
2015-09-10,58.330002,58.950001,57.360001,58.16,354700,57.84415
2015-09-09,58.91,59.25,58.16,58.240002,289400,57.923718
2015-09-08,58.16,58.849998,57.060001,58.66,314500,58.341435
2015-09-04,57.34,57.610001,57.119999,57.130001,463800,56.819745
2015-09-03,57.169998,58.220001,57.049999,57.950001,482600,57.635292
2015-09-02,57.369999,57.650002,56.310001,57.169998,449700,56.859525
2015-09-01,57.310001,58.459999,56.860001,56.900002,617100,56.590995
2015-08-31,58.189999,59.220001,57.919998,58.650002,469500,58.331491
2015-08-28,58.259998,58.939999,58.119999,58.43,343000,58.112685
2015-08-27,57.240002,58.549999,56.540001,58.41,600900,58.092793
2015-08-26,55.77,56.48,54.959999,56.400002,514400,56.09371
2015-08-25,57.139999,57.139999,54.66,54.700001,469500,54.402942
2015-08-24,54.009998,56.599998,51.740002,55.139999,1030000,54.840551
2015-08-21,57.580002,59.580002,56.59,56.59,399300,56.282677
2015-08-20,59.689999,60.369999,58.209999,58.240002,374000,57.923718
2015-08-19,61.41,61.41,59.959999,60.209999,348200,59.883017
2015-08-18,62.209999,62.25,60.970001,61.259998,485000,60.927314
2015-08-17,61.68,62.549999,61.360001,62.34,337100,62.00145
2015-08-14,61.380001,62.189999,61.380001,62.049999,327900,61.713024
2015-08-13,61.919998,61.919998,61.07,61.529999,370900,61.195848
2015-08-12,61.439999,62.040001,61.189999,61.849998,336300,61.51411
2015-08-11,62.099998,62.259998,61.84,61.880001,447100,61.543949
2015-08-10,62.16,62.939999,61.50,62.779999,415200,62.43906
2015-08-07,60.700001,61.59,60.700001,61.59,376000,61.255523
2015-08-06,61.490002,61.790001,60.689999,61.029999,445200,60.698563
2015-08-05,60.540001,61.639999,60.540001,61.50,618000,61.166012
2015-08-04,60.450001,61.060001,59.98,60.360001,341800,60.032204
2015-08-03,60.389999,60.630001,59.52,60.060001,277200,59.733834
2015-07-31,60.98,61.130001,60.439999,60.549999,313500,60.22117
2015-07-30,59.459999,60.970001,59.41,60.82,475000,60.489705
2015-07-29,58.91,59.990002,58.689999,59.779999,353000,59.455352
2015-07-28,58.779999,59.50,57.900002,59.240002,632400,58.918287
2015-07-27,56.84,59.310001,56.099998,58.869999,857700,58.550294
2015-07-24,58.799999,58.849998,57.68,57.720001,306100,57.406541
2015-07-23,58.799999,59.25,58.529999,58.799999,630000,58.480674
2015-07-22,58.77,59.119999,58.360001,58.799999,344500,58.480674
2015-07-21,59.290001,59.549999,58.779999,58.91,241000,58.590077
2015-07-20,59.240002,59.779999,59.130001,59.27,334900,58.948123
2015-07-17,59.759998,59.830002,58.950001,59.029999,655000,58.709425
2015-07-16,60.18,60.580002,59.580002,59.599998,324200,59.276329
2015-07-15,60.50,60.59,59.50,59.59,313500,59.266385
2015-07-14,60.419998,60.610001,60.299999,60.450001,368600,60.121715
2015-07-13,60.700001,60.810001,60.43,60.490002,454900,60.161499
2015-07-10,60.630001,60.630001,59.98,60.169998,412200,59.843233
2015-07-09,60.759998,61.060001,59.849998,59.849998,421800,59.524971
2015-07-08,61.02,61.290001,59.889999,60.009998,484700,59.684102
2015-07-07,60.580002,61.470001,60.259998,61.369999,545300,61.036717
2015-07-06,60.00,61.110001,59.869999,60.470001,419300,60.141607
2015-07-02,61.209999,61.439999,60.470001,60.68,297500,60.350466
2015-07-01,61.240002,61.73,60.68,60.91,372400,60.579216
2015-06-30,61.759998,61.82,60.849998,60.889999,507300,60.559324
2015-06-29,62.029999,62.380001,60.900002,60.93,529600,60.599108
2015-06-26,62.419998,62.740002,62.060001,62.470001,1364500,62.130745
2015-06-25,63.400002,63.580002,62.23,62.459999,409700,61.832373
2015-06-24,63.799999,64.010002,63.50,63.59,381000,62.951019
2015-06-23,63.779999,64.150002,63.68,63.869999,679300,63.228205
2015-06-22,63.720001,63.900002,63.34,63.860001,412400,63.218307
2015-06-19,63.540001,63.779999,63.00,63.279999,777500,62.644133
2015-06-18,63.259998,63.810001,62.950001,63.41,411400,62.772828
2015-06-17,62.529999,63.700001,62.48,63.34,676400,62.703531
2015-06-16,64.00,67.50,62.200001,62.48,1253700,61.852172
2015-06-15,65.480003,65.540001,64.089996,64.300003,927800,63.653888
2015-06-12,66.839996,66.889999,66.029999,66.080002,483500,65.416
2015-06-11,67.739998,67.739998,66.519997,67.209999,318600,66.534643
2015-06-10,66.959999,67.589996,66.449997,67.440002,213900,66.762335
2015-06-09,67.07,67.419998,66.599998,66.800003,137500,66.128767
2015-06-08,67.290001,67.690002,66.669998,66.900002,271000,66.22776
2015-06-05,66.730003,67.459999,66.080002,67.419998,288100,66.742532
2015-06-04,67.720001,68.379997,66.599998,66.660004,365600,65.990174
2015-06-03,67.870003,68.389999,67.360001,67.949997,243500,67.267205
2015-06-02,67.309998,67.919998,67.00,67.419998,313200,66.742532
2015-06-01,67.660004,67.839996,66.900002,67.550003,449600,66.87123
2015-05-29,68.309998,68.699997,67.080002,67.209999,478700,66.534643
2015-05-28,69.660004,69.970001,68.269997,68.489998,463100,67.80178
2015-05-27,69.129997,70.00,68.57,69.830002,446400,69.128319
2015-05-26,69.309998,69.330002,68.580002,68.800003,408700,68.10867
2015-05-22,69.220001,69.620003,68.959999,69.330002,268100,68.633343
2015-05-21,69.129997,69.519997,68.830002,69.370003,473600,68.672942
2015-05-20,69.25,69.300003,68.480003,69.059998,329800,68.366052
2015-05-19,69.269997,69.459999,68.389999,69.300003,281000,68.603646
2015-05-18,69.360001,69.540001,68.879997,69.440002,242100,68.742238
2015-05-15,70.949997,70.949997,68.93,69.279999,421600,68.583842
2015-05-14,69.690002,71.150002,69.690002,71.110001,656200,70.395455
2015-05-13,68.580002,69.440002,68.089996,69.43,578900,68.732336
2015-05-12,67.160004,68.150002,66.720001,68.07,448300,67.386002
2015-05-11,66.610001,67.440002,66.25,67.370003,593200,66.693039
2015-05-08,67.029999,67.209999,66.50,66.599998,240200,65.930772
2015-05-07,66.660004,67.169998,65.82,66.360001,421800,65.693186
2015-05-06,66.470001,66.669998,65.75,66.660004,543700,65.990174
2015-05-05,66.709999,67.669998,66.059998,66.199997,365800,65.53479
2015-05-04,66.610001,67.510002,66.419998,67.010002,555400,66.336656
2015-05-01,67.279999,67.760002,66.50,66.709999,512700,66.039667
2015-04-30,68.309998,68.68,66.800003,66.860001,617000,66.188161
2015-04-29,66.970001,68.739998,66.760002,68.610001,615100,67.920577
2015-04-28,67.209999,67.470001,66.779999,67.349998,262200,66.673235
2015-04-27,66.910004,67.480003,66.82,67.379997,333500,66.702933
2015-04-24,67.860001,67.889999,66.949997,67.029999,305900,66.356451
2015-04-23,66.419998,67.910004,66.349998,67.650002,444100,66.970224
2015-04-22,66.239998,66.620003,65.660004,66.330002,395400,65.663488
2015-04-21,67.459999,67.529999,65.050003,66.470001,984300,65.802081
2015-04-20,64.989998,65.800003,64.730003,65.18,463500,64.525042
