Date,Open,High,Low,Close,Volume,Adj Close
2015-10-15,111.650002,115.589996,111.339996,115.379997,2188900,115.379997
2015-10-14,111.370003,112.18,110.199997,111.550003,1414100,111.550003
2015-10-13,112.489998,112.540001,110.839996,111.099998,725900,111.099998
2015-10-12,112.300003,112.82,109.959999,112.599998,1325300,112.599998
2015-10-09,111.769997,113.400002,111.349998,112.349998,621100,112.349998
2015-10-08,111.43,112.190002,110.169998,111.709999,894400,111.709999
2015-10-07,110.459999,112.019997,109.580002,111.669998,761500,111.669998
2015-10-06,113.379997,113.57,109.360001,110.290001,773100,110.290001
2015-10-05,113.199997,113.690002,112.139999,113.43,833600,113.43
2015-10-02,108.989998,112.400002,108.709999,112.290001,1040200,112.290001
2015-10-01,108.290001,110.68,107.300003,110.18,1476700,110.18
2015-09-30,108.209999,108.93,107.400002,108.470001,1126800,108.470001
2015-09-29,108.269997,109.949997,105.769997,106.860001,1894100,106.860001
2015-09-28,111.730003,111.730003,106.790001,108.269997,2184700,108.269997
2015-09-25,115.82,115.980003,112.169998,112.989998,1401100,112.989998
2015-09-24,116.050003,116.260002,114.580002,115.309998,1380100,115.309998
2015-09-23,117.389999,117.93,116.419998,116.800003,839500,116.800003
2015-09-22,117.949997,117.980003,116.769997,117.519997,1048700,117.519997
2015-09-21,120.00,120.889999,118.029999,118.839996,1478800,118.839996
2015-09-18,119.129997,120.330002,119.00,119.400002,1353500,119.400002
2015-09-17,120.099998,121.830002,119.480003,120.449997,650500,120.449997
2015-09-16,120.25,120.68,119.349998,119.889999,670100,119.889999
2015-09-15,118.699997,120.379997,117.940002,119.940002,761800,119.940002
2015-09-14,118.830002,118.970001,117.720001,118.290001,707600,118.290001
2015-09-11,116.940002,118.519997,116.010002,118.519997,1011300,118.519997
2015-09-10,117.18,118.010002,116.849998,117.519997,830000,117.519997
2015-09-09,119.349998,123.169998,117.239998,117.50,953500,117.50
2015-09-08,117.769997,118.879997,116.860001,118.589996,893700,118.589996
2015-09-04,116.239998,117.209999,115.669998,116.389999,940700,116.389999
2015-09-03,116.720001,119.669998,116.629997,117.519997,793100,117.519997
2015-09-02,116.519997,116.849998,114.769997,116.379997,1091900,116.379997
2015-09-01,115.699997,116.849998,115.089996,115.75,1974600,115.75
2015-08-31,119.550003,120.529999,117.589996,117.809998,667700,117.809998
2015-08-28,119.629997,120.279999,118.860001,119.610001,717500,119.610001
2015-08-27,118.540001,120.349998,117.970001,119.82,1007900,119.82
2015-08-26,116.610001,117.910004,115.019997,117.800003,1102900,117.800003
2015-08-25,118.120003,118.120003,114.440002,114.760002,1443300,114.760002
2015-08-24,116.370003,118.400002,114.830002,115.370003,2050000,115.370003
2015-08-21,121.449997,122.160004,119.900002,120.300003,1448200,120.300003
2015-08-20,124.269997,124.82,122.160004,122.160004,733700,122.160004
2015-08-19,124.50,125.849998,123.889999,125.239998,692000,125.239998
2015-08-18,125.389999,126.529999,124.93,125.160004,1133200,125.160004
2015-08-17,123.779999,124.849998,122.860001,124.760002,915600,124.760002
2015-08-14,124.010002,124.68,123.330002,124.059998,695100,124.059998
2015-08-13,124.190002,124.860001,123.580002,123.809998,746200,123.809998
2015-08-12,123.68,124.150002,122.480003,123.949997,746000,123.949997
2015-08-11,124.82,125.190002,123.470001,124.489998,479300,124.489998
2015-08-10,125.449997,125.879997,124.93,125.190002,446400,125.190002
2015-08-07,125.559998,125.589996,123.339996,124.739998,668700,124.739998
2015-08-06,127.510002,127.620003,124.870003,125.50,919000,125.50
2015-08-05,127.50,127.910004,125.800003,127.339996,1028700,127.339996
2015-08-04,127.470001,127.779999,126.620003,127.010002,860100,127.010002
2015-08-03,127.82,128.839996,126.889999,127.349998,1348000,127.349998
2015-07-31,125.959999,127.989998,125.889999,127.290001,1238300,127.290001
2015-07-30,126.269997,126.75,124.889999,125.620003,1091800,125.620003
2015-07-29,122.889999,126.82,122.730003,126.32,1800800,126.32
2015-07-28,121.900002,122.480003,117.849998,122.209999,2541200,122.209999
2015-07-27,122.00,122.300003,121.099998,121.709999,1152900,121.709999
2015-07-24,122.480003,122.739998,121.910004,122.18,527800,122.18
2015-07-23,121.080002,124.080002,121.080002,122.779999,977300,122.779999
2015-07-22,120.75,121.470001,120.68,121.18,658900,121.18
2015-07-21,122.68,122.860001,120.440002,121.07,973700,121.07
2015-07-20,122.300003,122.75,120.839996,122.43,540500,122.43
2015-07-17,123.269997,123.449997,122.230003,122.300003,1220000,122.300003
2015-07-16,122.919998,123.809998,122.269997,123.690002,613900,123.690002
2015-07-15,123.629997,123.989998,122.209999,122.760002,646800,122.760002
2015-07-14,122.290001,124.199997,122.050003,123.739998,820600,123.739998
2015-07-13,121.040001,122.370003,120.669998,122.160004,643700,122.160004
2015-07-10,120.650002,121.209999,120.139999,120.260002,663900,120.260002
2015-07-09,119.110001,120.050003,119.059998,119.440002,1095900,119.440002
2015-07-08,119.809998,120.25,117.760002,118.029999,1206800,118.029999
2015-07-07,120.620003,120.790001,118.889999,120.559998,1376800,120.559998
2015-07-06,119.480003,120.230003,119.160004,120.230003,1380700,120.230003
2015-07-02,121.910004,122.129997,120.410004,120.75,1294900,120.75
2015-07-01,121.639999,123.339996,120.739998,122.190002,1415900,122.190002
2015-06-30,120.209999,121.279999,119.529999,121.220001,1242600,121.220001
2015-06-29,120.709999,121.32,119.290001,119.389999,1168100,119.389999
2015-06-26,121.300003,121.769997,120.760002,121.620003,1137200,121.620003
2015-06-25,119.059998,122.059998,118.510002,120.949997,1326800,120.949997
2015-06-24,119.699997,119.75,118.629997,118.629997,860500,118.629997
2015-06-23,120.709999,121.110001,119.57,119.900002,846700,119.900002
2015-06-22,122.18,122.50,120.419998,120.760002,636900,120.760002
2015-06-19,120.650002,121.529999,120.089996,121.029999,774600,121.029999
2015-06-18,120.480003,120.959999,119.949997,120.239998,686600,120.239998
2015-06-17,120.849998,120.940002,119.68,120.080002,628800,120.080002
2015-06-16,119.610001,120.790001,119.220001,120.480003,950800,120.480003
2015-06-15,119.110001,119.519997,118.459999,119.290001,938900,119.290001
2015-06-12,120.290001,121.080002,119.849998,119.879997,710200,119.879997
2015-06-11,121.00,121.519997,120.849998,121.139999,900000,121.139999
2015-06-10,119.860001,121.309998,119.790001,120.690002,1235000,120.690002
2015-06-09,120.349998,120.440002,119.589996,119.910004,1250200,119.910004
2015-06-08,119.800003,121.00,119.25,120.529999,1378700,120.529999
2015-06-05,119.379997,119.839996,118.690002,119.349998,1397600,119.349998
2015-06-04,116.629997,120.080002,116.629997,119.730003,1952900,119.730003
2015-06-03,117.93,118.290001,116.940002,117.370003,1006100,117.370003
2015-06-02,118.209999,118.449997,117.510002,118.00,770600,118.00
2015-06-01,118.139999,118.879997,117.709999,118.68,858400,118.68
2015-05-29,119.080002,119.480003,117.690002,117.949997,1237700,117.949997
2015-05-28,119.449997,119.839996,118.489998,118.910004,847700,118.910004
2015-05-27,119.739998,120.440002,119.290001,119.449997,929800,119.449997
2015-05-26,120.760002,121.540001,119.519997,119.82,1362600,119.82
2015-05-22,120.43,125.449997,119.849998,121.419998,2501500,121.419998
2015-05-21,119.550003,120.559998,119.190002,120.360001,1081500,120.360001
2015-05-20,118.730003,120.540001,118.510002,119.550003,1730600,119.550003
2015-05-19,119.190002,119.379997,118.290001,118.339996,1937100,118.339996
2015-05-18,117.599998,118.949997,117.260002,118.739998,2009200,118.739998
2015-05-15,117.980003,118.029999,117.150002,117.290001,1025300,117.290001
2015-05-14,117.209999,117.720001,116.660004,117.690002,2046900,117.690002
2015-05-13,116.790001,117.639999,116.00,116.559998,1282100,116.559998
2015-05-12,116.610001,117.379997,116.18,116.300003,939200,116.300003
2015-05-11,118.120003,118.550003,117.400002,117.459999,854000,117.459999
2015-05-08,119.620003,120.00,118.190002,118.400002,722700,118.400002
2015-05-07,117.220001,118.860001,117.220001,118.389999,836200,118.389999
2015-05-06,117.410004,118.040001,116.720001,117.209999,991800,117.209999
2015-05-05,118.279999,118.870003,117.220001,117.300003,1260500,117.300003
2015-05-04,119.330002,120.580002,118.870003,119.190002,1176700,119.190002
2015-05-01,119.699997,120.610001,118.360001,119.769997,1396600,119.769997
2015-04-30,120.919998,121.129997,118.730003,119.559998,1374000,119.559998
2015-04-29,123.099998,123.580002,119.419998,120.650002,1264400,120.650002
2015-04-28,125.379997,125.910004,120.260002,123.459999,2876000,123.459999
2015-04-27,128.00,129.330002,125.129997,125.610001,1703500,125.610001
2015-04-24,126.279999,128.00,125.160004,126.93,1129500,126.93
2015-04-23,126.25,126.739998,125.68,126.379997,2727900,126.379997
2015-04-22,126.129997,126.790001,125.029999,126.260002,1178700,126.260002
2015-04-21,125.790001,126.379997,125.519997,125.910004,485100,125.910004
2015-04-20,125.040001,125.440002,124.43,125.349998,369100,125.349998
