Date,Open,High,Low,Close,Volume,Adj Close
2015-10-16,31.40,31.459999,31.07,31.120001,2265500,31.120001
2015-10-15,30.33,31.34,30.26,31.33,1935200,31.33
2015-10-14,30.17,30.50,29.940001,30.24,1718300,30.24
2015-10-13,30.889999,31.23,30.01,30.219999,2311900,30.219999
2015-10-12,31.110001,31.450001,30.91,31.219999,1305800,31.219999
2015-10-09,31.309999,31.33,30.790001,30.959999,1576600,30.959999
2015-10-08,30.690001,31.370001,30.58,31.25,974900,31.25
2015-10-07,30.049999,30.700001,29.959999,30.700001,2498100,30.700001
2015-10-06,29.50,30.00,29.459999,29.90,973100,29.90
2015-10-05,28.950001,29.76,28.91,29.629999,909400,29.629999
2015-10-02,28.34,28.84,27.809999,28.639999,1550100,28.639999
2015-10-01,28.389999,28.57,28.00,28.50,928200,28.50
2015-09-30,27.950001,28.49,27.76,28.389999,1587900,28.389999
2015-09-29,28.08,28.15,27.700001,27.709999,2054300,27.709999
2015-09-28,28.49,28.530001,27.719999,27.99,2027100,27.99
2015-09-25,29.26,29.370001,28.85,29.10,1314000,28.650001
2015-09-24,29.120001,29.27,28.799999,28.98,1770600,28.531856
2015-09-23,28.98,29.27,28.74,29.200001,1290600,28.748455
2015-09-22,29.530001,29.620001,28.690001,28.76,1523000,28.315259
2015-09-21,29.73,30.219999,29.639999,29.83,1530300,29.368712
2015-09-18,31.33,31.33,29.379999,29.620001,3596500,29.16196
2015-09-17,31.530001,32.369999,31.34,31.74,962800,31.249176
2015-09-16,31.01,31.610001,30.959999,31.540001,774300,31.05227
2015-09-15,31.49,31.60,30.26,31.059999,2627000,30.579691
2015-09-14,31.68,31.790001,31.43,31.620001,915500,31.131033
2015-09-11,30.799999,31.629999,30.709999,31.620001,580900,31.131033
2015-09-10,30.74,31.48,30.700001,30.84,697800,30.363094
2015-09-09,31.549999,31.549999,30.85,30.92,1094900,30.441857
2015-09-08,30.860001,31.360001,30.65,31.299999,906300,30.81598
2015-09-04,30.530001,30.790001,30.129999,30.540001,879300,30.067734
2015-09-03,31.35,31.49,30.82,30.85,784600,30.372939
2015-09-02,31.41,31.440001,30.969999,31.35,746500,30.865207
2015-09-01,30.91,31.290001,30.59,31.02,1118500,30.540311
2015-08-31,31.98,32.07,31.41,31.459999,1715600,30.973505
2015-08-28,32.049999,32.240002,31.639999,32.110001,1082400,31.613455
2015-08-27,31.610001,32.470001,31.51,32.09,1468000,31.593764
2015-08-26,30.66,31.540001,30.40,31.41,2057700,30.924279
2015-08-25,31.49,31.610001,30.16,30.200001,1672700,29.732991
2015-08-24,30.26,31.92,29.73,30.799999,2514400,30.323711
2015-08-21,31.34,32.16,31.049999,31.559999,1474900,31.071959
2015-08-20,32.259998,32.389999,31.83,31.83,675800,31.337784
2015-08-19,32.580002,32.759998,32.220001,32.560001,587200,32.056497
2015-08-18,32.849998,33.009998,32.59,32.849998,655700,32.34201
2015-08-17,32.380001,32.98,32.290001,32.919998,691100,32.410927
2015-08-14,32.200001,32.549999,32.110001,32.50,734100,31.997424
2015-08-13,31.879999,32.560001,31.76,32.259998,1377400,31.761133
2015-08-12,31.51,31.969999,31.00,31.90,3090300,31.406702
2015-08-11,32.380001,32.700001,32.23,32.240002,962900,31.741446
2015-08-10,32.380001,32.599998,32.259998,32.50,800100,31.997424
2015-08-07,31.940001,32.450001,31.82,32.16,1004900,31.662681
2015-08-06,32.369999,32.389999,31.27,32.099998,1290400,31.603608
2015-08-05,32.959999,32.990002,32.130001,32.369999,1136800,31.869433
2015-08-04,33.349998,33.439999,32.639999,32.849998,792900,32.34201
2015-08-03,33.32,33.580002,33.099998,33.27,793000,32.755517
2015-07-31,33.77,33.900002,33.240002,33.27,1016800,32.755517
2015-07-30,33.77,33.91,33.509998,33.580002,1309300,33.060724
2015-07-29,33.93,34.080002,33.619999,33.91,1347900,33.385619
2015-07-28,34.330002,34.41,33.639999,33.93,2036100,33.405311
2015-07-27,34.080002,34.349998,33.970001,34.290001,2053600,33.759744
2015-07-24,33.84,34.560001,33.560001,34.209999,2880800,33.680979
2015-07-23,34.900002,36.25,33.400002,33.970001,7511000,33.444693
2015-07-22,37.650002,38.220001,37.59,37.779999,1168900,37.195773
2015-07-21,38.080002,38.349998,37.459999,37.669998,1175200,37.087474
2015-07-20,38.099998,38.299999,37.970001,38.110001,724300,37.520672
2015-07-17,38.259998,38.459999,38.009998,38.150002,996300,37.560054
2015-07-16,38.080002,38.349998,37.959999,38.310001,693900,37.71758
2015-07-15,37.529999,38.060001,37.349998,37.849998,747300,37.26469
2015-07-14,37.419998,37.830002,37.310001,37.68,691300,37.097321
2015-07-13,37.77,38.029999,37.380001,37.52,585900,36.939795
2015-07-10,37.09,37.689999,37.029999,37.450001,772900,36.870878
2015-07-09,37.360001,37.549999,36.759998,36.830002,623600,36.260467
2015-07-08,37.610001,37.610001,36.91,37.139999,1007500,36.565671
2015-07-07,37.09,37.540001,36.91,37.419998,1046800,36.841339
2015-07-06,36.279999,37.00,36.119999,36.900002,1314900,36.329384
2015-07-02,36.830002,36.990002,36.360001,36.470001,1417500,35.906033
2015-07-01,35.900002,36.470001,35.529999,36.459999,1933000,35.896186
2015-06-30,35.380001,35.619999,34.869999,35.459999,1629100,34.91165
2015-06-29,35.73,36.200001,35.060001,35.09,1530000,34.547372
2015-06-26,35.50,35.900002,35.349998,35.869999,1630800,35.315309
2015-06-25,36.240002,36.400002,35.860001,35.880001,1150000,34.882115
2015-06-24,36.349998,36.540001,36.150002,36.16,1281800,35.154326
2015-06-23,36.369999,36.459999,36.060001,36.279999,939900,35.270988
2015-06-22,36.939999,36.939999,36.380001,36.400002,697100,35.387653
2015-06-19,36.779999,37.02,36.450001,36.810001,1346500,35.78625
2015-06-18,36.450001,36.970001,36.299999,36.869999,1272400,35.844579
2015-06-17,36.16,36.450001,35.84,36.330002,1227900,35.3196
2015-06-16,35.48,36.139999,35.48,36.099998,1045800,35.095994
2015-06-15,35.57,35.799999,35.240002,35.59,3365500,34.600179
2015-06-12,36.060001,36.139999,35.849998,35.900002,567800,34.901559
2015-06-11,36.189999,36.25,35.98,36.09,876800,35.086274
2015-06-10,35.860001,36.349998,35.700001,35.970001,1084600,34.969612
2015-06-09,35.860001,36.009998,35.630001,35.720001,712000,34.726565
2015-06-08,36.080002,36.080002,35.779999,35.82,1225300,34.823782
2015-06-05,36.029999,36.209999,35.650002,36.029999,930700,35.027941
2015-06-04,36.439999,36.669998,36.220001,36.299999,843400,35.290432
2015-06-03,36.939999,37.060001,36.509998,36.529999,1219700,35.514035
2015-06-02,36.860001,37.169998,36.669998,36.970001,859200,35.9418
2015-06-01,36.59,37.200001,36.380001,37.099998,693400,36.068182
2015-05-29,36.540001,36.709999,36.360001,36.459999,1555000,35.445982
2015-05-28,36.759998,36.779999,36.240002,36.599998,715100,35.582088
2015-05-27,36.150002,36.880001,35.91,36.790001,872500,35.766806
2015-05-26,36.389999,36.459999,35.98,36.080002,701200,35.076553
2015-05-22,36.900002,36.959999,36.560001,36.599998,718100,35.582088
2015-05-21,37.299999,37.389999,36.740002,36.950001,582700,35.922356
2015-05-20,37.400002,37.439999,36.98,37.09,901200,36.058462
2015-05-19,37.509998,37.529999,37.18,37.310001,884900,36.272344
2015-05-18,37.369999,37.689999,37.060001,37.529999,967700,36.486223
2015-05-15,37.049999,37.599998,36.860001,37.52,857000,36.476503
2015-05-14,35.799999,36.939999,35.799999,36.919998,978300,35.893188
2015-05-13,36.450001,36.610001,35.669998,35.709999,750200,34.716841
2015-05-12,35.939999,36.349998,35.259998,36.220001,735800,35.212659
2015-05-11,36.66,37.029999,36.119999,36.16,813400,35.154326
2015-05-08,36.650002,37.419998,36.650002,36.75,815100,35.727918
2015-05-07,35.560001,36.34,35.459999,36.169998,1088500,35.164047
2015-05-06,36.169998,36.32,35.279999,35.57,1080800,34.580735
2015-05-05,36.73,36.900002,35.849998,36.209999,1324800,35.202935
2015-05-04,36.900002,37.32,36.759998,36.860001,767900,35.834859
2015-05-01,36.619999,37.220001,36.509998,36.790001,820400,35.766806
2015-04-30,37.529999,37.669998,36.450001,36.689999,1203500,35.669585
2015-04-29,37.68,37.959999,37.389999,37.639999,1295700,36.593165
2015-04-28,38.209999,38.389999,37.82,38.060001,672400,37.001486
2015-04-27,38.450001,38.830002,38.119999,38.25,820800,37.1862
2015-04-24,38.540001,38.799999,38.380001,38.400002,1052400,37.33203
2015-04-23,38.630001,39.290001,37.68,38.50,2398400,37.429247
2015-04-22,37.630001,38.259998,37.389999,37.950001,1343200,36.894544
2015-04-21,37.639999,37.939999,37.360001,37.48,560200,36.437615
2015-04-20,37.439999,37.630001,37.220001,37.48,618700,36.437615
