Date,Open,High,Low,Close,Volume,Adj Close
2015-10-15,79.339996,80.080002,78.809998,79.860001,6312900,79.860001
2015-10-14,80.970001,82.00,79.050003,79.25,9475100,79.25
2015-10-13,79.790001,81.25,79.540001,79.620003,10036100,79.620003
2015-10-12,78.580002,80.75,78.300003,79.440002,26386200,79.440002
2015-10-09,85.330002,86.57,85.00,86.139999,5099400,86.139999
2015-10-08,83.150002,83.989998,81.790001,83.769997,4593800,83.769997
2015-10-07,84.300003,84.849998,82.400002,83.989998,5128000,83.989998
2015-10-06,86.389999,86.510002,82.080002,84.169998,5496300,84.169998
2015-10-05,88.080002,88.480003,85.599998,86.57,5297400,86.57
2015-10-02,84.160004,87.550003,83.589996,87.519997,5602100,87.519997
2015-10-01,83.599998,85.32,83.400002,85.18,5315700,85.18
2015-09-30,81.529999,83.769997,81.50,83.690002,6745700,83.690002
2015-09-29,80.370003,82.199997,79.190002,80.279999,7311500,80.279999
2015-09-28,83.68,83.860001,78.50,79.739998,8250800,79.739998
2015-09-25,86.239998,86.43,83.230003,84.059998,5777200,84.059998
2015-09-24,86.449997,86.540001,85.080002,85.349998,5583500,85.349998
2015-09-23,88.00,88.419998,86.580002,86.690002,4853800,86.690002
2015-09-22,86.82,87.980003,86.620003,87.800003,5047900,87.800003
2015-09-21,89.099998,89.809998,87.110001,87.589996,6642600,87.589996
2015-09-18,90.699997,91.449997,88.379997,88.489998,11487800,88.489998
2015-09-17,84.470001,92.849998,84.279999,89.980003,16768200,89.980003
2015-09-16,84.099998,84.529999,82.610001,84.449997,3798900,84.449997
2015-09-15,82.43,83.360001,82.110001,82.959999,3512800,82.959999
2015-09-14,81.919998,82.279999,81.279999,81.889999,3183700,81.889999
2015-09-11,80.650002,81.849998,78.739998,81.800003,3640800,81.800003
2015-09-10,81.120003,81.669998,80.50,80.839996,3663100,80.839996
2015-09-09,83.449997,83.50,80.889999,81.089996,2811800,81.089996
2015-09-08,81.459999,82.980003,81.260002,82.879997,2612100,82.879997
2015-09-04,80.639999,81.110001,79.68,80.32,3410800,80.32
2015-09-03,82.050003,82.860001,81.339996,81.599998,3203700,81.599998
2015-09-02,80.709999,81.830002,80.300003,81.809998,3232300,81.809998
2015-09-01,80.25,81.25,79.400002,79.800003,4270500,79.800003
2015-08-31,83.410004,84.419998,82.050003,82.349998,3411200,82.349998
2015-08-28,83.739998,84.00,82.769997,83.190002,4860800,83.190002
2015-08-27,81.790001,84.040001,81.709999,83.739998,4655000,83.739998
2015-08-26,79.879997,81.300003,77.769997,81.099998,7162700,81.099998
2015-08-25,82.190002,82.599998,77.860001,78.260002,6388500,78.260002
2015-08-24,81.599998,82.959999,79.50,80.730003,8543100,80.730003
2015-08-21,86.980003,87.699997,84.529999,84.529999,8290000,84.529999
2015-08-20,86.860001,88.949997,85.809998,87.330002,10861900,87.330002
2015-08-19,83.139999,84.529999,82.57,83.769997,2641800,83.769997
2015-08-18,83.830002,83.989998,83.230003,83.389999,2238900,83.389999
2015-08-17,83.260002,83.779999,82.93,83.470001,2735600,83.470001
2015-08-14,82.910004,83.949997,82.790001,83.910004,2280200,83.910004
2015-08-13,83.199997,83.75,82.889999,83.029999,2253900,83.029999
2015-08-12,82.709999,83.50,81.639999,83.379997,2826900,83.379997
2015-08-11,82.809998,83.75,82.730003,83.540001,3205600,83.040002
2015-08-10,82.82,83.769997,82.440002,83.510002,3211600,83.010183
2015-08-07,82.50,82.690002,80.650002,82.269997,4545300,81.777599
2015-08-06,85.139999,85.139999,81.239998,82.699997,3866500,82.205026
2015-08-05,84.68,85.080002,83.970001,84.730003,3776800,84.222882
2015-08-04,84.489998,84.989998,83.849998,84.050003,2848200,83.546952
2015-08-03,84.809998,85.00,83.529999,84.139999,4815500,83.63641
2015-07-31,84.879997,85.260002,84.379997,84.510002,4113600,84.004198
2015-07-30,84.260002,84.970001,83.980003,84.540001,3867800,84.034017
2015-07-29,85.910004,85.989998,84.709999,85.089996,2711800,84.580721
2015-07-28,84.709999,85.699997,84.50,85.68,3027800,85.167193
2015-07-27,84.50,84.610001,83.339996,84.150002,5420600,83.646352
2015-07-24,86.00,86.209999,84.160004,84.720001,3460300,84.21294
2015-07-23,89.059998,89.870003,85.620003,86.760002,5258500,86.240731
2015-07-22,83.32,86.800003,81.50,86.379997,12677800,85.863001
2015-07-21,87.580002,87.690002,85.519997,85.57,8065300,85.057851
2015-07-20,87.699997,87.919998,87.269997,87.870003,4311000,87.344088
2015-07-17,87.00,87.440002,86.620003,87.370003,4430100,86.847081
2015-07-16,86.800003,87.459999,86.580002,87.169998,5578000,86.648273
2015-07-15,87.790001,88.169998,86.099998,86.379997,6615900,85.863001
2015-07-14,89.050003,89.099998,87.849998,88.760002,6028700,88.228761
2015-07-13,89.139999,90.18,88.669998,88.82,5940500,88.288399
2015-07-10,88.300003,88.459999,87.699997,88.290001,4471200,87.761573
2015-07-09,88.00,88.309998,86.900002,87.480003,4767600,86.956423
2015-07-08,88.269997,88.50,87.169998,87.25,5330000,86.727796
2015-07-07,86.639999,88.779999,86.059998,88.730003,6912300,88.198942
2015-07-06,85.309998,86.440002,85.25,86.349998,5062900,85.833182
2015-07-02,85.209999,86.239998,84.690002,86.139999,5128100,85.624439
2015-07-01,83.800003,84.959999,83.599998,84.849998,3629100,84.342159
2015-06-30,84.50,84.57,83.389999,83.489998,4261200,82.990298
2015-06-29,85.349998,85.580002,83.730003,83.779999,4441900,83.278564
2015-06-26,85.190002,85.93,84.580002,85.849998,14369800,85.336174
2015-06-25,84.160004,86.900002,84.080002,84.800003,9630100,84.292463
2015-06-24,82.50,83.080002,82.260002,82.260002,4212100,81.767664
2015-06-23,83.75,83.75,82.449997,82.669998,3643500,82.175207
2015-06-22,83.300003,83.440002,82.849998,82.919998,3537100,82.42371
2015-06-19,82.470001,83.209999,82.32,82.629997,6907000,82.135445
2015-06-18,83.889999,84.370003,82.75,83.040001,7251500,82.542995
2015-06-17,84.68,84.68,83.010002,83.529999,5968200,83.03006
2015-06-16,83.910004,85.32,83.629997,84.779999,5694500,84.272579
2015-06-15,83.57,84.610001,83.089996,84.080002,5462700,83.576771
2015-06-12,85.889999,86.00,83.089996,84.209999,12630500,83.70599
2015-06-11,83.110001,87.239998,83.080002,86.589996,16740800,86.071743
2015-06-10,81.989998,83.489998,81.309998,83.18,13169400,82.682156
2015-06-09,78.370003,82.889999,78.010002,82.769997,10109100,82.274607
2015-06-08,77.980003,78.849998,77.830002,78.519997,6065900,78.050043
2015-06-05,77.559998,78.260002,76.989998,78.120003,2788900,77.652444
2015-06-04,77.339996,78.599998,77.330002,77.68,3786500,77.215075
2015-06-03,78.00,78.169998,77.279999,77.830002,3270800,77.364178
2015-06-02,78.760002,78.760002,77.510002,77.949997,4467700,77.483455
2015-06-01,78.919998,79.849998,78.779999,79.00,4866500,78.527174
2015-05-29,76.150002,79.550003,76.019997,78.900002,11917000,78.427774
2015-05-28,74.800003,76.480003,74.739998,76.410004,4823600,75.952679
2015-05-27,74.360001,74.989998,74.139999,74.900002,2901100,74.451714
2015-05-26,73.959999,74.370003,73.82,74.309998,4194600,73.865242
2015-05-22,74.050003,74.330002,73.870003,74.300003,3023400,73.855307
2015-05-21,73.339996,74.349998,73.18,74.269997,3288200,73.82548
2015-05-20,73.449997,73.690002,73.18,73.360001,1980300,72.920931
2015-05-19,72.82,73.580002,72.629997,73.449997,3548000,73.010388
2015-05-18,73.050003,73.089996,72.620003,72.940002,2162000,72.503446
2015-05-15,73.230003,73.419998,72.589996,72.900002,3464400,72.463685
2015-05-14,72.68,73.220001,72.43,73.059998,3364300,72.622723
2015-05-13,72.760002,73.230003,72.489998,72.800003,2682100,71.867275
2015-05-12,73.139999,73.139999,72.309998,72.440002,3152800,71.511887
2015-05-11,73.260002,73.989998,73.190002,73.470001,2958600,72.528689
2015-05-08,72.50,73.699997,72.50,73.260002,3713300,72.321381
2015-05-07,71.75,72.290001,71.720001,71.82,3628100,70.899828
2015-05-06,71.970001,72.279999,71.540001,72.050003,3567600,71.126884
2015-05-05,72.830002,72.970001,71.82,71.910004,3735900,70.988679
2015-05-04,73.25,73.589996,72.849998,73.050003,4040700,72.114072
2015-05-01,72.260002,73.330002,71.25,73.120003,6533400,72.183175
2015-04-30,71.959999,72.610001,71.43,71.870003,5479300,70.94919
2015-04-29,71.860001,72.82,71.839996,72.279999,6789600,71.353933
2015-04-28,70.620003,71.279999,70.199997,71.18,4557900,70.268028
2015-04-27,71.93,72.169998,70.629997,70.889999,5328400,69.981743
2015-04-24,72.220001,72.43,71.260002,71.580002,3816300,70.662905
2015-04-23,72.879997,72.940002,71.07,72.400002,5448700,71.472398
2015-04-22,72.470001,72.470001,71.879997,72.300003,3506100,71.373681
2015-04-21,72.980003,73.120003,72.059998,72.209999,4048400,71.28483
2015-04-20,73.00,73.260002,72.300003,72.410004,2540400,71.482272
