Date,Open,High,Low,Close,Volume,Adj Close
2015-10-09,43.990002,44.369999,42.98,43.849998,1213300,43.849998
2015-10-08,43.560001,44.509998,43.34,44.07,1028900,44.07
2015-10-07,43.869999,44.439999,43.330002,43.849998,1207100,43.849998
2015-10-06,42.560001,43.869999,42.490002,43.700001,2197500,43.700001
2015-10-05,42.34,43.689999,42.009998,42.990002,1957400,42.790001
2015-10-02,40.52,41.990002,40.209999,41.959999,1276400,41.76479
2015-10-01,41.52,41.91,40.869999,41.25,1478500,41.058094
2015-09-30,41.75,42.099998,41.09,41.610001,1101600,41.41642
2015-09-29,41.400002,41.599998,40.860001,41.18,1030800,40.98842
2015-09-28,41.950001,42.59,41.040001,41.360001,2293500,41.167583
2015-09-25,42.400002,42.560001,41.900002,42.16,1584700,41.96386
2015-09-24,41.450001,42.119999,41.209999,42.02,919100,41.824512
2015-09-23,42.029999,42.209999,41.57,41.860001,1152700,41.665257
2015-09-22,41.869999,42.389999,41.57,42.040001,1547700,41.84442
2015-09-21,43.279999,43.439999,42.709999,42.98,1135000,42.780045
2015-09-18,43.380001,43.939999,42.790001,42.880001,3841600,42.680512
2015-09-17,43.849998,44.900002,43.110001,44.040001,2068400,43.835115
2015-09-16,42.82,43.990002,42.66,43.84,1593800,43.636045
2015-09-15,42.299999,43.119999,42.119999,42.889999,769300,42.690464
2015-09-14,42.610001,42.650002,42.09,42.150002,934200,41.953909
2015-09-11,42.310001,42.669998,41.98,42.599998,1363300,42.401812
2015-09-10,42.630001,43.02,42.310001,42.52,1389900,42.322186
2015-09-09,43.869999,43.900002,42.689999,42.810001,1128000,42.610838
2015-09-08,42.349998,43.290001,42.139999,43.209999,1543500,43.008975
2015-09-04,41.41,41.790001,41.049999,41.50,1256100,41.306931
2015-09-03,42.529999,42.939999,42.139999,42.389999,1240300,42.19279
2015-09-02,43.740002,43.740002,41.970001,42.689999,1086800,42.491394
2015-09-01,43.32,43.639999,42.43,42.75,1329000,42.551116
2015-08-31,44.380001,44.68,43.939999,44.330002,1221500,44.123767
2015-08-28,44.799999,44.990002,44.18,44.75,1220100,44.541811
2015-08-27,44.380001,45.360001,44.049999,45.119999,964300,44.910089
2015-08-26,44.080002,44.310001,42.790001,43.869999,1656000,43.665904
2015-08-25,46.299999,46.299999,42.939999,42.970001,1979700,42.770094
2015-08-24,44.049999,45.98,40.599998,44.16,2004600,43.954556
2015-08-21,46.580002,47.220001,46.060001,46.09,1364500,45.875577
2015-08-20,47.709999,48.84,47.189999,47.189999,1195800,46.970458
2015-08-19,48.470001,48.599998,47.939999,48.119999,768500,47.896132
2015-08-18,48.82,48.98,48.619999,48.740002,471400,48.51325
2015-08-17,48.740002,48.950001,48.290001,48.830002,935700,48.602832
2015-08-14,49.00,49.139999,48.560001,49.110001,513900,48.881528
2015-08-13,49.27,52.57,48.849998,49.110001,968800,48.881528
2015-08-12,47.529999,48.41,47.23,48.310001,949900,48.085251
2015-08-11,48.369999,48.740002,47.98,48.139999,1043400,47.91604
2015-08-10,48.27,48.98,48.25,48.950001,761400,48.722273
2015-08-07,48.060001,48.23,47.450001,47.799999,838100,47.577621
2015-08-06,49.029999,49.110001,47.720001,48.110001,1381500,47.88618
2015-08-05,50.07,50.509998,48.970001,48.98,1640800,48.752132
2015-08-04,49.709999,50.459999,49.57,49.639999,1584000,49.409061
2015-08-03,49.360001,49.950001,49.00,49.740002,1594300,49.508598
2015-07-31,48.82,50.50,48.470001,49.34,2581200,49.110458
2015-07-30,48.200001,48.900002,47.91,48.830002,1772600,48.602832
2015-07-29,47.77,48.48,47.66,48.27,743200,48.045436
2015-07-28,47.669998,47.939999,47.290001,47.669998,893300,47.448225
2015-07-27,47.139999,47.419998,46.82,47.330002,816000,47.10981
2015-07-24,48.529999,48.529999,47.419998,47.560001,813400,47.33874
2015-07-23,49.060001,49.110001,48.330002,48.529999,686800,48.304225
2015-07-22,48.66,49.139999,48.040001,48.869999,1216900,48.642643
2015-07-21,48.689999,48.779999,48.119999,48.650002,1728500,48.423669
2015-07-20,49.25,49.34,48.669998,48.709999,1398000,48.483387
2015-07-17,49.580002,49.619999,49.040001,49.169998,745500,48.941246
2015-07-16,49.689999,49.880001,49.50,49.66,765500,49.428969
2015-07-15,49.360001,49.66,49.02,49.200001,987300,48.971109
2015-07-14,49.299999,49.66,48.82,49.189999,1389500,48.961154
2015-07-13,50.220001,50.220001,49.00,49.360001,1730100,49.130365
2015-07-10,49.799999,49.82,49.220001,49.34,1075400,49.110458
2015-07-09,49.939999,50.09,48.77,49.07,1982500,48.841713
2015-07-08,49.869999,50.139999,49.099998,49.299999,1425200,49.070643
2015-07-07,50.299999,50.529999,49.459999,50.48,1309500,50.245153
2015-07-06,49.66,50.41,49.66,50.330002,1531400,50.095853
2015-07-02,51.330002,51.34,50.490002,50.880001,888900,50.643294
2015-07-01,52.610001,52.610001,51.130001,51.389999,1052100,51.15092
2015-06-30,51.049999,53.169998,50.830002,51.529999,1451100,51.290268
2015-06-29,51.380001,51.470001,50.389999,50.450001,832300,50.215294
2015-06-26,51.959999,52.259998,51.580002,51.869999,1280600,51.628686
2015-06-25,52.540001,52.700001,51.740002,51.810001,1657700,51.568968
2015-06-24,52.790001,53.029999,52.349998,52.470001,956100,52.225897
2015-06-23,53.720001,53.869999,52.950001,52.990002,1121000,52.743478
2015-06-22,53.91,54.110001,53.16,53.650002,891300,53.400408
2015-06-19,53.810001,53.869999,53.200001,53.330002,1075800,53.081897
2015-06-18,53.43,54.130001,53.43,54.00,1263800,53.748778
2015-06-17,53.02,53.630001,52.77,53.259998,1076700,53.012219
2015-06-16,52.700001,52.889999,52.220001,52.779999,701700,52.534452
2015-06-15,52.509998,53.07,52.09,52.650002,1262900,52.40506
2015-06-12,53.360001,53.509998,52.84,52.869999,1395400,52.624034
2015-06-11,53.970001,54.43,53.41,53.669998,941000,53.221242
2015-06-10,53.68,54.549999,53.299999,53.849998,2510900,53.399737
2015-06-09,53.830002,54.200001,53.310001,53.77,1640600,53.320408
2015-06-08,54.32,54.490002,54.040001,54.060001,760200,53.607984
2015-06-05,54.099998,54.470001,53.549999,54.369999,762600,53.91539
2015-06-04,54.43,54.810001,53.740002,53.82,781100,53.369989
2015-06-03,54.16,55.130001,53.860001,54.77,1791600,54.312047
2015-06-02,53.349998,54.029999,53.139999,53.560001,482000,53.112165
2015-06-01,53.73,53.889999,53.34,53.529999,707400,53.082413
2015-05-29,53.549999,53.639999,52.84,53.360001,1086400,52.913836
2015-05-28,53.970001,54.16,53.419998,53.650002,894800,53.201412
2015-05-27,53.790001,54.279999,53.540001,53.990002,1081200,53.53857
2015-05-26,53.700001,53.93,53.470001,53.59,1034700,53.141913
2015-05-22,53.669998,54.029999,53.380001,53.77,528000,53.320408
2015-05-21,53.799999,54.07,53.59,53.790001,762800,53.340241
2015-05-20,54.43,54.50,53.889999,53.939999,710300,53.488985
2015-05-19,54.66,54.810001,54.119999,54.299999,996200,53.845975
2015-05-18,54.52,55.049999,54.389999,54.52,955000,54.064137
2015-05-15,54.66,54.810001,54.209999,54.689999,856200,54.232714
2015-05-14,54.299999,54.68,53.830002,54.650002,678500,54.193051
2015-05-13,53.869999,54.310001,53.619999,54.009998,555700,53.558399
2015-05-12,53.52,54.02,53.349998,53.759998,796600,53.31049
2015-05-11,54.23,54.889999,54.040001,54.139999,1045500,53.687313
2015-05-08,54.32,54.77,53.810001,54.34,918200,53.885642
2015-05-07,54.189999,54.400002,53.669998,53.68,1367200,53.23116
2015-05-06,54.970001,55.209999,53.900002,54.34,848200,53.885642
2015-05-05,54.959999,55.630001,54.779999,54.869999,1014900,54.411209
2015-05-04,55.290001,55.880001,54.830002,55.189999,1314200,54.728533
2015-05-01,53.720001,55.689999,53.68,54.889999,2033200,54.431042
2015-04-30,53.330002,53.900002,52.380001,52.650002,1527700,52.209774
2015-04-29,53.959999,54.259998,53.209999,53.619999,1006600,53.171661
2015-04-28,53.610001,54.369999,53.400002,54.32,582900,53.865808
2015-04-27,54.93,54.970001,53.790001,53.84,993400,53.389822
2015-04-24,54.52,54.68,54.200001,54.599998,420000,54.143466
2015-04-23,54.32,54.950001,54.200001,54.529999,810700,54.074052
2015-04-22,53.830002,54.540001,53.509998,54.459999,830200,54.004637
2015-04-21,54.220001,54.380001,53.57,53.790001,862900,53.340241
2015-04-20,53.77,54.25,53.68,54.139999,556800,53.687313
2015-04-17,53.709999,53.799999,53.049999,53.470001,842800,53.022917
2015-04-16,54.25,54.48,53.50,54.189999,988200,53.736894
2015-04-15,54.59,54.779999,53.950001,54.310001,1048800,53.855894
2015-04-14,54.650002,54.84,53.73,54.310001,1281100,53.855894
2015-04-13,54.48,55.080002,54.43,54.75,822000,54.292213
