Date,Open,High,Low,Close,Volume,Adj Close
2015-10-16,60.639999,61.02,60.41,60.720001,513400,60.720001
2015-10-15,59.82,60.57,59.529999,60.529999,485100,60.529999
2015-10-14,59.549999,60.029999,59.450001,59.529999,624000,59.529999
2015-10-13,59.299999,59.66,59.130001,59.400002,750800,59.400002
2015-10-12,58.880001,59.669998,58.810001,59.369999,408000,59.369999
2015-10-09,58.950001,59.029999,58.580002,58.720001,414900,58.720001
2015-10-08,58.099998,59.080002,58.02,58.939999,371700,58.939999
2015-10-07,58.580002,58.700001,58.040001,58.220001,474800,58.220001
2015-10-06,58.82,58.990002,58.27,58.470001,582100,58.470001
2015-10-05,58.57,59.060001,58.200001,58.959999,681500,58.959999
2015-10-02,57.970001,58.369999,57.27,58.369999,871300,58.369999
2015-10-01,58.560001,58.610001,57.18,57.59,719400,57.59
2015-09-30,58.060001,58.610001,57.860001,58.490002,841300,58.490002
2015-09-29,58.009998,58.32,57.360001,57.740002,657900,57.740002
2015-09-28,57.790001,58.200001,57.599998,58.040001,631700,58.040001
2015-09-25,57.459999,58.639999,57.110001,57.98,438400,57.98
2015-09-24,56.650002,57.470001,56.509998,57.360001,534100,57.360001
2015-09-23,56.720001,57.02,56.549999,56.779999,548300,56.779999
2015-09-22,56.75,57.200001,56.560001,56.700001,387100,56.700001
2015-09-21,56.950001,57.50,56.790001,57.150002,471000,57.150002
2015-09-18,56.490002,57.419998,56.380001,56.75,866300,56.75
2015-09-17,56.110001,57.82,56.099998,57.080002,550500,57.080002
2015-09-16,55.59,56.34,55.41,56.209999,501400,56.209999
2015-09-15,55.389999,55.709999,54.93,55.599998,356000,55.599998
2015-09-14,55.400002,55.68,55.009998,55.400002,509300,55.400002
2015-09-11,54.650002,55.259998,54.50,55.25,492900,55.25
2015-09-10,54.779999,55.48,54.700001,54.84,491600,54.84
2015-09-09,55.740002,55.919998,54.93,55.009998,604900,55.009998
2015-09-08,54.959999,55.639999,54.849998,55.599998,585500,55.599998
2015-09-04,54.91,55.040001,54.27,54.549999,595300,54.549999
2015-09-03,55.220001,55.759998,55.16,55.380001,593600,55.380001
2015-09-02,55.700001,55.91,54.66,55.130001,814400,55.130001
2015-09-01,56.110001,56.110001,54.880001,55.119999,748800,55.119999
2015-08-31,57.57,57.57,56.23,56.669998,717500,56.669998
2015-08-28,57.580002,57.970001,56.970001,57.799999,655600,57.799999
2015-08-27,56.849998,57.759998,56.650002,57.73,950600,57.73
2015-08-26,56.48,56.84,55.52,56.66,845900,56.66
2015-08-25,58.77,58.790001,55.98,56.099998,1247100,56.099998
2015-08-24,59.23,59.720001,57.84,58.040001,1013200,58.040001
2015-08-21,61.540001,61.860001,60.720001,60.73,783200,60.73
2015-08-20,62.16,62.66,61.709999,61.84,597400,61.84
2015-08-19,62.09,62.810001,61.889999,62.490002,758500,62.490002
2015-08-18,62.919998,62.919998,62.290001,62.330002,584100,62.330002
2015-08-17,61.98,62.939999,61.73,62.919998,972100,62.919998
2015-08-14,61.360001,61.799999,61.040001,61.740002,821000,61.740002
2015-08-13,61.119999,61.779999,60.700001,61.52,796200,61.52
2015-08-12,60.560001,61.459999,60.439999,61.32,795700,61.32
2015-08-11,60.77,61.389999,60.389999,60.650002,649600,60.650002
2015-08-10,60.799999,61.169998,60.450001,60.630001,635800,60.630001
2015-08-07,60.59,61.209999,60.080002,60.720001,1184800,60.720001
2015-08-06,60.470001,61.09,59.759998,60.630001,1850400,60.630001
2015-08-05,61.040001,61.50,60.799999,61.080002,553700,61.080002
2015-08-04,61.439999,61.439999,60.669998,60.799999,402500,60.799999
2015-08-03,61.50,62.060001,61.25,61.59,384000,61.59
2015-07-31,61.459999,62.07,61.18,61.509998,432200,61.509998
2015-07-30,60.25,61.25,60.130001,60.970001,485000,60.970001
2015-07-29,59.849998,60.439999,59.43,60.419998,610300,60.419998
2015-07-28,60.189999,60.59,59.919998,60.540001,619000,59.990002
2015-07-27,59.369999,60.380001,59.00,60.25,592900,59.702636
2015-07-24,59.189999,59.529999,58.860001,59.259998,469100,58.721628
2015-07-23,59.869999,59.869999,58.84,59.169998,573900,58.632446
2015-07-22,59.619999,60.360001,59.610001,60.07,416500,59.524271
2015-07-21,60.18,60.360001,59.41,59.630001,367000,59.08827
2015-07-20,60.43,60.43,59.830002,60.25,280800,59.702636
2015-07-17,61.119999,61.34,60.43,60.470001,680900,59.920638
2015-07-16,60.470001,61.48,60.470001,61.34,617500,60.782734
2015-07-15,60.189999,60.43,59.849998,60.400002,849700,59.851275
2015-07-14,60.240002,60.57,60.119999,60.299999,481900,59.752181
2015-07-13,60.27,60.57,59.93,60.27,560700,59.722455
2015-07-10,59.59,60.419998,59.130001,60.09,537000,59.54409
2015-07-09,60.580002,60.77,59.43,59.59,401400,59.048632
2015-07-08,60.529999,60.860001,60.23,60.41,474800,59.861182
2015-07-07,59.389999,60.849998,59.34,60.779999,694100,60.22782
2015-07-06,59.040001,59.259998,58.509998,59.099998,566600,58.563082
2015-07-02,58.509998,59.099998,58.18,59.009998,713700,58.4739
2015-07-01,57.889999,58.240002,57.59,58.130001,620700,57.601897
2015-06-30,57.889999,58.009998,57.450001,57.720001,876100,57.195622
2015-06-29,57.810001,58.459999,57.52,57.540001,604300,57.017257
2015-06-26,57.23,57.93,57.060001,57.84,509800,57.314531
2015-06-25,57.720001,57.880001,57.299999,57.369999,529600,56.848799
2015-06-24,58.009998,58.400002,57.669998,57.68,479700,57.155984
2015-06-23,58.970001,59.00,58.049999,58.119999,567500,57.591986
2015-06-22,59.380001,59.380001,58.889999,59.049999,345600,58.513537
2015-06-19,59.599998,59.73,59.139999,59.139999,1097800,58.60272
2015-06-18,58.73,59.77,58.639999,59.43,700700,58.890086
2015-06-17,58.299999,58.799999,57.970001,58.59,553300,58.057717
2015-06-16,57.73,58.400002,57.560001,58.279999,602300,57.750532
2015-06-15,58.060001,58.209999,57.68,57.869999,458600,57.344257
2015-06-12,58.450001,58.610001,58.080002,58.119999,333100,57.591986
2015-06-11,58.419998,58.91,58.32,58.790001,762900,58.255901
2015-06-10,58.200001,58.450001,58.00,58.040001,493600,57.512714
2015-06-09,57.990002,58.32,57.810001,57.810001,642300,57.284804
2015-06-08,58.25,58.400002,57.959999,58.040001,467500,57.512714
2015-06-05,58.650002,58.799999,58.07,58.290001,913500,57.760443
2015-06-04,59.290001,59.84,58.98,59.060001,711200,58.523448
2015-06-03,60.450001,60.52,59.369999,59.610001,722300,59.068451
2015-06-02,61.09,61.09,60.040001,60.52,1323300,59.970183
2015-06-01,61.400002,61.639999,61.09,61.389999,633900,60.832279
2015-05-29,61.419998,61.689999,61.09,61.299999,575700,60.743096
2015-05-28,61.25,61.599998,61.080002,61.459999,346800,60.901642
2015-05-27,60.900002,61.360001,60.619999,61.259998,653500,60.703459
2015-05-26,61.119999,61.119999,60.189999,60.68,501200,60.12873
2015-05-22,61.130001,61.34,60.759998,61.209999,324400,60.653914
2015-05-21,61.290001,61.529999,60.959999,61.330002,287900,60.772826
2015-05-20,61.220001,61.77,61.16,61.400002,308300,60.84219
2015-05-19,60.990002,61.41,60.779999,61.259998,426300,60.703459
2015-05-18,60.709999,61.400002,60.639999,61.23,559600,60.673732
2015-05-15,60.299999,61.07,60.25,61.00,579200,60.445822
2015-05-14,59.669998,60.27,59.630001,60.27,465000,59.722455
2015-05-13,60.150002,60.400002,59.349998,59.470001,500200,58.929723
2015-05-12,59.77,60.150002,59.279999,59.900002,540100,59.355817
2015-05-11,60.119999,60.919998,59.900002,60.09,627700,59.54409
2015-05-08,60.98,61.400002,59.900002,60.259998,1215900,59.712543
2015-05-07,60.310001,60.77,60.110001,60.290001,572400,59.742273
2015-05-06,60.52,60.799999,59.619999,60.189999,419100,59.64318
2015-05-05,61.59,61.790001,60.220001,60.439999,649700,59.890908
2015-05-04,61.049999,62.380001,61.029999,61.869999,1024400,61.307917
2015-05-01,60.330002,61.009998,60.080002,61.009998,726700,60.45573
2015-04-30,61.43,61.889999,60.200001,60.470001,1113400,59.920638
2015-04-29,61.700001,62.080002,61.279999,61.759998,428100,61.198916
2015-04-28,61.709999,62.389999,61.330002,62.220001,603700,61.65474
2015-04-27,63.549999,63.720001,62.189999,62.310001,673200,61.198917
2015-04-24,62.830002,63.689999,62.580002,63.330002,418300,62.200729
2015-04-23,62.740002,63.209999,62.57,62.880001,785400,61.758752
2015-04-22,62.860001,63.02,62.200001,62.75,444400,61.631069
2015-04-21,63.119999,63.529999,62.349998,62.599998,461400,61.483743
2015-04-20,62.380001,63.759998,62.380001,63.080002,586900,61.955187
