Date,Open,High,Low,Close,Volume,Adj Close
2015-10-15,16.83,17.42,16.77,17.290001,1680100,17.290001
2015-10-14,17.030001,17.08,16.68,16.74,2180500,16.74
2015-10-13,17.139999,17.50,17.030001,17.07,1397300,17.07
2015-10-12,17.35,17.469999,17.08,17.32,1283400,17.32
2015-10-09,17.040001,17.42,16.77,17.379999,2888800,17.379999
2015-10-08,16.540001,17.09,16.52,16.950001,2056600,16.950001
2015-10-07,16.02,16.639999,15.89,16.57,2337900,16.57
2015-10-06,15.51,16.10,15.42,15.86,2471100,15.86
2015-10-05,14.90,15.51,14.81,15.51,1888000,15.51
2015-10-02,14.21,14.80,14.04,14.76,1727600,14.76
2015-10-01,14.30,14.54,14.14,14.35,1551700,14.35
2015-09-30,14.32,14.57,13.96,14.24,2638600,14.24
2015-09-29,14.30,14.48,13.94,14.19,2252200,14.19
2015-09-28,15.16,15.25,14.26,14.30,2315800,14.30
2015-09-25,15.37,15.37,15.07,15.26,1521900,15.26
2015-09-24,14.97,15.28,14.83,15.20,1582200,15.20
2015-09-23,15.25,15.35,15.01,15.12,1648900,15.12
2015-09-22,15.59,15.62,15.15,15.29,2531900,15.29
2015-09-21,16.040001,16.200001,15.76,15.78,2710700,15.78
2015-09-18,16.469999,16.540001,15.72,15.88,2836000,15.88
2015-09-17,16.559999,16.85,16.48,16.68,2049100,16.68
2015-09-16,16.84,16.84,16.469999,16.549999,1619000,16.549999
2015-09-15,16.43,16.790001,16.280001,16.780001,1371000,16.780001
2015-09-14,16.58,16.620001,16.32,16.459999,736300,16.459999
2015-09-11,16.26,16.559999,16.26,16.540001,1495700,16.540001
2015-09-10,16.34,16.629999,16.200001,16.459999,1522500,16.459999
2015-09-09,16.66,16.82,16.360001,16.379999,1446700,16.379999
2015-09-08,16.65,16.67,16.24,16.50,2041500,16.50
2015-09-04,16.059999,16.73,15.82,16.309999,2735400,16.309999
2015-09-03,15.94,16.34,15.88,16.129999,1142400,16.129999
2015-09-02,16.18,16.190001,15.56,15.88,1784700,15.88
2015-09-01,16.139999,16.309999,15.89,15.97,1792800,15.97
2015-08-31,16.17,16.74,16.139999,16.440001,2722300,16.440001
2015-08-28,16.08,16.370001,15.92,16.370001,2018500,16.370001
2015-08-27,15.98,16.469999,15.85,16.120001,2888500,16.120001
2015-08-26,15.52,15.85,14.98,15.82,3615400,15.82
2015-08-25,16.08,16.110001,15.25,15.26,2431000,15.26
2015-08-24,15.16,16.25,15.02,15.59,2758500,15.59
2015-08-21,15.85,16.26,15.68,16.10,2849800,16.10
2015-08-20,16.639999,16.860001,16.190001,16.27,2493100,16.27
2015-08-19,17.07,17.09,16.540001,16.82,1962900,16.82
2015-08-18,17.059999,17.540001,16.940001,17.16,3320100,17.16
2015-08-17,16.549999,17.08,16.49,17.02,1524000,17.02
2015-08-14,16.00,16.66,15.96,16.620001,1629100,16.620001
2015-08-13,16.32,16.389999,15.94,16.049999,901700,16.049999
2015-08-12,16.110001,16.52,16.049999,16.389999,1534200,16.389999
2015-08-11,16.42,16.51,16.139999,16.24,2116000,16.24
2015-08-10,15.98,16.74,15.95,16.59,2110200,16.59
2015-08-07,15.75,15.99,15.44,15.86,2602700,15.86
2015-08-06,15.65,15.85,15.51,15.81,1704000,15.81
2015-08-05,15.71,15.99,15.40,15.60,2184900,15.60
2015-08-04,14.26,16.110001,14.05,15.71,4059700,15.71
2015-08-03,14.77,15.21,14.53,15.04,5534500,15.04
2015-07-31,14.65,14.80,14.58,14.74,2124500,14.74
2015-07-30,14.36,14.66,14.32,14.62,1456800,14.62
2015-07-29,14.34,14.57,14.16,14.44,1637900,14.44
2015-07-28,14.27,14.52,14.07,14.40,1794700,14.40
2015-07-27,14.38,14.58,14.13,14.21,2259800,14.21
2015-07-24,15.00,15.07,14.46,14.49,2775900,14.49
2015-07-23,15.20,15.32,15.00,15.03,1942600,15.03
2015-07-22,15.38,15.61,15.17,15.17,2603800,15.17
2015-07-21,15.69,15.78,15.31,15.43,1870200,15.43
2015-07-20,15.95,15.96,15.62,15.74,1358100,15.74
2015-07-17,15.89,16.059999,15.82,15.94,1848900,15.94
2015-07-16,16.110001,16.280001,15.90,15.93,1311900,15.93
2015-07-15,16.41,16.459999,15.95,15.97,1987500,15.97
2015-07-14,16.389999,16.51,16.33,16.41,874400,16.41
2015-07-13,16.50,16.639999,16.32,16.40,1368300,16.40
2015-07-10,16.309999,16.49,16.27,16.41,1096700,16.41
2015-07-09,16.49,16.540001,16.110001,16.129999,1172200,16.129999
2015-07-08,16.719999,16.76,16.17,16.280001,1903600,16.280001
2015-07-07,16.76,16.870001,16.41,16.870001,1344000,16.870001
2015-07-06,16.709999,17.09,16.66,16.799999,1013200,16.799999
2015-07-02,16.90,17.049999,16.809999,16.84,1063800,16.84
2015-07-01,17.190001,17.190001,16.85,16.879999,1541900,16.879999
2015-06-30,16.940001,17.110001,16.83,17.030001,1656100,17.030001
2015-06-29,17.33,17.49,16.76,16.77,1488600,16.77
2015-06-26,17.42,17.66,17.389999,17.459999,2184500,17.459999
2015-06-25,17.139999,17.379999,17.129999,17.34,1047900,17.34
2015-06-24,17.32,17.32,16.950001,17.049999,1907800,17.049999
2015-06-23,17.57,17.60,17.27,17.309999,1159200,17.309999
2015-06-22,17.469999,17.559999,17.24,17.549999,2058600,17.549999
2015-06-19,17.51,17.530001,17.34,17.42,2730900,17.42
2015-06-18,17.77,17.889999,17.41,17.43,2819200,17.43
2015-06-17,17.65,17.77,17.42,17.690001,2256200,17.690001
2015-06-16,17.530001,17.629999,17.48,17.610001,1308700,17.610001
2015-06-15,17.610001,17.610001,17.35,17.559999,2223800,17.559999
2015-06-12,17.639999,17.75,17.540001,17.68,1133700,17.68
2015-06-11,17.690001,17.75,17.559999,17.68,1331800,17.68
2015-06-10,17.129999,17.73,17.129999,17.65,3303800,17.65
2015-06-09,17.360001,17.41,16.959999,17.01,2042500,17.01
2015-06-08,17.50,17.540001,17.309999,17.360001,1403300,17.360001
2015-06-05,17.559999,17.700001,17.469999,17.530001,2590800,17.530001
2015-06-04,17.790001,17.85,17.389999,17.50,2134400,17.50
2015-06-03,17.92,17.98,17.690001,17.860001,3381500,17.860001
2015-06-02,18.10,18.18,17.77,17.860001,2806800,17.860001
2015-06-01,18.139999,18.389999,17.799999,18.16,2845800,18.16
2015-05-29,18.40,18.48,17.889999,18.09,2652500,18.09
2015-05-28,18.309999,18.50,18.24,18.469999,1430700,18.469999
2015-05-27,18.24,18.639999,18.16,18.389999,2119800,18.389999
2015-05-26,18.25,18.459999,18.110001,18.209999,1603300,18.209999
2015-05-22,18.16,18.49,18.139999,18.35,1493100,18.35
2015-05-21,17.959999,18.33,17.940001,18.18,2297900,18.18
2015-05-20,18.219999,18.440001,17.860001,18.059999,2323500,18.059999
2015-05-19,18.059999,18.43,18.00,18.24,3934900,18.24
2015-05-18,17.48,17.98,17.43,17.959999,2935800,17.959999
2015-05-15,17.32,17.50,17.23,17.48,1439300,17.48
2015-05-14,17.120001,17.35,16.879999,17.34,1506400,17.34
2015-05-13,16.93,17.190001,16.93,17.01,2025900,17.01
2015-05-12,16.85,17.040001,16.629999,16.90,2390300,16.90
2015-05-11,16.959999,17.030001,16.83,16.92,1748000,16.92
2015-05-08,17.00,17.18,16.74,16.959999,3885300,16.959999
2015-05-07,16.91,16.950001,16.48,16.780001,4023200,16.780001
2015-05-06,16.82,17.08,16.49,17.00,5539900,17.00
2015-05-05,16.870001,17.42,16.780001,17.18,6462200,17.18
2015-05-04,16.059999,16.65,16.00,16.299999,5533500,16.299999
2015-05-01,15.27,16.040001,14.88,15.96,4613500,15.96
2015-04-30,15.68,15.71,15.21,15.24,3413900,15.24
2015-04-29,15.90,16.08,15.69,15.75,1957800,15.75
2015-04-28,16.030001,16.120001,15.67,15.98,2111100,15.98
2015-04-27,16.17,16.35,15.97,16.07,1516600,16.07
2015-04-24,15.76,16.129999,15.58,16.120001,2288600,16.120001
2015-04-23,15.67,15.82,15.59,15.75,1184800,15.75
2015-04-22,15.59,15.82,15.58,15.72,1405300,15.72
2015-04-21,15.59,15.64,15.48,15.58,2149400,15.58
2015-04-20,15.78,15.89,15.50,15.58,1323900,15.58
