Date,Open,High,Low,Close,Volume,Adj Close
2015-10-15,67.75,68.400002,66.019997,67.459999,2428200,67.459999
2015-10-14,64.580002,68.269997,64.110001,67.290001,3614500,67.290001
2015-10-13,65.790001,66.379997,64.580002,64.629997,1683700,64.629997
2015-10-12,66.449997,67.080002,66.099998,66.480003,788200,66.480003
2015-10-09,66.900002,67.489998,66.290001,66.470001,1174600,66.470001
2015-10-08,65.910004,67.360001,65.43,67.309998,1395600,67.309998
2015-10-07,65.989998,67.110001,65.099998,66.559998,2509900,66.559998
2015-10-06,65.019997,65.540001,64.260002,65.25,2160200,65.25
2015-10-05,64.330002,66.029999,64.209999,65.419998,2579400,65.419998
2015-10-02,63.34,65.709999,63.220001,65.68,2298700,65.68
2015-10-01,65.279999,66.629997,63.220001,64.440002,3168900,64.440002
2015-09-30,63.630001,65.510002,63.619999,65.330002,2564100,65.330002
2015-09-29,62.049999,63.509998,61.650002,62.860001,3133500,62.860001
2015-09-28,62.73,63.18,61.77,61.77,2390800,61.77
2015-09-25,64.690002,65.18,62.560001,63.080002,3344800,63.080002
2015-09-24,63.09,63.900002,61.200001,63.389999,4352800,63.389999
2015-09-23,65.540001,65.82,63.619999,63.689999,3310200,63.689999
2015-09-22,66.809998,67.029999,65.169998,65.639999,4030500,65.639999
2015-09-21,71.529999,71.529999,67.43,68.07,3602000,68.07
2015-09-18,71.589996,72.459999,70.93,71.220001,1964200,71.220001
2015-09-17,74.139999,74.139999,72.440002,72.639999,1733100,72.639999
2015-09-16,73.989998,74.919998,73.599998,74.760002,1135800,74.760002
2015-09-15,72.940002,74.309998,72.169998,74.019997,1457900,74.019997
2015-09-14,72.169998,72.690002,71.860001,72.50,1814500,72.50
2015-09-11,70.919998,71.900002,70.300003,71.830002,1508000,71.830002
2015-09-10,70.550003,72.93,70.43,71.900002,1782100,71.900002
2015-09-09,73.040001,73.720001,70.440002,70.589996,1911700,70.589996
2015-09-08,71.190002,72.93,71.190002,72.629997,1823300,72.629997
2015-09-04,70.260002,70.989998,69.599998,69.75,1880600,69.75
2015-09-03,72.010002,72.769997,71.279999,71.75,1582400,71.449998
2015-09-02,70.970001,71.129997,69.629997,71.099998,1208900,70.802715
2015-09-01,70.830002,72.019997,69.160004,69.559998,1988100,69.269153
2015-08-31,72.599998,73.410004,71.889999,72.769997,1182100,72.46573
2015-08-28,72.739998,73.970001,72.290001,72.919998,1604600,72.615105
2015-08-27,71.559998,73.580002,71.199997,73.110001,3066400,72.804313
2015-08-26,69.769997,70.900002,67.82,70.75,2756400,70.45418
2015-08-25,70.25,70.93,67.400002,67.400002,3503800,67.118188
2015-08-24,66.339996,70.669998,62.849998,67.32,3211400,67.038521
2015-08-21,70.25,71.879997,69.699997,69.75,2915700,69.458361
2015-08-20,71.730003,71.93,70.830002,71.019997,2586700,70.723047
2015-08-19,72.25,73.389999,71.459999,72.410004,1907800,72.107243
2015-08-18,74.57,74.720001,72.040001,72.269997,1971300,71.967821
2015-08-17,72.610001,74.529999,72.199997,74.389999,1981600,74.078959
2015-08-14,71.889999,73.550003,70.809998,72.709999,3861900,72.405984
2015-08-13,72.75,73.400002,71.93,72.010002,1908600,71.708913
2015-08-12,71.949997,73.059998,70.809998,72.610001,2495300,72.306403
2015-08-11,74.25,74.440002,72.879997,73.00,2035800,72.694772
2015-08-10,73.339996,75.18,72.93,74.870003,2071700,74.556956
2015-08-07,72.150002,72.43,71.370003,72.419998,1765600,72.117195
2015-08-06,74.419998,74.419998,72.290001,72.519997,1951800,72.216776
2015-08-05,73.440002,74.580002,73.290001,74.050003,2213800,73.740385
2015-08-04,74.440002,75.870003,72.879997,73.089996,3507400,72.784392
2015-08-03,76.709999,76.879997,75.330002,75.739998,2646800,75.423313
2015-07-31,78.959999,79.779999,76.510002,76.870003,2513800,76.548593
2015-07-30,78.440002,80.870003,78.339996,78.57,3393900,78.241482
2015-07-29,78.120003,78.120003,75.970001,77.669998,2977800,77.345244
2015-07-28,75.699997,78.290001,74.779999,77.75,2323200,77.424911
2015-07-27,74.82,75.910004,73.809998,75.449997,1553300,75.134525
2015-07-24,76.93,77.129997,74.879997,75.449997,1705300,75.134525
2015-07-23,76.699997,78.099998,76.419998,77.019997,1239700,76.69796
2015-07-22,76.559998,76.879997,75.059998,76.480003,1419800,76.160225
2015-07-21,77.00,78.230003,76.839996,77.370003,1267400,77.046503
2015-07-20,77.93,78.230003,76.980003,77.080002,970200,76.757714
2015-07-17,77.510002,77.540001,76.900002,77.260002,1661400,76.936962
2015-07-16,79.339996,79.589996,75.510002,77.349998,3876800,77.026582
2015-07-15,79.879997,80.25,78.75,79.489998,2004700,79.157634
2015-07-14,79.50,80.730003,78.099998,79.849998,3867000,79.516129
2015-07-13,79.00,79.779999,77.959999,79.269997,2220000,78.938552
2015-07-10,78.230003,78.889999,77.669998,78.529999,1825800,78.201649
2015-07-09,79.849998,80.370003,77.589996,77.629997,1849300,77.30541
2015-07-08,79.559998,79.980003,77.739998,77.949997,2307200,77.624072
2015-07-07,80.889999,80.959999,77.730003,80.160004,2864300,79.824838
2015-07-06,82.220001,83.480003,80.879997,81.139999,3065200,80.800736
2015-07-02,82.449997,83.300003,81.940002,83.230003,1520300,82.882002
2015-07-01,82.919998,84.129997,81.82,82.269997,1843600,81.926009
2015-06-30,81.199997,82.120003,80.839996,81.349998,1707600,81.009857
2015-06-29,81.830002,82.07,79.959999,80.199997,1688600,79.864664
2015-06-26,83.239998,84.260002,82.370003,82.860001,3109600,82.513546
2015-06-25,83.610001,84.339996,83.199997,83.730003,1457900,83.379911
2015-06-24,83.589996,83.889999,82.970001,83.209999,1089900,82.862081
2015-06-23,83.629997,84.239998,83.339996,83.779999,1204000,83.429697
2015-06-22,83.769997,84.230003,82.790001,83.669998,1120500,83.320157
2015-06-19,83.989998,84.389999,83.190002,83.230003,1809100,82.882002
2015-06-18,82.620003,84.150002,82.519997,83.870003,1511400,83.519325
2015-06-17,82.059998,82.959999,81.93,82.25,1882400,81.906096
2015-06-16,81.160004,82.589996,80.970001,82.550003,1418300,82.204844
2015-06-15,80.910004,81.290001,79.529999,81.260002,2447400,80.920237
2015-06-12,82.029999,82.300003,81.220001,81.459999,1044200,81.119398
2015-06-11,83.00,83.379997,82.220001,82.540001,1032600,82.194884
2015-06-10,82.550003,82.839996,82.019997,82.639999,1172400,82.294465
2015-06-09,82.040001,82.629997,80.690002,81.980003,1946000,81.637228
2015-06-08,84.00,84.010002,81.970001,82.25,1418900,81.906096
2015-06-05,83.07,83.699997,82.199997,83.440002,1086300,82.79238
2015-06-04,82.889999,83.459999,82.309998,82.970001,1452100,82.326026
2015-06-03,83.50,83.919998,82.93,83.519997,2174200,82.871753
2015-06-02,82.93,84.019997,82.300003,83.279999,2132000,82.633618
2015-06-01,82.769997,83.769997,82.290001,83.389999,2973400,82.742765
2015-05-29,82.379997,83.150002,81.900002,82.25,1968700,81.611613
2015-05-28,82.610001,83.349998,82.099998,82.379997,1259600,81.740602
2015-05-27,80.57,82.93,80.330002,82.660004,2630000,82.018435
2015-05-26,80.709999,81.550003,79.940002,80.410004,1473000,79.785898
2015-05-22,80.989998,81.989998,80.980003,81.080002,1585600,80.450696
2015-05-21,80.32,81.410004,80.019997,81.230003,1178300,80.599534
2015-05-20,80.779999,81.18,80.110001,80.360001,1425700,79.736283
2015-05-19,80.029999,82.419998,80.00,80.779999,2439900,80.153022
2015-05-18,79.410004,79.75,78.769997,79.459999,1303200,78.843267
2015-05-15,78.660004,79.529999,78.50,78.730003,1336800,78.118937
2015-05-14,77.68,78.550003,77.290001,78.25,1678300,77.64266
2015-05-13,76.860001,77.949997,76.860001,77.239998,1387100,76.640497
2015-05-12,77.800003,77.800003,75.839996,76.800003,1431500,76.203917
2015-05-11,77.18,78.790001,76.709999,78.110001,1948300,77.503747
2015-05-08,75.970001,77.150002,75.760002,77.019997,1447800,76.422203
2015-05-07,74.959999,75.760002,74.75,75.449997,1724100,74.864389
2015-05-06,75.779999,76.489998,74.529999,75.199997,1527200,74.616329
2015-05-05,76.599998,76.599998,75.199997,75.599998,1746000,75.013226
2015-05-04,77.199997,77.43,76.760002,76.889999,1109700,76.293215
2015-05-01,76.089996,77.349998,76.010002,77.230003,1484000,76.63058
2015-04-30,76.029999,76.599998,75.019997,75.580002,1638300,74.993385
2015-04-29,75.830002,76.989998,75.769997,76.379997,1795400,75.787171
2015-04-28,76.209999,76.860001,75.330002,76.389999,1727400,75.797096
2015-04-27,77.07,77.830002,76.18,76.330002,2483000,75.737564
2015-04-24,76.769997,77.080002,75.739998,76.699997,2953800,76.104687
2015-04-23,77.489998,78.169998,76.809998,77.080002,2408800,76.481742
2015-04-22,78.440002,78.720001,76.68,78.360001,2843200,77.751806
2015-04-21,80.889999,81.650002,76.489998,77.839996,10181700,77.235838
2015-04-20,71.050003,72.410004,71.00,71.989998,2895400,71.431245
