Date,Open,High,Low,Close,Volume,Adj Close
2015-10-16,64.529999,65.160004,63.689999,63.860001,243400,63.860001
2015-10-15,64.410004,64.690002,63.950001,64.650002,202300,64.650002
2015-10-14,63.529999,64.68,63.509998,64.120003,254600,64.120003
2015-10-13,64.339996,65.089996,63.540001,63.740002,448200,63.740002
2015-10-12,65.519997,65.540001,64.050003,65.010002,542500,65.010002
2015-10-09,64.959999,65.550003,64.25,65.309998,687900,65.309998
2015-10-08,64.209999,64.800003,64.209999,64.639999,481500,64.639999
2015-10-07,64.449997,65.68,64.199997,64.580002,452900,64.580002
2015-10-06,64.599998,64.839996,64.010002,64.290001,298000,64.290001
2015-10-05,63.240002,64.839996,63.240002,64.620003,662700,64.620003
2015-10-02,61.959999,63.259998,61.849998,63.220001,595900,63.220001
2015-10-01,63.349998,63.669998,62.75,62.970001,593500,62.970001
2015-09-30,66.00,66.309998,63.150002,63.470001,1009500,63.470001
2015-09-29,66.080002,66.220001,65.440002,65.860001,500500,65.860001
2015-09-28,67.239998,67.440002,66.089996,66.120003,342700,66.120003
2015-09-25,66.269997,67.599998,66.040001,67.379997,475000,67.379997
2015-09-24,66.650002,66.690002,65.589996,65.82,228000,65.82
2015-09-23,66.860001,67.269997,66.43,67.07,307100,67.07
2015-09-22,68.040001,68.459999,66.709999,66.910004,368000,66.910004
2015-09-21,67.940002,69.129997,67.940002,68.650002,372000,68.650002
2015-09-18,68.110001,69.139999,67.349998,67.669998,565400,67.669998
2015-09-17,68.599998,69.110001,68.599998,68.900002,380800,68.900002
2015-09-16,68.230003,68.919998,67.860001,68.800003,341400,68.800003
2015-09-15,66.970001,68.120003,66.599998,68.07,455100,68.07
2015-09-14,67.050003,67.050003,66.489998,66.809998,265900,66.809998
2015-09-11,67.349998,67.660004,66.849998,67.050003,208700,67.050003
2015-09-10,67.830002,68.239998,67.099998,67.529999,300100,67.529999
2015-09-09,68.300003,68.300003,67.639999,67.800003,341300,67.800003
2015-09-08,67.330002,67.900002,66.610001,67.629997,251500,67.629997
2015-09-04,65.379997,67.25,64.660004,66.519997,637200,66.519997
2015-09-03,65.900002,66.349998,65.699997,66.199997,532600,66.199997
2015-09-02,65.470001,65.650002,64.919998,65.629997,361700,65.629997
2015-09-01,65.150002,65.949997,64.699997,64.879997,440300,64.879997
2015-08-31,65.830002,67.169998,65.629997,66.199997,602500,66.199997
2015-08-28,66.690002,66.900002,65.629997,66.059998,643100,66.059998
2015-08-27,66.650002,67.150002,66.120003,66.870003,642900,66.870003
2015-08-26,66.209999,66.739998,65.089996,66.410004,663900,66.410004
2015-08-25,67.889999,67.889999,65.07,65.129997,634900,65.129997
2015-08-24,65.849998,67.389999,63.709999,66.260002,676300,66.260002
2015-08-21,67.00,67.519997,66.629997,66.790001,952300,66.790001
2015-08-20,68.669998,68.959999,67.620003,67.68,431300,67.68
2015-08-19,69.379997,70.07,68.599998,69.139999,428600,69.139999
2015-08-18,68.879997,70.550003,68.879997,69.57,483200,69.57
2015-08-17,68.839996,68.980003,67.889999,68.940002,416900,68.940002
2015-08-14,68.629997,69.459999,68.629997,69.029999,336500,69.029999
2015-08-13,68.599998,69.510002,68.370003,68.900002,358100,68.900002
2015-08-12,67.510002,68.889999,67.00,68.599998,577700,68.599998
2015-08-11,69.239998,69.660004,68.120003,68.519997,520300,68.519997
2015-08-10,69.730003,70.279999,69.339996,69.57,484100,69.57
2015-08-07,71.309998,72.760002,69.480003,69.629997,513800,69.629997
2015-08-06,72.059998,72.519997,70.959999,71.400002,453300,71.400002
2015-08-05,72.470001,73.519997,71.779999,71.879997,398100,71.799999
2015-08-04,72.260002,72.82,71.889999,72.339996,400800,72.259486
2015-08-03,72.389999,73.290001,71.580002,72.32,408800,72.239512
2015-07-31,73.279999,73.410004,71.980003,72.029999,439200,71.949834
2015-07-30,73.010002,73.370003,69.220001,72.889999,363100,72.808877
2015-07-29,71.150002,73.599998,71.150002,73.160004,773300,73.078581
2015-07-28,70.599998,71.360001,70.199997,70.970001,494000,70.891016
2015-07-27,70.699997,71.349998,69.699997,70.059998,581700,69.982025
2015-07-24,69.18,71.989998,67.970001,70.489998,699200,70.411547
2015-07-23,69.18,69.349998,67.269997,68.32,737700,68.243964
2015-07-22,68.760002,69.489998,68.620003,69.199997,542600,69.122982
2015-07-21,67.400002,68.790001,67.290001,68.699997,475400,68.623538
2015-07-20,67.860001,68.279999,67.470001,67.610001,359300,67.534755
2015-07-17,67.93,68.309998,67.160004,67.650002,223500,67.574711
2015-07-16,67.389999,68.279999,67.370003,67.800003,278600,67.724546
2015-07-15,68.32,68.43,67.169998,67.389999,334200,67.314999
2015-07-14,68.760002,68.989998,68.040001,68.07,344700,67.994242
2015-07-13,68.43,69.040001,67.900002,68.980003,409300,68.903233
2015-07-10,67.489998,68.019997,67.489998,67.800003,282200,67.724546
2015-07-09,67.559998,68.129997,67.169998,67.279999,206200,67.20512
2015-07-08,67.18,67.519997,66.470001,67.169998,455700,67.095242
2015-07-07,67.279999,67.849998,66.629997,67.620003,366400,67.544746
2015-07-06,67.580002,68.230003,66.93,66.970001,305400,66.895468
2015-07-02,67.919998,68.120003,67.330002,67.980003,231700,67.904346
2015-07-01,67.529999,68.169998,67.279999,67.940002,442600,67.864389
2015-06-30,66.830002,67.68,66.589996,66.870003,293400,66.795581
2015-06-29,66.669998,67.550003,66.519997,66.599998,316900,66.525877
2015-06-26,67.129997,67.419998,66.860001,67.150002,319300,67.075268
2015-06-25,66.860001,67.290001,66.589996,67.110001,504300,67.035311
2015-06-24,68.059998,68.059998,66.470001,66.760002,348000,66.685702
2015-06-23,67.849998,68.339996,67.739998,67.940002,300000,67.864389
2015-06-22,67.910004,68.279999,67.639999,68.080002,189600,68.004233
2015-06-19,68.190002,69.120003,67.440002,67.459999,330700,67.38492
2015-06-18,66.540001,68.260002,66.339996,68.010002,341000,67.934311
2015-06-17,66.669998,67.150002,66.089996,66.57,228500,66.495911
2015-06-16,67.900002,67.900002,66.309998,66.75,311300,66.675711
2015-06-15,66.75,68.019997,65.919998,68.00,383700,67.92432
2015-06-12,67.550003,67.599998,66.870003,66.949997,211900,66.875486
2015-06-11,67.120003,67.860001,66.769997,67.849998,271200,67.774486
2015-06-10,66.50,67.400002,66.059998,67.190002,326700,67.115224
2015-06-09,65.910004,66.440002,65.709999,65.889999,242600,65.816668
2015-06-08,67.099998,67.230003,65.860001,66.00,363700,65.926546
2015-06-05,66.849998,67.190002,65.720001,67.139999,357500,67.065277
2015-06-04,67.839996,67.839996,65.800003,66.360001,797500,66.286146
2015-06-03,65.599998,68.120003,65.599998,67.800003,1012100,67.724546
2015-06-02,65.699997,66.760002,65.080002,66.220001,545800,66.146302
2015-06-01,65.57,66.029999,64.68,65.75,705100,65.676824
2015-05-29,64.440002,65.940002,63.900002,65.400002,1441000,65.327215
2015-05-28,63.259998,64.400002,62.150002,64.269997,802900,64.198468
2015-05-27,62.529999,63.66,62.029999,63.470001,419500,63.399363
2015-05-26,63.349998,63.709999,62.490002,62.549999,327800,62.480385
2015-05-22,63.709999,63.939999,62.709999,63.279999,438100,63.209572
2015-05-21,62.93,63.360001,62.299999,63.220001,334300,63.149641
2015-05-20,63.639999,63.759998,62.57,62.740002,296600,62.670176
2015-05-19,64.709999,64.709999,63.310001,63.470001,303500,63.399363
2015-05-18,63.27,64.510002,63.240002,64.43,294900,64.358294
2015-05-15,62.75,63.459999,62.290001,63.259998,301600,63.189594
2015-05-14,63.040001,63.09,62.279999,62.990002,269100,62.919898
2015-05-13,63.240002,63.549999,62.049999,62.619999,387400,62.550307
2015-05-12,63.360001,63.400002,62.700001,63.139999,218700,63.069728
2015-05-11,63.080002,63.619999,63.080002,63.470001,317700,63.399363
2015-05-08,64.360001,65.019997,63.09,63.18,561600,63.109685
2015-05-07,63.59,64.529999,63.48,64.040001,498000,63.968728
2015-05-06,63.009998,63.639999,62.810001,63.57,329300,63.49925
2015-05-05,62.599998,63.540001,62.599998,62.93,432800,62.859963
2015-05-04,63.619999,64.279999,63.299999,63.869999,332300,63.728993
2015-05-01,62.439999,63.50,62.439999,63.299999,412900,63.160252
2015-04-30,62.48,62.939999,62.07,62.310001,558700,62.17244
2015-04-29,63.00,63.16,62.48,62.639999,486000,62.501709
2015-04-28,64.089996,64.349998,63.360001,63.73,494800,63.589303
2015-04-27,64.279999,64.389999,63.490002,63.93,538800,63.788862
2015-04-24,61.200001,65.50,60.509998,64.489998,755700,64.347624
2015-04-23,64.959999,66.300003,64.639999,65.93,534700,65.784447
2015-04-22,64.580002,65.279999,64.199997,65.260002,286100,65.115928
2015-04-21,65.059998,65.57,64.519997,64.690002,284100,64.547187
2015-04-20,64.580002,65.690002,64.57,64.870003,290500,64.726789
