Date,Open,High,Low,Close,Volume,Adj Close
2015-10-16,40.889999,41.189999,40.110001,40.560001,8179100,40.560001
2015-10-15,40.970001,41.41,40.59,41.240002,5583400,41.240002
2015-10-14,41.18,41.490002,40.509998,40.84,5738300,40.84
2015-10-13,40.82,41.349998,40.57,40.82,7114200,40.82
2015-10-12,39.880001,41.23,39.880001,41.220001,7429000,41.220001
2015-10-09,39.040001,40.360001,38.799999,39.939999,11258500,39.939999
2015-10-08,38.689999,38.98,38.200001,38.759998,7031400,38.759998
2015-10-07,38.049999,38.82,37.57,38.709999,7279800,38.709999
2015-10-06,39.259998,39.419998,37.919998,38.00,8233500,38.00
2015-10-05,38.650002,39.459999,38.50,39.299999,5879400,39.299999
2015-10-02,37.939999,38.389999,37.00,38.380001,7011800,38.380001
2015-10-01,37.82,38.459999,37.560001,38.41,6056800,38.41
2015-09-30,38.110001,38.450001,37.450001,38.040001,7184400,38.040001
2015-09-29,37.450001,37.970001,37.130001,37.68,5564300,37.68
2015-09-28,37.810001,38.139999,36.950001,37.450001,8379400,37.450001
2015-09-25,38.50,38.630001,37.830002,38.09,5324200,38.09
2015-09-24,38.16,38.490002,37.75,38.169998,5205400,38.169998
2015-09-23,38.419998,38.75,38.099998,38.580002,4772600,38.580002
2015-09-22,39.009998,39.240002,38.07,38.240002,6915600,38.240002
2015-09-21,39.490002,39.869999,39.07,39.380001,6241400,39.380001
2015-09-18,39.349998,39.779999,38.830002,39.470001,9792800,39.470001
2015-09-17,39.299999,40.00,39.200001,39.490002,5450200,39.490002
2015-09-16,38.759998,39.459999,38.50,39.139999,6382400,39.139999
2015-09-15,38.98,39.119999,38.509998,38.900002,5905300,38.900002
2015-09-14,38.529999,39.049999,38.459999,38.869999,5445500,38.869999
2015-09-11,38.18,38.77,38.099998,38.540001,7214200,38.540001
2015-09-10,38.400002,38.990002,38.18,38.360001,5761300,38.360001
2015-09-09,38.439999,38.93,37.740002,38.299999,7330000,38.299999
2015-09-08,37.779999,38.32,37.68,38.110001,6152300,38.110001
2015-09-04,36.849998,37.720001,36.740002,37.23,5651100,37.23
2015-09-03,37.900002,38.169998,37.32,37.43,6184500,37.43
2015-09-02,36.93,37.73,36.689999,37.720001,10250400,37.720001
2015-09-01,36.169998,36.779999,36.00,36.360001,8740900,36.360001
2015-08-31,37.07,37.599998,36.57,36.700001,6900300,36.700001
2015-08-28,37.369999,37.73,36.799999,37.099998,6927500,37.099998
2015-08-27,37.779999,38.09,36.580002,37.310001,10377500,37.310001
2015-08-26,37.549999,37.619999,35.889999,37.389999,15007300,37.389999
2015-08-25,38.34,38.34,36.52,36.52,9114600,36.52
2015-08-24,35.189999,38.18,32.939999,37.209999,11426400,37.209999
2015-08-21,38.619999,39.040001,37.82,37.91,14464800,37.91
2015-08-20,39.799999,40.150002,38.939999,39.060001,8649500,39.060001
2015-08-19,39.900002,40.849998,39.77,40.450001,8787300,40.450001
2015-08-18,40.650002,40.869999,39.970001,40.189999,6805000,40.189999
2015-08-17,39.299999,40.700001,39.07,40.450001,9333100,40.375002
2015-08-14,38.900002,39.41,38.709999,39.360001,5717400,39.287022
2015-08-13,38.919998,39.27,38.330002,38.970001,7180100,38.897746
2015-08-12,37.970001,38.860001,36.84,38.68,8952600,38.608283
2015-08-11,37.630001,38.889999,37.630001,38.360001,9349000,38.288877
2015-08-10,37.950001,38.490002,37.700001,37.790001,6916300,37.719934
2015-08-07,37.630001,38.25,37.279999,37.580002,7381900,37.510324
2015-08-06,37.990002,38.50,37.43,37.810001,7093800,37.739897
2015-08-05,38.029999,38.16,37.669998,37.889999,7188700,37.819747
2015-08-04,37.830002,38.369999,37.48,37.93,9204200,37.859673
2015-08-03,36.66,37.84,36.540001,37.529999,9904600,37.460414
2015-07-31,36.459999,36.509998,35.860001,36.200001,5307700,36.132882
2015-07-30,35.900002,36.540001,35.82,36.310001,9055700,36.242678
2015-07-29,36.040001,36.169998,35.200001,35.52,5287100,35.454142
2015-07-28,35.34,36.220001,35.060001,36.060001,9830200,35.993142
2015-07-27,34.82,35.310001,34.330002,35.09,8717600,35.024939
2015-07-24,36.869999,36.869999,34.939999,35.00,10687700,34.935106
2015-07-23,37.59,38.700001,36.279999,36.48,15720500,36.412361
2015-07-22,34.689999,35.200001,34.52,35.119999,7572800,35.054882
2015-07-21,34.310001,34.73,34.220001,34.709999,6094500,34.645643
2015-07-20,34.900002,34.950001,34.25,34.310001,4810900,34.246386
2015-07-17,34.580002,35.209999,34.419998,34.759998,8699100,34.695549
2015-07-16,34.130001,34.82,33.84,34.57,8272600,34.505903
2015-07-15,33.509998,34.200001,33.27,33.919998,8498000,33.857106
2015-07-14,33.689999,34.060001,33.23,33.860001,7441200,33.79722
2015-07-13,34.869999,34.900002,33.880001,33.93,9942500,33.86709
2015-07-10,33.16,34.02,33.130001,33.830002,9102800,33.767277
2015-07-09,32.790001,32.889999,32.459999,32.52,8008900,32.459704
2015-07-08,32.959999,33.09,32.310001,32.360001,6700600,32.300001
2015-07-07,33.290001,33.619999,32.68,33.41,8259600,33.348054
2015-07-06,32.470001,33.16,32.389999,33.029999,9842600,32.968757
2015-07-02,32.740002,33.029999,32.25,32.509998,9447000,32.449721
2015-07-01,33.860001,33.970001,31.360001,32.619999,17940200,32.559517
2015-06-30,33.560001,33.75,33.09,33.09,10601600,33.028647
2015-06-29,33.720001,34.220001,33.16,33.18,6423600,33.118481
2015-06-26,34.599998,34.849998,34.279999,34.32,7406100,34.256366
2015-06-25,34.549999,35.02,34.450001,34.490002,5939300,34.426053
2015-06-24,34.529999,34.68,34.18,34.349998,7059900,34.286309
2015-06-23,34.810001,35.029999,34.490002,34.580002,8032700,34.515886
2015-06-22,34.709999,35.009998,34.599998,34.790001,7638800,34.725496
2015-06-19,33.919998,34.32,33.700001,34.220001,14482800,34.156553
2015-06-18,33.040001,33.91,33.02,33.860001,11884700,33.79722
2015-06-17,33.82,34.200001,33.529999,33.84,7515400,33.777257
2015-06-16,34.18,34.389999,33.560001,33.91,8300600,33.847127
2015-06-15,34.709999,34.75,34.119999,34.189999,10169300,34.126606
2015-06-12,34.540001,35.290001,34.360001,35.00,9808000,34.935106
2015-06-11,34.759998,35.099998,34.509998,34.700001,8612200,34.635663
2015-06-10,34.419998,35.119999,34.330002,34.450001,17768400,34.386126
2015-06-09,35.169998,35.220001,33.82,34.59,33278400,34.525866
2015-06-08,36.889999,37.09,35.799999,36.110001,11017700,36.043048
2015-06-05,37.279999,37.48,36.869999,37.169998,7162200,37.10108
2015-06-04,37.560001,38.200001,37.099998,37.32,9341600,37.250804
2015-06-03,37.849998,38.150002,37.470001,37.720001,6945500,37.650064
2015-06-02,37.299999,38.299999,37.189999,37.82,12634700,37.749877
2015-06-01,37.110001,38.25,36.560001,37.849998,16136400,37.77982
2015-05-29,36.75,37.310001,36.419998,37.049999,9649000,36.906443
2015-05-28,36.900002,36.959999,36.369999,36.810001,9324900,36.667375
2015-05-27,36.130001,36.990002,36.110001,36.990002,12013300,36.846678
2015-05-26,37.189999,37.189999,35.540001,36.00,16384700,35.860512
2015-05-22,37.32,37.529999,36.610001,36.860001,11237900,36.717181
2015-05-21,37.459999,37.799999,37.049999,37.23,14993600,37.085746
2015-05-20,40.450001,40.470001,37.150002,37.189999,30351200,37.0459
2015-05-19,42.299999,42.400002,40.849998,40.91,9519600,40.751488
2015-05-18,41.93,42.259998,41.68,42.139999,4147000,41.976721
2015-05-15,42.330002,42.48,41.799999,41.889999,4706400,41.72769
2015-05-14,41.540001,42.25,41.389999,42.119999,5154200,41.956798
2015-05-13,42.59,42.950001,41.16,41.27,8717300,41.110093
2015-05-12,42.639999,42.639999,42.00,42.25,4428400,42.086296
2015-05-11,42.950001,43.290001,42.720001,43.02,5081900,42.853313
2015-05-08,42.630001,43.450001,42.580002,43.23,7417500,43.062498
2015-05-07,41.110001,42.18,41.110001,42.099998,6493200,41.936875
2015-05-06,40.360001,41.220001,39.720001,40.880001,6719600,40.721605
2015-05-05,41.119999,41.509998,40.490002,40.529999,6285900,40.372959
2015-05-04,42.57,42.720001,41.75,41.830002,5539200,41.667925
2015-05-01,40.830002,42.700001,40.830002,42.599998,7753100,42.434938
2015-04-30,40.560001,41.48,40.380001,40.560001,6492100,40.402845
2015-04-29,41.650002,41.810001,40.099998,40.950001,7815200,40.791333
2015-04-28,42.139999,42.450001,41.34,41.889999,5913300,41.72769
2015-04-27,43.439999,43.48,42.25,42.290001,5231600,42.126142
2015-04-24,43.299999,43.669998,42.82,43.490002,6348900,43.321493
2015-04-23,43.349998,44.189999,43.18,43.259998,9045300,43.092381
2015-04-22,43.02,43.150002,42.619999,42.849998,5756200,42.683969
2015-04-21,42.709999,43.139999,42.439999,43.029999,4417200,42.863272
2015-04-20,42.23,42.599998,41.73,42.57,5606900,42.405055
