Date,Open,High,Low,Close,Volume,Adj Close
2015-10-16,25.879999,26.049999,25.74,25.889999,384200,25.889999
2015-10-15,25.629999,25.90,25.360001,25.879999,469800,25.879999
2015-10-14,25.469999,25.85,25.34,25.52,652600,25.52
2015-10-13,25.530001,25.82,25.209999,25.41,777900,25.41
2015-10-12,25.959999,25.959999,25.59,25.610001,611000,25.610001
2015-10-09,25.91,26.09,25.74,25.940001,585200,25.940001
2015-10-08,25.84,26.09,25.49,25.92,965800,25.92
2015-10-07,25.559999,25.93,25.26,25.66,924300,25.66
2015-10-06,25.280001,25.68,25.280001,25.43,1103200,25.43
2015-10-05,24.75,25.309999,24.639999,25.25,1391900,25.25
2015-10-02,23.73,24.60,23.459999,24.60,682800,24.60
2015-10-01,24.030001,24.299999,23.790001,24.09,868700,24.09
2015-09-30,23.84,24.110001,23.620001,24.040001,887500,24.040001
2015-09-29,23.950001,24.01,23.34,23.58,1265400,23.58
2015-09-28,24.35,24.50,23.959999,24.01,1224000,24.01
2015-09-25,24.860001,24.860001,24.190001,24.379999,897800,24.379999
2015-09-24,24.93,24.93,24.48,24.690001,1014000,24.690001
2015-09-23,25.290001,25.40,24.98,25.10,688600,25.10
2015-09-22,25.27,25.530001,24.91,25.200001,721600,25.200001
2015-09-21,25.67,25.940001,25.459999,25.59,970600,25.59
2015-09-18,25.41,25.84,25.299999,25.530001,1567300,25.530001
2015-09-17,25.68,25.98,25.60,25.74,846000,25.74
2015-09-16,25.42,25.74,25.34,25.66,389400,25.66
2015-09-15,25.129999,25.35,25.059999,25.34,500600,25.34
2015-09-14,25.030001,25.09,24.940001,25.049999,592400,25.049999
2015-09-11,24.77,25.040001,24.559999,25.030001,644800,25.030001
2015-09-10,25.049999,25.18,24.75,24.879999,822300,24.879999
2015-09-09,25.700001,25.809999,24.92,25.01,1436800,25.01
2015-09-08,25.139999,25.440001,24.90,25.42,876000,25.42
2015-09-04,24.370001,24.870001,24.370001,24.700001,870200,24.700001
2015-09-03,24.440001,24.959999,24.40,24.73,988000,24.73
2015-09-02,24.209999,24.34,23.73,24.34,853200,24.34
2015-09-01,24.219999,24.440001,23.85,23.99,974200,23.99
2015-08-31,24.75,24.91,24.51,24.620001,701000,24.620001
2015-08-28,24.700001,25.040001,24.629999,24.799999,839500,24.799999
2015-08-27,24.629999,25.01,24.389999,24.85,1270600,24.85
2015-08-26,24.440001,24.450001,23.73,24.26,2415900,24.26
2015-08-25,24.610001,24.65,23.92,23.940001,1428500,23.940001
2015-08-24,23.15,24.309999,22.639999,23.98,2422800,23.98
2015-08-21,25.190001,25.24,24.360001,24.379999,2109200,24.379999
2015-08-20,25.41,25.49,24.93,25.379999,2119900,25.379999
2015-08-19,26.139999,26.139999,25.639999,25.74,707500,25.74
2015-08-18,26.459999,26.540001,26.120001,26.24,729900,26.24
2015-08-17,26.200001,26.620001,26.059999,26.559999,1385100,26.559999
2015-08-14,26.25,26.35,26.030001,26.299999,878500,26.299999
2015-08-13,25.959999,26.309999,25.870001,26.24,838800,26.24
2015-08-12,25.209999,25.879999,25.17,25.799999,1221500,25.799999
2015-08-11,25.25,26.049999,25.07,25.540001,2312500,25.540001
2015-08-10,25.440001,25.870001,25.290001,25.76,1158000,25.76
2015-08-07,25.110001,25.43,24.92,25.200001,745300,25.200001
2015-08-06,25.58,25.58,24.67,25.24,919000,25.24
2015-08-05,26.459999,26.459999,25.51,25.540001,761900,25.540001
2015-08-04,26.280001,26.51,26.02,26.23,701000,26.23
2015-08-03,26.25,26.52,26.040001,26.25,559600,26.25
2015-07-31,26.17,26.33,26.01,26.219999,481400,26.219999
2015-07-30,26.110001,26.40,25.870001,26.120001,642400,26.120001
2015-07-29,26.07,26.26,25.709999,26.209999,545900,26.209999
2015-07-28,25.610001,26.09,25.26,26.059999,883500,26.059999
2015-07-27,25.709999,25.719999,25.299999,25.52,943500,25.52
2015-07-24,26.16,26.360001,25.75,25.889999,600900,25.889999
2015-07-23,26.40,26.690001,26.15,26.190001,660800,26.190001
2015-07-22,26.09,26.50,26.07,26.26,690800,26.26
2015-07-21,26.780001,27.049999,26.219999,26.23,524900,26.23
2015-07-20,26.879999,26.879999,26.450001,26.76,572600,26.76
2015-07-17,27.26,27.35,26.620001,26.76,969600,26.76
2015-07-16,27.280001,27.32,27.01,27.32,526900,27.32
2015-07-15,27.68,27.68,27.01,27.049999,675900,27.049999
2015-07-14,27.49,27.74,27.18,27.629999,551200,27.629999
2015-07-13,27.139999,27.459999,27.120001,27.41,664000,27.41
2015-07-10,26.83,27.02,26.67,26.91,782200,26.91
2015-07-09,26.790001,26.790001,26.440001,26.540001,749100,26.540001
2015-07-08,26.809999,26.809999,26.27,26.40,877200,26.40
2015-07-07,27.17,27.25,26.379999,26.92,1000100,26.92
2015-07-06,27.299999,27.60,27.040001,27.09,1605000,27.09
2015-07-02,27.719999,27.860001,27.370001,27.57,822500,27.57
2015-07-01,27.76,27.91,27.459999,27.59,990100,27.59
2015-06-30,27.84,27.84,27.290001,27.49,979200,27.49
2015-06-29,28.190001,28.41,27.559999,27.58,957100,27.58
2015-06-26,29.07,29.110001,28.540001,28.58,1979500,28.58
2015-06-25,29.059999,29.129999,28.799999,29.00,709600,29.00
2015-06-24,29.129999,29.17,28.879999,28.92,554600,28.92
2015-06-23,29.08,29.17,28.93,29.16,601900,29.16
2015-06-22,28.969999,29.040001,28.90,29.00,678900,29.00
2015-06-19,28.959999,28.959999,28.67,28.73,755600,28.73
2015-06-18,28.75,29.049999,28.75,28.940001,682000,28.940001
2015-06-17,28.82,29.02,28.51,28.709999,798900,28.709999
2015-06-16,28.719999,28.83,28.52,28.68,825800,28.68
2015-06-15,28.74,28.889999,28.42,28.809999,571700,28.809999
2015-06-12,28.370001,29.09,28.370001,28.93,689700,28.93
2015-06-11,28.969999,29.209999,28.83,29.209999,585500,29.209999
2015-06-10,28.77,29.08,28.690001,28.93,998300,28.93
2015-06-09,28.780001,28.85,28.48,28.60,603000,28.60
2015-06-08,29.00,29.110001,28.74,28.780001,1183700,28.780001
2015-06-05,28.549999,29.040001,28.389999,29.01,954100,29.01
2015-06-04,28.950001,29.07,28.620001,28.690001,467900,28.690001
2015-06-03,28.66,29.10,28.469999,28.969999,1009700,28.969999
2015-06-02,28.60,28.799999,28.450001,28.530001,411700,28.530001
2015-06-01,28.530001,29.00,28.459999,28.65,1243000,28.65
2015-05-29,28.440001,28.67,28.41,28.60,1040400,28.60
2015-05-28,28.860001,28.860001,28.389999,28.40,978400,28.40
2015-05-27,28.42,28.969999,28.27,28.84,1650000,28.84
2015-05-26,27.25,28.35,27.17,28.32,2130600,28.32
2015-05-22,27.200001,27.440001,27.17,27.360001,392700,27.360001
2015-05-21,27.120001,27.309999,26.889999,27.27,848700,27.27
2015-05-20,27.26,27.280001,26.940001,27.190001,847500,27.190001
2015-05-19,27.540001,27.709999,27.219999,27.25,602000,27.25
2015-05-18,27.139999,27.50,27.139999,27.49,447500,27.49
2015-05-15,26.99,27.25,26.950001,27.16,529000,27.16
2015-05-14,26.860001,27.01,26.65,27.00,365100,27.00
2015-05-13,26.67,26.83,26.52,26.65,677900,26.65
2015-05-12,26.49,26.790001,26.25,26.59,488900,26.59
2015-05-11,26.82,26.90,26.610001,26.629999,444200,26.629999
2015-05-08,26.90,26.99,26.68,26.85,671100,26.85
2015-05-07,26.65,26.790001,26.43,26.559999,496600,26.559999
2015-05-06,26.969999,27.09,26.559999,26.629999,701900,26.629999
2015-05-05,27.75,27.790001,26.860001,26.889999,1201800,26.889999
2015-05-04,27.25,27.780001,27.209999,27.75,1422200,27.75
2015-05-01,26.73,27.24,26.469999,27.08,1991100,27.08
2015-04-30,25.540001,25.709999,24.99,25.059999,963500,25.059999
2015-04-29,25.389999,25.799999,25.370001,25.629999,489200,25.629999
2015-04-28,25.540001,25.719999,25.290001,25.51,765700,25.51
2015-04-27,26.01,26.07,25.51,25.58,898300,25.58
2015-04-24,26.059999,26.299999,25.90,25.99,456400,25.99
2015-04-23,25.91,26.07,25.83,25.98,604200,25.98
2015-04-22,26.00,26.10,25.780001,25.99,433000,25.99
2015-04-21,26.00,26.09,25.77,25.969999,679300,25.969999
2015-04-20,25.82,25.91,25.530001,25.91,510400,25.91
