Date,Open,High,Low,Close,Volume,Adj Close
2015-10-16,50.560001,50.880001,50.360001,50.470001,2807200,50.470001
2015-10-15,49.889999,50.50,49.450001,50.459999,4018300,50.459999
2015-10-14,50.419998,50.849998,49.48,49.77,5667200,49.77
2015-10-13,50.330002,50.849998,49.91,50.259998,6362400,50.259998
2015-10-12,50.970001,51.169998,49.73,50.360001,6744400,50.360001
2015-10-09,51.490002,51.669998,50.939999,51.00,5781600,51.00
2015-10-08,51.27,52.200001,51.130001,51.470001,4710000,51.470001
2015-10-07,51.369999,51.790001,50.849998,51.130001,3246000,51.130001
2015-10-06,51.310001,51.549999,50.73,51.389999,4239000,51.389999
2015-10-05,51.59,51.939999,51.209999,51.709999,4730400,51.709999
2015-10-02,50.25,51.849998,50.029999,51.84,4185600,51.84
2015-10-01,51.18,51.50,50.75,51.049999,4053800,51.049999
2015-09-30,50.990002,51.439999,50.75,51.32,4655000,51.32
2015-09-29,50.549999,50.82,49.720001,50.389999,5636200,50.389999
2015-09-28,52.150002,52.279999,50.220001,50.290001,5218700,50.290001
2015-09-25,52.639999,53.110001,52.330002,52.509998,4746200,52.509998
2015-09-24,52.380001,52.799999,51.689999,52.080002,9602700,52.080002
2015-09-23,53.490002,53.700001,52.790001,52.849998,3251500,52.849998
2015-09-22,53.75,53.990002,52.959999,53.439999,3871300,53.439999
2015-09-21,54.290001,54.799999,53.720001,53.91,4597100,53.91
2015-09-18,55.419998,55.560001,53.990002,54.060001,8889100,54.060001
2015-09-17,57.34,57.599998,55.91,56.00,7020900,56.00
2015-09-16,56.900002,57.470001,56.689999,57.279999,7727300,57.279999
2015-09-15,57.959999,57.990002,57.130001,57.169998,4132000,57.169998
2015-09-14,58.16,58.209999,57.41,57.860001,2988600,57.860001
2015-09-11,57.900002,58.279999,57.119999,58.189999,3275000,58.189999
2015-09-10,58.889999,59.389999,58.169998,58.389999,4256800,58.029999
2015-09-09,59.68,59.91,58.73,58.849998,6192400,58.487162
2015-09-08,59.369999,59.369999,58.650002,59.169998,2819400,58.805189
2015-09-04,58.419998,59.23,58.23,58.400002,2738300,58.03994
2015-09-03,58.970001,60.130001,58.650002,59.279999,4337900,58.914511
2015-09-02,58.580002,59.110001,57.889999,58.619999,3458800,58.258581
2015-09-01,57.610001,58.509998,57.50,57.950001,3923400,57.592713
2015-08-31,58.880001,59.110001,58.349998,58.610001,3294400,58.248644
2015-08-28,59.139999,59.509998,58.700001,59.00,2806800,58.636239
2015-08-27,59.060001,59.639999,58.169998,59.049999,5632300,58.68593
2015-08-26,57.919998,58.779999,56.959999,58.720001,5493800,58.357966
2015-08-25,58.849998,59.470001,56.759998,56.77,7540800,56.419988
2015-08-24,56.009998,58.32,55.16,57.119999,7809000,56.767829
2015-08-21,60.869999,61.290001,59.110001,59.189999,5756800,58.825066
2015-08-20,61.650002,62.290001,61.439999,61.439999,3632800,61.061194
2015-08-19,62.459999,62.759998,61.990002,62.389999,7282000,62.005337
2015-08-18,63.080002,63.43,62.369999,62.669998,5207400,62.28361
2015-08-17,62.91,63.27,62.50,62.950001,4827300,62.561886
2015-08-14,63.099998,63.490002,62.299999,63.360001,5831500,62.969358
2015-08-13,63.639999,65.110001,62.889999,62.98,6316500,62.5917
2015-08-12,66.550003,67.080002,63.52,64.110001,16185700,63.714734
2015-08-11,67.080002,67.690002,66.769997,67.529999,6851000,67.113646
2015-08-10,67.230003,67.940002,67.089996,67.379997,4019900,66.96457
2015-08-07,67.550003,67.589996,66.660004,66.900002,3289600,66.487533
2015-08-06,68.540001,68.709999,66.800003,67.449997,3929900,67.034138
2015-08-05,69.239998,70.120003,68.830002,68.910004,4205500,68.485143
2015-08-04,68.400002,68.839996,68.129997,68.57,2509400,68.147235
2015-08-03,69.110001,69.150002,67.769997,68.209999,3925900,67.789454
2015-07-31,69.690002,69.940002,68.940002,69.059998,3336800,68.634212
2015-07-30,69.07,69.75,68.980003,69.330002,3328200,68.902552
2015-07-29,68.860001,69.43,68.690002,69.190002,5768900,68.763415
2015-07-28,69.00,69.50,68.43,68.879997,5937800,68.455321
2015-07-27,69.75,70.32,69.169998,69.949997,3139800,69.518724
2015-07-24,70.989998,71.019997,69.889999,69.940002,2739600,69.508791
2015-07-23,71.790001,72.199997,71.050003,71.209999,2513500,70.770958
2015-07-22,71.839996,72.339996,71.589996,71.910004,1984800,71.466647
2015-07-21,72.160004,72.300003,71.339996,71.669998,2765600,71.228121
2015-07-20,72.589996,72.809998,72.00,72.139999,3310800,71.695224
2015-07-17,72.50,73.610001,72.059998,72.309998,6294200,71.864174
2015-07-16,71.980003,72.870003,71.099998,72.800003,4841900,72.351159
2015-07-15,66.970001,72.75,66.080002,72.010002,24834300,71.566028
2015-07-14,66.82,67.160004,66.519997,66.730003,2518200,66.318583
2015-07-13,66.959999,67.32,66.50,66.709999,3717900,66.298702
2015-07-10,66.459999,66.849998,66.269997,66.480003,2332000,66.070125
2015-07-09,66.879997,67.139999,65.529999,65.779999,4282900,65.374436
2015-07-08,67.68,67.809998,65.919998,66.18,6092000,65.771971
2015-07-07,67.550003,68.050003,67.269997,68.019997,3936900,67.600623
2015-07-06,67.059998,67.889999,66.970001,67.50,3134700,67.083832
2015-07-02,67.889999,68.330002,67.260002,67.440002,3097600,67.024205
2015-07-01,67.82,67.989998,67.150002,67.709999,4314500,67.292537
2015-06-30,67.919998,68.50,67.190002,67.470001,5645300,67.054019
2015-06-29,67.790001,68.489998,66.989998,67.089996,7592900,66.676357
2015-06-26,69.43,70.190002,69.25,69.849998,2635100,69.419342
2015-06-25,69.959999,70.300003,69.160004,69.169998,3180400,68.743534
2015-06-24,70.169998,70.68,69.889999,69.900002,3351700,69.469037
2015-06-23,70.410004,71.099998,70.050003,70.110001,4064300,69.677741
2015-06-22,70.440002,70.510002,69.779999,69.900002,3219300,69.469037
2015-06-19,70.290001,70.830002,69.849998,69.849998,5279500,69.419342
2015-06-18,70.120003,70.989998,70.059998,70.639999,4451100,70.204472
2015-06-17,69.18,70.32,69.07,70.050003,4391200,69.618114
2015-06-16,68.739998,69.25,68.739998,68.860001,2905000,68.435448
2015-06-15,69.290001,69.290001,68.809998,68.980003,3338300,68.554711
2015-06-12,68.779999,69.910004,68.610001,69.610001,5617500,69.180824
2015-06-11,69.120003,69.18,68.459999,68.919998,2893100,68.495076
2015-06-10,69.260002,69.599998,68.650002,68.900002,4603800,68.117421
2015-06-09,69.139999,69.900002,68.769997,69.129997,5666400,68.344805
2015-06-08,69.339996,69.849998,68.650002,68.970001,3951900,68.186626
2015-06-05,69.239998,69.550003,68.75,69.25,4102200,68.463445
2015-06-04,68.730003,69.900002,68.529999,69.239998,4300700,68.453556
2015-06-03,68.790001,69.989998,68.360001,69.68,6052600,68.888561
2015-06-02,66.769997,69.50,66.50,68.489998,11752600,67.712075
2015-06-01,67.029999,67.510002,66.650002,66.809998,2421400,66.051156
2015-05-29,67.730003,67.940002,66.760002,66.949997,4812500,66.189565
2015-05-28,67.870003,68.790001,67.599998,68.040001,4493400,67.267189
2015-05-27,66.480003,67.849998,66.339996,67.800003,4184000,67.029917
2015-05-26,68.029999,68.139999,67.279999,67.330002,3987600,66.565254
2015-05-22,67.730003,68.400002,67.730003,68.110001,4005300,67.336393
2015-05-21,67.889999,68.440002,67.599998,67.660004,4659700,66.891508
2015-05-20,69.040001,69.190002,68.150002,68.209999,5724700,67.435256
2015-05-19,67.959999,69.220001,67.379997,69.080002,9370400,68.295377
2015-05-18,66.25,68.150002,65.980003,67.849998,8017000,67.079345
2015-05-15,63.259998,66.550003,63.09,66.529999,12346900,65.774338
2015-05-14,63.27,63.810001,62.799999,63.220001,12727000,62.501936
2015-05-13,63.75,65.300003,63.27,63.73,15048600,63.006141
2015-05-12,65.559998,65.75,65.059998,65.330002,6027800,64.587971
2015-05-11,65.839996,66.300003,65.459999,66.029999,5258700,65.280017
2015-05-08,65.709999,66.849998,65.699997,65.940002,3458300,65.191043
2015-05-07,63.830002,65.110001,63.77,64.709999,4548900,63.97501
2015-05-06,64.489998,64.599998,63.540001,63.610001,6060400,62.887505
2015-05-05,64.989998,65.25,64.440002,64.50,2905400,63.767396
2015-05-04,65.110001,65.669998,64.940002,65.290001,2041500,64.548424
2015-05-01,64.160004,65.260002,63.959999,65.07,3449900,64.330922
2015-04-30,64.769997,65.629997,64.300003,64.629997,3291900,63.895917
2015-04-29,65.68,65.760002,64.43,64.809998,5506600,64.073873
2015-04-28,65.559998,66.169998,65.07,65.800003,3396800,65.052633
2015-04-27,66.830002,67.199997,65.68,65.940002,3560000,65.191043
2015-04-24,67.419998,67.650002,66.910004,66.989998,2269800,66.229112
2015-04-23,67.029999,67.870003,67.029999,67.419998,2401500,66.654228
2015-04-22,67.07,67.370003,66.370003,67.00,2011400,66.239
2015-04-21,66.800003,67.25,66.349998,67.029999,2760000,66.268659
2015-04-20,66.889999,67.139999,66.449997,66.790001,3013400,66.031387
