Date,Open,High,Low,Close,Volume,Adj Close
2015-10-15,82.169998,83.889999,82.169998,83.889999,376000,83.889999
2015-10-14,83.139999,83.139999,81.720001,81.830002,337700,81.830002
2015-10-13,83.330002,83.959999,82.099998,82.800003,436700,82.800003
2015-10-12,84.370003,84.910004,82.510002,84.260002,372600,83.49
2015-10-09,83.989998,84.400002,83.50,84.25,479500,83.480089
2015-10-08,83.57,84.099998,83.080002,83.980003,317100,83.21256
2015-10-07,83.18,83.589996,82.589996,83.589996,485700,82.826117
2015-10-06,84.220001,84.43,82.75,82.879997,498700,82.122606
2015-10-05,83.760002,84.419998,82.510002,84.220001,574500,83.450365
2015-10-02,82.540001,84.160004,81.720001,84.160004,474600,83.390915
2015-10-01,82.089996,82.900002,81.809998,82.769997,531900,82.013611
2015-09-30,81.459999,82.129997,80.93,81.870003,667700,81.121841
2015-09-29,79.629997,81.07,79.07,80.970001,538300,80.230065
2015-09-28,80.510002,80.550003,78.720001,79.32,494800,78.595141
2015-09-25,80.800003,81.480003,80.029999,80.639999,560200,79.903078
2015-09-24,81.839996,82.00,80.550003,80.760002,489000,80.021985
2015-09-23,80.790001,82.18,80.57,82.019997,569500,81.270465
2015-09-22,81.25,81.650002,80.269997,80.379997,811500,79.645452
2015-09-21,81.599998,82.50,81.470001,81.669998,634800,80.923665
2015-09-18,80.190002,82.57,80.190002,81.220001,990200,80.47778
2015-09-17,79.830002,82.440002,79.57,81.010002,707500,80.2697
2015-09-16,78.599998,80.07,78.209999,79.839996,606300,79.110386
2015-09-15,77.629997,78.730003,77.019997,78.650002,495300,77.931266
2015-09-14,78.040001,78.040001,77.410004,77.830002,334400,77.11876
2015-09-11,76.07,77.669998,75.610001,77.669998,699800,76.960218
2015-09-10,75.00,76.839996,75.00,76.040001,553400,75.345117
2015-09-09,76.839996,77.480003,75.32,75.43,616300,74.74069
2015-09-08,76.730003,77.139999,75.790001,76.349998,2218500,75.652281
2015-09-04,77.050003,77.32,75.489998,76.059998,354000,75.36493
2015-09-03,78.82,79.059998,77.800003,77.860001,396000,77.148484
2015-09-02,78.040001,79.129997,77.330002,78.059998,354300,77.346654
2015-09-01,77.510002,78.540001,77.059998,77.489998,593300,76.781863
2015-08-31,80.559998,80.620003,78.550003,78.589996,879500,77.871809
2015-08-28,80.360001,80.800003,79.18,80.629997,712100,79.893168
2015-08-27,79.010002,80.809998,78.18,80.370003,805300,79.635549
2015-08-26,77.870003,78.370003,76.559998,78.199997,559600,77.485374
2015-08-25,79.169998,83.160004,76.459999,76.519997,938600,75.820726
2015-08-24,78.650002,80.300003,77.610001,77.650002,888000,76.940404
2015-08-21,81.809998,82.559998,80.970001,80.970001,940400,80.230065
2015-08-20,83.040001,83.620003,82.580002,82.839996,718900,82.082971
2015-08-19,83.589996,84.290001,82.760002,83.629997,1179700,82.865752
2015-08-18,83.589996,84.419998,83.589996,84.360001,551500,83.589085
2015-08-17,83.190002,84.160004,82.309998,84.129997,491100,83.361183
2015-08-14,81.660004,82.879997,81.190002,82.82,480700,82.063157
2015-08-13,81.260002,81.860001,80.699997,81.639999,930000,80.89394
2015-08-12,81.690002,81.980003,80.910004,81.629997,510200,80.884029
2015-08-11,80.93,82.190002,80.650002,81.709999,670100,80.9633
2015-08-10,81.529999,81.889999,80.889999,81.169998,523200,80.428234
2015-08-07,80.470001,81.50,79.949997,81.199997,501700,80.457958
2015-08-06,79.779999,80.769997,79.07,80.550003,647200,79.813904
2015-08-05,80.50,81.290001,79.389999,79.699997,648300,78.971666
2015-08-04,81.07,81.610001,80.32,80.43,669100,79.694998
2015-08-03,80.470001,81.269997,80.220001,81.18,616200,80.438145
2015-07-31,80.059998,80.949997,79.709999,80.339996,674200,79.605817
2015-07-30,78.269997,79.82,77.339996,79.25,1249500,78.525781
2015-07-29,76.269997,76.449997,75.589996,76.400002,616800,75.701827
2015-07-28,76.699997,76.889999,75.940002,76.309998,362400,75.612646
2015-07-27,76.75,77.550003,76.540001,76.68,381600,75.979267
2015-07-24,76.779999,77.099998,76.599998,76.730003,341900,76.028813
2015-07-23,77.82,77.860001,76.32,76.82,468100,76.117987
2015-07-22,77.720001,78.610001,77.379997,77.690002,365300,76.98004
2015-07-21,78.139999,78.459999,77.470001,77.779999,471100,77.069214
2015-07-20,76.790001,78.059998,76.669998,77.690002,524600,76.98004
2015-07-17,77.309998,77.470001,76.610001,77.059998,428600,76.355792
2015-07-16,76.550003,77.160004,76.440002,77.089996,398900,76.385517
2015-07-15,76.050003,76.610001,75.50,76.300003,436300,75.602743
2015-07-14,76.059998,76.639999,75.440002,76.25,378900,75.553197
2015-07-13,76.540001,77.269997,75.459999,75.769997,463600,75.07758
2015-07-10,76.68,77.57,76.540001,76.650002,457800,75.18658
2015-07-09,76.449997,77.160004,75.779999,76.489998,721200,75.029631
2015-07-08,76.290001,76.57,75.690002,75.940002,415800,74.490136
2015-07-07,76.260002,76.860001,76.00,76.459999,511800,75.000205
2015-07-06,75.089996,75.839996,75.089996,75.650002,521800,74.205672
2015-07-02,75.370003,76.330002,74.760002,75.379997,457800,73.940823
2015-07-01,73.489998,74.75,72.510002,74.75,988200,73.322853
2015-06-30,73.690002,73.690002,72.720001,72.809998,565100,71.41989
2015-06-29,73.900002,74.75,73.239998,73.290001,505000,71.890729
2015-06-26,73.32,74.089996,72.800003,73.919998,334200,72.508698
2015-06-25,73.879997,74.00,73.230003,73.269997,329500,71.871107
2015-06-24,74.099998,74.650002,73.839996,73.93,441800,72.518509
2015-06-23,74.470001,75.059998,73.580002,74.089996,298900,72.675451
2015-06-22,75.389999,75.68,74.540001,74.589996,315000,73.165905
2015-06-19,74.620003,75.589996,73.989998,75.18,868700,73.744644
2015-06-18,74.110001,75.669998,73.900002,75.150002,510900,73.715218
2015-06-17,74.239998,74.279999,73.269997,73.980003,1020700,72.567558
2015-06-16,73.769997,74.449997,73.139999,74.07,463400,72.655836
2015-06-15,74.18,74.18,73.519997,73.580002,412200,72.175193
2015-06-12,74.199997,74.769997,74.029999,74.220001,337100,72.802974
2015-06-11,74.029999,74.620003,73.790001,74.089996,369200,72.675451
2015-06-10,73.220001,74.309998,72.809998,73.629997,444800,72.224234
2015-06-09,74.019997,74.279999,73.00,73.169998,488900,71.773017
2015-06-08,74.709999,74.830002,73.959999,73.959999,295300,72.547935
2015-06-05,74.099998,75.050003,73.629997,74.559998,604400,73.136479
2015-06-04,74.550003,75.00,74.190002,74.75,406600,73.322853
2015-06-03,76.199997,76.849998,74.559998,74.589996,340600,73.165905
2015-06-02,76.959999,77.059998,75.980003,76.160004,262400,74.705937
2015-06-01,76.629997,77.449997,76.099998,77.370003,460100,75.892834
2015-05-29,77.339996,77.43,76.209999,76.389999,865100,74.931542
2015-05-28,77.150002,77.470001,76.809998,77.330002,503200,75.853597
2015-05-27,76.410004,77.230003,75.949997,77.089996,303100,75.618174
2015-05-26,76.900002,76.900002,76.00,76.25,222700,74.794215
2015-05-22,76.550003,77.449997,76.040001,77.040001,406300,75.569133
2015-05-21,77.089996,77.480003,76.440002,76.790001,430900,75.323906
2015-05-20,76.970001,77.32,76.540001,76.860001,238800,75.392569
2015-05-19,76.639999,77.050003,76.230003,76.769997,299200,75.304284
2015-05-18,76.449997,76.980003,76.059998,76.839996,381800,75.372947
2015-05-15,76.129997,76.959999,75.900002,76.849998,234000,75.382758
2015-05-14,75.050003,75.879997,74.650002,75.849998,386500,74.40185
2015-05-13,75.32,76.43,74.239998,74.489998,498800,73.067815
2015-05-12,75.010002,76.07,74.389999,75.650002,244800,74.205672
2015-05-11,76.900002,77.629997,75.239998,75.489998,329100,74.048723
2015-05-08,77.239998,78.339996,76.599998,77.139999,275100,75.667222
2015-05-07,75.330002,76.690002,75.239998,76.32,451800,74.862878
2015-05-06,75.129997,75.589996,74.68,75.160004,594400,73.725029
2015-05-05,76.75,77.059998,74.690002,74.949997,800300,73.519032
2015-05-04,76.529999,77.559998,76.529999,77.040001,832100,75.569133
2015-05-01,74.760002,76.699997,74.480003,76.230003,662000,74.7746
2015-04-30,77.110001,77.110001,74.150002,74.610001,501500,73.185527
2015-04-29,76.150002,76.50,75.389999,75.709999,343600,74.264524
2015-04-28,76.639999,76.989998,75.989998,76.720001,247100,75.255243
2015-04-27,77.029999,77.550003,76.309998,76.599998,434900,75.137531
2015-04-24,77.150002,77.470001,76.720001,76.730003,267100,75.265054
2015-04-23,76.379997,77.290001,76.309998,77.059998,312200,75.588748
2015-04-22,75.529999,76.589996,75.110001,76.57,295500,75.108105
2015-04-21,75.620003,76.089996,75.230003,75.57,291900,74.127197
2015-04-20,75.040001,75.580002,74.699997,75.239998,336600,73.803496
