Date,Open,High,Low,Close,Volume,Adj Close
2015-10-16,52.900002,52.990002,52.439999,52.639999,72500,52.639999
2015-10-15,51.310001,52.889999,51.080002,52.849998,218400,52.849998
2015-10-14,51.939999,52.189999,51.09,51.169998,77400,51.169998
2015-10-13,51.790001,52.360001,51.619999,52.040001,94300,52.040001
2015-10-12,51.700001,52.220001,51.470001,52.02,66300,52.02
2015-10-09,51.290001,51.700001,51.080002,51.650002,145800,51.650002
2015-10-08,50.689999,51.400002,50.599998,51.299999,185300,51.299999
2015-10-07,50.740002,51.439999,49.990002,50.779999,216400,50.779999
2015-10-06,50.25,50.619999,50.07,50.59,152600,50.59
2015-10-05,49.560001,50.400002,49.560001,50.330002,187900,50.330002
2015-10-02,49.25,49.560001,48.509998,49.349998,139700,49.349998
2015-10-01,50.619999,50.619999,49.48,49.669998,175900,49.669998
2015-09-30,50.779999,51.34,50.130001,50.509998,148200,50.509998
2015-09-29,50.84,50.849998,50.00,50.50,151100,50.50
2015-09-28,50.939999,51.16,50.580002,50.75,84900,50.75
2015-09-25,51.68,52.330002,50.970001,51.150002,153900,51.150002
2015-09-24,50.970001,51.41,50.939999,51.349998,101600,51.349998
2015-09-23,51.529999,51.799999,51.189999,51.310001,113500,51.310001
2015-09-22,51.650002,51.990002,51.470001,51.509998,72400,51.509998
2015-09-21,52.07,52.700001,52.07,52.189999,91000,52.189999
2015-09-18,50.25,52.16,50.23,51.889999,451200,51.889999
2015-09-17,50.830002,51.07,50.599998,50.799999,257300,50.799999
2015-09-16,50.560001,50.970001,50.470001,50.900002,133700,50.900002
2015-09-15,50.57,50.889999,50.470001,50.639999,107200,50.639999
2015-09-14,50.400002,50.82,50.290001,50.529999,68300,50.529999
2015-09-11,49.939999,50.540001,49.689999,50.529999,96200,50.529999
2015-09-10,49.509998,50.389999,49.470001,50.110001,136100,50.110001
2015-09-09,49.50,49.84,49.34,49.610001,216100,49.610001
2015-09-08,49.029999,49.400002,48.790001,49.27,131400,49.27
2015-09-04,49.439999,49.73,48.779999,49.16,151900,48.541999
2015-09-03,50.349998,50.549999,49.75,49.950001,179300,49.322069
2015-09-02,50.189999,50.549999,49.700001,50.279999,158300,49.647918
2015-09-01,50.509998,50.75,49.66,49.759998,175100,49.134455
2015-08-31,51.060001,51.369999,50.689999,50.860001,182500,50.220629
2015-08-28,51.759998,51.93,51.02,51.32,122800,50.674845
2015-08-27,51.98,52.299999,51.400002,52.02,186000,51.366046
2015-08-26,51.279999,51.48,50.459999,51.209999,151600,50.566227
2015-08-25,51.669998,51.669998,50.400002,50.52,288900,49.884903
2015-08-24,51.349998,51.380001,49.380001,50.790001,281100,50.151509
2015-08-21,53.509998,53.82,52.77,53.099998,134200,52.432467
2015-08-20,54.48,54.66,53.950001,54.009998,112800,53.331027
2015-08-19,54.77,55.459999,54.599998,55.00,113400,54.308583
2015-08-18,54.98,55.610001,54.849998,55.369999,77900,54.673931
2015-08-17,54.73,55.240002,54.02,55.119999,162700,54.427074
2015-08-14,54.02,55.029999,54.02,54.970001,89200,54.278961
2015-08-13,53.98,54.470001,53.689999,54.02,88000,53.340903
2015-08-12,54.169998,54.220001,53.450001,54.040001,88800,53.360652
2015-08-11,54.07,54.689999,53.98,54.529999,90300,53.84449
2015-08-10,54.98,55.389999,54.41,54.52,117300,53.834618
2015-08-07,54.59,54.860001,54.369999,54.700001,125300,54.012355
2015-08-06,55.290001,55.369999,54.439999,54.669998,111900,53.98273
2015-08-05,56.060001,56.279999,55.119999,55.200001,144600,54.50607
2015-08-04,55.389999,56.02,54.93,55.919998,195100,55.217016
2015-08-03,53.700001,56.080002,52.720001,55.490002,246400,54.792425
2015-07-31,56.700001,57.169998,56.290001,56.450001,720000,55.740356
2015-07-30,56.09,56.650002,55.939999,56.400002,186300,55.690985
2015-07-29,56.099998,56.650002,55.970001,56.16,202700,55.454
2015-07-28,56.639999,56.740002,55.919998,56.07,204300,55.365132
2015-07-27,56.25,56.639999,55.849998,56.139999,143800,55.434251
2015-07-24,56.639999,56.700001,56.119999,56.310001,137500,55.602116
2015-07-23,56.650002,57.029999,56.290001,56.369999,103300,55.66136
2015-07-22,56.549999,56.810001,56.450001,56.549999,70100,55.839097
2015-07-21,56.720001,57.110001,56.290001,56.459999,143100,55.750228
2015-07-20,56.599998,56.889999,56.27,56.610001,108700,55.898344
2015-07-17,57.02,57.189999,56.529999,56.66,159600,55.947715
2015-07-16,56.950001,57.110001,56.540001,56.880001,94100,56.16495
2015-07-15,56.209999,56.720001,56.130001,56.689999,107500,55.977336
2015-07-14,56.240002,56.419998,56.049999,56.360001,85900,55.651487
2015-07-13,56.459999,56.709999,56.110001,56.43,87300,55.720607
2015-07-10,56.110001,56.27,55.77,56.029999,120000,55.325634
2015-07-09,56.779999,56.779999,55.43,55.689999,124500,54.989908
2015-07-08,56.18,56.48,55.919998,56.169998,185300,55.463873
2015-07-07,56.209999,56.560001,55.52,56.540001,171100,55.829224
2015-07-06,55.450001,56.169998,55.349998,56.07,289100,55.365132
2015-07-02,56.139999,56.48,55.66,55.790001,167500,55.088653
2015-07-01,56.939999,57.110001,56.029999,56.279999,218100,55.572491
2015-06-30,56.130001,56.150002,55.450001,55.650002,157300,54.950413
2015-06-29,56.400002,56.860001,55.619999,55.669998,119100,54.970159
2015-06-26,56.669998,56.93,56.360001,56.849998,183800,56.135325
2015-06-25,56.790001,56.869999,56.310001,56.52,124200,55.809475
2015-06-24,57.389999,57.459999,56.689999,56.73,125500,56.016834
2015-06-23,57.689999,57.740002,56.950001,57.369999,174600,56.648788
2015-06-22,57.259998,57.799999,56.900002,57.529999,234000,56.806777
2015-06-19,56.349998,57.34,56.169998,57.189999,452700,56.471051
2015-06-18,55.970001,56.599998,55.689999,56.400002,181500,55.690985
2015-06-17,55.939999,56.25,55.599998,55.759998,125500,55.059027
2015-06-16,55.200001,55.779999,55.040001,55.650002,223800,54.950413
2015-06-15,54.939999,55.299999,54.48,55.119999,158300,54.427074
2015-06-12,55.32,55.50,55.110001,55.25,134400,54.55544
2015-06-11,55.43,55.580002,55.169998,55.389999,376600,54.69368
2015-06-10,55.689999,55.759998,55.189999,55.330002,304200,54.634436
2015-06-09,55.529999,55.830002,55.049999,55.279999,272200,54.585062
2015-06-08,56.080002,56.709999,55.830002,56.150002,223200,54.833899
2015-06-05,56.209999,56.259998,55.779999,56.18,89300,54.863194
2015-06-04,56.200001,56.68,56.200001,56.299999,109800,54.980381
2015-06-03,55.799999,56.630001,55.66,56.50,89200,55.175694
2015-06-02,55.560001,55.990002,55.459999,55.700001,96200,54.394446
2015-06-01,56.00,56.380001,55.639999,55.689999,233000,54.384678
2015-05-29,56.119999,56.400002,55.400002,55.68,152400,54.374914
2015-05-28,55.740002,56.150002,55.439999,56.110001,89800,54.794836
2015-05-27,55.50,56.060001,55.07,55.970001,110700,54.658118
2015-05-26,54.630001,55.459999,54.59,55.41,260400,54.111242
2015-05-22,54.810001,55.150002,54.639999,54.790001,86100,53.505775
2015-05-21,55.110001,55.50,54.779999,54.939999,98800,53.652257
2015-05-20,55.43,55.52,55.009998,55.119999,105800,53.828039
2015-05-19,55.25,55.580002,54.82,55.290001,216900,53.994056
2015-05-18,54.810001,55.43,54.700001,55.130001,192300,53.837806
2015-05-15,54.68,54.900002,54.470001,54.810001,181900,53.525307
2015-05-14,54.93,54.990002,54.48,54.700001,243100,53.417885
2015-05-13,54.869999,55.110001,54.50,54.57,148900,53.290931
2015-05-12,54.66,54.919998,53.869999,54.709999,125400,53.427649
2015-05-11,55.580002,55.580002,54.740002,54.939999,119600,53.652257
2015-05-08,55.759998,55.779999,55.110001,55.700001,166400,54.394446
2015-05-07,55.09,55.720001,54.950001,55.389999,195700,54.09171
2015-05-06,55.75,55.75,54.900002,55.259998,110900,53.964756
2015-05-05,55.669998,56.09,55.470001,55.57,188800,54.267492
2015-05-04,55.450001,56.09,55.23,55.880001,163800,54.570227
2015-05-01,54.91,55.580002,54.889999,55.220001,186200,53.925697
2015-04-30,55.110001,55.610001,54.27,54.939999,1422800,53.652257
2015-04-29,55.91,55.91,55.029999,55.450001,254800,54.150305
2015-04-28,56.779999,57.119999,55.93,56.27,255100,54.951085
2015-04-27,56.310001,57.900002,54.400002,57.27,652100,55.927646
2015-04-24,58.52,58.720001,58.150002,58.299999,259100,56.933503
2015-04-23,58.099998,58.830002,57.73,58.459999,177400,57.089752
2015-04-22,57.599998,58.139999,57.169998,58.110001,156200,56.747957
2015-04-21,57.830002,58.049999,57.389999,57.689999,191900,56.3378
2015-04-20,57.279999,58.00,57.209999,57.619999,116100,56.269441
