Date,Open,High,Low,Close,Volume,Adj Close
2015-10-15,79.599998,80.099998,78.25,80.050003,562600,80.050003
2015-10-14,80.349998,81.080002,79.599998,79.839996,460300,79.839996
2015-10-13,80.129997,81.50,79.849998,80.360001,567200,80.360001
2015-10-12,78.959999,80.449997,78.629997,80.330002,440300,80.330002
2015-10-09,78.309998,79.059998,77.760002,78.959999,676600,78.959999
2015-10-08,77.190002,78.489998,76.589996,78.300003,790500,78.300003
2015-10-07,76.779999,78.07,75.800003,77.190002,1040500,77.190002
2015-10-06,78.599998,78.739998,76.309998,76.739998,849000,76.739998
2015-10-05,78.00,78.620003,77.18,78.459999,1160600,78.459999
2015-10-02,75.209999,77.43,74.839996,77.43,911300,77.43
2015-10-01,76.760002,77.160004,75.809998,76.510002,735100,76.510002
2015-09-30,78.00,78.349998,76.080002,76.790001,1271300,76.790001
2015-09-29,78.18,78.489998,76.849998,77.190002,1049100,77.190002
2015-09-28,80.970001,80.970001,77.059998,78.290001,1200500,78.290001
2015-09-25,83.769997,83.93,80.910004,81.57,724700,81.57
2015-09-24,84.160004,84.370003,82.650002,83.190002,676200,83.190002
2015-09-23,84.370003,85.099998,84.129997,84.489998,586300,84.489998
2015-09-22,84.010002,84.610001,83.209999,83.919998,523100,83.919998
2015-09-21,85.379997,85.970001,84.480003,84.800003,706500,84.800003
2015-09-18,83.43,84.760002,83.360001,84.519997,894200,84.519997
2015-09-17,83.800003,85.040001,83.010002,84.339996,556400,84.339996
2015-09-16,83.209999,83.989998,82.449997,83.199997,406400,83.199997
2015-09-15,81.82,82.699997,81.540001,82.540001,424100,82.540001
2015-09-14,81.75,81.839996,81.150002,81.410004,413700,81.410004
2015-09-11,80.029999,81.279999,80.019997,81.00,316400,81.00
2015-09-10,80.050003,81.370003,80.010002,80.330002,532800,80.330002
2015-09-09,81.830002,82.089996,80.160004,80.349998,701600,80.349998
2015-09-08,80.279999,81.269997,79.800003,81.239998,905900,81.239998
2015-09-04,77.43,80.010002,77.43,79.209999,502800,79.209999
2015-09-03,79.480003,80.519997,79.260002,79.339996,742700,79.339996
2015-09-02,78.75,79.18,78.050003,79.129997,611100,79.129997
2015-09-01,79.239998,79.599998,78.00,78.260002,775600,78.260002
2015-08-31,81.400002,81.989998,80.470001,80.550003,479000,80.550003
2015-08-28,81.470001,81.830002,80.809998,81.57,725600,81.57
2015-08-27,80.379997,82.230003,79.849998,81.550003,1023200,81.550003
2015-08-26,78.699997,79.639999,77.709999,79.580002,856000,79.580002
2015-08-25,80.010002,80.010002,77.410004,77.489998,627100,77.489998
2015-08-24,78.620003,78.959999,76.199997,77.699997,1626600,77.699997
2015-08-21,83.610001,84.139999,82.150002,82.190002,1034300,82.190002
2015-08-20,84.809998,85.300003,84.279999,84.300003,497600,84.300003
2015-08-19,85.389999,85.419998,84.290001,85.099998,360300,85.099998
2015-08-18,85.050003,86.089996,85.00,85.419998,438400,85.419998
2015-08-17,84.010002,85.589996,83.510002,85.470001,696400,85.470001
2015-08-14,84.050003,84.489998,83.809998,84.080002,443100,84.080002
2015-08-13,84.00,84.860001,83.760002,84.230003,578000,84.230003
2015-08-12,83.480003,83.849998,82.519997,83.489998,573700,83.489998
2015-08-11,83.910004,84.330002,83.239998,84.110001,606900,84.110001
2015-08-10,84.589996,85.32,84.18,84.360001,357500,84.360001
2015-08-07,83.669998,84.43,83.120003,84.360001,501100,84.360001
2015-08-06,84.589996,85.260002,83.50,84.029999,534100,84.029999
2015-08-05,84.620003,85.57,84.589996,85.099998,501600,85.099998
2015-08-04,84.550003,85.220001,84.279999,84.540001,530600,84.540001
2015-08-03,84.610001,85.190002,84.120003,84.660004,1037000,84.660004
2015-07-31,82.370003,85.220001,82.089996,84.639999,1913600,84.639999
2015-07-30,81.660004,82.860001,80.589996,82.010002,930300,82.010002
2015-07-29,80.080002,81.419998,80.080002,81.25,731400,81.25
2015-07-28,79.489998,80.25,78.709999,79.870003,937000,79.870003
2015-07-27,78.510002,79.389999,78.470001,79.360001,869500,79.360001
2015-07-24,79.07,79.910004,78.800003,79.150002,920100,79.150002
2015-07-23,78.849998,80.639999,78.599998,79.309998,821100,79.309998
2015-07-22,77.669998,78.660004,77.400002,78.360001,408600,78.360001
2015-07-21,78.00,78.129997,77.150002,77.779999,597100,77.779999
2015-07-20,78.050003,78.790001,77.809998,78.00,518600,78.00
2015-07-17,77.879997,78.519997,77.660004,78.07,373800,78.07
2015-07-16,77.690002,78.150002,77.25,78.129997,688400,78.129997
2015-07-15,77.360001,78.269997,77.010002,77.589996,581900,77.589996
2015-07-14,77.00,77.639999,76.849998,77.400002,527000,77.400002
2015-07-13,76.50,76.989998,76.269997,76.620003,475100,76.620003
2015-07-10,75.760002,76.080002,75.400002,76.010002,339100,76.010002
2015-07-09,75.809998,76.18,75.239998,75.290001,511700,75.290001
2015-07-08,75.940002,76.330002,74.919998,75.330002,755700,75.330002
2015-07-07,75.410004,76.300003,74.379997,76.290001,973600,76.290001
2015-07-06,74.419998,75.309998,74.290001,75.050003,1070000,75.050003
2015-07-02,75.050003,75.459999,74.529999,74.809998,444500,74.809998
2015-07-01,74.699997,75.379997,74.279999,75.059998,642700,75.059998
2015-06-30,74.510002,74.93,73.949997,74.110001,629700,74.110001
2015-06-29,75.07,75.480003,74.019997,74.080002,819500,74.080002
2015-06-26,75.360001,75.629997,74.910004,75.07,785600,75.07
2015-06-25,74.739998,75.43,74.480003,75.220001,934400,75.220001
2015-06-24,73.449997,74.830002,73.449997,74.230003,828500,74.230003
2015-06-23,73.760002,74.339996,73.339996,73.739998,500800,73.739998
2015-06-22,73.910004,73.93,73.169998,73.669998,424100,73.669998
2015-06-19,72.870003,73.550003,72.419998,73.190002,994800,73.190002
2015-06-18,72.059998,73.220001,72.059998,72.870003,384300,72.870003
2015-06-17,72.510002,72.760002,71.709999,72.07,296800,72.07
2015-06-16,71.779999,72.580002,71.449997,72.269997,562300,72.269997
2015-06-15,71.690002,71.970001,70.650002,71.699997,765500,71.699997
2015-06-12,71.610001,72.099998,71.25,72.010002,725700,72.010002
2015-06-11,70.949997,71.949997,70.75,71.879997,649300,71.879997
2015-06-10,70.870003,71.550003,70.540001,70.870003,442400,70.870003
2015-06-09,70.110001,70.790001,70.110001,70.50,666300,70.50
2015-06-08,70.349998,70.620003,70.019997,70.18,378700,70.18
2015-06-05,69.839996,70.800003,69.269997,70.550003,387600,70.550003
2015-06-04,70.300003,70.580002,69.910004,70.150002,472500,70.150002
2015-06-03,70.879997,70.879997,69.300003,70.639999,605200,70.639999
2015-06-02,70.150002,70.959999,69.970001,70.470001,388900,70.470001
2015-06-01,71.160004,71.440002,70.00,70.209999,875700,70.209999
2015-05-29,70.790001,71.940002,70.169998,71.18,988000,71.18
2015-05-28,70.690002,71.260002,70.50,70.860001,352900,70.860001
2015-05-27,70.68,71.32,70.239998,70.650002,488500,70.650002
2015-05-26,71.099998,71.389999,69.669998,70.300003,510600,70.300003
2015-05-22,71.260002,72.150002,70.790001,71.370003,372200,71.370003
2015-05-21,71.00,71.489998,70.739998,71.089996,293600,71.089996
2015-05-20,71.169998,71.730003,70.940002,71.150002,342200,71.150002
2015-05-19,71.599998,71.690002,71.029999,71.07,472300,71.07
2015-05-18,70.540001,71.550003,70.529999,71.470001,375700,71.470001
2015-05-15,70.610001,70.949997,70.18,70.400002,461200,70.400002
2015-05-14,70.019997,70.610001,69.650002,70.400002,521300,70.400002
2015-05-13,70.510002,70.550003,68.309998,69.620003,1666400,69.620003
2015-05-12,71.00,71.400002,70.339996,70.379997,731500,70.379997
2015-05-11,70.690002,71.00,70.32,70.709999,608600,70.709999
2015-05-08,70.839996,71.449997,70.599998,70.690002,480800,70.690002
2015-05-07,70.32,70.959999,70.160004,70.330002,434600,70.330002
2015-05-06,71.199997,71.440002,70.239998,70.43,647900,70.43
2015-05-05,71.75,72.150002,71.089996,71.220001,518100,71.220001
2015-05-04,71.559998,72.440002,71.550003,72.050003,528500,72.050003
2015-05-01,71.220001,71.910004,71.019997,71.599998,601500,71.599998
2015-04-30,71.32,71.32,69.510002,70.779999,1219200,70.779999
2015-04-29,72.870003,72.870003,71.709999,72.50,729800,72.50
2015-04-28,72.639999,73.290001,71.93,72.879997,388100,72.879997
2015-04-27,73.169998,73.93,72.449997,72.830002,497600,72.830002
2015-04-24,73.370003,73.699997,73.129997,73.410004,468000,73.410004
2015-04-23,72.919998,73.309998,72.900002,73.059998,471300,73.059998
2015-04-22,72.839996,73.379997,72.160004,73.00,482000,73.00
2015-04-21,73.459999,73.720001,72.68,72.879997,374300,72.879997
2015-04-20,73.019997,73.360001,72.480003,73.099998,197400,73.099998
