Date,Open,High,Low,Close,Volume,Adj Close
2015-10-15,44.939999,44.990002,44.119999,44.98,9106900,44.98
2015-10-14,44.48,44.98,44.48,44.740002,4535400,44.740002
2015-10-13,44.900002,45.27,44.689999,44.84,6305600,44.84
2015-10-12,44.779999,45.220001,44.75,45.049999,4690500,45.049999
2015-10-09,45.200001,45.32,44.77,45.00,6173300,45.00
2015-10-08,44.360001,45.32,44.080002,45.310001,7452600,45.310001
2015-10-07,44.110001,44.43,43.799999,44.330002,7619400,44.330002
2015-10-06,44.299999,44.41,43.830002,43.900002,7109200,43.900002
2015-10-05,43.869999,44.459999,43.630001,44.290001,10563600,44.290001
2015-10-02,41.860001,43.57,41.549999,43.560001,10954500,43.560001
2015-10-01,42.27,42.529999,41.689999,42.209999,10200800,42.209999
2015-09-30,41.240002,42.00,41.16,41.869999,13957300,41.869999
2015-09-29,41.52,41.52,40.290001,40.810001,16543400,40.810001
2015-09-28,42.400002,42.98,41.439999,41.470001,14602900,41.470001
2015-09-25,42.509998,43.220001,42.450001,42.799999,9682800,42.63
2015-09-24,42.060001,42.299999,41.52,42.130001,12052300,41.962663
2015-09-23,42.060001,42.380001,41.869999,42.279999,7650400,42.112065
2015-09-22,42.349998,42.43,41.700001,41.990002,8463900,41.82322
2015-09-21,42.98,43.099998,42.73,42.849998,6328700,42.679801
2015-09-18,43.25,43.73,42.77,42.849998,14948000,42.679801
2015-09-17,43.25,44.290001,43.18,43.720001,13481400,43.546348
2015-09-16,43.099998,43.380001,42.959999,43.040001,10158300,42.869049
2015-09-15,42.490002,43.049999,42.16,42.990002,19709200,42.819248
2015-09-14,42.720001,42.75,42.080002,42.279999,6910700,42.112065
2015-09-11,42.580002,42.709999,42.18,42.68,8590800,42.510478
2015-09-10,41.779999,42.73,41.759998,42.380001,12386900,42.21167
2015-09-09,43.459999,43.459999,41.810001,41.990002,8492500,41.82322
2015-09-08,43.290001,43.310001,42.360001,42.93,9975900,42.759485
2015-09-04,42.639999,43.029999,42.299999,42.57,11496300,42.400914
2015-09-03,42.540001,43.91,42.490002,43.240002,15210700,43.068255
2015-09-02,41.439999,42.299999,41.310001,42.27,13792500,42.102107
2015-09-01,41.689999,42.00,40.73,41.009998,12395600,40.847109
2015-08-31,42.68,42.779999,42.240002,42.360001,9426900,42.191749
2015-08-28,42.439999,43.130001,42.389999,42.799999,8975500,42.63
2015-08-27,42.43,42.939999,41.919998,42.759998,15441300,42.590158
2015-08-26,42.150002,42.330002,41.060001,42.200001,17749600,42.032385
2015-08-25,42.540001,43.110001,41.279999,41.310001,30474000,41.145921
2015-08-24,41.119999,42.790001,38.91,41.959999,27576300,41.793337
2015-08-21,43.599998,44.07,43.18,43.200001,18153100,43.028413
2015-08-20,44.950001,45.139999,43.919998,44.00,17131700,43.825235
2015-08-19,45.919998,46.00,45.130001,45.209999,12630900,45.030428
2015-08-18,46.16,46.439999,45.950001,46.150002,10319200,45.966697
2015-08-17,46.349998,46.50,46.119999,46.200001,9314600,46.016497
2015-08-14,46.130001,46.540001,45.950001,46.490002,9531200,46.305346
2015-08-13,46.630001,46.82,46.009998,46.009998,14852900,45.82725
2015-08-12,45.540001,46.57,45.349998,46.529999,10157000,46.345185
2015-08-11,46.209999,46.209999,45.700001,46.099998,9707800,45.916892
2015-08-10,45.68,46.450001,45.599998,46.41,10550900,46.225662
2015-08-07,46.810001,46.919998,45.82,46.110001,15729600,45.926855
2015-08-06,48.549999,48.580002,46.110001,46.810001,24387000,46.624075
2015-08-05,45.77,46.59,45.77,46.290001,11656200,46.10614
2015-08-04,45.389999,45.720001,45.259998,45.599998,7557200,45.418878
2015-08-03,45.279999,45.509998,45.00,45.490002,7283600,45.309318
2015-07-31,45.02,45.209999,44.66,45.130001,10824200,44.950748
2015-07-30,44.209999,45.310001,44.049999,45.27,17981400,45.090191
2015-07-29,42.630001,43.290001,42.610001,43.099998,12208300,42.928808
2015-07-28,42.330002,42.869999,42.060001,42.799999,8613900,42.63
2015-07-27,41.869999,42.09,41.27,42.029999,7911800,41.863058
2015-07-24,42.130001,42.23,41.830002,42.029999,5261500,41.863058
2015-07-23,42.02,42.400002,42.00,42.119999,5404800,41.952701
2015-07-22,42.400002,43.00,42.119999,42.25,6694500,42.082186
2015-07-21,41.849998,42.240002,41.790001,42.07,5908200,41.9029
2015-07-20,41.650002,41.869999,41.59,41.810001,3885900,41.643935
2015-07-17,41.959999,41.959999,41.419998,41.889999,4658700,41.723615
2015-07-16,41.599998,42.00,41.470001,41.970001,5027100,41.803299
2015-07-15,41.849998,41.900002,41.18,41.34,9288200,41.1758
2015-07-14,41.689999,41.990002,41.48,41.880001,7566100,41.713656
2015-07-13,41.709999,41.73,41.549999,41.599998,5675400,41.434766
2015-07-10,41.509998,41.689999,41.34,41.41,4902900,41.245522
2015-07-09,41.73,41.849998,41.240002,41.25,5367000,41.086158
2015-07-08,41.68,41.75,41.310001,41.41,5909200,41.245522
2015-07-07,41.48,41.889999,40.990002,41.779999,6288600,41.614051
2015-07-06,41.200001,41.48,40.98,41.259998,9044900,41.096116
2015-07-02,41.73,41.84,41.259998,41.549999,5568900,41.384965
2015-07-01,41.200001,41.639999,41.200001,41.610001,6014400,41.444728
2015-06-30,41.299999,41.34,40.900002,41.139999,11869100,40.976594
2015-06-29,40.849998,41.049999,40.700001,40.84,9415700,40.677786
2015-06-26,41.009998,41.349998,40.990002,41.110001,9259800,40.946714
2015-06-25,41.189999,41.470001,41.029999,41.080002,6529600,40.767429
2015-06-24,41.18,41.290001,40.98,41.080002,6045600,40.767429
2015-06-23,41.00,41.240002,40.880001,41.099998,3397400,40.787273
2015-06-22,41.169998,41.450001,41.00,41.049999,5133700,40.737654
2015-06-19,40.869999,41.439999,40.869999,41.040001,12396700,40.727732
2015-06-18,40.93,41.060001,40.82,40.849998,10692400,40.539175
2015-06-17,40.68,40.900002,40.400002,40.790001,5743000,40.479634
2015-06-16,40.200001,40.790001,40.040001,40.740002,6080400,40.430015
2015-06-15,40.150002,40.43,39.990002,40.110001,6904600,39.804808
2015-06-12,40.790001,40.790001,40.18,40.470001,8530100,40.162069
2015-06-11,40.360001,40.619999,40.279999,40.360001,5249800,40.052906
2015-06-10,40.32,40.630001,40.259998,40.369999,6769300,40.062828
2015-06-09,40.080002,40.310001,39.98,40.220001,5773100,39.913972
2015-06-08,40.07,40.209999,39.939999,40.049999,6477000,39.745263
2015-06-05,40.349998,40.419998,39.779999,40.02,10627900,39.715493
2015-06-04,40.790001,40.919998,40.360001,40.419998,7098000,40.112447
2015-06-03,41.02,41.119999,40.75,41.029999,10828100,40.717806
2015-06-02,40.450001,40.82,40.009998,40.799999,9509600,40.489557
2015-06-01,41.599998,41.810001,40.419998,40.689999,13766700,40.380393
2015-05-29,40.549999,41.599998,40.470001,41.59,26361000,41.273546
2015-05-28,40.130001,40.66,39.959999,40.470001,10271800,40.162069
2015-05-27,39.970001,40.200001,39.889999,40.139999,6041000,39.834579
2015-05-26,40.150002,40.169998,39.73,39.939999,7265300,39.6361
2015-05-22,40.220001,40.360001,40.139999,40.169998,5994600,39.864349
2015-05-21,40.650002,40.709999,40.209999,40.310001,8225600,40.003287
2015-05-20,40.34,40.830002,40.099998,40.66,10110200,40.350622
2015-05-19,40.00,40.299999,39.860001,40.25,8082700,39.943742
2015-05-18,40.119999,40.310001,39.939999,40.00,6962300,39.695644
2015-05-15,40.18,40.509998,39.939999,40.450001,9836700,40.142221
2015-05-14,39.540001,40.139999,39.52,40.049999,12284500,39.745263
2015-05-13,39.360001,39.59,39.02,39.310001,9561900,39.010896
2015-05-12,39.110001,39.419998,38.91,39.310001,6415500,39.010896
2015-05-11,39.330002,39.630001,39.310001,39.330002,7198600,39.030744
2015-05-08,39.299999,39.580002,39.220001,39.439999,10479600,39.139904
2015-05-07,38.419998,39.119999,38.209999,38.98,12138600,38.683405
2015-05-06,38.419998,38.459999,38.080002,38.450001,10249200,38.157439
2015-05-05,38.549999,38.68,38.16,38.32,8718800,38.028427
2015-05-04,38.50,38.790001,38.48,38.619999,5774800,38.326144
2015-05-01,38.529999,38.68,38.41,38.650002,8565100,38.355918
2015-04-30,38.799999,39.080002,38.32,38.369999,15768800,38.078046
2015-04-29,37.889999,38.849998,37.75,38.700001,25065400,38.405537
2015-04-28,36.669998,36.82,36.48,36.799999,8316100,36.519992
2015-04-27,36.810001,37.02,36.639999,36.799999,8815700,36.519992
2015-04-24,36.43,36.860001,36.43,36.82,5066600,36.53984
2015-04-23,36.75,36.91,36.619999,36.810001,20404500,36.529918
2015-04-22,36.630001,36.880001,36.439999,36.830002,6069800,36.549766
2015-04-21,37.099998,37.139999,36.419998,36.529999,19475100,36.252046
2015-04-20,37.049999,37.150002,36.919998,36.990002,8323000,36.708549
