Date,Open,High,Low,Close,Volume,Adj Close
2015-10-16,19.08,19.17,18.879999,19.08,931300,19.08
2015-10-15,18.91,19.059999,18.719999,19.030001,727500,19.030001
2015-10-14,19.01,19.23,18.84,18.870001,654700,18.870001
2015-10-13,18.92,19.40,18.879999,18.950001,755800,18.950001
2015-10-12,19.469999,19.50,18.99,19.07,669900,19.07
2015-10-09,19.459999,19.549999,19.07,19.459999,981300,19.459999
2015-10-08,18.90,19.40,18.790001,19.40,764100,19.40
2015-10-07,18.870001,19.08,18.57,18.92,1455000,18.92
2015-10-06,18.43,18.950001,18.27,18.719999,1500100,18.719999
2015-10-05,17.879999,18.629999,17.870001,18.459999,1939400,18.459999
2015-10-02,16.84,17.74,16.709999,17.74,1030100,17.74
2015-10-01,17.370001,17.58,16.74,16.85,1258200,16.85
2015-09-30,16.799999,17.27,16.719999,17.200001,1276900,17.200001
2015-09-29,16.60,16.66,16.379999,16.66,1018600,16.66
2015-09-28,16.57,16.83,16.530001,16.58,834700,16.58
2015-09-25,16.780001,16.92,16.559999,16.620001,762800,16.620001
2015-09-24,16.440001,16.76,16.34,16.73,694700,16.73
2015-09-23,16.719999,16.719999,16.440001,16.51,769400,16.51
2015-09-22,16.870001,16.969999,16.610001,16.690001,587200,16.690001
2015-09-21,17.25,17.379999,17.01,17.040001,779200,17.040001
2015-09-18,17.32,17.52,17.110001,17.15,1945500,17.15
2015-09-17,17.32,17.85,17.27,17.549999,1058100,17.549999
2015-09-16,16.959999,17.48,16.860001,17.379999,989800,17.379999
2015-09-15,16.50,16.93,16.450001,16.91,811600,16.91
2015-09-14,16.43,16.58,16.299999,16.469999,541800,16.469999
2015-09-11,16.34,16.43,16.15,16.43,664600,16.43
2015-09-10,16.49,16.83,16.309999,16.40,1259500,16.40
2015-09-09,16.780001,16.91,16.530001,16.57,1107600,16.57
2015-09-08,16.40,16.709999,16.370001,16.559999,1644200,16.559999
2015-09-04,16.76,16.780001,16.219999,16.360001,945400,16.177001
2015-09-03,16.879999,17.200001,16.809999,16.92,1009500,16.730736
2015-09-02,17.15,17.209999,16.610001,16.860001,1016700,16.671408
2015-09-01,17.549999,17.629999,16.879999,16.950001,1250300,16.760401
2015-08-31,17.879999,17.959999,17.469999,17.91,1868200,17.709662
2015-08-28,17.57,18.139999,17.559999,17.99,1280600,17.788767
2015-08-27,16.879999,17.74,16.860001,17.60,1227500,17.40313
2015-08-26,16.74,16.82,16.280001,16.719999,1327700,16.532972
2015-08-25,17.25,17.299999,16.40,16.40,1788400,16.216552
2015-08-24,16.719999,17.50,16.450001,16.76,1801300,16.572526
2015-08-21,17.879999,18.02,17.59,17.709999,757700,17.511898
2015-08-20,18.139999,18.43,18.059999,18.07,649600,17.867872
2015-08-19,18.59,18.65,18.120001,18.299999,644900,18.095299
2015-08-18,18.790001,18.889999,18.57,18.700001,409100,18.490826
2015-08-17,18.639999,19.049999,18.51,18.90,932700,18.688588
2015-08-14,18.360001,18.68,18.32,18.66,735700,18.451272
2015-08-13,18.780001,18.780001,18.360001,18.379999,1106400,18.174404
2015-08-12,18.379999,18.90,18.309999,18.85,1033900,18.639148
2015-08-11,18.040001,18.52,17.85,18.48,1321600,18.273286
2015-08-10,17.209999,18.209999,17.18,18.17,1830900,17.966754
2015-08-07,16.99,17.17,16.90,17.120001,1371300,16.9285
2015-08-06,17.50,17.50,16.629999,17.08,1719600,16.888946
2015-08-05,17.469999,17.66,17.209999,17.549999,1911100,17.353688
2015-08-04,19.049999,19.09,17.299999,17.379999,2786300,17.18559
2015-08-03,19.620001,19.620001,19.07,19.219999,1116900,19.005008
2015-07-31,19.139999,19.65,19.139999,19.51,3671700,19.291765
2015-07-30,18.799999,19.200001,18.719999,19.049999,1442000,18.836909
2015-07-29,18.34,18.959999,18.34,18.879999,1062700,18.668811
2015-07-28,18.33,18.52,18.219999,18.389999,1211000,18.184292
2015-07-27,18.24,18.620001,18.200001,18.280001,966700,18.075524
2015-07-24,18.15,18.459999,18.08,18.35,1183700,18.14474
2015-07-23,18.610001,18.629999,18.09,18.219999,1280700,18.016194
2015-07-22,18.629999,18.74,18.540001,18.58,656200,18.372167
2015-07-21,18.66,18.93,18.57,18.67,1108300,18.461161
2015-07-20,19.15,19.15,18.610001,18.68,917400,18.471049
2015-07-17,19.42,19.459999,19.110001,19.18,1056000,18.965456
2015-07-16,19.040001,19.549999,19.040001,19.49,969300,19.271988
2015-07-15,19.23,19.27,18.85,19.030001,810600,18.817134
2015-07-14,19.15,19.309999,19.09,19.26,616600,19.044561
2015-07-13,19.16,19.219999,18.969999,19.15,795900,18.935791
2015-07-10,19.26,19.309999,19.01,19.07,1237000,18.856686
2015-07-09,19.26,19.33,18.969999,19.07,1501800,18.856686
2015-07-08,19.559999,19.65,19.030001,19.09,2074500,18.876463
2015-07-07,19.17,19.68,19.02,19.629999,953900,19.410421
2015-07-06,19.10,19.219999,18.93,19.139999,1746100,18.925903
2015-07-02,19.280001,19.35,19.10,19.24,1125700,19.024785
2015-07-01,19.639999,19.73,19.059999,19.139999,1395100,18.925903
2015-06-30,19.639999,19.709999,19.219999,19.530001,1927400,19.311542
2015-06-29,19.75,19.809999,19.51,19.52,1268100,19.301653
2015-06-26,19.780001,19.90,19.59,19.879999,1101700,19.657625
2015-06-25,20.040001,20.040001,19.73,19.790001,1143700,19.568633
2015-06-24,20.290001,20.32,19.969999,20.02,1150600,19.79606
2015-06-23,20.40,20.530001,20.299999,20.35,891000,20.122369
2015-06-22,20.65,20.65,20.360001,20.51,699400,20.280579
2015-06-19,20.629999,20.700001,20.33,20.549999,1930000,20.320131
2015-06-18,20.17,20.65,20.17,20.59,895900,20.359684
2015-06-17,19.99,20.280001,19.889999,20.09,1182300,19.865277
2015-06-16,19.629999,19.93,19.530001,19.889999,841200,19.667513
2015-06-15,19.870001,19.870001,19.49,19.719999,950300,19.499415
2015-06-12,20.129999,20.18,19.860001,19.90,770700,19.677402
2015-06-11,20.280001,20.51,20.120001,20.200001,1036900,19.974047
2015-06-10,20.469999,20.58,20.139999,20.16,760700,19.934494
2015-06-09,20.450001,20.57,20.26,20.26,800100,20.033375
2015-06-08,20.440001,21.450001,20.34,20.49,1461900,20.07985
2015-06-05,20.27,20.59,20.18,20.450001,903200,20.040651
2015-06-04,20.76,20.870001,20.41,20.440001,1164600,20.030851
2015-06-03,20.889999,21.040001,20.75,20.92,806500,20.501243
2015-06-02,21.00,21.120001,20.780001,20.860001,1092400,20.442444
2015-06-01,20.969999,21.27,20.809999,21.110001,1064300,20.68744
2015-05-29,20.92,21.07,20.75,20.940001,981200,20.520843
2015-05-28,20.84,20.950001,20.74,20.950001,653500,20.530643
2015-05-27,20.68,20.950001,20.610001,20.870001,895700,20.452244
2015-05-26,20.780001,20.82,20.49,20.690001,719900,20.275847
2015-05-22,20.93,21.030001,20.83,20.90,692300,20.481642
2015-05-21,21.049999,21.17,20.870001,20.969999,552000,20.550241
2015-05-20,20.75,21.08,20.65,21.040001,1183600,20.618841
2015-05-19,20.389999,20.709999,20.280001,20.709999,1191900,20.295445
2015-05-18,20.49,20.540001,20.290001,20.49,543100,20.07985
2015-05-15,20.27,20.74,20.15,20.59,767500,20.177848
2015-05-14,20.129999,20.290001,19.959999,20.27,808900,19.864254
2015-05-13,20.41,20.52,19.879999,20.02,1078300,19.619258
2015-05-12,20.200001,20.35,19.959999,20.309999,898900,19.903452
2015-05-11,20.379999,20.530001,20.110001,20.219999,843200,19.815254
2015-05-08,20.57,20.65,20.27,20.48,1053900,20.07005
2015-05-07,20.299999,20.34,20.01,20.16,1170500,19.756455
2015-05-06,21.049999,21.10,20.120001,20.290001,1673500,19.883854
2015-05-05,21.99,22.59,20.90,20.93,1799200,20.511043
2015-05-04,22.41,22.690001,22.08,22.17,1484500,21.726221
2015-05-01,22.290001,22.440001,22.059999,22.32,681500,21.873218
2015-04-30,22.58,22.66,22.01,22.290001,2345100,21.84382
2015-04-29,22.50,22.709999,22.280001,22.67,841300,22.216213
2015-04-28,22.16,22.67,22.139999,22.65,748100,22.196613
2015-04-27,22.76,22.790001,22.15,22.209999,1007400,21.76542
2015-04-24,22.59,22.82,22.52,22.65,822800,22.196613
2015-04-23,22.540001,22.77,22.49,22.57,565700,22.118214
2015-04-22,22.41,22.549999,22.120001,22.50,651600,22.049616
2015-04-21,22.77,22.860001,22.26,22.41,692400,21.961417
2015-04-20,22.530001,23.030001,22.48,22.690001,615000,22.235813
