Date,Open,High,Low,Close,Volume,Adj Close
2015-10-09,48.560001,49.00,48.200001,48.389999,4527400,48.389999
2015-10-08,47.939999,48.790001,47.830002,48.619999,5063700,48.619999
2015-10-07,48.099998,48.490002,47.540001,48.189999,5058700,48.189999
2015-10-06,47.669998,47.939999,47.130001,47.540001,6471600,47.540001
2015-10-05,47.43,47.880001,47.209999,47.790001,9318600,47.790001
2015-10-02,46.16,46.970001,45.549999,46.970001,7263600,46.970001
2015-10-01,47.560001,47.619999,46.639999,47.439999,6239400,47.439999
2015-09-30,47.060001,47.25,46.509998,47.150002,6934400,47.150002
2015-09-29,47.07,47.07,45.700001,46.34,6931800,46.34
2015-09-28,46.740002,46.849998,45.990002,46.07,7045600,46.07
2015-09-25,47.32,47.630001,46.970001,47.23,7380400,47.23
2015-09-24,45.84,46.57,45.560001,46.43,6585700,46.43
2015-09-23,46.470001,47.130001,46.200001,46.52,6953100,46.52
2015-09-22,46.07,46.279999,45.57,46.200001,9374000,46.200001
2015-09-21,47.029999,47.400002,46.509998,46.900002,5949000,46.900002
2015-09-18,46.77,47.060001,45.970001,46.52,11691300,46.52
2015-09-17,49.50,49.639999,47.52,47.779999,9118900,47.779999
2015-09-16,49.330002,49.720001,49.16,49.59,4072400,49.59
2015-09-15,48.549999,49.540001,48.299999,49.310001,5549900,49.310001
2015-09-14,48.43,48.459999,47.970001,48.189999,3831300,48.189999
2015-09-11,48.27,48.560001,47.849998,48.529999,5500400,48.529999
2015-09-10,48.299999,49.049999,47.91,48.700001,4890100,48.700001
2015-09-09,49.630001,50.060001,48.220001,48.419998,6542800,48.419998
2015-09-08,48.880001,49.209999,48.439999,49.07,6549500,49.07
2015-09-04,48.360001,48.419998,47.50,47.860001,5156600,47.860001
2015-09-03,49.049999,49.68,48.75,48.959999,5616100,48.959999
2015-09-02,48.970001,48.98,48.029999,48.849998,7654800,48.849998
2015-09-01,48.459999,48.830002,47.650002,47.990002,9064500,47.990002
2015-08-31,49.790001,50.459999,49.50,50.099998,6348800,50.099998
2015-08-28,50.119999,50.400002,49.790001,50.32,6984700,50.32
2015-08-27,49.41,50.509998,49.23,50.400002,9271600,50.400002
2015-08-26,47.93,48.990002,47.169998,48.790001,11902000,48.790001
2015-08-25,49.209999,49.369999,46.549999,46.59,12092800,46.59
2015-08-24,46.360001,48.869999,44.490002,47.400002,14921600,47.400002
2015-08-21,51.349998,51.470001,49.529999,49.549999,10384300,49.549999
2015-08-20,53.139999,53.290001,51.91,51.91,7352900,51.91
2015-08-19,53.950001,54.130001,53.07,53.630001,7312700,53.630001
2015-08-18,54.439999,54.66,54.150002,54.279999,5319000,54.279999
2015-08-17,54.490002,54.669998,54.00,54.50,4753800,54.50
2015-08-14,54.580002,54.900002,54.330002,54.759998,3412700,54.759998
2015-08-13,54.439999,54.669998,54.07,54.369999,4358000,54.369999
2015-08-12,54.259998,54.439999,52.779999,54.18,6882800,54.18
2015-08-11,55.540001,55.75,54.720001,54.98,6180800,54.98
2015-08-10,55.419998,56.57,55.419998,56.360001,4755900,56.360001
2015-08-07,55.279999,55.630001,54.360001,54.919998,4331500,54.919998
2015-08-06,55.669998,55.919998,55.240002,55.509998,3826200,55.509998
2015-08-05,56.07,56.380001,55.450001,55.509998,4043900,55.509998
2015-08-04,56.009998,56.150002,55.52,55.93,3866100,55.555
2015-08-03,55.849998,56.189999,55.360001,55.73,4526200,55.356341
2015-07-31,56.619999,56.669998,55.52,55.740002,6873600,55.366276
2015-07-30,56.139999,56.869999,55.720001,56.830002,6703400,56.448968
2015-07-29,56.259998,57.470001,56.169998,57.220001,5287700,56.836352
2015-07-28,56.299999,56.490002,55.41,56.27,5434300,55.892721
2015-07-27,55.740002,55.860001,54.84,55.599998,7235400,55.227211
2015-07-24,56.610001,57.119999,55.810001,56.150002,8949500,55.773527
2015-07-23,57.25,57.549999,56.599998,56.75,4304000,56.369502
2015-07-22,57.52,57.68,57.139999,57.330002,3796100,56.945615
2015-07-21,57.310001,57.900002,57.110001,57.48,2470200,57.094607
2015-07-20,57.740002,57.84,57.139999,57.349998,3693900,56.965478
2015-07-17,57.41,57.52,56.959999,57.490002,3977300,57.104542
2015-07-16,57.740002,58.130001,57.439999,57.700001,5760800,57.313133
2015-07-15,56.599998,57.48,56.040001,57.470001,9505900,57.084676
2015-07-14,56.16,56.880001,56.130001,56.68,4425200,56.299972
2015-07-13,56.59,56.860001,56.50,56.599998,4505500,56.220506
2015-07-10,55.98,56.279999,55.580002,55.959999,4413600,55.584798
2015-07-09,55.389999,55.639999,54.779999,55.02,6256400,54.651102
2015-07-08,54.82,55.18,54.189999,54.439999,5329800,54.074989
2015-07-07,55.740002,55.900002,53.950001,55.66,9565100,55.28681
2015-07-06,55.369999,56.110001,55.209999,55.91,5435200,55.535134
2015-07-02,56.389999,57.009998,55.880001,56.16,4033200,55.783458
2015-07-01,57.00,57.23,56.18,56.470001,4857300,56.091381
2015-06-30,56.259998,56.650002,55.529999,55.990002,6858100,55.6146
2015-06-29,56.439999,56.610001,55.380001,55.470001,6914100,55.098086
2015-06-26,57.16,57.50,57.040001,57.369999,4163500,56.985344
2015-06-25,57.580002,57.610001,56.830002,56.860001,3600500,56.478765
2015-06-24,57.580002,57.900002,57.150002,57.169998,6482900,56.786684
2015-06-23,57.639999,58.23,57.560001,57.700001,8314800,57.313133
2015-06-22,56.68,57.52,56.599998,57.34,8152500,56.955547
2015-06-19,56.509998,56.709999,56.110001,56.23,7666400,55.852988
2015-06-18,56.419998,56.990002,55.98,56.740002,5969600,56.359571
2015-06-17,56.459999,56.849998,55.939999,56.02,8208300,55.644397
2015-06-16,55.310001,56.669998,55.310001,56.330002,8206400,55.95232
2015-06-15,55.349998,55.84,55.049999,55.57,5596700,55.197414
2015-06-12,55.970001,56.209999,55.50,55.77,5212500,55.396073
2015-06-11,56.27,56.57,55.970001,56.07,6726500,55.694061
2015-06-10,55.509998,56.27,55.110001,56.23,8815600,55.852988
2015-06-09,54.540001,54.950001,54.200001,54.66,6214800,54.293515
2015-06-08,54.48,54.82,54.209999,54.34,6536900,53.975661
2015-06-05,54.93,55.759998,54.34,54.450001,10286200,54.084924
2015-06-04,53.400002,54.099998,53.400002,53.810001,6045800,53.449216
2015-06-03,53.27,54.130001,52.98,53.990002,7086500,53.628009
2015-06-02,52.310001,53.169998,52.16,52.84,5065300,52.485718
2015-06-01,52.09,52.50,51.900002,52.27,4523600,51.91954
2015-05-29,52.790001,52.82,51.869999,52.259998,5166400,51.909605
2015-05-28,52.77,52.970001,52.209999,52.889999,4203700,52.535382
2015-05-27,52.75,52.98,52.389999,52.77,4609200,52.416188
2015-05-26,53.139999,53.200001,52.279999,52.48,5029400,52.128131
2015-05-22,53.330002,53.869999,53.220001,53.23,4307700,52.873103
2015-05-21,53.07,53.68,53.00,53.59,7065200,53.23069
2015-05-20,53.380001,53.59,52.73,53.290001,6009700,52.932702
2015-05-19,53.540001,53.540001,53.080002,53.439999,5126900,53.081694
2015-05-18,52.73,53.310001,52.630001,53.060001,4181500,52.704244
2015-05-15,53.200001,53.200001,52.290001,52.580002,4920400,52.227463
2015-05-14,53.279999,53.48,52.900002,53.150002,4602500,52.793641
2015-05-13,52.799999,53.279999,52.700001,53.099998,6027100,52.743973
2015-05-12,53.25,53.549999,52.790001,53.110001,7563000,52.753908
2015-05-11,52.299999,53.41,52.119999,53.299999,9456200,52.942633
2015-05-08,51.93,52.439999,51.290001,52.25,7671700,51.899674
2015-05-07,51.900002,52.709999,50.700001,52.07,9756500,51.72088
2015-05-06,52.419998,52.490002,51.380001,51.779999,6545700,51.060338
2015-05-05,52.200001,52.810001,52.00,52.110001,4612500,51.385753
2015-05-04,52.23,52.57,52.02,52.450001,4087500,51.721028
2015-05-01,51.75,52.32,51.529999,51.990002,6603000,51.267422
2015-04-30,52.040001,52.200001,51.209999,51.290001,6747000,50.57715
2015-04-29,51.060001,52.48,51.00,52.139999,9883800,51.415335
2015-04-28,50.349998,50.91,49.93,50.849998,5849100,50.143263
2015-04-27,50.77,50.93,50.169998,50.25,5390800,49.551604
2015-04-24,51.049999,51.279999,50.509998,50.66,3758100,49.955905
2015-04-23,50.849998,51.450001,50.82,51.130001,6269100,50.419374
2015-04-22,50.369999,51.110001,49.919998,51.049999,6711000,50.340484
2015-04-21,50.900002,51.18,50.110001,50.389999,6454400,49.689657
2015-04-20,50.810001,51.18,50.66,50.709999,4387900,50.00521
2015-04-17,50.599998,50.790001,50.220001,50.50,5769500,49.798129
2015-04-16,50.84,51.259998,50.52,51.00,4838200,50.29118
2015-04-15,50.580002,51.150002,50.580002,50.849998,6084700,50.143263
2015-04-14,50.490002,50.84,50.099998,50.450001,7250600,49.748825
2015-04-13,50.950001,51.419998,50.66,51.27,5275600,50.557428
