Date,Open,High,Low,Close,Volume,Adj Close
2015-10-15,149.639999,149.880005,148.020004,149.190002,2588500,149.190002
2015-10-14,149.00,149.660004,148.179993,148.320007,2256900,148.320007
2015-10-13,148.910004,150.00,148.729996,149.110001,2018100,149.110001
2015-10-12,150.259995,150.559998,149.539993,150.059998,1422600,150.059998
2015-10-09,149.559998,150.649994,149.300003,149.899994,2288500,149.899994
2015-10-08,146.649994,149.559998,146.589996,149.479996,2003600,149.479996
2015-10-07,146.740005,148.539993,146.130005,147.539993,1954000,147.539993
2015-10-06,145.990005,146.639999,145.399994,145.789993,2238100,145.789993
2015-10-05,144.300003,146.600006,143.630005,146.320007,2982500,146.320007
2015-10-02,139.080002,143.300003,138.570007,143.199997,3050200,143.199997
2015-10-01,142.210007,142.50,139.580002,140.800003,2482100,140.800003
2015-09-30,142.520004,143.229996,140.50,141.770004,3453600,141.770004
2015-09-29,138.619995,142.160004,138.429993,141.550003,4934500,141.550003
2015-09-28,138.300003,139.699997,138.300003,138.380005,3427500,138.380005
2015-09-25,139.619995,140.119995,138.570007,139.559998,3754400,139.559998
2015-09-24,136.630005,138.029999,135.389999,137.580002,2655800,137.580002
2015-09-23,138.529999,138.899994,136.860001,137.660004,2684500,137.660004
2015-09-22,138.270004,138.509995,137.25,138.020004,2773000,138.020004
2015-09-21,140.50,141.080002,139.350006,140.039993,2492600,140.039993
2015-09-18,141.169998,141.300003,139.210007,139.619995,6483600,139.619995
2015-09-17,143.809998,145.550003,142.520004,142.949997,2821000,142.949997
2015-09-16,143.509995,144.460007,143.210007,144.199997,2060300,144.199997
2015-09-15,141.559998,143.839996,141.039993,143.600006,2685900,143.600006
2015-09-14,141.520004,141.580002,140.029999,140.809998,2274200,140.809998
2015-09-11,140.610001,141.330002,139.770004,141.259995,2505200,141.259995
2015-09-10,141.00,141.910004,140.149994,140.779999,2024100,140.779999
2015-09-09,144.860001,145.350006,140.570007,140.860001,2629200,140.860001
2015-09-08,142.050003,143.550003,141.520004,143.429993,2418000,143.429993
2015-09-04,139.940002,140.669998,139.160004,139.839996,3195800,139.839996
2015-09-03,141.940002,142.899994,141.309998,141.740005,2588400,141.740005
2015-09-02,140.539993,141.240005,139.240005,141.240005,3294600,141.240005
2015-09-01,139.479996,140.490005,137.940002,138.50,3660100,138.50
2015-08-31,143.00,143.830002,142.020004,142.139999,2473100,142.139999
2015-08-28,143.020004,144.320007,142.800003,144.210007,2664100,144.210007
2015-08-27,143.75,144.949997,141.330002,143.899994,4104600,143.899994
2015-08-26,140.00,142.789993,138.529999,142.720001,4562200,142.720001
2015-08-25,141.860001,142.059998,137.389999,137.639999,5435900,137.639999
2015-08-24,137.119995,142.089996,134.00,138.580002,7359500,138.580002
2015-08-21,143.520004,145.320007,141.919998,142.089996,5442000,142.089996
2015-08-20,144.509995,144.869995,143.339996,143.350006,3281700,143.350006
2015-08-19,146.199997,147.550003,145.279999,145.869995,2525700,145.869995
2015-08-18,148.630005,148.919998,147.880005,148.309998,1705500,147.284995
2015-08-17,147.429993,149.309998,146.360001,149.240005,1648900,148.208575
2015-08-14,147.660004,148.509995,147.320007,148.279999,1401900,147.255203
2015-08-13,148.00,148.559998,147.080002,147.399994,1793100,146.38128
2015-08-12,147.240005,148.710007,146.070007,148.520004,2036700,147.49355
2015-08-11,150.00,150.00,148.259995,148.479996,1810800,147.453818
2015-08-10,150.00,151.399994,149.889999,151.240005,1571800,150.194753
2015-08-07,148.479996,150.00,148.160004,148.889999,1668700,147.860988
2015-08-06,150.889999,151.220001,148.899994,149.259995,1764800,148.228426
2015-08-05,151.850006,153.240005,150.919998,151.009995,1765600,149.966331
2015-08-04,150.929993,151.539993,150.110001,150.399994,1811900,149.360547
2015-08-03,150.789993,151.779999,148.940002,150.119995,2355100,149.082483
2015-07-31,152.529999,152.809998,151.029999,151.339996,1619600,150.294053
2015-07-30,151.00,151.729996,150.330002,151.570007,2119100,150.522474
2015-07-29,151.440002,151.690002,150.710007,151.449997,2176900,150.403293
2015-07-28,148.850006,151.720001,148.320007,151.110001,3277700,150.065646
2015-07-27,148.639999,149.00,147.699997,148.710007,3117600,147.682239
2015-07-24,148.860001,150.800003,148.699997,149.330002,3433600,148.29795
2015-07-23,151.919998,153.690002,149.020004,149.50,5176400,148.466773
2015-07-22,155.589996,156.309998,154.440002,155.410004,3067700,154.335931
2015-07-21,156.75,157.179993,155.339996,155.759995,2743900,154.683503
2015-07-20,156.770004,157.649994,156.270004,157.119995,2349000,156.034105
2015-07-17,156.50,157.369995,156.429993,156.690002,2429000,155.607084
2015-07-16,157.580002,157.940002,156.690002,157.169998,2023900,156.083762
2015-07-15,156.570007,157.00,155.899994,156.00,1786100,154.92185
2015-07-14,156.490005,157.080002,156.279999,156.779999,1811400,155.696458
2015-07-13,156.419998,156.770004,155.649994,156.470001,2107200,155.388603
2015-07-10,154.740005,155.860001,154.50,154.949997,2061300,153.879104
2015-07-09,154.589996,155.50,153.75,153.75,2069200,152.6874
2015-07-08,154.080002,154.50,152.699997,152.710007,2613300,151.654595
2015-07-07,155.139999,155.630005,153.160004,155.429993,2865300,154.355782
2015-07-06,153.889999,155.580002,153.830002,155.080002,2172200,154.00821
2015-07-02,156.080002,156.080002,154.899994,155.380005,2022400,154.30614
2015-07-01,156.130005,156.429993,154.660004,155.649994,1726800,154.574263
2015-06-30,155.00,155.300003,154.070007,154.300003,2561000,153.233602
2015-06-29,155.919998,156.440002,153.919998,153.949997,2475000,152.886015
2015-06-26,156.160004,157.990005,155.929993,157.089996,2625500,156.004313
2015-06-25,157.850006,158.320007,155.919998,155.919998,2564000,154.842401
2015-06-24,159.679993,159.960007,157.539993,157.539993,2862900,156.4512
2015-06-23,160.410004,160.869995,159.509995,159.839996,2286400,158.735307
2015-06-22,159.850006,160.699997,159.449997,159.679993,1447400,158.576409
2015-06-19,159.360001,159.880005,158.940002,158.949997,3287200,157.851459
2015-06-18,157.589996,160.240005,157.389999,159.619995,2528900,158.516827
2015-06-17,156.600006,157.589996,155.75,156.949997,1839400,155.865281
2015-06-16,155.490005,157.039993,155.369995,156.490005,1729300,155.408469
2015-06-15,157.080002,157.320007,155.389999,155.869995,2353100,154.792744
2015-06-12,159.850006,159.990005,157.880005,158.039993,1910500,156.947744
2015-06-11,159.119995,160.360001,159.00,159.860001,1854200,158.755173
2015-06-10,156.949997,159.570007,156.949997,159.039993,1758900,157.940833
2015-06-09,156.850006,158.259995,156.600006,156.979996,1810800,155.895073
2015-06-08,156.50,157.410004,156.300003,156.589996,1608600,155.507769
2015-06-05,157.50,157.970001,156.970001,157.080002,2314800,155.994388
2015-06-04,159.509995,160.380005,158.089996,158.350006,2237600,157.255615
2015-06-03,159.610001,160.50,158.979996,160.160004,2074500,159.053103
2015-06-02,158.279999,159.880005,157.949997,159.080002,2481100,157.980565
2015-06-01,159.100006,159.759995,158.570007,158.979996,1906100,157.88125
2015-05-29,160.440002,160.789993,158.740005,159.080002,2880500,157.980565
2015-05-28,160.350006,160.889999,159.610001,160.869995,1578100,159.758187
2015-05-27,159.820007,161.309998,159.529999,161.020004,2625900,159.90716
2015-05-26,160.979996,161.320007,159.039993,159.589996,2471100,158.487035
2015-05-22,161.990005,162.330002,160.660004,160.979996,1822700,159.867428
2015-05-21,161.899994,162.350006,161.800003,162.059998,2400800,160.939966
2015-05-20,162.419998,163.070007,161.839996,161.899994,1978100,160.781068
2015-05-19,163.070007,163.589996,162.550003,163.119995,2075100,160.974728
2015-05-18,163.00,163.589996,162.309998,162.869995,1747800,160.728016
2015-05-15,163.149994,163.770004,162.649994,163.300003,1923800,161.152368
2015-05-14,162.089996,163.300003,161.800003,163.149994,2462500,161.004332
2015-05-13,160.429993,161.740005,160.360001,161.309998,2587900,159.188534
2015-05-12,158.710007,160.399994,158.009995,160.070007,1864800,157.964852
2015-05-11,160.259995,161.00,159.800003,159.899994,1708700,157.797074
2015-05-08,160.25,161.399994,160.059998,160.600006,2025500,158.48788
2015-05-07,157.229996,159.199997,157.229996,158.610001,2112900,156.524046
2015-05-06,157.919998,159.080002,156.550003,157.639999,2203100,155.566802
2015-05-05,158.860001,159.449997,157.410004,157.910004,1947700,155.833255
2015-05-04,158.399994,159.850006,157.880005,159.020004,2240300,156.928658
2015-05-01,156.789993,158.089996,156.789993,157.679993,2160100,155.606269
2015-04-30,156.820007,157.919998,156.009995,156.389999,3510200,154.333241
2015-04-29,157.419998,157.929993,156.179993,156.970001,3078600,154.905615
2015-04-28,157.690002,158.360001,156.179993,158.330002,3387900,156.24773
2015-04-27,159.479996,160.070007,157.809998,157.979996,3448800,155.902327
2015-04-24,159.809998,159.809998,157.850006,158.990005,3043500,156.899054
2015-04-23,159.539993,161.449997,158.610001,159.660004,5704500,157.56024
2015-04-22,163.809998,164.889999,162.570007,164.669998,2228800,162.504346
2015-04-21,165.649994,165.699997,163.619995,164.00,1970500,161.843159
2015-04-20,163.00,165.389999,162.729996,164.509995,2394200,162.346447
