Date,Open,High,Low,Close,Volume,Adj Close
2015-10-16,65.75,66.790001,65.480003,66.519997,540800,66.519997
2015-10-15,63.779999,65.879997,63.380001,65.730003,358900,65.730003
2015-10-14,64.370003,64.730003,63.580002,63.799999,272700,63.799999
2015-10-13,63.919998,65.50,63.450001,64.279999,340400,64.279999
2015-10-12,63.529999,64.300003,63.380001,64.209999,189700,64.209999
2015-10-09,63.950001,64.470001,63.389999,63.810001,353900,63.810001
2015-10-08,61.950001,64.139999,61.459999,63.93,674300,63.93
2015-10-07,59.799999,62.189999,59.32,62.18,487700,62.18
2015-10-06,60.09,60.119999,59.110001,59.619999,443900,59.619999
2015-10-05,58.84,60.119999,58.66,59.950001,421700,59.950001
2015-10-02,57.860001,59.41,57.50,59.369999,316800,59.369999
2015-10-01,59.419998,59.84,57.470001,58.560001,334200,58.560001
2015-09-30,58.970001,59.869999,58.369999,59.560001,881300,59.560001
2015-09-29,58.880001,59.040001,58.02,58.48,457400,58.48
2015-09-28,61.029999,61.599998,58.470001,58.849998,537500,58.849998
2015-09-25,63.169998,63.169998,61.189999,61.23,445900,61.23
2015-09-24,61.860001,62.959999,61.860001,62.66,371500,62.66
2015-09-23,62.02,62.389999,61.380001,62.200001,218600,62.200001
2015-09-22,61.689999,62.02,61.34,61.68,259300,61.68
2015-09-21,62.529999,63.650002,62.23,62.529999,224300,62.529999
2015-09-18,63.09,63.75,62.009998,62.189999,473200,62.189999
2015-09-17,63.779999,64.639999,62.630001,63.799999,261600,63.799999
2015-09-16,63.009998,64.550003,62.66,63.959999,245900,63.959999
2015-09-15,62.66,63.490002,62.27,63.310001,185400,63.310001
2015-09-14,62.299999,62.799999,62.009998,62.630001,293500,62.630001
2015-09-11,60.790001,62.34,60.209999,62.259998,191900,62.259998
2015-09-10,61.029999,61.700001,60.639999,61.040001,302500,61.040001
2015-09-09,62.220001,62.709999,61.049999,61.18,249000,61.18
2015-09-08,61.619999,61.959999,61.040001,61.799999,214200,61.799999
2015-09-04,61.119999,61.66,60.23,60.610001,196600,60.610001
2015-09-03,62.459999,62.900002,61.709999,61.919998,435400,61.919998
2015-09-02,60.720001,62.110001,60.259998,62.099998,491400,62.099998
2015-09-01,59.529999,60.380001,59.419998,59.98,963000,59.98
2015-08-31,61.720001,62.279999,60.490002,60.549999,313100,60.549999
2015-08-28,61.689999,62.240002,61.279999,62.119999,284800,62.119999
2015-08-27,62.380001,62.549999,61.16,61.919998,476700,61.919998
2015-08-26,60.75,62.009998,59.950001,61.82,597500,61.82
2015-08-25,60.189999,60.650002,59.09,59.619999,752600,59.619999
2015-08-24,56.080002,60.650002,55.990002,58.639999,749300,58.639999
2015-08-21,60.07,61.16,59.349998,59.93,618200,59.93
2015-08-20,61.290001,62.880001,60.93,61.41,549300,61.41
2015-08-19,60.669998,60.970001,59.93,60.549999,297600,60.549999
2015-08-18,61.880001,61.970001,61.130001,61.220001,283600,61.220001
2015-08-17,60.720001,61.82,59.34,61.82,345100,61.82
2015-08-14,60.810001,61.32,60.330002,61.18,350200,61.18
2015-08-13,60.419998,61.52,59.869999,60.759998,324800,60.759998
2015-08-12,59.619999,60.73,58.540001,60.509998,450700,60.509998
2015-08-11,59.380001,60.490002,59.00,60.099998,541700,60.054998
2015-08-10,60.040001,60.59,59.389999,60.389999,778800,60.344782
2015-08-07,63.299999,64.110001,58.720001,59.650002,1301300,59.605338
2015-08-06,67.900002,70.00,63.939999,64.779999,623600,64.731495
2015-08-05,69.00,70.00,68.349998,69.220001,443300,69.168172
2015-08-04,68.169998,68.879997,67.75,68.519997,213800,68.468692
2015-08-03,68.25,68.599998,67.610001,68.220001,196400,68.168921
2015-07-31,68.220001,68.949997,68.07,68.209999,228200,68.158927
2015-07-30,67.940002,68.650002,67.239998,68.089996,172100,68.039014
2015-07-29,67.449997,68.529999,67.239998,68.25,241100,68.198898
2015-07-28,66.959999,67.660004,65.919998,67.559998,258600,67.509412
2015-07-27,66.879997,67.080002,66.339996,66.699997,197200,66.650055
2015-07-24,67.699997,68.309998,67.059998,67.470001,314600,67.419483
2015-07-23,68.800003,69.050003,67.839996,68.080002,227700,68.029027
2015-07-22,67.449997,68.519997,67.449997,68.480003,162200,68.428729
2015-07-21,68.709999,68.830002,67.610001,67.910004,283000,67.859156
2015-07-20,68.290001,68.690002,67.720001,68.660004,378800,68.608594
2015-07-17,67.540001,67.989998,67.540001,67.82,327000,67.769219
2015-07-16,67.110001,67.830002,66.949997,67.720001,265500,67.669296
2015-07-15,66.230003,67.120003,65.93,66.980003,294900,66.929852
2015-07-14,65.910004,66.400002,65.389999,66.330002,293000,66.280337
2015-07-13,65.830002,66.309998,65.610001,65.919998,194900,65.87064
2015-07-10,65.230003,65.610001,64.639999,65.459999,254900,65.410986
2015-07-09,65.050003,65.470001,64.279999,64.440002,172100,64.391753
2015-07-08,64.370003,64.760002,63.77,64.190002,364000,64.14194
2015-07-07,66.209999,66.419998,64.599998,65.25,330300,65.201144
2015-07-06,64.980003,66.419998,64.580002,66.209999,287600,66.160424
2015-07-02,66.410004,66.410004,65.300003,65.760002,209400,65.710764
2015-07-01,66.110001,66.489998,65.760002,66.139999,335800,66.090477
2015-06-30,66.25,66.459999,65.419998,65.730003,339500,65.680788
2015-06-29,66.580002,67.32,65.589996,65.790001,444700,65.74074
2015-06-26,67.370003,68.120003,66.849998,67.300003,899400,67.249612
2015-06-25,65.540001,67.139999,65.330002,67.010002,471500,66.959828
2015-06-24,65.82,65.82,65.010002,65.129997,316500,65.081231
2015-06-23,65.760002,65.980003,65.300003,65.940002,265900,65.89063
2015-06-22,65.75,65.870003,65.239998,65.580002,345500,65.530899
2015-06-19,65.919998,65.919998,65.239998,65.239998,487300,65.191149
2015-06-18,64.480003,65.879997,64.349998,65.75,420200,65.700769
2015-06-17,64.160004,64.610001,63.59,64.360001,440200,64.311811
2015-06-16,62.630001,63.849998,62.330002,63.77,436300,63.722252
2015-06-15,63.00,63.00,61.900002,62.560001,489400,62.513159
2015-06-12,64.00,64.650002,63.68,63.919998,247000,63.872138
2015-06-11,64.25,64.870003,64.110001,64.620003,288900,64.571618
2015-06-10,63.93,64.82,63.93,64.169998,458700,64.121951
2015-06-09,64.400002,64.809998,63.689999,63.779999,781600,63.732243
2015-06-08,64.580002,64.970001,64.129997,64.50,355300,64.451705
2015-06-05,64.32,64.82,63.73,64.769997,262500,64.7215
2015-06-04,64.849998,65.019997,64.019997,64.32,230900,64.27184
2015-06-03,64.82,65.330002,64.599998,65.00,440600,64.951331
2015-06-02,64.879997,65.230003,64.25,64.529999,353800,64.481682
2015-06-01,65.870003,66.059998,64.660004,65.290001,324000,65.241115
2015-05-29,65.440002,65.910004,64.690002,65.370003,249600,65.321057
2015-05-28,65.940002,66.139999,65.120003,65.669998,248100,65.620828
2015-05-27,64.720001,65.910004,63.950001,65.839996,383200,65.790698
2015-05-26,64.940002,64.940002,63.880001,64.199997,365700,64.151927
2015-05-22,65.449997,65.879997,64.910004,64.940002,236600,64.891378
2015-05-21,65.639999,65.900002,65.160004,65.510002,276000,65.460951
2015-05-20,66.330002,66.43,65.589996,65.870003,241100,65.820682
2015-05-19,65.779999,66.279999,65.139999,66.150002,372900,66.100471
2015-05-18,64.50,65.82,64.50,65.57,275500,65.520904
2015-05-15,64.690002,64.989998,64.110001,64.730003,246700,64.681537
2015-05-14,63.549999,64.68,63.259998,64.550003,367900,64.501671
2015-05-13,62.84,63.619999,62.439999,63.189999,367600,63.142685
2015-05-12,63.57,63.57,62.119999,62.77,430200,62.678034
2015-05-11,63.490002,63.970001,62.939999,63.290001,504400,63.197272
2015-05-08,66.209999,66.43,63.09,63.400002,858300,63.307112
2015-05-07,63.360001,67.489998,63.25,65.550003,1476800,65.453963
2015-05-06,64.029999,64.239998,62.689999,62.990002,581800,62.897712
2015-05-05,64.660004,64.970001,63.580002,63.98,315200,63.88626
2015-05-04,64.75,65.199997,64.510002,64.779999,285400,64.685087
2015-05-01,64.370003,65.029999,63.950001,64.690002,348000,64.595222
2015-04-30,65.309998,66.160004,63.900002,64.010002,424000,63.916218
2015-04-29,66.290001,66.639999,65.300003,65.690002,323300,65.593757
2015-04-28,65.910004,66.519997,65.260002,66.349998,321700,66.252786
2015-04-27,66.940002,66.940002,65.480003,65.620003,444100,65.52386
2015-04-24,67.629997,67.629997,66.970001,67.160004,193100,67.061605
2015-04-23,67.470001,67.82,66.970001,67.709999,249100,67.610794
2015-04-22,66.919998,67.57,66.360001,67.339996,201400,67.241334
2015-04-21,66.260002,67.190002,65.989998,66.910004,407500,66.811971
2015-04-20,65.739998,66.230003,65.629997,65.980003,328500,65.883333
