Date,Open,High,Low,Close,Volume,Adj Close
2015-10-15,62.889999,67.190002,62.400002,66.900002,2423000,66.900002
2015-10-14,65.879997,67.370003,64.260002,65.580002,2078500,65.580002
2015-10-13,65.699997,67.349998,64.839996,64.989998,2555200,64.989998
2015-10-12,66.75,67.25,64.629997,65.889999,1377100,65.889999
2015-10-09,69.00,69.18,66.129997,66.730003,2360000,66.730003
2015-10-08,64.870003,69.379997,64.589996,68.540001,3795700,68.540001
2015-10-07,63.200001,66.279999,61.849998,65.269997,3871900,65.269997
2015-10-06,63.139999,66.50,59.720001,62.98,6267400,62.98
2015-10-05,66.309998,66.860001,61.259998,61.41,3841400,61.41
2015-10-02,61.75,65.879997,61.630001,65.870003,3925400,65.870003
2015-10-01,63.93,64.199997,61.369999,63.48,4081800,63.48
2015-09-30,59.709999,64.220001,59.450001,63.939999,4827300,63.939999
2015-09-29,59.57,61.689999,56.57,57.959999,6621400,57.959999
2015-09-28,68.190002,68.760002,58.279999,59.799999,8871100,59.799999
2015-09-25,71.080002,71.099998,67.57,68.449997,2479000,68.449997
2015-09-24,70.690002,70.959999,67.309998,70.139999,3060500,70.139999
2015-09-23,73.25,73.919998,71.440002,71.639999,1280800,71.639999
2015-09-22,72.839996,75.510002,72.00,72.900002,3532100,72.900002
2015-09-21,81.75,81.75,72.809998,73.870003,6816300,73.870003
2015-09-18,83.919998,83.919998,81.68,82.099998,2573600,82.099998
2015-09-17,83.68,86.059998,83.029999,84.949997,1520800,84.949997
2015-09-16,83.089996,84.279999,82.239998,83.610001,1383400,83.610001
2015-09-15,82.00,83.50,81.199997,83.300003,982400,83.300003
2015-09-14,82.269997,82.610001,81.029999,81.690002,865500,81.690002
2015-09-11,82.739998,82.849998,80.779999,82.080002,1372100,82.080002
2015-09-10,83.620003,84.919998,82.800003,83.00,1002600,83.00
2015-09-09,86.169998,87.279999,83.379997,83.620003,1360500,83.620003
2015-09-08,84.730003,85.699997,83.93,85.50,1339100,85.50
2015-09-04,82.220001,83.93,81.800003,82.860001,1264300,82.860001
2015-09-03,85.019997,85.879997,82.169998,82.779999,1541100,82.779999
2015-09-02,85.480003,85.720001,82.449997,84.370003,2163200,84.370003
2015-09-01,84.290001,87.68,83.629997,84.059998,1441600,84.059998
2015-08-31,89.510002,90.449997,85.650002,86.239998,1561200,86.239998
2015-08-28,88.690002,90.199997,87.800003,89.93,1697700,89.93
2015-08-27,86.720001,90.639999,86.720001,89.169998,2613100,89.169998
2015-08-26,81.370003,86.480003,80.239998,85.82,3977600,85.82
2015-08-25,84.25,84.739998,78.57,78.660004,3972300,78.660004
2015-08-24,83.160004,86.260002,81.830002,81.959999,3900000,81.959999
2015-08-21,88.230003,90.220001,86.510002,88.300003,4008700,88.300003
2015-08-20,93.489998,94.68,88.730003,89.440002,3805000,89.440002
2015-08-19,97.580002,98.00,94.440002,95.489998,1608600,95.489998
2015-08-18,98.489998,99.860001,97.00,97.790001,1492600,97.790001
2015-08-17,97.989998,99.610001,97.510002,98.839996,1363800,98.839996
2015-08-14,98.00,98.919998,97.660004,98.540001,1108700,98.540001
2015-08-13,100.57,101.459999,97.529999,98.029999,1622700,98.029999
2015-08-12,102.139999,102.260002,98.860001,100.199997,1500800,100.199997
2015-08-11,102.860001,103.50,100.239998,102.330002,1515500,102.330002
2015-08-10,100.57,103.849998,96.949997,103.50,2428100,103.50
2015-08-07,98.50,100.699997,96.150002,100.379997,2790000,100.379997
2015-08-06,104.190002,104.389999,94.900002,98.489998,6461600,98.489998
2015-08-05,106.739998,106.900002,102.349998,104.510002,4221300,104.510002
2015-08-04,120.769997,122.040001,101.949997,106.730003,6675300,106.730003
2015-08-03,124.25,125.349998,122.389999,124.209999,741600,124.209999
2015-07-31,122.00,124.139999,121.809998,123.959999,915100,123.959999
2015-07-30,122.599998,122.599998,119.559998,121.699997,859000,121.699997
2015-07-29,124.580002,125.269997,121.849998,122.730003,1630500,122.730003
2015-07-28,123.169998,123.910004,121.589996,123.870003,737600,123.870003
2015-07-27,122.949997,123.269997,120.690002,123.080002,815800,123.080002
2015-07-24,124.32,125.949997,122.389999,123.82,732300,123.82
2015-07-23,127.00,127.00,124.239998,124.989998,573800,124.989998
2015-07-22,123.989998,126.650002,123.82,126.510002,764500,126.510002
2015-07-21,122.900002,124.040001,121.760002,123.980003,712900,123.980003
2015-07-20,123.129997,123.949997,122.00,122.940002,601700,122.940002
2015-07-17,124.32,125.00,122.360001,123.139999,530500,123.139999
2015-07-16,125.00,125.360001,124.110001,124.32,674200,124.32
2015-07-15,124.690002,126.269997,123.540001,124.629997,1283800,124.629997
2015-07-14,121.809998,124.540001,120.790001,124.040001,794000,124.040001
2015-07-13,123.120003,123.709999,121.120003,121.57,870400,121.57
2015-07-10,122.25,123.290001,121.50,122.440002,959200,122.440002
2015-07-09,121.589996,122.120003,119.75,120.260002,942400,120.260002
2015-07-08,120.220001,121.419998,119.379997,120.07,1655200,120.07
2015-07-07,119.559998,121.260002,118.849998,121.199997,1562300,121.199997
2015-07-06,118.349998,120.459999,118.040001,119.629997,1537400,119.629997
2015-07-02,120.68,120.690002,118.370003,119.459999,1025300,119.459999
2015-07-01,119.410004,120.529999,117.830002,120.269997,1577600,120.269997
2015-06-30,117.650002,118.160004,115.699997,117.720001,1174500,117.720001
2015-06-29,114.989998,118.779999,114.040001,115.660004,1509400,115.660004
2015-06-26,120.809998,121.209999,116.669998,116.779999,1590600,116.779999
2015-06-25,120.669998,121.540001,119.220001,120.279999,851100,120.279999
2015-06-24,124.629997,124.919998,120.370003,120.589996,891600,120.589996
2015-06-23,124.360001,126.25,123.599998,124.870003,763800,124.870003
2015-06-22,122.629997,124.410004,122.18,124.019997,804400,124.019997
2015-06-19,121.059998,122.809998,120.980003,122.010002,1828500,122.010002
2015-06-18,117.129997,121.739998,116.050003,121.139999,1514100,121.139999
2015-06-17,119.879997,120.839996,117.43,117.68,1362600,117.68
2015-06-16,121.68,121.849998,115.629997,119.989998,1863500,119.989998
2015-06-15,122.709999,124.220001,121.480003,121.93,1054900,121.93
2015-06-12,126.480003,126.68,123.57,124.00,610500,124.00
2015-06-11,124.550003,127.230003,124.459999,126.290001,816200,126.290001
2015-06-10,123.330002,125.110001,121.830002,124.410004,722700,124.410004
2015-06-09,124.440002,125.290001,121.379997,122.970001,786300,122.970001
2015-06-08,126.760002,127.970001,124.199997,124.32,710100,124.32
2015-06-05,124.239998,126.800003,124.099998,126.07,930400,126.07
2015-06-04,128.580002,129.259995,124.18,124.279999,1308600,124.279999
2015-06-03,129.550003,129.899994,127.589996,129.50,903900,129.50
2015-06-02,129.179993,130.880005,127.529999,129.190002,788000,129.190002
2015-06-01,129.630005,130.190002,127.639999,129.889999,982200,129.889999
2015-05-29,130.339996,132.600006,129.300003,129.440002,892300,129.440002
2015-05-28,129.600006,131.970001,128.850006,130.179993,907800,130.179993
2015-05-27,127.419998,129.970001,126.970001,129.610001,980500,129.610001
2015-05-26,127.099998,128.059998,125.879997,126.57,642200,126.57
2015-05-22,128.449997,129.039993,127.110001,127.18,609800,127.18
2015-05-21,128.800003,129.279999,127.620003,128.809998,640900,128.809998
2015-05-20,128.740005,129.600006,127.370003,129.039993,630600,129.039993
2015-05-19,127.540001,130.25,127.029999,128.979996,1004300,128.979996
2015-05-18,123.830002,127.879997,123.830002,127.230003,1041700,127.230003
2015-05-15,124.790001,124.940002,123.629997,123.830002,582700,123.830002
2015-05-14,122.739998,124.599998,121.50,124.309998,636400,124.309998
2015-05-13,122.769997,123.50,121.949997,122.239998,943500,122.239998
2015-05-12,122.669998,123.199997,120.529999,122.32,575800,122.32
2015-05-11,122.580002,123.849998,121.370003,123.309998,908700,123.309998
2015-05-08,120.199997,122.760002,118.769997,122.669998,1080300,122.669998
2015-05-07,116.599998,119.980003,116.599998,119.059998,1095900,119.059998
2015-05-06,121.150002,121.610001,116.459999,117.389999,1488600,117.389999
2015-05-05,120.860001,122.00,118.110001,120.269997,2970800,120.269997
2015-05-04,114.120003,116.589996,114.040001,115.00,1924500,115.00
2015-05-01,113.50,115.959999,113.50,114.199997,1233000,114.199997
2015-04-30,115.309998,116.419998,112.440002,113.18,1482500,113.18
2015-04-29,113.699997,116.529999,113.580002,115.709999,1845800,115.709999
2015-04-28,114.699997,116.470001,112.209999,114.870003,2049300,114.870003
2015-04-27,122.489998,123.510002,115.040001,115.349998,1853300,115.349998
2015-04-24,124.150002,124.650002,121.709999,122.010002,939300,122.010002
2015-04-23,122.389999,125.190002,122.25,124.849998,1848400,124.849998
2015-04-22,125.230003,125.75,122.400002,122.949997,1381700,122.949997
2015-04-21,123.889999,126.510002,123.870003,125.169998,2354900,125.169998
2015-04-20,122.769997,123.290001,122.010002,123.120003,811000,123.120003
