Date,Open,High,Low,Close,Volume,Adj Close
2015-10-16,44.189999,44.189999,41.939999,42.799999,126600,42.799999
2015-10-15,42.970001,44.119999,42.459999,44.099998,107100,44.099998
2015-10-14,43.330002,43.740002,42.84,42.970001,49800,42.970001
2015-10-13,43.810001,44.50,43.150002,43.259998,64100,43.259998
2015-10-12,44.529999,44.560001,43.84,44.150002,49000,44.150002
2015-10-09,44.810001,44.810001,44.00,44.560001,69000,44.560001
2015-10-08,43.540001,44.73,43.540001,44.599998,69600,44.599998
2015-10-07,42.400002,43.709999,42.400002,43.669998,103900,43.669998
2015-10-06,42.459999,42.630001,41.919998,42.07,97200,42.07
2015-10-05,41.43,42.610001,41.110001,42.560001,79700,42.560001
2015-10-02,39.849998,40.860001,39.509998,40.830002,140100,40.830002
2015-10-01,40.119999,40.52,39.830002,40.16,321800,40.16
2015-09-30,39.00,40.09,38.91,39.970001,218000,39.970001
2015-09-29,39.380001,39.380001,38.32,38.689999,223400,38.689999
2015-09-28,41.169998,41.169998,39.139999,39.279999,228800,39.279999
2015-09-25,42.52,42.52,41.25,41.439999,107600,41.439999
2015-09-24,42.650002,42.68,42.080002,42.34,156600,42.34
2015-09-23,43.130001,43.439999,42.52,42.869999,116900,42.869999
2015-09-22,43.48,43.66,42.630001,42.970001,80500,42.970001
2015-09-21,44.73,45.139999,43.740002,44.029999,73600,44.029999
2015-09-18,44.75,45.110001,44.139999,44.299999,245500,44.299999
2015-09-17,45.540001,46.07,45.110001,45.25,84700,45.25
2015-09-16,44.59,45.73,44.59,45.439999,80100,45.439999
2015-09-15,43.48,44.68,43.130001,44.48,76800,44.48
2015-09-14,43.959999,44.040001,42.869999,43.200001,113600,43.200001
2015-09-11,43.810001,44.16,43.669998,43.919998,96800,43.919998
2015-09-10,44.490002,44.580002,44.00,44.169998,85700,44.169998
2015-09-09,45.240002,45.259998,44.419998,44.549999,93100,44.549999
2015-09-08,45.07,45.07,44.759998,44.900002,157200,44.900002
2015-09-04,43.939999,44.630001,43.939999,44.43,74800,44.43
2015-09-03,44.439999,44.950001,44.27,44.619999,107500,44.619999
2015-09-02,44.869999,44.869999,44.150002,44.439999,105200,44.439999
2015-09-01,44.799999,45.580002,44.220001,44.389999,287500,44.389999
2015-08-31,45.07,45.860001,45.07,45.48,91700,45.48
2015-08-28,44.599998,45.490002,44.52,45.290001,143500,45.290001
2015-08-27,44.400002,44.93,43.48,44.560001,125100,44.560001
2015-08-26,44.00,44.290001,42.880001,43.959999,116200,43.959999
2015-08-25,44.599998,44.669998,43.02,43.290001,306000,43.290001
2015-08-24,42.630001,44.279999,42.130001,43.459999,460600,43.459999
2015-08-21,44.509998,45.779999,43.560001,45.00,194800,45.00
2015-08-20,46.610001,46.73,45.18,45.209999,172500,45.209999
2015-08-19,46.799999,47.470001,46.57,46.880001,72400,46.880001
2015-08-18,48.130001,48.259998,46.970001,47.27,137000,47.27
2015-08-17,47.48,48.369999,47.110001,47.919998,150600,47.919998
2015-08-14,47.529999,48.299999,47.439999,48.119999,112400,47.799999
2015-08-13,48.57,48.639999,47.619999,47.689999,157800,47.372859
2015-08-12,48.52,48.900002,47.740002,48.610001,101700,48.286743
2015-08-11,49.200001,49.639999,48.720001,48.91,114500,48.584747
2015-08-10,48.860001,49.860001,48.799999,49.650002,129200,49.319827
2015-08-07,49.549999,49.830002,48.200001,48.490002,179100,48.167542
2015-08-06,50.689999,50.810001,49.52,49.959999,74000,49.627764
2015-08-05,50.400002,51.09,49.93,50.41,93000,50.074772
2015-08-04,50.669998,50.860001,49.709999,50.200001,87700,49.866169
2015-08-03,51.59,51.919998,50.220001,50.639999,123700,50.303242
2015-07-31,51.900002,52.23,51.34,51.650002,153300,51.306527
2015-07-30,50.91,51.849998,50.029999,51.610001,116200,51.266793
2015-07-29,50.09,51.290001,49.639999,51.099998,245500,50.760182
2015-07-28,50.049999,50.32,49.529999,49.98,150700,49.647631
2015-07-27,49.52,49.950001,48.830002,49.919998,244700,49.588029
2015-07-24,52.060001,52.91,49.360001,49.619999,375200,49.290024
2015-07-23,49.299999,54.540001,49.299999,52.619999,711500,52.270074
2015-07-22,47.09,47.259998,46.139999,46.450001,225500,46.141107
2015-07-21,47.279999,48.169998,46.740002,47.189999,173600,46.876184
2015-07-20,47.970001,48.119999,47.099998,47.439999,152500,47.124521
2015-07-17,48.720001,48.880001,47.439999,48.110001,131600,47.790068
2015-07-16,49.009998,49.009998,48.32,48.75,138700,48.425811
2015-07-15,48.700001,48.869999,48.189999,48.799999,111000,48.475478
2015-07-14,48.93,49.049999,48.400002,48.790001,79700,48.465546
2015-07-13,48.490002,48.970001,48.279999,48.860001,80000,48.53508
2015-07-10,48.209999,48.32,47.799999,48.169998,73200,47.849666
2015-07-09,48.259998,48.68,47.57,47.580002,138900,47.263593
2015-07-08,47.810001,48.189999,47.299999,47.57,169400,47.253658
2015-07-07,48.009998,48.18,47.380001,48.119999,166100,47.799999
2015-07-06,47.68,48.380001,47.650002,48.080002,95000,47.760268
2015-07-02,48.84,48.860001,47.830002,48.189999,104600,47.869534
2015-07-01,48.91,49.09,48.32,48.740002,155200,48.415879
2015-06-30,49.240002,49.540001,48.389999,48.509998,220400,48.187405
2015-06-29,49.900002,50.029999,48.669998,48.84,261000,48.515213
2015-06-26,49.830002,50.369999,49.419998,50.23,410100,49.895969
2015-06-25,50.07,50.18,49.389999,49.759998,194000,49.429093
2015-06-24,49.889999,50.259998,49.509998,49.93,153400,49.597964
2015-06-23,49.119999,50.23,49.099998,50.099998,203400,49.766832
2015-06-22,48.970001,49.279999,48.07,49.16,83800,48.833084
2015-06-19,48.66,48.959999,48.27,48.650002,159700,48.326478
2015-06-18,48.830002,49.09,48.240002,48.509998,165900,48.187405
2015-06-17,49.389999,49.389999,48.290001,48.610001,131800,48.286743
2015-06-16,47.759998,49.490002,47.610001,49.16,233600,48.833084
2015-06-15,48.470001,48.470001,47.630001,47.900002,157300,47.581465
2015-06-12,49.09,49.279999,48.889999,49.00,102400,48.674148
2015-06-11,49.02,49.310001,48.860001,49.130001,139700,48.803285
2015-06-10,48.41,49.32,48.41,49.02,137500,48.694016
2015-06-09,47.330002,48.150002,47.330002,48.02,169900,47.700666
2015-06-08,47.52,47.880001,47.02,47.459999,135600,47.144389
2015-06-05,46.740002,47.779999,46.470001,47.689999,165900,47.372859
2015-06-04,47.049999,47.32,46.099998,46.889999,157700,46.578179
2015-06-03,46.049999,47.599998,45.98,47.34,170600,47.025188
2015-06-02,44.709999,46.369999,44.349998,46.009998,184600,45.70403
2015-06-01,45.040001,45.279999,44.439999,44.759998,148300,44.462343
2015-05-29,44.59,45.349998,43.549999,44.700001,173300,44.402744
2015-05-28,44.41,44.75,44.18,44.740002,112800,44.442479
2015-05-27,44.150002,44.959999,43.77,44.66,74000,44.363009
2015-05-26,44.66,45.029999,43.43,44.099998,103500,43.806732
2015-05-22,45.549999,45.650002,44.740002,44.91,95900,44.611347
2015-05-21,45.619999,45.970001,45.240002,45.529999,98200,45.227223
2015-05-20,45.400002,45.93,45.400002,45.84,71300,45.21729
2015-05-19,46.330002,46.330002,44.799999,45.419998,139700,44.802993
2015-05-18,45.57,46.689999,45.400002,46.34,104200,45.710497
2015-05-15,45.830002,46.009998,44.810001,45.560001,127900,44.941094
2015-05-14,45.189999,45.759998,44.830002,45.740002,111500,45.11865
2015-05-13,44.990002,45.900002,44.509998,44.779999,112000,44.171688
2015-05-12,44.470001,44.830002,43.560001,44.450001,121200,43.846173
2015-05-11,45.380001,45.790001,44.490002,44.52,90300,43.915221
2015-05-08,45.529999,45.84,45.029999,45.32,94300,44.704353
2015-05-07,44.290001,45.18,44.189999,44.880001,85300,44.270332
2015-05-06,44.98,45.400002,43.860001,44.369999,161400,43.767258
2015-05-05,44.669998,45.119999,44.41,44.900002,249100,44.29006
2015-05-04,45.00,45.369999,44.630001,44.700001,134000,44.092777
2015-05-01,45.869999,46.48,44.869999,44.939999,131400,44.329514
2015-04-30,46.740002,47.150002,45.400002,45.740002,193700,45.11865
2015-04-29,48.220001,48.360001,46.970001,47.330002,194700,46.68705
2015-04-28,45.200001,47.720001,44.50,47.529999,285900,46.884331
2015-04-27,49.549999,50.09,48.689999,49.200001,131200,48.531647
2015-04-24,50.580002,50.630001,49.310001,49.490002,126700,48.817708
2015-04-23,50.439999,50.939999,49.610001,50.09,129500,49.409556
2015-04-22,51.419998,51.50,50.040001,50.68,110600,49.991541
2015-04-21,51.509998,52.00,50.98,51.34,84200,50.642575
2015-04-20,51.189999,52.209999,50.73,51.150002,117600,50.455158
