Date,Open,High,Low,Close,Volume,Adj Close
2015-10-15,47.009998,47.029999,46.529999,47.009998,27118900,47.009998
2015-10-14,46.650002,47.099998,46.529999,46.68,24645400,46.68
2015-10-13,46.560001,47.130001,46.560001,46.889999,18937100,46.889999
2015-10-12,46.98,47.07,46.50,47.00,19734100,47.00
2015-10-09,47.450001,47.540001,46.919998,47.110001,28397400,47.110001
2015-10-08,46.560001,47.52,46.50,47.450001,33679300,47.450001
2015-10-07,47.099998,47.349998,45.950001,46.799999,27381400,46.799999
2015-10-06,46.330002,47.18,46.220001,46.75,27017200,46.75
2015-10-05,45.75,46.889999,45.700001,46.630001,33015500,46.630001
2015-10-02,44.27,45.57,43.919998,45.57,41571500,45.57
2015-10-01,44.75,44.75,43.75,44.610001,28470400,44.610001
2015-09-30,43.880001,44.299999,43.66,44.259998,34589500,44.259998
2015-09-29,43.369999,43.57,43.049999,43.439999,32654000,43.439999
2015-09-28,43.830002,44.09,43.209999,43.290001,27219400,43.290001
2015-09-25,44.48,44.73,43.759998,43.939999,29177300,43.939999
2015-09-24,43.450001,44.130001,43.27,43.91,27652700,43.91
2015-09-23,43.93,44.169998,43.509998,43.869999,17057200,43.869999
2015-09-22,43.380001,44.049999,43.310001,43.900002,27824100,43.900002
2015-09-21,43.619999,44.470001,43.599998,44.110001,26075400,44.110001
2015-09-18,43.50,43.990002,43.330002,43.48,62221600,43.48
2015-09-17,44.290001,45.00,44.080002,44.25,29817900,44.25
2015-09-16,43.970001,44.380001,43.84,44.299999,23256700,44.299999
2015-09-15,43.189999,44.290001,43.080002,43.98,28662100,43.98
2015-09-14,43.43,43.439999,42.860001,43.040001,23633300,43.040001
2015-09-11,43.139999,43.59,42.939999,43.48,26184400,43.48
2015-09-10,43.119999,43.790001,42.75,43.290001,31234200,43.290001
2015-09-09,44.209999,44.400002,42.91,43.07,33318800,43.07
2015-09-08,43.299999,44.00,43.200001,43.889999,32204900,43.889999
2015-09-04,42.810001,43.040001,42.200001,42.610001,37124100,42.610001
2015-09-03,43.41,43.98,43.279999,43.50,28053200,43.50
2015-09-02,42.360001,43.380001,41.880001,43.360001,37490400,43.360001
2015-09-01,42.169998,42.59,41.66,41.82,49194700,41.82
2015-08-31,43.560001,43.93,43.099998,43.52,34159100,43.52
2015-08-28,43.400002,44.150002,43.389999,43.93,28104200,43.93
2015-08-27,43.23,43.950001,42.93,43.900002,50498300,43.900002
2015-08-26,42.009998,42.84,41.060001,42.709999,63031300,42.709999
2015-08-25,42.57,43.240002,40.389999,40.470001,70239300,40.470001
2015-08-24,40.450001,42.689999,39.720001,41.68,88049600,41.68
2015-08-21,45.299999,45.48,43.07,43.07,68835500,43.07
2015-08-20,46.07,46.470001,45.66,45.66,35671800,45.66
2015-08-19,46.779999,47.080002,46.299999,46.610001,31444000,46.610001
2015-08-18,46.84,47.43,46.700001,47.27,23305600,47.27
2015-08-17,46.810001,47.450001,46.57,47.32,21099700,47.009999
2015-08-14,46.529999,47.099998,46.52,47.00,21473400,46.692096
2015-08-13,47.060001,47.099998,46.490002,46.73,22627200,46.423864
2015-08-12,46.189999,46.900002,45.709999,46.740002,30181400,46.433801
2015-08-11,46.82,46.939999,45.900002,46.41,29237400,46.105961
2015-08-10,46.950001,47.490002,46.84,47.330002,23079900,47.019936
2015-08-07,46.389999,46.779999,46.259998,46.740002,19163000,46.433801
2015-08-06,47.709999,47.77,46.330002,46.619999,27368000,46.314584
2015-08-05,47.98,48.41,47.540001,47.580002,26959700,47.268298
2015-08-04,46.75,47.709999,46.68,47.540001,33403900,47.228559
2015-08-03,46.98,47.00,46.450001,46.810001,24125900,46.503342
2015-07-31,47.290001,47.369999,46.50,46.700001,31201500,46.394062
2015-07-30,46.259998,47.400002,45.93,46.880001,39777900,46.572883
2015-07-29,45.400002,46.779999,45.259998,46.290001,40945900,45.986748
2015-07-28,45.580002,45.639999,44.790001,45.34,34328900,45.042971
2015-07-27,45.939999,46.009998,45.25,45.349998,39701400,45.052904
2015-07-24,45.91,46.32,45.799999,45.939999,32333200,45.639039
2015-07-23,45.27,46.23,45.099998,46.110001,33934000,45.807927
2015-07-22,45.439999,46.93,45.200001,45.540001,59152400,45.241662
2015-07-21,46.779999,47.330002,46.48,47.279999,42781900,46.970261
2015-07-20,46.650002,47.130001,46.439999,46.919998,30631900,46.612618
2015-07-17,46.549999,46.779999,46.259998,46.619999,29467100,46.314584
2015-07-16,46.009998,46.689999,45.970001,46.66,26271700,46.354323
2015-07-15,45.68,45.889999,45.43,45.759998,26629600,45.460218
2015-07-14,45.450001,45.959999,45.310001,45.619999,22880300,45.321136
2015-07-13,44.98,45.619999,44.950001,45.540001,28178300,45.241662
2015-07-10,45.009998,45.139999,44.57,44.610001,25465800,44.317754
2015-07-09,44.75,45.220001,44.50,44.52,32424700,44.228343
2015-07-08,44.439999,44.900002,44.029999,44.240002,39785900,43.950179
2015-07-07,44.34,44.490002,43.32,44.299999,36435800,44.009783
2015-07-06,43.959999,44.48,43.950001,44.389999,23034000,44.099194
2015-07-02,44.48,44.75,44.060001,44.400002,21752000,44.109131
2015-07-01,44.459999,45.23,44.099998,44.450001,28343900,44.158802
2015-06-30,44.709999,44.720001,43.939999,44.150002,35945400,43.860768
2015-06-29,45.040001,45.23,44.360001,44.369999,34081700,44.079325
2015-06-26,45.650002,46.279999,45.029999,45.259998,49835300,44.963493
2015-06-25,46.029999,46.060001,45.50,45.650002,20616000,45.350942
2015-06-24,45.669998,46.25,45.549999,45.639999,34890900,45.341005
2015-06-23,46.130001,46.279999,45.619999,45.91,25896500,45.609237
2015-06-22,46.330002,46.720001,46.16,46.23,20318100,45.92714
2015-06-19,46.790001,46.830002,45.990002,46.099998,63837000,45.797991
2015-06-18,46.220001,46.799999,46.169998,46.720001,32658300,46.413932
2015-06-17,45.73,46.07,45.360001,45.970001,28704100,45.668845
2015-06-16,45.349998,46.240002,45.299999,45.830002,27070300,45.529763
2015-06-15,45.450001,45.650002,45.02,45.48,33254500,45.182053
2015-06-12,46.220001,46.470001,45.900002,45.970001,23931000,45.668845
2015-06-11,46.66,46.919998,46.130001,46.439999,27347800,46.135763
2015-06-10,45.790001,46.830002,45.689999,46.610001,28417400,46.304652
2015-06-09,45.759998,45.939999,45.459999,45.650002,24406100,45.350942
2015-06-08,46.299999,46.43,45.669998,45.73,22121600,45.430416
2015-06-05,46.310001,46.52,45.84,46.139999,25438100,45.837729
2015-06-04,46.790001,47.16,46.200001,46.360001,27745500,46.056289
2015-06-03,47.369999,47.740002,46.82,46.849998,28002200,46.543077
2015-06-02,46.93,47.349998,46.619999,46.919998,21498300,46.612618
2015-06-01,47.060001,47.77,46.619999,47.23,28837300,46.920589
2015-05-29,47.43,47.57,46.59,46.860001,36519600,46.553014
2015-05-28,47.50,48.02,47.389999,47.450001,19283700,47.139149
2015-05-27,46.82,47.77,46.619999,47.610001,27335600,47.298101
2015-05-26,46.830002,46.880001,46.189999,46.59,29581900,46.284782
2015-05-22,47.299999,47.349998,46.82,46.900002,25720600,46.592753
2015-05-21,47.279999,47.599998,47.009998,47.419998,22410700,47.109343
2015-05-20,47.389999,47.93,47.27,47.580002,25047900,47.268298
2015-05-19,47.560001,47.810001,47.18,47.580002,28574800,47.268298
2015-05-18,47.98,48.220001,47.610001,48.009998,24136500,47.387508
2015-05-15,48.869999,48.91,48.049999,48.299999,28642700,47.673748
2015-05-14,48.029999,48.82,48.029999,48.720001,32980900,48.088305
2015-05-13,48.189999,48.32,47.57,47.630001,34184600,47.012437
2015-05-12,46.849998,47.68,46.419998,47.349998,29928300,46.736065
2015-05-11,47.549999,47.91,47.369999,47.369999,24609400,46.755806
2015-05-08,47.549999,47.98,47.52,47.75,35364900,47.13088
2015-05-07,46.27,47.09,46.16,46.700001,32971700,46.094495
2015-05-06,47.57,47.77,46.02,46.279999,52433000,45.679939
2015-05-05,47.82,48.16,47.310001,47.599998,50369200,46.982824
2015-05-04,48.369999,48.869999,48.18,48.240002,34039500,47.614529
2015-05-01,48.580002,48.880001,48.400002,48.66,38937300,48.029081
2015-04-30,48.700001,49.540001,48.599998,48.639999,64725500,48.00934
2015-04-29,48.720001,49.310001,48.50,49.060001,47804600,48.423896
2015-04-28,47.779999,49.209999,47.700001,49.16,60730800,48.522598
2015-04-27,47.23,48.130001,47.220001,48.029999,59248200,47.407249
2015-04-24,45.66,48.139999,45.650002,47.869999,130933700,47.249323
2015-04-23,42.889999,43.610001,42.799999,43.34,46309500,42.77806
2015-04-22,42.669998,43.130001,42.549999,42.990002,25064300,42.432599
2015-04-21,43.00,43.150002,42.529999,42.639999,26013800,42.087135
2015-04-20,41.73,43.169998,41.68,42.91,46057700,42.353635
