Date,Open,High,Low,Close,Volume,Adj Close
2015-10-15,61.98,62.09,60.950001,61.459999,314200,61.459999
2015-10-14,62.259998,62.52,61.630001,61.75,942500,61.75
2015-10-13,63.00,63.669998,62.119999,62.209999,608600,62.209999
2015-10-12,64.559998,64.559998,63.610001,63.950001,311800,63.950001
2015-10-09,64.949997,65.269997,64.199997,64.489998,213800,64.489998
2015-10-08,63.93,65.230003,63.869999,64.989998,279700,64.989998
2015-10-07,63.93,64.959999,63.77,64.050003,482200,64.050003
2015-10-06,62.439999,63.650002,62.200001,63.459999,591200,63.459999
2015-10-05,61.18,62.540001,60.830002,62.41,637100,62.41
2015-10-02,59.360001,61.23,59.080002,61.09,376300,61.09
2015-10-01,61.110001,61.639999,59.779999,60.080002,491500,60.080002
2015-09-30,61.720001,62.439999,60.380001,61.029999,452800,61.029999
2015-09-29,61.400002,61.919998,60.950001,61.299999,320700,61.299999
2015-09-28,61.830002,62.00,61.23,61.290001,235600,61.290001
2015-09-25,62.779999,64.199997,62.07,62.189999,445100,62.189999
2015-09-24,62.380001,62.66,61.650002,62.310001,318200,62.310001
2015-09-23,63.889999,63.990002,62.700001,62.970001,257600,62.970001
2015-09-22,63.720001,64.459999,63.310001,63.799999,554500,63.799999
2015-09-21,64.309998,65.050003,64.169998,64.400002,509000,64.400002
2015-09-18,65.949997,66.139999,63.970001,64.080002,878600,64.080002
2015-09-17,67.860001,68.150002,66.489998,66.660004,283100,66.660004
2015-09-16,67.029999,68.019997,66.830002,67.889999,262700,67.889999
2015-09-15,65.970001,67.110001,65.650002,66.989998,246500,66.989998
2015-09-14,66.580002,66.830002,65.230003,65.790001,467800,65.790001
2015-09-11,66.599998,66.989998,66.00,66.599998,262900,66.599998
2015-09-10,67.099998,67.529999,66.669998,66.970001,201400,66.970001
2015-09-09,67.879997,68.18,67.050003,67.18,307800,67.18
2015-09-08,66.839996,67.379997,66.349998,67.260002,514700,67.260002
2015-09-04,66.540001,66.75,65.68,65.910004,398700,65.910004
2015-09-03,67.360001,67.809998,66.940002,67.220001,520400,67.220001
2015-09-02,66.660004,67.419998,66.470001,67.389999,275400,67.389999
2015-09-01,66.730003,67.019997,65.949997,66.040001,486900,66.040001
2015-08-31,67.139999,68.050003,66.540001,67.690002,345700,67.690002
2015-08-28,67.010002,67.800003,66.989998,67.449997,300200,67.449997
2015-08-27,66.459999,67.559998,65.720001,67.059998,470500,67.059998
2015-08-26,66.190002,66.300003,65.269997,65.779999,395500,65.779999
2015-08-25,67.339996,67.519997,64.919998,65.040001,420700,65.040001
2015-08-24,65.32,68.43,64.50,66.239998,581200,66.239998
2015-08-21,68.919998,69.610001,68.440002,68.50,381900,68.50
2015-08-20,70.339996,70.550003,69.400002,69.43,366400,69.43
2015-08-19,71.620003,71.739998,70.599998,71.040001,196500,71.040001
2015-08-18,71.489998,72.129997,71.489998,72.029999,322400,72.029999
2015-08-17,71.410004,71.900002,71.010002,71.599998,291600,71.599998
2015-08-14,70.82,72.00,70.779999,71.620003,239100,71.620003
2015-08-13,70.790001,70.980003,70.389999,70.709999,263200,70.709999
2015-08-12,69.739998,71.349998,69.459999,71.139999,476000,71.139999
2015-08-11,70.800003,70.809998,70.18,70.339996,269700,70.339996
2015-08-10,70.150002,71.489998,70.129997,71.440002,289700,71.440002
2015-08-07,70.010002,70.120003,69.480003,69.75,265600,69.75
2015-08-06,70.540001,70.540001,69.610001,69.959999,367600,69.959999
2015-08-05,70.519997,71.00,69.860001,70.489998,272000,70.489998
2015-08-04,70.269997,70.809998,69.709999,70.279999,221600,70.279999
2015-08-03,71.349998,71.349998,69.980003,70.209999,654800,70.209999
2015-07-31,70.379997,71.459999,70.25,71.260002,384000,71.260002
2015-07-30,69.959999,70.370003,69.370003,70.230003,307500,70.230003
2015-07-29,69.099998,70.360001,69.089996,70.110001,342100,70.110001
2015-07-28,68.739998,69.089996,68.32,69.019997,405500,69.019997
2015-07-27,68.050003,68.50,67.860001,68.459999,567400,68.459999
2015-07-24,69.68,69.949997,68.449997,68.519997,508300,68.519997
2015-07-23,70.029999,70.120003,69.660004,69.809998,739400,69.809998
2015-07-22,70.059998,70.849998,69.970001,70.07,447600,70.07
2015-07-21,70.529999,70.970001,70.00,70.18,495200,70.18
2015-07-20,70.300003,70.769997,70.029999,70.400002,263900,70.400002
2015-07-17,70.139999,70.43,69.559998,70.32,692000,70.32
2015-07-16,70.43,70.779999,70.00,70.220001,307200,70.220001
2015-07-15,70.370003,70.720001,69.919998,70.059998,578800,70.059998
2015-07-14,71.00,71.269997,70.379997,70.410004,390000,70.410004
2015-07-13,70.660004,71.190002,70.120003,71.150002,608100,71.150002
2015-07-10,71.980003,72.190002,70.290001,70.300003,716000,70.300003
2015-07-09,71.32,71.769997,71.059998,71.43,832600,71.029998
2015-07-08,69.50,71.919998,69.139999,70.800003,1386900,70.403529
2015-07-07,71.379997,72.400002,69.129997,70.089996,2375100,69.697498
2015-07-06,67.809998,68.449997,67.410004,67.980003,860100,67.599321
2015-07-02,69.199997,69.43,68.459999,68.470001,634700,68.086575
2015-07-01,70.019997,70.040001,68.629997,69.00,735400,68.613606
2015-06-30,70.080002,70.089996,69.57,69.769997,979200,69.379291
2015-06-29,70.419998,70.650002,69.559998,69.589996,936300,69.200298
2015-06-26,69.989998,71.110001,69.989998,70.900002,998100,70.502967
2015-06-25,70.519997,70.519997,69.839996,69.839996,377600,69.448898
2015-06-24,70.25,70.459999,69.800003,70.290001,434300,69.896383
2015-06-23,69.970001,70.300003,69.970001,70.25,386300,69.856606
2015-06-22,70.339996,70.339996,69.510002,69.809998,511800,69.419067
2015-06-19,70.25,70.580002,69.900002,69.93,441200,69.538398
2015-06-18,70.279999,70.419998,69.82,70.290001,484500,69.896383
2015-06-17,70.400002,70.550003,69.919998,70.18,245100,69.786998
2015-06-16,69.989998,70.300003,69.910004,70.18,231500,69.786998
2015-06-15,70.440002,70.720001,69.870003,70.230003,172900,69.836721
2015-06-12,71.480003,71.660004,70.849998,71.190002,227800,70.791344
2015-06-11,71.389999,71.540001,70.699997,71.529999,285000,71.129437
2015-06-10,71.169998,71.760002,70.959999,71.160004,293800,70.761514
2015-06-09,70.650002,71.150002,70.480003,70.669998,288200,70.274252
2015-06-08,71.129997,71.389999,70.209999,70.580002,393400,70.18476
2015-06-05,70.760002,71.32,70.040001,71.239998,245300,70.84106
2015-06-04,71.290001,71.529999,70.669998,70.760002,247800,70.363752
2015-06-03,70.190002,71.650002,69.949997,71.540001,414200,71.139383
2015-06-02,69.489998,70.779999,69.459999,70.139999,291000,69.747221
2015-06-01,69.559998,69.940002,69.150002,69.639999,338100,69.250021
2015-05-29,70.849998,71.089996,69.080002,69.370003,387800,68.981537
2015-05-28,70.779999,71.139999,70.209999,70.980003,352700,70.582521
2015-05-27,70.459999,71.080002,70.169998,71.029999,382900,70.632237
2015-05-26,71.309998,71.400002,70.360001,70.449997,302900,70.055483
2015-05-22,71.980003,72.449997,71.419998,71.43,193400,71.029998
2015-05-21,71.309998,72.18,71.110001,72.059998,259200,71.656468
2015-05-20,71.540001,71.650002,71.209999,71.309998,281400,70.910668
2015-05-19,72.32,72.32,70.919998,71.379997,683900,70.980275
2015-05-18,72.400002,72.519997,72.139999,72.199997,245500,71.795683
2015-05-15,72.300003,72.480003,72.190002,72.290001,448200,71.885183
2015-05-14,72.419998,72.809998,72.099998,72.449997,253200,72.044283
2015-05-13,72.489998,72.919998,72.010002,72.059998,439000,71.656468
2015-05-12,72.199997,73.209999,71.93,73.019997,398700,72.611091
2015-05-11,72.139999,72.809998,72.010002,72.410004,295900,72.004514
2015-05-08,72.449997,72.769997,72.199997,72.239998,234900,71.83546
2015-05-07,71.699997,72.110001,71.339996,71.839996,333500,71.437698
2015-05-06,71.980003,72.120003,71.220001,71.849998,412400,71.447645
2015-05-05,72.699997,73.190002,71.339996,71.650002,358500,71.248768
2015-05-04,71.650002,72.949997,71.650002,72.709999,330400,72.302829
2015-05-01,71.279999,71.949997,71.150002,71.580002,443800,71.17916
2015-04-30,72.18,72.489998,70.949997,71.059998,466300,70.662068
2015-04-29,72.690002,72.989998,72.160004,72.32,547600,71.915014
2015-04-28,72.68,73.089996,71.839996,72.940002,585100,72.531545
2015-04-27,71.849998,72.589996,71.580002,72.580002,476700,72.17356
2015-04-24,71.900002,72.110001,71.440002,71.739998,463200,71.33826
2015-04-23,71.029999,72.029999,70.760002,71.879997,381300,71.477475
2015-04-22,71.32,71.32,70.43,71.25,407500,70.851006
2015-04-21,71.029999,71.330002,70.50,71.260002,396000,70.860952
2015-04-20,70.889999,71.540001,70.720001,70.889999,350300,70.493021
