Date,Open,High,Low,Close,Volume,Adj Close
2015-10-09,292.600006,295.200012,290.059998,293.709991,163200,293.709991
2015-10-08,286.50,293.470001,284.51001,292.170013,168700,292.170013
2015-10-07,285.230011,292.649994,283.670013,287.600006,398000,287.600006
2015-10-06,288.50,288.51001,279.309998,284.459991,277200,284.459991
2015-10-05,292.970001,295.899994,286.51001,289.779999,222900,289.779999
2015-10-02,280.829987,290.26001,280.279999,290.209991,94300,290.209991
2015-10-01,285.119995,288.040009,281.549988,284.190002,231800,284.190002
2015-09-30,285.809998,288.23999,282.890015,284.73999,317300,284.73999
2015-09-29,277.720001,283.429993,277.200012,282.429993,268000,282.429993
2015-09-28,278.709991,282.200012,275.299988,277.619995,208600,277.619995
2015-09-25,281.420013,285.00,277.540009,281.089996,236900,281.089996
2015-09-24,278.910004,281.230011,276.359985,279.179993,269700,279.179993
2015-09-23,285.790009,287.50,280.950012,281.730011,285800,281.730011
2015-09-22,288.459991,291.26001,284.619995,285.570007,358000,285.570007
2015-09-21,294.190002,298.279999,291.410004,292.329987,166900,292.329987
2015-09-18,300.690002,301.029999,292.920013,293.450012,426000,293.450012
2015-09-17,300.410004,306.399994,297.880005,303.140015,188200,303.140015
2015-09-16,297.160004,302.230011,294.670013,299.859985,148400,299.859985
2015-09-15,295.50,298.459991,293.440002,296.399994,130200,296.399994
2015-09-14,299.339996,300.019989,293.890015,294.50,195800,294.50
2015-09-11,290.51001,302.410004,287.779999,299.769989,396400,299.769989
2015-09-10,295.00,296.839996,289.179993,290.959991,373100,290.959991
2015-09-09,302.040009,304.630005,297.00,298.089996,249200,298.089996
2015-09-08,297.25,301.549988,294.709991,298.25,223900,298.25
2015-09-04,293.23999,295.950012,288.480011,288.98999,307800,288.98999
2015-09-03,297.640015,301.040009,294.140015,296.269989,150400,296.269989
2015-09-02,290.549988,297.179993,287.029999,297.179993,173800,297.179993
2015-09-01,289.690002,292.76001,285.970001,286.790009,247700,286.790009
2015-08-31,299.799988,300.380005,294.809998,296.549988,235300,296.549988
2015-08-28,304.170013,306.609985,299.660004,300.200012,217400,300.200012
2015-08-27,302.959991,306.089996,298.660004,305.690002,147200,305.690002
2015-08-26,294.76001,301.559998,288.329987,298.950012,293400,298.950012
2015-08-25,298.980011,300.290009,285.579987,287.670013,336800,287.670013
2015-08-24,288.279999,301.040009,280.549988,291.079987,440600,291.079987
2015-08-21,306.670013,310.859985,302.420013,304.76001,340600,304.76001
2015-08-20,317.709991,323.529999,310.73999,311.290009,187500,311.290009
2015-08-19,323.220001,324.109985,318.869995,320.920013,118500,320.920013
2015-08-18,326.50,329.929993,323.320007,325.109985,121500,325.109985
2015-08-17,320.609985,327.309998,318.100006,326.600006,91000,326.600006
2015-08-14,320.799988,324.00,318.440002,322.029999,113200,322.029999
2015-08-13,318.850006,325.059998,318.850006,321.609985,169900,321.609985
2015-08-12,325.00,327.709991,316.00,319.410004,341700,319.410004
2015-08-11,329.50,330.98999,325.100006,327.50,226600,327.50
2015-08-10,329.209991,336.00,329.209991,334.119995,191800,334.119995
2015-08-07,327.369995,329.670013,324.089996,329.329987,180500,329.329987
2015-08-06,332.480011,335.799988,326.00,327.100006,157400,327.100006
2015-08-05,332.079987,334.910004,330.029999,332.959991,160800,332.959991
2015-08-04,332.51001,335.519989,328.98999,330.00,147900,330.00
2015-08-03,338.410004,339.540009,330.940002,332.98999,215100,332.98999
2015-07-31,336.970001,338.00,327.429993,337.600006,448700,337.600006
2015-07-30,337.640015,344.26001,334.109985,340.380005,159000,340.380005
2015-07-29,334.660004,341.26001,333.109985,337.75,131900,337.75
2015-07-28,332.25,336.920013,329.76001,334.98999,198000,334.98999
2015-07-27,334.00,334.00,328.299988,329.570007,291300,329.570007
2015-07-24,337.600006,340.910004,334.579987,335.730011,157100,335.730011
2015-07-23,341.350006,342.899994,336.829987,337.519989,194900,337.519989
2015-07-22,340.730011,347.00,339.720001,340.350006,237700,340.350006
2015-07-21,345.950012,348.299988,339.029999,341.00,295700,341.00
2015-07-20,346.01001,350.109985,344.98999,346.920013,202700,346.920013
2015-07-17,345.570007,346.609985,343.559998,345.01001,130200,345.01001
2015-07-16,343.230011,345.980011,340.540009,345.670013,262500,345.670013
2015-07-15,342.959991,343.350006,339.48999,340.869995,160600,340.869995
2015-07-14,340.790009,342.73999,339.820007,341.880005,120800,341.880005
2015-07-13,337.200012,340.290009,335.959991,339.790009,149800,339.790009
2015-07-10,331.609985,335.579987,331.109985,334.640015,138900,334.640015
2015-07-09,333.429993,333.429993,327.929993,329.100006,151000,329.100006
2015-07-08,342.48999,343.26001,327.73999,329.01001,485700,329.01001
2015-07-07,346.850006,346.850006,341.700012,345.279999,183700,345.279999
2015-07-06,343.929993,348.869995,341.850006,346.130005,111500,346.130005
2015-07-02,345.519989,346.799988,342.869995,346.459991,112900,346.459991
2015-07-01,343.959991,348.269989,341.959991,344.959991,229400,344.959991
2015-06-30,342.00,342.369995,338.730011,341.459991,133300,341.459991
2015-06-29,340.75,342.790009,337.859985,339.00,170800,339.00
2015-06-26,343.480011,346.140015,340.470001,343.119995,219400,343.119995
2015-06-25,342.76001,343.429993,337.290009,342.480011,163100,342.480011
2015-06-24,343.730011,344.850006,341.070007,342.450012,143300,342.450012
2015-06-23,343.339996,345.649994,341.970001,343.440002,112800,343.440002
2015-06-22,340.709991,343.679993,338.649994,343.290009,243700,343.290009
2015-06-19,343.079987,343.079987,337.980011,338.00,143600,338.00
2015-06-18,342.910004,346.670013,341.149994,342.040009,192800,342.040009
2015-06-17,340.579987,343.519989,338.890015,343.140015,131500,343.140015
2015-06-16,335.609985,340.019989,335.609985,339.410004,159300,339.410004
2015-06-15,336.480011,337.589996,331.339996,336.609985,109300,336.609985
2015-06-12,338.869995,340.049988,335.899994,337.540009,87900,337.540009
2015-06-11,337.75,340.25,337.200012,340.089996,137200,340.089996
2015-06-10,333.619995,338.019989,333.619995,336.890015,118000,336.890015
2015-06-09,329.480011,333.23999,327.579987,332.660004,138300,332.660004
2015-06-08,329.459991,331.089996,327.549988,328.320007,82400,328.320007
2015-06-05,329.100006,330.779999,328.029999,329.660004,150300,329.660004
2015-06-04,334.76001,336.579987,329.140015,329.890015,112400,329.890015
2015-06-03,331.179993,336.399994,329.529999,336.130005,185500,336.130005
2015-06-02,324.940002,330.98999,322.98999,329.209991,137600,329.209991
2015-06-01,325.160004,327.709991,321.799988,325.609985,132200,325.609985
2015-05-29,326.420013,328.109985,324.00,324.679993,171000,324.679993
2015-05-28,329.440002,331.209991,327.630005,328.179993,126600,328.179993
2015-05-27,326.730011,330.209991,326.649994,330.019989,129600,330.019989
2015-05-26,328.299988,328.299988,324.029999,325.279999,146500,325.279999
2015-05-22,330.440002,331.549988,328.600006,330.589996,110300,330.589996
2015-05-21,331.600006,333.200012,328.200012,330.839996,143000,330.839996
2015-05-20,329.589996,332.230011,327.859985,331.299988,109500,331.299988
2015-05-19,328.01001,330.480011,326.369995,329.589996,127900,329.589996
2015-05-18,324.25,328.220001,324.019989,327.549988,126700,327.549988
2015-05-15,326.570007,327.609985,323.73999,325.619995,129000,325.619995
2015-05-14,324.809998,325.619995,322.720001,325.600006,139500,325.600006
2015-05-13,323.329987,326.00,320.589996,323.420013,192900,323.420013
2015-05-12,323.869995,324.600006,321.320007,321.609985,191900,321.609985
2015-05-11,325.040009,327.459991,323.649994,325.019989,183700,325.019989
2015-05-08,338.25,338.48999,324.660004,326.290009,338200,326.290009
2015-05-07,324.529999,325.75,319.720001,321.890015,145000,321.890015
2015-05-06,321.320007,323.679993,319.269989,323.390015,156500,323.390015
2015-05-05,322.589996,324.869995,318.950012,321.230011,146100,321.230011
2015-05-04,320.970001,324.25,320.970001,324.040009,84900,324.040009
2015-05-01,318.179993,322.119995,317.309998,320.50,149400,320.50
2015-04-30,318.079987,323.769989,315.190002,317.01001,183300,317.01001
2015-04-29,321.399994,322.839996,318.170013,320.559998,125400,320.559998
2015-04-28,320.079987,323.73999,317.820007,322.429993,70000,322.429993
2015-04-27,322.559998,324.850006,319.25,320.019989,88500,320.019989
2015-04-24,324.519989,326.470001,321.410004,322.059998,62000,322.059998
2015-04-23,324.23999,326.649994,323.070007,324.359985,63000,324.359985
2015-04-22,322.600006,324.529999,320.269989,324.140015,71000,324.140015
2015-04-21,325.079987,325.079987,322.519989,323.480011,46600,323.480011
2015-04-20,321.839996,325.01001,320.679993,323.190002,104200,323.190002
2015-04-17,324.279999,325.23999,319.040009,320.540009,112500,320.540009
2015-04-16,327.480011,327.579987,324.549988,325.73999,54800,325.73999
2015-04-15,325.410004,328.26001,325.269989,327.089996,73700,327.089996
2015-04-14,327.73999,328.140015,323.709991,324.50,89600,324.50
2015-04-13,331.339996,333.470001,327.100006,327.600006,103600,327.600006
