Date,Open,High,Low,Close,Volume,Adj Close
2015-10-15,57.25,58.049999,56.459999,57.990002,150800,57.990002
2015-10-14,56.959999,57.689999,56.52,57.02,205000,57.02
2015-10-13,57.18,57.549999,56.060001,56.939999,306100,56.939999
2015-10-12,56.560001,56.830002,56.00,56.610001,240200,56.610001
2015-10-09,55.52,56.639999,55.50,56.599998,279400,56.599998
2015-10-08,53.25,55.650002,52.900002,55.540001,243400,55.540001
2015-10-07,52.099998,53.330002,51.860001,53.130001,223300,53.130001
2015-10-06,51.02,52.110001,50.849998,51.689999,224200,51.689999
2015-10-05,50.009998,51.119999,49.59,50.959999,219400,50.959999
2015-10-02,47.689999,49.529999,47.209999,49.529999,311300,49.529999
2015-10-01,48.400002,48.630001,47.139999,48.450001,252900,48.450001
2015-09-30,48.759998,49.240002,47.68,48.16,374900,48.16
2015-09-29,48.459999,49.459999,47.779999,48.299999,258200,48.299999
2015-09-28,49.830002,50.860001,48.360001,48.439999,192200,48.439999
2015-09-25,50.73,52.02,50.00,50.310001,245600,50.310001
2015-09-24,49.759998,50.43,49.25,49.990002,231800,49.990002
2015-09-23,51.77,51.860001,50.150002,50.380001,203800,50.380001
2015-09-22,51.470001,52.00,51.150002,51.700001,271300,51.700001
2015-09-21,53.00,53.049999,52.060001,52.25,251400,52.25
2015-09-18,52.360001,53.540001,51.810001,52.59,531500,52.59
2015-09-17,53.16,53.720001,51.830002,52.41,270100,52.41
2015-09-16,50.77,53.09,50.630001,52.919998,469000,52.919998
2015-09-15,50.540001,50.900002,49.490002,50.849998,729600,50.849998
2015-09-14,51.169998,51.169998,50.310001,50.369999,114100,50.369999
2015-09-11,51.080002,51.610001,50.509998,51.169998,157600,51.169998
2015-09-10,50.779999,51.75,50.18,51.259998,218400,51.259998
2015-09-09,52.00,52.43,50.709999,50.830002,142400,50.830002
2015-09-08,51.119999,51.549999,50.549999,51.400002,230400,51.400002
2015-09-04,51.619999,52.02,49.970001,50.43,282200,50.43
2015-09-03,52.52,53.849998,52.16,52.450001,200300,52.450001
2015-09-02,52.68,52.68,51.23,52.439999,230100,52.439999
2015-09-01,52.709999,53.209999,51.509998,51.810001,297700,51.810001
2015-08-31,53.330002,54.189999,52.959999,53.790001,261400,53.790001
2015-08-28,52.91,53.93,51.599998,53.77,353200,53.77
2015-08-27,51.27,53.09,50.099998,53.029999,510400,53.029999
2015-08-26,47.790001,49.450001,46.91,49.369999,421700,49.369999
2015-08-25,49.360001,49.990002,46.580002,46.689999,595700,46.689999
2015-08-24,47.490002,50.00,47.490002,47.810001,477000,47.760001
2015-08-21,53.049999,53.060001,50.099998,50.34,716100,50.287353
2015-08-20,55.700001,56.16,54.880001,54.93,207100,54.872553
2015-08-19,56.619999,57.540001,55.650002,56.310001,281100,56.251111
2015-08-18,59.360001,59.939999,57.23,57.349998,332000,57.290021
2015-08-17,59.119999,60.290001,59.009998,59.720001,183200,59.657545
2015-08-14,59.73,60.18,59.23,59.48,127600,59.417794
2015-08-13,60.09,60.349998,59.360001,60.00,107500,59.937251
2015-08-12,60.57,61.049999,58.720001,59.990002,236900,59.927263
2015-08-11,60.23,61.75,59.50,61.02,267500,60.956184
2015-08-10,60.740002,60.889999,59.50,60.84,438000,60.776372
2015-08-07,59.990002,66.800003,59.990002,60.599998,448200,60.536622
2015-08-06,63.970001,64.769997,63.23,63.32,95700,63.253778
2015-08-05,64.040001,65.400002,63.689999,64.080002,105700,64.012985
2015-08-04,63.509998,64.120003,63.200001,63.52,76600,63.45357
2015-08-03,64.900002,64.900002,62.990002,63.610001,151900,63.543476
2015-07-31,64.93,65.599998,64.57,64.75,179100,64.682283
2015-07-30,64.379997,64.839996,63.900002,64.599998,144100,64.532438
2015-07-29,64.089996,65.07,63.43,64.669998,149100,64.602365
2015-07-28,61.68,64.029999,60.790001,63.900002,220300,63.833173
2015-07-27,61.27,61.700001,60.50,61.360001,160400,61.295829
2015-07-24,62.860001,62.900002,61.02,61.52,230200,61.455661
2015-07-23,64.220001,64.529999,63.25,63.349998,164300,63.283746
2015-07-22,64.029999,64.470001,63.669998,64.050003,169700,63.983018
2015-07-21,64.980003,67.029999,63.900002,64.449997,208800,64.382594
2015-07-20,64.080002,64.959999,63.490002,64.800003,220900,64.732234
2015-07-17,63.889999,64.800003,63.810001,64.099998,244400,64.032961
2015-07-16,65.540001,65.540001,63.990002,64.080002,181700,64.012985
2015-07-15,65.949997,66.290001,65.010002,65.080002,156300,65.01194
2015-07-14,65.300003,66.230003,65.120003,65.860001,179700,65.791123
2015-07-13,65.089996,65.639999,64.57,65.279999,198400,65.211727
2015-07-10,65.010002,65.010002,64.120003,64.410004,217200,64.342642
2015-07-09,65.709999,66.529999,64.230003,64.269997,171000,64.202782
2015-07-08,66.25,66.370003,64.389999,64.720001,403700,64.652316
2015-07-07,67.00,67.360001,65.25,67.18,317500,67.109742
2015-07-06,67.839996,69.089996,66.720001,67.040001,280500,66.969889
2015-07-02,68.330002,69.029999,67.209999,67.839996,334200,67.769048
2015-07-01,68.400002,69.150002,67.540001,68.150002,303100,68.078729
2015-06-30,67.510002,68.839996,66.040001,68.129997,374700,68.058745
2015-06-29,68.220001,69.169998,66.529999,66.739998,245000,66.6702
2015-06-26,68.239998,69.870003,67.900002,69.019997,783000,68.947814
2015-06-25,67.900002,68.120003,67.50,67.940002,129300,67.868949
2015-06-24,68.089996,68.739998,67.43,67.760002,165300,67.689137
2015-06-23,68.300003,68.669998,67.529999,68.440002,174400,68.368426
2015-06-22,69.480003,69.480003,67.910004,68.349998,238100,68.278516
2015-06-19,68.870003,69.699997,68.300003,68.790001,246300,68.718059
2015-06-18,68.620003,69.279999,67.959999,69.099998,206400,69.027732
2015-06-17,70.470001,70.470001,67.75,68.209999,188000,68.138663
2015-06-16,68.360001,70.360001,67.989998,70.199997,151600,70.12658
2015-06-15,69.349998,69.349998,68.18,68.540001,114600,68.46832
2015-06-12,70.120003,70.540001,69.830002,70.139999,119200,70.066645
2015-06-11,70.949997,71.480003,70.040001,70.32,153200,70.246457
2015-06-10,69.699997,71.800003,69.610001,70.889999,159500,70.815861
2015-06-09,68.720001,69.32,68.040001,69.120003,222900,69.047715
2015-06-08,69.660004,70.580002,68.68,68.779999,117400,68.708067
2015-06-05,68.57,70.00,68.230003,69.910004,193500,69.83689
2015-06-04,69.279999,70.00,68.040001,68.730003,324000,68.658124
2015-06-03,68.919998,70.25,68.57,69.980003,190100,69.906817
2015-06-02,67.529999,68.949997,67.529999,68.620003,141800,68.548238
2015-06-01,67.650002,68.160004,66.230003,67.760002,217100,67.689137
2015-05-29,67.370003,68.389999,67.239998,67.309998,146600,67.239603
2015-05-28,67.82,67.970001,67.209999,67.589996,116800,67.519309
2015-05-27,66.75,68.440002,66.720001,67.889999,145500,67.818998
2015-05-26,67.260002,67.449997,65.559998,66.489998,148000,66.420461
2015-05-22,68.080002,68.959999,67.099998,67.599998,111800,67.529301
2015-05-21,68.080002,69.18,67.779999,68.550003,123800,68.428366
2015-05-20,68.150002,68.889999,67.57,68.199997,142800,68.078981
2015-05-19,68.519997,68.760002,67.370003,68.129997,129800,68.009105
2015-05-18,67.220001,69.129997,66.839996,68.339996,121500,68.218732
2015-05-15,69.199997,69.199997,67.370003,67.540001,148200,67.420156
2015-05-14,68.440002,69.57,68.029999,69.540001,135000,69.416607
2015-05-13,68.059998,68.25,67.080002,67.959999,133400,67.839409
2015-05-12,68.68,68.68,66.849998,67.639999,124200,67.519977
2015-05-11,69.190002,69.639999,69.00,69.129997,120300,69.007331
2015-05-08,69.220001,70.790001,69.169998,69.449997,184900,69.326763
2015-05-07,67.540001,69.010002,67.540001,68.360001,243100,68.238701
2015-05-06,67.529999,68.160004,67.279999,67.879997,166000,67.759549
2015-05-05,68.209999,69.360001,66.559998,66.940002,170600,66.821222
2015-05-04,68.510002,69.43,67.739998,68.209999,132700,68.088965
2015-05-01,67.839996,68.720001,67.589996,68.279999,119500,68.158841
2015-04-30,69.879997,70.50,67.550003,67.730003,224000,67.609821
2015-04-29,71.089996,71.389999,69.900002,70.080002,157400,69.95565
2015-04-28,70.309998,72.239998,70.019997,71.480003,212100,71.353167
2015-04-27,70.099998,72.190002,70.040001,70.239998,274500,70.115362
2015-04-24,70.360001,71.809998,65.599998,69.370003,528900,69.246911
2015-04-23,68.519997,70.540001,68.360001,70.510002,319500,70.384887
2015-04-22,70.019997,70.559998,68.239998,68.839996,203900,68.717845
2015-04-21,71.589996,71.589996,70.050003,70.18,160800,70.055471
2015-04-20,70.00,71.370003,69.389999,71.199997,144300,71.073658
