Date,Open,High,Low,Close,Volume,Adj Close
2015-10-09,29.139999,29.139999,28.75,28.879999,386500,28.879999
2015-10-08,29.07,29.209999,28.93,29.10,355000,29.10
2015-10-07,29.18,29.379999,28.709999,29.120001,332500,29.120001
2015-10-06,29.07,29.299999,28.77,28.99,223000,28.99
2015-10-05,28.32,29.08,28.17,29.02,297800,29.02
2015-10-02,27.190001,28.07,27.139999,28.059999,254400,28.059999
2015-10-01,27.85,27.85,27.059999,27.549999,923700,27.549999
2015-09-30,27.43,27.93,27.280001,27.790001,304700,27.790001
2015-09-29,27.200001,27.33,27.030001,27.17,407200,27.17
2015-09-28,26.940001,27.26,26.83,27.10,324400,27.10
2015-09-25,27.530001,27.530001,27.030001,27.139999,219800,27.139999
2015-09-24,27.00,27.389999,26.90,27.32,251100,27.32
2015-09-23,27.76,27.76,27.24,27.26,156900,27.26
2015-09-22,27.74,27.92,27.549999,27.65,226900,27.65
2015-09-21,28.32,28.559999,28.01,28.08,131200,28.08
2015-09-18,28.389999,28.85,28.110001,28.16,554200,28.16
2015-09-17,28.860001,29.16,28.60,28.799999,171900,28.799999
2015-09-16,28.290001,28.940001,28.290001,28.85,232100,28.85
2015-09-15,28.01,28.360001,27.860001,28.32,354100,28.32
2015-09-14,28.190001,28.209999,27.84,27.959999,211900,27.959999
2015-09-11,28.09,28.32,27.91,28.200001,236400,28.200001
2015-09-10,28.48,28.799999,28.09,28.26,488400,28.26
2015-09-09,29.09,29.09,28.459999,28.52,195200,28.52
2015-09-08,28.65,28.879999,28.26,28.85,309100,28.85
2015-09-04,28.370001,28.68,28.23,28.309999,250300,28.309999
2015-09-03,28.530001,28.84,28.40,28.74,267000,28.74
2015-09-02,28.57,28.57,27.93,28.40,294000,28.40
2015-09-01,28.639999,28.870001,28.07,28.219999,444800,28.219999
2015-08-31,29.049999,29.299999,28.83,29.209999,507100,29.209999
2015-08-28,28.549999,29.26,28.549999,29.26,409400,29.26
2015-08-27,28.76,28.940001,27.879999,28.790001,984100,28.790001
2015-08-26,28.33,28.57,27.73,28.440001,576300,28.440001
2015-08-25,28.620001,28.620001,27.59,27.639999,630000,27.639999
2015-08-24,27.51,28.68,27.41,27.870001,990900,27.870001
2015-08-21,28.58,29.040001,28.459999,28.76,728000,28.76
2015-08-20,28.950001,29.18,28.76,28.76,539400,28.76
2015-08-19,29.40,29.40,28.98,29.040001,352100,29.040001
2015-08-18,29.780001,29.809999,29.50,29.620001,368500,29.620001
2015-08-17,29.379999,29.82,29.299999,29.799999,354500,29.799999
2015-08-14,29.49,29.530001,29.280001,29.41,405400,29.41
2015-08-13,29.290001,29.67,29.209999,29.48,485900,29.48
2015-08-12,29.15,29.440001,28.719999,29.34,526100,29.34
2015-08-11,29.42,29.610001,29.25,29.379999,677300,29.379999
2015-08-10,29.43,29.93,29.43,29.74,492700,29.74
2015-08-07,28.84,29.35,28.84,29.35,650300,29.35
2015-08-06,28.469999,29.030001,28.41,28.91,783100,28.91
2015-08-05,28.82,29.120001,28.66,28.700001,894900,28.51
2015-08-04,28.719999,28.959999,28.57,28.799999,782700,28.609337
2015-08-03,28.84,29.309999,28.459999,28.700001,505800,28.51
2015-07-31,28.01,29.34,27.940001,28.959999,840200,28.768277
2015-07-30,27.27,27.889999,27.27,27.76,454500,27.576223
2015-07-29,27.190001,27.540001,26.83,27.41,597200,27.228539
2015-07-28,27.49,27.620001,27.00,27.450001,483800,27.268275
2015-07-27,27.23,27.379999,27.07,27.309999,252500,27.129201
2015-07-24,27.42,27.559999,27.18,27.309999,392200,27.129201
2015-07-23,27.389999,27.809999,27.290001,27.379999,351700,27.198737
2015-07-22,27.33,27.469999,27.209999,27.389999,578100,27.208671
2015-07-21,27.719999,27.91,27.49,27.540001,346200,27.35768
2015-07-20,27.959999,27.959999,27.68,27.799999,327800,27.615957
2015-07-17,28.450001,28.450001,27.91,27.92,263500,27.735163
2015-07-16,28.370001,28.549999,28.219999,28.370001,351900,28.182185
2015-07-15,28.610001,28.75,28.129999,28.17,414300,27.983508
2015-07-14,28.57,28.690001,28.50,28.58,420200,28.390794
2015-07-13,28.68,28.84,28.530001,28.610001,263200,28.420596
2015-07-10,28.620001,28.82,28.23,28.440001,424400,28.251721
2015-07-09,28.889999,28.99,28.33,28.34,272800,28.152383
2015-07-08,28.889999,29.24,28.299999,28.52,546200,28.331192
2015-07-07,29.42,29.48,28.809999,29.15,368400,28.95702
2015-07-06,29.51,29.790001,29.40,29.459999,351800,29.264967
2015-07-02,29.66,29.790001,29.549999,29.68,358800,29.483512
2015-07-01,29.67,29.719999,29.27,29.57,352300,29.37424
2015-06-30,29.83,29.83,29.33,29.459999,384300,29.264967
2015-06-29,30.09,30.379999,29.59,29.629999,383700,29.433842
2015-06-26,30.90,30.98,30.27,30.33,2452400,30.129208
2015-06-25,31.18,31.299999,30.709999,30.809999,371100,30.60603
2015-06-24,31.33,31.370001,30.959999,31.09,340900,30.884177
2015-06-23,31.299999,31.40,31.15,31.379999,230900,31.172256
2015-06-22,31.389999,31.49,31.110001,31.26,384200,31.053052
2015-06-19,31.469999,31.559999,31.129999,31.129999,1028200,30.923911
2015-06-18,31.200001,31.459999,31.10,31.43,383100,31.221927
2015-06-17,31.129999,31.27,31.00,31.10,372100,30.894111
2015-06-16,30.860001,31.139999,30.719999,31.09,246300,30.884177
2015-06-15,30.940001,31.09,30.440001,30.959999,322900,30.755037
2015-06-12,31.059999,31.309999,30.92,31.08,186700,30.874243
2015-06-11,31.030001,31.280001,30.889999,31.25,339900,31.043118
2015-06-10,30.98,31.120001,30.84,31.08,353500,30.874243
2015-06-09,30.889999,31.02,30.65,30.84,314300,30.635832
2015-06-08,30.809999,31.02,30.58,30.879999,445400,30.675567
2015-06-05,30.57,30.950001,30.24,30.940001,307600,30.735171
2015-06-04,30.690001,30.719999,30.360001,30.559999,340600,30.357685
2015-06-03,30.18,30.90,30.110001,30.85,420100,30.645766
2015-06-02,29.73,30.25,29.459999,30.08,333300,29.880863
2015-06-01,29.93,29.99,29.629999,29.85,267000,29.652387
2015-05-29,30.18,30.24,29.76,29.91,430700,29.711989
2015-05-28,29.93,30.280001,29.74,30.27,409300,30.069606
2015-05-27,30.030001,30.299999,29.940001,30.129999,321300,29.930532
2015-05-26,29.67,30.32,29.629999,30.09,737800,29.890797
2015-05-22,29.93,30.209999,29.870001,30.059999,246100,29.860995
2015-05-21,29.99,30.09,29.75,30.00,276300,29.801393
2015-05-20,29.950001,30.09,29.73,29.99,293000,29.791459
2015-05-19,29.90,30.07,29.549999,30.030001,356300,29.831195
2015-05-18,29.60,30.059999,29.49,29.870001,277700,29.672255
2015-05-15,29.530001,29.799999,29.52,29.690001,357100,29.493446
2015-05-14,29.42,29.75,29.23,29.68,447400,29.483512
2015-05-13,28.809999,29.34,28.76,28.969999,476700,28.778211
2015-05-12,28.33,28.780001,28.09,28.719999,305300,28.529866
2015-05-11,28.709999,28.959999,28.40,28.42,211300,28.231853
2015-05-08,28.59,28.959999,28.59,28.77,304100,28.579536
2015-05-07,28.15,28.43,28.110001,28.389999,256500,28.202051
2015-05-06,28.85,29.00,28.15,28.41,366900,28.033178
2015-05-05,28.620001,28.77,28.23,28.73,640600,28.348933
2015-05-04,28.440001,28.629999,28.219999,28.530001,724600,28.151587
2015-05-01,28.639999,28.67,28.209999,28.360001,1250300,27.983842
2015-04-30,28.969999,29.99,28.27,28.60,1049700,28.220658
2015-04-29,30.76,30.76,27.99,29.190001,1474800,28.802833
2015-04-28,31.719999,32.049999,31.540001,31.77,329600,31.348613
2015-04-27,32.029999,32.299999,31.629999,31.75,349900,31.328877
2015-04-24,32.279999,32.389999,31.870001,31.99,167600,31.565694
2015-04-23,32.09,32.490002,31.98,32.169998,559500,31.743305
2015-04-22,32.299999,32.349998,31.889999,32.220001,393200,31.792645
2015-04-21,32.470001,32.700001,32.18,32.200001,318000,31.77291
2015-04-20,32.27,32.540001,32.27,32.32,263000,31.891317
2015-04-17,32.389999,32.580002,31.85,32.23,278500,31.80251
2015-04-16,32.68,32.799999,32.48,32.580002,186300,32.14787
2015-04-15,32.82,32.970001,32.630001,32.799999,214800,32.36495
2015-04-14,32.799999,32.82,32.439999,32.669998,238200,32.236673
2015-04-13,32.82,33.150002,32.689999,32.919998,232000,32.483357
