Date,Open,High,Low,Close,Volume,Adj Close
2015-10-16,11.38,11.39,10.38,10.63,6690900,10.63
2015-10-15,11.26,11.31,10.90,11.31,6629600,11.31
2015-10-14,11.07,11.37,10.89,11.36,5365500,11.36
2015-10-13,10.98,11.42,10.91,11.02,5295200,11.02
2015-10-12,12.02,12.05,11.02,11.15,7138200,11.15
2015-10-09,12.15,12.33,11.85,11.98,5527200,11.98
2015-10-08,11.67,12.16,11.36,12.08,8604600,12.08
2015-10-07,11.89,12.27,11.37,11.84,11804900,11.84
2015-10-06,10.49,11.73,10.32,11.68,10446100,11.68
2015-10-05,9.92,10.50,9.84,10.37,8178700,10.37
2015-10-02,9.10,9.72,9.00,9.71,8303300,9.71
2015-10-01,9.67,9.97,9.24,9.27,9740200,9.27
2015-09-30,9.76,9.79,9.24,9.45,15187700,9.45
2015-09-29,9.61,9.94,9.50,9.66,6432400,9.66
2015-09-28,9.79,9.90,9.44,9.52,8274300,9.52
2015-09-25,9.90,10.05,9.75,10.00,11292600,10.00
2015-09-24,9.27,10.18,9.22,9.74,17560400,9.74
2015-09-23,9.58,9.72,9.31,9.35,11281300,9.35
2015-09-22,9.37,9.56,8.99,9.47,17947200,9.47
2015-09-21,10.01,10.07,9.54,9.63,5021500,9.63
2015-09-18,10.26,10.31,9.74,9.82,8005800,9.82
2015-09-17,10.30,10.92,9.65,10.51,7540300,10.51
2015-09-16,10.07,10.64,10.07,10.59,8801800,10.59
2015-09-15,9.89,10.12,9.79,9.93,5523400,9.93
2015-09-14,9.66,9.84,9.40,9.81,5245300,9.81
2015-09-11,9.96,9.99,9.53,9.77,5260600,9.77
2015-09-10,10.17,10.27,9.88,10.13,8684400,10.13
2015-09-09,10.66,11.06,10.05,10.11,9543000,10.11
2015-09-08,10.16,10.67,10.05,10.65,8959500,10.65
2015-09-04,10.37,10.60,10.05,10.11,5906300,10.11
2015-09-03,10.71,11.10,10.48,10.74,6934100,10.68
2015-09-02,11.17,11.23,10.23,10.62,9260900,10.560671
2015-09-01,11.06,11.36,10.73,10.94,9035400,10.878883
2015-08-31,11.18,11.80,10.79,11.54,12671700,11.475531
2015-08-28,10.60,11.94,10.45,11.40,13630900,11.336313
2015-08-27,9.87,10.81,9.85,10.77,13444100,10.709833
2015-08-26,9.56,9.69,9.32,9.60,14300700,9.546369
2015-08-25,9.68,9.68,9.18,9.25,8618100,9.198324
2015-08-24,9.40,9.89,8.94,9.16,16136200,9.108827
2015-08-21,10.11,10.50,10.00,10.01,11480800,9.954079
2015-08-20,10.40,10.68,10.15,10.19,8045500,10.133072
2015-08-19,10.72,10.86,10.21,10.35,5462900,10.292179
2015-08-18,10.68,11.07,10.55,10.86,6068200,10.79933
2015-08-17,10.92,11.00,10.59,10.71,6722900,10.650168
2015-08-14,11.47,11.69,10.89,10.94,6705100,10.878883
2015-08-13,12.06,12.07,11.34,11.43,8190900,11.366146
2015-08-12,11.73,12.31,11.72,12.20,9605600,12.131844
2015-08-11,11.75,12.08,11.61,11.78,7325200,11.71419
2015-08-10,11.55,12.31,11.38,12.28,7663500,12.211397
2015-08-07,12.18,12.53,11.44,11.50,10171800,11.435755
2015-08-06,11.17,12.41,10.97,12.39,13327300,12.320783
2015-08-05,11.36,11.78,10.95,11.21,12796500,11.147375
2015-08-04,11.79,11.92,11.41,11.48,7574100,11.415866
2015-08-03,11.39,11.92,11.25,11.53,9231100,11.465587
2015-07-31,11.74,11.90,11.51,11.61,7482000,11.54514
2015-07-30,12.23,12.34,11.64,11.81,8407100,11.744023
2015-07-29,11.50,12.35,11.47,12.26,11787000,12.191509
2015-07-28,11.33,11.83,11.03,11.65,8215500,11.584916
2015-07-27,11.16,11.53,11.01,11.18,8480700,11.117543
2015-07-24,12.03,12.05,11.39,11.44,9414500,11.376089
2015-07-23,12.11,12.48,11.70,12.02,6594300,11.95285
2015-07-22,12.02,12.18,11.73,11.96,7626700,11.893185
2015-07-21,12.40,12.76,12.20,12.27,4993100,12.201453
2015-07-20,12.48,12.51,11.95,12.23,7793200,12.161676
2015-07-17,12.77,12.77,12.28,12.45,4785800,12.380447
2015-07-16,13.02,13.12,12.57,12.85,5832600,12.778213
2015-07-15,13.58,13.78,12.80,12.85,6780200,12.778213
2015-07-14,13.24,13.88,13.19,13.81,6550500,13.73285
2015-07-13,13.30,13.47,12.96,13.27,5933200,13.195867
2015-07-10,13.74,13.83,13.34,13.36,4001900,13.285363
2015-07-09,13.52,13.75,13.36,13.60,5687300,13.524023
2015-07-08,13.25,13.58,13.01,13.16,5048900,13.086481
2015-07-07,13.04,13.42,12.66,13.40,7307000,13.32514
2015-07-06,13.28,13.38,12.84,13.14,7263700,13.066593
2015-07-02,13.82,14.03,13.60,13.74,4635900,13.66324
2015-07-01,14.38,14.43,13.63,13.75,7897600,13.673185
2015-06-30,14.62,14.76,14.29,14.43,7099500,14.349386
2015-06-29,14.09,14.56,13.97,14.51,8493700,14.428939
2015-06-26,13.95,14.43,13.86,14.40,8060500,14.319553
2015-06-25,14.47,14.49,14.03,14.03,6844500,13.95162
2015-06-24,14.27,14.49,14.19,14.47,7639000,14.389163
2015-06-23,13.95,14.47,13.92,14.41,3857400,14.329497
2015-06-22,14.03,14.11,13.75,14.03,4880900,13.95162
2015-06-19,14.16,14.33,13.92,14.06,8941100,13.981453
2015-06-18,14.69,14.76,14.10,14.26,5584800,14.180336
2015-06-17,14.71,14.87,14.43,14.61,4528500,14.52838
2015-06-16,14.50,14.71,14.40,14.46,3135600,14.379218
2015-06-15,14.44,14.71,14.25,14.49,7047300,14.40905
2015-06-12,14.77,14.89,14.59,14.61,4245400,14.52838
2015-06-11,15.08,15.14,14.82,14.89,4898100,14.806816
2015-06-10,14.99,15.24,14.90,15.13,6028800,15.045475
2015-06-09,14.96,15.16,14.61,14.63,5465300,14.548269
2015-06-08,14.96,15.27,14.62,14.70,4768100,14.617877
2015-06-05,14.53,15.21,14.45,14.99,5266700,14.906257
2015-06-04,14.71,14.88,14.61,14.65,4784800,14.508491
2015-06-03,14.98,15.34,14.82,14.93,4719200,14.785787
2015-06-02,14.60,15.25,14.60,15.13,6296600,14.983855
2015-06-01,14.75,14.78,14.40,14.45,5162400,14.310423
2015-05-29,14.59,15.00,14.51,14.75,7961100,14.607525
2015-05-28,14.70,14.76,14.31,14.53,5418200,14.38965
2015-05-27,14.63,14.87,14.39,14.82,7165200,14.676849
2015-05-26,15.39,15.42,14.51,14.76,8573600,14.617429
2015-05-22,15.62,15.90,15.53,15.71,3761700,15.558253
2015-05-21,15.55,16.139999,15.50,15.84,6434100,15.686997
2015-05-20,15.05,15.47,14.73,15.41,6435800,15.26115
2015-05-19,15.43,15.47,14.77,14.94,7226600,14.79569
2015-05-18,15.52,15.72,15.28,15.67,4639600,15.518639
2015-05-15,15.56,15.69,15.28,15.48,5809900,15.330474
2015-05-14,16.07,16.18,15.57,15.60,4736300,15.449315
2015-05-13,16.34,16.370001,15.74,15.98,6631200,15.825644
2015-05-12,16.02,16.26,15.68,16.219999,5963300,16.063326
2015-05-11,16.32,16.34,15.80,15.96,5862300,15.805838
2015-05-08,15.96,16.34,15.54,16.309999,6620700,16.152456
2015-05-07,16.23,16.25,15.57,15.68,7160300,15.528543
2015-05-06,16.77,16.84,16.209999,16.33,7868500,16.172264
2015-05-05,16.799999,16.99,16.299999,16.43,8164000,16.271298
2015-05-04,16.57,16.639999,16.27,16.48,4813300,16.320814
2015-05-01,16.60,16.84,16.18,16.50,7989100,16.340622
2015-04-30,16.59,16.950001,16.309999,16.700001,10342400,16.538691
2015-04-29,15.58,16.77,15.58,16.469999,10084000,16.310911
2015-04-28,15.38,15.79,15.34,15.70,6440400,15.548349
2015-04-27,15.41,15.82,15.38,15.44,7371800,15.29086
2015-04-24,15.51,15.55,14.93,15.04,6693300,14.894724
2015-04-23,15.18,15.74,15.17,15.57,9763500,15.419605
2015-04-22,15.07,15.19,14.60,15.05,13640200,14.904628
2015-04-21,14.87,14.92,14.30,14.37,8905200,14.231196
2015-04-20,14.72,15.10,14.67,14.88,6523400,14.73627
