Date,Open,High,Low,Close,Volume,Adj Close
2015-10-15,24.309999,25.280001,24.200001,25.18,2128800,25.18
2015-10-14,24.40,24.610001,23.92,24.24,1307500,24.24
2015-10-13,24.52,24.99,24.34,24.389999,893700,24.389999
2015-10-12,24.969999,25.110001,24.60,24.719999,830700,24.719999
2015-10-09,24.85,24.99,24.459999,24.940001,1021000,24.940001
2015-10-08,24.440001,24.82,24.370001,24.75,1095400,24.75
2015-10-07,24.49,24.809999,24.190001,24.49,1148200,24.49
2015-10-06,24.219999,24.530001,24.10,24.33,855300,24.33
2015-10-05,23.889999,24.309999,23.700001,24.209999,1199000,24.209999
2015-10-02,22.639999,23.66,22.52,23.66,1702500,23.66
2015-10-01,22.75,23.219999,22.709999,23.030001,1515300,23.030001
2015-09-30,22.790001,22.950001,22.52,22.75,1548900,22.75
2015-09-29,22.610001,22.969999,22.200001,22.389999,970800,22.389999
2015-09-28,23.09,23.17,22.40,22.59,1571400,22.59
2015-09-25,24.059999,24.17,23.120001,23.27,1102300,23.27
2015-09-24,23.59,23.98,23.139999,23.799999,1823500,23.799999
2015-09-23,25.049999,25.120001,23.77,23.870001,2576000,23.870001
2015-09-22,26.469999,26.860001,24.75,25.00,5969800,25.00
2015-09-21,27.32,27.48,26.879999,26.889999,1827700,26.889999
2015-09-18,27.290001,27.610001,26.969999,27.17,3877100,27.17
2015-09-17,27.60,27.950001,27.32,27.690001,1465700,27.690001
2015-09-16,27.450001,27.950001,27.26,27.67,1174900,27.67
2015-09-15,27.00,27.559999,26.950001,27.469999,1590100,27.469999
2015-09-14,27.290001,27.41,26.700001,27.00,2225800,27.00
2015-09-11,27.51,27.719999,26.870001,27.24,3546700,27.24
2015-09-10,24.67,26.950001,24.530001,26.459999,3905600,26.459999
2015-09-09,25.34,25.360001,24.639999,24.709999,780400,24.709999
2015-09-08,24.58,25.200001,24.540001,25.139999,1092200,25.139999
2015-09-04,24.43,24.700001,24.08,24.15,1037200,24.15
2015-09-03,24.73,25.23,24.58,24.780001,1016700,24.780001
2015-09-02,24.690001,24.74,24.17,24.700001,745300,24.700001
2015-09-01,24.549999,24.799999,24.09,24.32,1459700,24.32
2015-08-31,24.940001,25.32,24.709999,25.09,1222000,25.09
2015-08-28,24.809999,25.209999,24.790001,25.16,1263200,25.16
2015-08-27,24.379999,25.02,24.129999,24.98,2125400,24.98
2015-08-26,23.700001,24.059999,23.219999,23.940001,2298100,23.940001
2015-08-25,24.10,24.26,23.10,23.10,2212100,23.10
2015-08-24,23.620001,24.690001,21.790001,23.25,3908900,23.25
2015-08-21,26.120001,26.309999,25.209999,25.219999,2414500,25.219999
2015-08-20,26.690001,26.90,26.35,26.360001,1709500,26.360001
2015-08-19,27.360001,27.379999,26.67,26.91,1010200,26.91
2015-08-18,27.690001,27.77,27.360001,27.43,912900,27.43
2015-08-17,27.43,27.82,27.17,27.74,906800,27.74
2015-08-14,27.24,27.60,27.049999,27.52,795900,27.52
2015-08-13,26.940001,27.33,26.74,27.23,1070100,27.23
2015-08-12,26.959999,26.969999,26.41,26.889999,1536500,26.889999
2015-08-11,27.440001,27.48,27.110001,27.32,1323900,27.32
2015-08-10,27.16,27.75,27.120001,27.68,1067400,27.68
2015-08-07,26.950001,27.26,26.700001,27.00,1870200,27.00
2015-08-06,27.129999,27.43,26.870001,27.00,2041500,27.00
2015-08-05,27.42,27.459999,27.07,27.110001,3062200,27.110001
2015-08-04,27.52,27.75,27.24,27.33,1964700,27.33
2015-08-03,27.60,28.00,27.27,27.50,2483600,27.50
2015-07-31,27.40,27.60,27.10,27.540001,3727800,27.540001
2015-07-30,28.459999,28.459999,26.83,27.610001,11173300,27.610001
2015-07-29,30.299999,30.92,29.940001,30.379999,5158200,30.379999
2015-07-28,30.110001,30.110001,29.07,29.32,4331900,29.32
2015-07-27,30.379999,30.40,29.780001,30.00,2367800,30.00
2015-07-24,31.370001,32.00,30.639999,30.700001,3585100,30.700001
2015-07-23,31.67,31.92,31.209999,31.370001,2065900,31.370001
2015-07-22,30.66,31.65,30.57,31.639999,2412700,31.639999
2015-07-21,31.16,31.42,30.84,31.02,2616900,31.02
2015-07-20,30.280001,31.809999,29.33,31.18,8247700,31.18
2015-07-17,29.549999,32.09,29.120001,30.26,5683600,30.26
2015-07-16,29.610001,29.610001,29.290001,29.48,1123300,29.48
2015-07-15,29.440001,29.68,29.200001,29.43,2125200,29.43
2015-07-14,29.139999,29.60,29.049999,29.309999,2790400,29.309999
2015-07-13,29.530001,29.68,29.08,29.08,1344300,29.08
2015-07-10,29.469999,29.52,29.00,29.27,1466000,29.27
2015-07-09,29.639999,29.780001,29.00,29.09,897800,29.09
2015-07-08,29.74,29.879999,29.139999,29.309999,996200,29.309999
2015-07-07,29.85,30.16,29.129999,30.00,1900800,30.00
2015-07-06,29.75,30.030001,29.67,29.85,1378800,29.85
2015-07-02,30.33,30.49,29.959999,30.02,1594400,30.02
2015-07-01,30.43,30.450001,30.01,30.309999,2144000,30.309999
2015-06-30,30.42,30.49,30.030001,30.10,2732900,30.10
2015-06-29,30.65,31.01,30.10,30.120001,2239100,30.120001
2015-06-26,31.299999,31.540001,30.940001,31.059999,2387800,31.059999
2015-06-25,31.790001,32.119999,31.290001,31.299999,6596200,31.299999
2015-06-24,33.639999,33.689999,32.810001,33.02,2669100,33.02
2015-06-23,33.619999,34.049999,33.50,33.799999,2101500,33.799999
2015-06-22,33.93,33.990002,33.400002,33.619999,2226600,33.619999
2015-06-19,33.700001,34.139999,33.150002,33.700001,3897900,33.700001
2015-06-18,33.77,33.98,33.369999,33.73,3313000,33.73
2015-06-17,34.650002,34.700001,33.630001,33.75,7247100,33.75
2015-06-16,31.32,36.50,31.27,34.73,12325300,34.73
2015-06-15,31.139999,31.370001,30.790001,31.370001,1258500,31.370001
2015-06-12,30.48,31.610001,30.290001,31.52,2704700,31.52
2015-06-11,30.08,30.68,30.059999,30.68,1596100,30.68
2015-06-10,30.049999,30.459999,29.75,30.120001,2104800,30.120001
2015-06-09,30.08,30.360001,29.719999,29.969999,2207400,29.969999
2015-06-08,30.969999,31.01,30.040001,30.09,1214500,30.09
2015-06-05,30.540001,31.02,30.41,30.959999,945300,30.959999
2015-06-04,30.75,30.98,30.530001,30.66,813900,30.66
2015-06-03,30.620001,31.190001,30.52,30.950001,1370800,30.950001
2015-06-02,30.01,30.700001,29.77,30.58,1934600,30.58
2015-06-01,30.17,30.27,29.90,30.129999,830800,30.129999
2015-05-29,30.15,30.25,29.959999,30.049999,1010600,30.049999
2015-05-28,29.790001,30.24,29.790001,30.139999,967500,30.139999
2015-05-27,29.84,30.08,29.809999,29.969999,761300,29.969999
2015-05-26,30.299999,30.299999,29.700001,29.76,1156100,29.76
2015-05-22,30.67,30.709999,30.309999,30.459999,984400,30.459999
2015-05-21,29.950001,30.299999,29.790001,30.17,872000,30.17
2015-05-20,30.17,30.27,29.950001,30.040001,1109000,30.040001
2015-05-19,30.299999,30.309999,29.969999,30.18,1337700,30.18
2015-05-18,29.77,30.24,29.50,30.23,2178500,30.23
2015-05-15,28.870001,30.200001,28.58,29.860001,4494900,29.860001
2015-05-14,28.639999,28.889999,28.440001,28.82,923600,28.82
2015-05-13,28.15,28.450001,28.040001,28.40,798000,28.40
2015-05-12,28.01,28.209999,27.66,28.07,774400,28.07
2015-05-11,27.93,28.209999,27.799999,28.10,1187400,28.10
2015-05-08,28.110001,28.32,27.99,28.00,1355500,28.00
2015-05-07,27.559999,27.889999,27.27,27.790001,981800,27.790001
2015-05-06,27.74,27.780001,27.290001,27.59,935900,27.59
2015-05-05,28.190001,28.450001,27.50,27.67,1353800,27.67
2015-05-04,28.120001,28.50,28.059999,28.299999,1635500,28.299999
2015-05-01,27.65,28.15,27.40,28.09,1746900,28.09
2015-04-30,28.15,28.15,27.32,27.440001,3368500,27.440001
2015-04-29,28.75,29.49,27.950001,28.360001,4593600,28.360001
2015-04-28,28.51,28.59,27.76,28.280001,3559900,28.280001
2015-04-27,28.74,29.01,28.32,28.51,2789200,28.51
2015-04-24,29.73,29.780001,28.299999,28.879999,4833600,28.879999
2015-04-23,30.709999,30.719999,29.51,29.889999,4761600,29.889999
2015-04-22,29.709999,30.120001,29.459999,30.07,2257100,30.07
2015-04-21,29.860001,29.860001,29.43,29.57,745800,29.57
2015-04-20,29.370001,29.799999,29.290001,29.780001,828400,29.780001
