Date,Open,High,Low,Close,Volume,Adj Close
2015-10-09,53.82,53.990002,52.869999,53.09,532400,53.09
2015-10-08,53.16,53.880001,52.75,53.779999,756500,53.779999
2015-10-07,53.75,53.990002,52.830002,53.259998,881100,53.259998
2015-10-06,53.59,53.610001,52.919998,53.380001,805100,53.380001
2015-10-05,53.110001,53.700001,52.860001,53.650002,646400,53.650002
2015-10-02,51.669998,52.639999,50.98,52.630001,826500,52.630001
2015-10-01,53.459999,53.57,51.98,52.619999,1262500,52.619999
2015-09-30,52.43,53.439999,52.130001,53.330002,1308800,53.330002
2015-09-29,52.029999,52.23,51.419998,51.810001,1315500,51.810001
2015-09-28,53.299999,53.419998,52.00,52.02,1011500,52.02
2015-09-25,52.450001,54.00,51.959999,53.48,1060000,53.48
2015-09-24,51.610001,52.220001,51.419998,51.939999,1499100,51.939999
2015-09-23,51.00,52.099998,50.98,51.98,990500,51.98
2015-09-22,50.490002,51.049999,50.439999,51.040001,1041700,51.040001
2015-09-21,50.860001,51.209999,50.650002,51.169998,1057800,51.169998
2015-09-18,50.150002,50.650002,49.889999,50.470001,1875200,50.470001
2015-09-17,51.84,52.18,50.84,50.950001,1279700,50.950001
2015-09-16,51.490002,51.91,51.25,51.84,1032700,51.84
2015-09-15,51.720001,52.00,51.439999,51.73,933100,51.73
2015-09-14,51.759998,51.82,51.25,51.369999,877800,51.369999
2015-09-11,51.18,51.759998,50.91,51.75,551500,51.75
2015-09-10,50.889999,51.549999,50.540001,51.330002,716900,51.330002
2015-09-09,52.41,52.48,50.810001,50.950001,999400,50.950001
2015-09-08,51.060001,51.98,50.959999,51.959999,821400,51.709998
2015-09-04,50.689999,50.860001,50.040001,50.299999,769400,50.057986
2015-09-03,50.990002,51.75,50.869999,51.150002,766800,50.903898
2015-09-02,50.630001,50.84,50.080002,50.779999,954800,50.535676
2015-09-01,50.09,50.639999,49.82,50.02,1604500,49.779334
2015-08-31,51.130001,51.549999,51.009998,51.189999,1404400,50.943703
2015-08-28,51.110001,51.540001,51.009998,51.490002,1276000,51.242262
2015-08-27,50.240002,51.310001,50.240002,51.299999,1794600,51.053174
2015-08-26,50.130001,50.490002,48.200001,49.689999,5780000,49.45092
2015-08-25,50.880001,51.110001,48.84,48.84,3335600,48.605011
2015-08-24,49.080002,51.470001,47.950001,49.639999,2449800,49.401161
2015-08-21,52.650002,53.049999,51.369999,51.549999,4102000,51.301971
2015-08-20,53.459999,53.720001,53.060001,53.060001,1251300,52.804708
2015-08-19,54.060001,54.259998,53.580002,54.029999,1413500,53.770039
2015-08-18,54.279999,54.68,54.060001,54.310001,875600,54.048694
2015-08-17,54.049999,54.400002,53.549999,54.169998,942500,53.909364
2015-08-14,53.630001,54.349998,53.450001,54.259998,845800,53.998931
2015-08-13,53.080002,53.98,52.939999,53.630001,813600,53.371965
2015-08-12,52.759998,53.16,52.009998,53.040001,821700,52.784804
2015-08-11,53.32,53.509998,52.939999,53.310001,836200,53.053505
2015-08-10,53.34,53.950001,53.09,53.549999,892500,53.292348
2015-08-07,52.529999,53.00,52.459999,52.93,1011300,52.675333
2015-08-06,52.720001,53.50,52.349998,52.779999,1508700,52.526053
2015-08-05,51.580002,52.549999,51.450001,52.470001,1328700,52.217547
2015-08-04,51.099998,51.599998,50.93,51.380001,2275100,51.132791
2015-08-03,50.689999,51.029999,50.689999,50.990002,923300,50.744668
2015-07-31,51.580002,51.630001,50.790001,51.029999,1054500,50.784473
2015-07-30,50.889999,51.189999,50.73,50.990002,1112800,50.744668
2015-07-29,50.580002,51.23,48.77,50.990002,762200,50.744668
2015-07-28,51.310001,51.669998,50.459999,50.639999,1387500,50.39635
2015-07-27,51.759998,51.900002,51.080002,51.169998,940800,50.923799
2015-07-24,51.650002,52.419998,51.619999,51.889999,663800,51.640336
2015-07-23,50.889999,52.220001,50.860001,51.529999,731700,51.282067
2015-07-22,50.970001,51.779999,50.970001,51.73,912200,51.481106
2015-07-21,51.75,51.810001,51.080002,51.209999,738800,50.963607
2015-07-20,51.790001,52.009998,51.630001,51.75,470500,51.50101
2015-07-17,51.720001,51.900002,51.470001,51.84,520200,51.590577
2015-07-16,51.560001,51.869999,51.400002,51.869999,681800,51.620431
2015-07-15,51.060001,51.400002,50.810001,51.23,630600,50.983511
2015-07-14,50.669998,51.290001,50.52,51.16,529700,50.913848
2015-07-13,50.970001,51.18,50.669998,50.68,778100,50.436158
2015-07-10,50.169998,50.639999,49.540001,50.48,1013700,50.23712
2015-07-09,48.639999,49.849998,48.50,49.220001,1444400,48.983184
2015-07-08,48.57,48.619999,47.860001,47.860001,1763300,47.629727
2015-07-07,48.689999,48.889999,47.810001,48.84,1317200,48.605011
2015-07-06,49.080002,49.200001,48.439999,48.759998,1195200,48.525394
2015-07-02,49.080002,49.200001,48.689999,49.130001,1121600,48.893617
2015-07-01,48.799999,49.080002,48.299999,48.709999,1171900,48.475635
2015-06-30,48.869999,49.209999,48.630001,48.810001,821900,48.575157
2015-06-29,49.310001,49.509998,48.529999,48.549999,780900,48.316405
2015-06-26,50.02,50.169998,49.650002,49.700001,746200,49.460874
2015-06-25,49.880001,50.34,49.799999,49.959999,762000,49.719621
2015-06-24,50.48,50.630001,49.73,49.740002,750800,49.500682
2015-06-23,50.779999,50.860001,50.470001,50.540001,486800,50.296832
2015-06-22,50.630001,51.00,50.450001,50.619999,544200,50.376446
2015-06-19,50.889999,51.169998,50.220001,50.389999,1241300,50.147553
2015-06-18,51.369999,51.59,51.139999,51.279999,804500,51.03327
2015-06-17,50.599998,51.360001,50.509998,51.049999,980700,50.804377
2015-06-16,50.299999,50.700001,50.189999,50.59,621100,50.346591
2015-06-15,50.439999,50.560001,49.93,50.34,587900,50.097794
2015-06-12,51.040001,51.16,50.669998,50.740002,544800,50.495871
2015-06-11,50.959999,51.279999,50.860001,51.09,583000,50.844185
2015-06-10,50.169998,50.959999,50.169998,50.759998,1000300,50.515771
2015-06-09,50.150002,50.360001,49.689999,50.139999,962600,49.649959
2015-06-08,50.580002,50.580002,49.509998,50.029999,1541900,49.541034
2015-06-05,51.310001,51.610001,50.43,50.529999,1457100,50.036147
2015-06-04,51.759998,51.939999,51.029999,51.330002,672400,50.828331
2015-06-03,51.82,52.34,51.68,51.950001,676900,51.442271
2015-06-02,51.529999,51.619999,51.189999,51.599998,724100,51.095689
2015-06-01,52.049999,52.16,51.450001,51.490002,1287100,50.986768
2015-05-29,52.290001,52.43,51.740002,51.75,1059600,51.244225
2015-05-28,51.73,52.450001,51.669998,52.34,497500,51.828459
2015-05-27,51.990002,52.25,51.689999,52.060001,754100,51.551196
2015-05-26,52.50,52.57,51.869999,51.93,994600,51.422466
2015-05-22,52.139999,52.939999,52.110001,52.619999,837500,52.105721
2015-05-21,51.720001,52.41,51.650002,52.27,822100,51.759143
2015-05-20,52.200001,52.23,51.630001,51.830002,770600,51.323445
2015-05-19,52.380001,52.419998,52.00,52.27,840900,51.759143
2015-05-18,51.23,51.84,51.200001,51.779999,552500,51.27393
2015-05-15,51.619999,51.77,51.099998,51.189999,807600,50.689697
2015-05-14,51.080002,51.48,50.830002,51.450001,541900,50.947158
2015-05-13,50.490002,50.93,50.299999,50.75,572800,50.253998
2015-05-12,50.66,50.869999,50.279999,50.50,770900,50.006442
2015-05-11,50.630001,51.16,50.389999,50.810001,951100,50.313413
2015-05-08,50.279999,50.790001,50.209999,50.549999,995400,50.055952
2015-05-07,48.93,49.919998,48.91,49.889999,751100,49.402403
2015-05-06,49.43,49.990002,48.740002,48.970001,1056300,48.491396
2015-05-05,49.540001,49.93,49.209999,49.43,1027800,48.946899
2015-05-04,49.220001,49.709999,49.119999,49.619999,712500,49.135041
2015-05-01,48.84,49.169998,48.619999,49.049999,640500,48.570612
2015-04-30,48.889999,49.25,48.459999,48.630001,647300,48.154719
2015-04-29,49.34,49.75,48.77,48.959999,1024200,48.481492
2015-04-28,48.290001,49.439999,48.139999,49.32,989500,48.837974
2015-04-27,48.630001,48.759998,48.110001,48.259998,1421100,47.788332
2015-04-24,49.349998,49.84,48.25,48.57,2038000,48.095304
2015-04-23,48.720001,50.080002,48.639999,49.759998,1417000,49.273672
2015-04-22,48.75,49.23,48.639999,48.84,2193000,48.362666
2015-04-21,48.380001,48.970001,48.34,48.720001,1742800,48.24384
2015-04-20,48.68,48.939999,48.279999,48.34,1427000,47.867552
2015-04-17,49.580002,49.720001,48.459999,48.68,1591300,48.20423
2015-04-16,49.43,49.889999,49.169998,49.799999,777200,49.313282
2015-04-15,49.700001,49.93,49.299999,49.509998,1010200,49.026116
2015-04-14,50.220001,50.290001,49.580002,49.709999,1230900,49.224162
2015-04-13,50.470001,50.669998,50.27,50.32,744100,49.828201
