Date,Open,High,Low,Close,Volume,Adj Close
2015-10-16,67.099998,67.599998,66.269997,66.980003,332600,66.980003
2015-10-15,67.209999,67.629997,65.870003,67.230003,396300,67.230003
2015-10-14,67.370003,67.769997,66.510002,67.010002,179000,67.010002
2015-10-13,67.919998,68.730003,67.489998,67.57,177500,67.57
2015-10-12,69.209999,69.209999,67.93,68.639999,133800,68.639999
2015-10-09,69.330002,69.970001,68.089996,69.099998,220900,69.099998
2015-10-08,67.559998,69.209999,65.040001,69.120003,439500,69.120003
2015-10-07,66.959999,68.529999,66.339996,67.959999,407200,67.959999
2015-10-06,66.459999,67.230003,66.169998,66.610001,273700,66.610001
2015-10-05,64.370003,66.769997,64.370003,66.220001,296800,66.220001
2015-10-02,61.779999,64.379997,61.669998,64.18,393600,64.18
2015-10-01,62.98,63.580002,61.689999,62.32,387700,62.32
2015-09-30,62.560001,63.279999,61.43,62.939999,286800,62.939999
2015-09-29,61.50,62.380001,61.389999,61.950001,332000,61.950001
2015-09-28,61.990002,62.02,61.419998,61.48,209100,61.48
2015-09-25,62.59,63.150002,62.09,62.310001,185100,62.310001
2015-09-24,62.07,62.380001,61.130001,61.830002,303500,61.830002
2015-09-23,63.709999,63.889999,62.299999,62.689999,316900,62.689999
2015-09-22,64.00,64.57,63.259998,63.68,247100,63.68
2015-09-21,65.209999,66.029999,64.769997,64.919998,206100,64.919998
2015-09-18,65.43,65.650002,64.75,65.010002,407300,65.010002
2015-09-17,67.300003,67.540001,66.269997,66.32,204000,66.32
2015-09-16,66.489998,67.470001,66.230003,67.279999,216700,67.279999
2015-09-15,65.639999,66.50,65.57,66.389999,210800,66.389999
2015-09-14,66.620003,66.620003,65.489998,65.589996,188700,65.589996
2015-09-11,65.830002,66.75,65.589996,66.639999,287300,66.639999
2015-09-10,65.25,66.580002,65.07,66.110001,431800,66.110001
2015-09-09,66.169998,66.699997,65.160004,65.349998,313700,65.349998
2015-09-08,65.610001,66.080002,65.199997,65.889999,444400,65.889999
2015-09-04,64.169998,65.18,64.089996,64.440002,276800,64.440002
2015-09-03,64.599998,65.690002,64.339996,65.120003,284700,65.120003
2015-09-02,64.459999,64.75,63.029999,64.57,538100,64.57
2015-09-01,64.900002,65.839996,63.66,63.82,469900,63.82
2015-08-31,66.32,67.099998,65.949997,66.519997,353400,66.519997
2015-08-28,66.00,66.900002,65.620003,66.739998,388700,66.739998
2015-08-27,64.970001,66.540001,64.309998,66.269997,386500,66.269997
2015-08-26,64.199997,64.32,62.349998,64.040001,500600,64.040001
2015-08-25,65.50,65.510002,62.869999,63.009998,456800,63.009998
2015-08-24,58.959999,65.339996,58.52,63.040001,1034800,63.040001
2015-08-21,67.139999,68.00,62.349998,62.439999,1418500,62.439999
2015-08-20,72.589996,73.00,70.959999,71.150002,424400,70.910002
2015-08-19,73.449997,73.839996,72.529999,73.269997,386500,73.022846
2015-08-18,74.07,75.75,73.790001,73.910004,249600,73.660694
2015-08-17,73.93,74.349998,73.290001,74.32,382400,74.069307
2015-08-14,73.989998,74.209999,73.610001,74.110001,239800,73.860017
2015-08-13,74.330002,74.379997,73.480003,74.099998,190400,73.850048
2015-08-12,73.480003,74.559998,72.970001,74.360001,186900,74.109173
2015-08-11,74.800003,75.339996,73.989998,74.300003,170600,74.049378
2015-08-10,74.540001,75.949997,74.540001,75.599998,165100,75.344989
2015-08-07,73.910004,74.269997,73.410004,74.129997,135700,73.879946
2015-08-06,74.169998,74.989998,73.720001,74.050003,129500,73.800222
2015-08-05,73.919998,74.75,73.669998,74.089996,193500,73.84008
2015-08-04,73.830002,74.410004,73.150002,73.519997,124000,73.272003
2015-08-03,74.199997,74.449997,73.239998,73.830002,148900,73.580962
2015-07-31,74.809998,74.910004,74.00,74.110001,262200,73.860017
2015-07-30,74.099998,74.830002,73.75,74.470001,149900,74.218803
2015-07-29,73.120003,74.459999,73.080002,74.419998,171000,74.168969
2015-07-28,72.529999,73.529999,71.989998,73.290001,203600,73.042783
2015-07-27,72.339996,72.970001,71.75,72.290001,158400,72.046156
2015-07-24,73.559998,73.870003,72.480003,72.620003,176300,72.375045
2015-07-23,73.639999,74.110001,73.190002,73.709999,227200,73.461364
2015-07-22,74.160004,74.68,73.360001,73.389999,225200,73.142444
2015-07-21,74.599998,75.019997,74.099998,74.300003,132800,74.049378
2015-07-20,75.309998,75.690002,74.730003,74.760002,149100,74.507826
2015-07-17,75.510002,75.790001,74.080002,75.139999,303300,74.886541
2015-07-16,76.559998,76.970001,75.019997,75.300003,262200,75.046005
2015-07-15,77.220001,77.93,75.949997,76.040001,181800,75.783507
2015-07-14,76.910004,77.50,76.779999,77.339996,182100,77.079117
2015-07-13,76.440002,77.239998,76.019997,76.849998,218800,76.590772
2015-07-10,76.239998,76.720001,75.610001,75.900002,159300,75.64398
2015-07-09,77.18,77.389999,75.589996,75.639999,241500,75.384855
2015-07-08,76.739998,77.43,75.510002,76.25,331000,75.992798
2015-07-07,77.449997,77.510002,75.970001,77.43,158200,77.168818
2015-07-06,77.459999,77.980003,76.919998,77.410004,122800,77.148888
2015-07-02,78.120003,78.400002,77.540001,77.720001,141200,77.45784
2015-07-01,78.410004,78.870003,77.739998,78.080002,174300,77.816627
2015-06-30,78.629997,79.139999,77.800003,77.889999,215600,77.627265
2015-06-29,79.260002,79.519997,78.059998,78.129997,136400,77.866453
2015-06-26,79.720001,80.150002,79.400002,80.089996,389000,79.819841
2015-06-25,79.870003,81.260002,79.330002,79.529999,139300,79.261732
2015-06-24,80.080002,80.480003,79.599998,79.699997,132000,79.431157
2015-06-23,80.660004,80.830002,79.800003,80.089996,215000,79.819841
2015-06-22,80.75,81.019997,80.459999,80.699997,145400,80.427784
2015-06-19,80.57,80.57,79.860001,80.260002,495200,79.989273
2015-06-18,80.449997,80.860001,79.910004,80.370003,310500,80.098903
2015-06-17,80.82,80.93,79.529999,80.360001,192700,80.088935
2015-06-16,80.620003,80.949997,80.330002,80.470001,197100,80.198564
2015-06-15,80.75,81.080002,79.610001,80.540001,149300,80.268328
2015-06-12,82.029999,82.209999,81.260002,81.389999,130100,81.115459
2015-06-11,82.470001,82.470001,81.730003,82.230003,170300,81.95263
2015-06-10,81.720001,82.620003,81.459999,82.150002,155400,81.872898
2015-06-09,80.980003,81.709999,80.800003,81.279999,108900,81.005829
2015-06-08,82.059998,82.059998,80.980003,81.099998,128500,80.826436
2015-06-05,81.309998,82.199997,81.089996,82.110001,162800,81.833032
2015-06-04,81.360001,81.980003,81.150002,81.589996,186300,81.314781
2015-06-03,81.330002,82.82,81.129997,81.970001,179300,81.693504
2015-06-02,80.699997,81.760002,80.349998,81.18,124800,80.906168
2015-06-01,80.959999,81.580002,80.349998,81.00,139200,80.726775
2015-05-29,82.370003,82.910004,80.839996,80.910004,186300,80.637082
2015-05-28,82.57,83.309998,81.760002,82.68,211400,82.401109
2015-05-27,82.339996,82.75,81.989998,82.510002,152700,82.231684
2015-05-26,82.889999,83.300003,81.870003,82.099998,256300,81.823063
2015-05-22,82.730003,83.470001,82.730003,82.989998,359200,82.71006
2015-05-21,82.309998,83.300003,82.099998,82.900002,254100,82.620368
2015-05-20,82.190002,83.230003,79.260002,82.790001,919400,82.291481
2015-05-19,83.50,84.449997,83.110001,83.550003,344500,83.046907
2015-05-18,83.139999,84.029999,82.860001,83.970001,232600,83.464376
2015-05-15,83.290001,83.50,82.620003,83.120003,197700,82.619496
2015-05-14,82.25,83.389999,81.889999,83.059998,334000,82.559852
2015-05-13,82.00,82.349998,81.709999,81.910004,402300,81.416783
2015-05-12,81.410004,82.110001,81.00,82.00,563200,81.506237
2015-05-11,81.449997,82.07,81.260002,81.910004,136600,81.416783
2015-05-08,81.449997,82.059998,81.230003,81.690002,170700,81.198106
2015-05-07,80.980003,81.169998,80.459999,81.150002,143400,80.661357
2015-05-06,81.169998,81.169998,80.400002,80.860001,244700,80.373102
2015-05-05,81.019997,82.129997,80.519997,80.839996,245700,80.353218
2015-05-04,80.68,81.980003,80.57,81.629997,262200,81.138462
2015-05-01,80.160004,80.980003,79.910004,80.68,267100,80.194186
2015-04-30,79.830002,80.339996,79.169998,79.650002,446800,79.170389
2015-04-29,79.550003,80.559998,79.110001,80.459999,216700,79.975509
2015-04-28,80.099998,80.169998,79.400002,80.010002,131600,79.528222
2015-04-27,79.980003,80.370003,79.389999,79.940002,226600,79.458644
2015-04-24,80.169998,80.470001,79.360001,79.68,190900,79.200207
2015-04-23,80.00,81.050003,79.989998,80.080002,263300,79.5978
2015-04-22,79.599998,80.470001,78.839996,80.389999,116600,79.905931
2015-04-21,80.00,80.25,79.190002,79.589996,157400,79.110745
2015-04-20,79.339996,80.339996,79.339996,79.839996,126900,79.35924
