Date,Open,High,Low,Close,Volume,Adj Close
2015-10-15,381.700012,383.529999,374.190002,381.940002,48000,381.940002
2015-10-14,385.709991,387.070007,378.589996,381.00,48100,381.00
2015-10-13,383.390015,392.410004,376.679993,385.23999,39200,385.23999
2015-10-12,385.420013,389.23999,383.25,384.589996,43500,384.589996
2015-10-09,382.420013,389.970001,382.420013,386.980011,39400,386.980011
2015-10-08,377.73999,385.929993,375.359985,384.01001,62500,384.01001
2015-10-07,377.200012,379.230011,371.399994,376.630005,56600,376.630005
2015-10-06,375.649994,377.339996,372.079987,376.829987,50800,376.829987
2015-10-05,366.839996,375.480011,366.299988,374.929993,39700,374.929993
2015-10-02,362.279999,364.839996,355.109985,364.440002,92200,364.440002
2015-10-01,358.309998,369.799988,348.380005,367.269989,68600,367.269989
2015-09-30,356.769989,362.859985,353.48999,357.00,99100,357.00
2015-09-29,357.079987,358.899994,349.350006,354.589996,88600,354.589996
2015-09-28,366.75,368.50,352.98999,356.420013,106200,356.420013
2015-09-25,375.540009,377.130005,367.23999,370.190002,47300,370.190002
2015-09-24,375.619995,378.269989,365.01001,372.410004,96400,372.410004
2015-09-23,385.369995,388.959991,372.089996,377.109985,53600,377.109985
2015-09-22,390.369995,393.48999,384.25,384.959991,81600,384.959991
2015-09-21,389.700012,396.480011,388.820007,394.579987,68500,394.579987
2015-09-18,390.190002,395.220001,386.549988,388.660004,116900,388.660004
2015-09-17,392.899994,398.119995,388.200012,392.959991,46100,392.959991
2015-09-16,384.600006,394.929993,380.799988,392.829987,72500,392.829987
2015-09-15,381.829987,385.040009,380.519989,384.910004,54100,384.910004
2015-09-14,384.200012,386.26001,379.51001,380.570007,37800,380.570007
2015-09-11,390.559998,390.559998,381.00,385.549988,39700,385.549988
2015-09-10,393.950012,398.98999,386.970001,390.070007,25300,388.67001
2015-09-09,397.230011,399.00,391.440002,394.079987,33900,392.665597
2015-09-08,390.179993,398.75,390.179993,395.019989,55300,393.602225
2015-09-04,384.350006,390.299988,383.089996,385.279999,43800,383.897193
2015-09-03,385.200012,393.399994,384.019989,387.820007,49700,386.428085
2015-09-02,383.00,384.399994,378.700012,383.640015,60700,382.263095
2015-09-01,378.01001,383.420013,376.209991,378.190002,71700,376.832643
2015-08-31,387.679993,388.410004,382.399994,383.23999,60400,381.864506
2015-08-28,385.640015,394.579987,384.399994,388.119995,78800,386.726996
2015-08-27,380.970001,391.809998,380.970001,385.390015,70600,384.006814
2015-08-26,370.98999,378.119995,368.559998,377.00,64400,375.646912
2015-08-25,366.929993,378.350006,363.149994,364.570007,80200,363.261531
2015-08-24,363.619995,383.440002,363.619995,367.059998,92400,365.742585
2015-08-21,385.690002,389.950012,382.269989,383.279999,72700,381.904371
2015-08-20,394.179993,394.50,388.040009,388.040009,64400,386.647297
2015-08-19,394.179993,394.50,388.040009,396.660004,64700,395.236354
2015-08-18,400.600006,402.630005,397.100006,397.850006,40600,396.422085
2015-08-17,397.649994,404.899994,397.649994,401.600006,34900,400.158626
2015-08-14,396.130005,399.73999,396.130005,397.529999,33200,396.103226
2015-08-13,394.790009,401.200012,394.73999,395.579987,51300,394.160213
2015-08-12,389.429993,394.140015,387.01001,392.959991,62200,391.549621
2015-08-11,391.450012,393.480011,386.140015,391.359985,113900,389.955358
2015-08-10,392.519989,394.589996,390.670013,392.609985,120800,391.200871
2015-08-07,392.190002,393.799988,387.00,390.029999,54700,388.630145
2015-08-06,395.649994,395.75,392.179993,393.399994,53900,391.988044
2015-08-05,394.23999,397.540009,391.160004,392.929993,69300,391.51973
2015-08-04,391.00,399.50,389.799988,392.459991,82400,391.051416
2015-08-03,398.709991,404.980011,390.359985,393.109985,89800,391.699077
2015-07-31,402.209991,405.48999,389.160004,397.709991,114000,396.282573
2015-07-30,414.420013,414.420013,400.51001,402.01001,111500,400.567158
2015-07-29,445.200012,445.200012,413.519989,417.890015,217900,416.390168
2015-07-28,446.380005,461.23999,445.149994,459.809998,67500,458.159696
2015-07-27,444.709991,447.399994,444.399994,445.00,62600,443.402853
2015-07-24,451.359985,452.070007,445.320007,446.410004,33200,444.807796
2015-07-23,449.920013,453.799988,447.209991,448.179993,36200,446.571433
2015-07-22,450.549988,454.190002,449.00,449.579987,35400,447.966402
2015-07-21,452.48999,452.48999,445.76001,450.369995,32600,448.753575
2015-07-20,450.269989,454.00,450.269989,452.450012,26600,450.826127
2015-07-17,455.00,455.00,445.01001,449.73999,35200,448.125831
2015-07-16,452.720001,455.119995,450.00,454.48999,26300,452.858783
2015-07-15,453.200012,453.200012,447.959991,450.01001,34000,448.394882
2015-07-14,452.50,453.109985,450.100006,453.079987,11000,451.45384
2015-07-13,450.00,453.50,448.179993,451.670013,38400,450.048927
2015-07-10,448.00,449.950012,446.089996,448.50,22600,446.890291
2015-07-09,449.089996,449.089996,442.26001,443.279999,45000,441.689025
2015-07-08,442.899994,449.48999,442.899994,445.00,71500,443.402853
2015-07-07,446.029999,448.540009,443.76001,447.380005,34700,445.774316
2015-07-06,444.029999,447.940002,443.00,447.429993,34800,445.824125
2015-07-02,449.799988,450.98999,446.269989,447.690002,36600,446.083201
2015-07-01,446.899994,449.910004,442.549988,447.230011,49000,445.624861
2015-06-30,449.00,451.980011,443.799988,443.890015,72900,442.296852
2015-06-29,453.50,455.600006,445.899994,446.179993,30600,444.578611
2015-06-26,456.26001,459.980011,454.429993,456.980011,51900,455.339867
2015-06-25,452.98999,455.799988,447.019989,455.51001,43900,453.875142
2015-06-24,459.690002,459.690002,454.119995,454.970001,19400,453.337071
2015-06-23,462.929993,462.970001,457.619995,458.880005,33200,457.233042
2015-06-22,463.73999,463.73999,457.25,460.549988,36100,458.897031
2015-06-19,462.980011,464.880005,460.73999,462.640015,34600,460.979556
2015-06-18,457.279999,463.50,457.279999,461.640015,39500,459.983145
2015-06-17,454.100006,459.109985,452.299988,455.470001,19700,453.835277
2015-06-16,449.950012,459.320007,448.059998,454.769989,50600,453.137777
2015-06-15,457.399994,459.100006,450.390015,450.959991,43000,449.341454
2015-06-12,462.950012,462.950012,457.779999,460.209991,27000,458.558255
2015-06-11,461.670013,465.880005,459.880005,463.700012,39200,462.035749
2015-06-10,458.429993,462.459991,458.429993,462.23999,32400,459.186
2015-06-09,452.190002,457.089996,452.190002,455.940002,18800,452.927636
2015-06-08,455.089996,458.149994,454.420013,454.429993,16100,451.427603
2015-06-05,457.26001,460.73999,453.459991,455.589996,42900,452.579942
2015-06-04,459.940002,463.209991,457.910004,459.220001,40900,456.185964
2015-06-03,458.859985,463.970001,458.119995,463.869995,29700,460.805236
2015-06-02,457.429993,458.700012,454.709991,457.859985,37700,454.834934
2015-06-01,471.119995,483.25,451.380005,459.470001,44500,456.434312
2015-05-29,460.25,462.040009,456.269989,460.410004,35600,457.368104
2015-05-28,459.100006,460.640015,456.230011,459.809998,22900,456.772062
2015-05-27,453.320007,460.329987,453.320007,458.470001,21700,455.440919
2015-05-26,454.980011,454.980011,450.329987,453.00,70000,450.007058
2015-05-22,459.899994,459.950012,456.769989,457.410004,21400,454.387925
2015-05-21,459.429993,461.070007,459.320007,459.320007,33200,456.285309
2015-05-20,461.619995,462.880005,459.660004,459.670013,14800,456.633003
2015-05-19,460.730011,461.660004,458.220001,461.390015,21500,458.34164
2015-05-18,459.200012,463.880005,451.589996,461.609985,38600,458.560158
2015-05-15,460.00,462.190002,455.209991,461.769989,34200,458.719104
2015-05-14,459.459991,461.079987,453.570007,459.75,25800,456.712461
2015-05-13,451.070007,455.410004,451.070007,454.559998,24600,451.556749
2015-05-12,454.48999,455.00,449.00,452.309998,32400,449.321614
2015-05-11,459.220001,459.910004,454.25,455.769989,40600,452.758746
2015-05-08,460.00,460.98999,455.320007,458.279999,53800,455.252172
2015-05-07,457.170013,459.200012,453.48999,457.00,49200,453.98063
2015-05-06,453.369995,469.850006,453.369995,456.98999,34700,453.970686
2015-05-05,453.910004,461.98999,449.339996,452.540009,22200,449.550105
2015-05-04,456.660004,458.00,453.070007,455.73999,53400,452.728945
2015-05-01,446.899994,455.950012,443.609985,453.420013,66500,450.424296
2015-04-30,455.070007,456.269989,446.040009,446.899994,36800,443.947354
2015-04-29,459.149994,460.00,456.01001,457.119995,41400,454.099832
2015-04-28,455.109985,461.230011,452.869995,460.00,40300,456.960809
2015-04-27,461.00,464.98999,456.23999,457.049988,44400,454.030288
2015-04-24,468.320007,469.98999,460.480011,461.519989,57200,458.470756
2015-04-23,472.850006,482.589996,460.959991,469.429993,61100,466.328499
2015-04-22,461.50,464.890015,458.049988,464.359985,22000,461.291988
2015-04-21,465.00,468.070007,459.299988,460.709991,31100,457.66611
2015-04-20,463.540009,467.48999,462.679993,464.98999,21400,461.917831
