Date,Open,High,Low,Close,Volume,Adj Close
2015-10-15,46.93,47.77,46.919998,47.720001,1778800,47.720001
2015-10-14,46.990002,47.509998,46.75,46.82,1669700,46.82
2015-10-13,46.689999,47.139999,46.529999,46.939999,1248700,46.939999
2015-10-12,46.450001,47.139999,46.43,46.990002,1225000,46.990002
2015-10-09,46.599998,46.799999,46.419998,46.50,2392800,46.50
2015-10-08,46.560001,46.810001,46.27,46.619999,2867600,46.619999
2015-10-07,46.82,47.209999,46.43,46.669998,2586800,46.669998
2015-10-06,46.189999,46.540001,46.150002,46.299999,1487500,46.299999
2015-10-05,45.98,46.48,45.93,46.330002,2199000,46.330002
2015-10-02,44.209999,45.77,44.130001,45.740002,3253800,45.740002
2015-10-01,44.41,45.389999,44.27,44.900002,3905000,44.900002
2015-09-30,44.169998,45.580002,43.849998,44.470001,6005200,44.470001
2015-09-29,45.459999,45.720001,44.720001,45.240002,2731700,45.240002
2015-09-28,46.34,46.740002,45.259998,45.529999,3000800,45.529999
2015-09-25,47.369999,47.459999,46.299999,46.75,3229400,46.75
2015-09-24,46.790001,47.220001,46.740002,47.169998,2642000,47.169998
2015-09-23,47.080002,47.41,46.919998,47.25,1426500,47.25
2015-09-22,47.00,47.439999,46.830002,47.110001,2038100,47.110001
2015-09-21,46.84,47.669998,46.459999,47.549999,1635100,47.549999
2015-09-18,46.650002,47.610001,46.450001,46.740002,3285500,46.740002
2015-09-17,47.18,47.860001,46.900002,47.18,1493800,47.18
2015-09-16,46.77,47.41,46.709999,47.240002,1969200,47.240002
2015-09-15,45.919998,46.740002,45.869999,46.549999,1057100,46.549999
2015-09-14,45.799999,46.049999,45.330002,45.689999,994400,45.689999
2015-09-11,45.970001,46.060001,45.380001,45.880001,1450200,45.880001
2015-09-10,46.279999,46.610001,45.93,46.130001,1422000,46.130001
2015-09-09,46.91,46.939999,46.150002,46.23,1689700,46.23
2015-09-08,45.790001,46.400002,45.540001,46.25,1688300,46.25
2015-09-04,44.610001,45.43,44.50,44.959999,1871000,44.959999
2015-09-03,45.470001,46.369999,45.240002,45.509998,1958700,45.509998
2015-09-02,44.330002,45.380001,44.200001,45.369999,3423700,45.369999
2015-09-01,44.200001,45.060001,43.299999,43.57,3529600,43.57
2015-08-31,45.009998,45.580002,44.650002,45.23,1479100,45.23
2015-08-28,45.18,45.43,44.900002,45.259998,1312800,45.259998
2015-08-27,44.66,45.700001,44.419998,45.349998,2403500,45.349998
2015-08-26,44.130001,44.279999,42.799999,44.23,3114900,44.23
2015-08-25,44.91,44.91,42.759998,42.799999,4793800,42.799999
2015-08-24,43.560001,44.650002,43.290001,43.650002,3828800,43.370002
2015-08-21,46.900002,47.220001,45.880001,45.919998,3012400,45.625437
2015-08-20,47.75,48.049999,47.299999,47.43,2676600,47.125753
2015-08-19,48.07,48.540001,47.77,48.220001,1329300,47.910687
2015-08-18,48.349998,48.380001,48.00,48.349998,1375700,48.03985
2015-08-17,48.34,48.419998,48.080002,48.360001,995300,48.049788
2015-08-14,48.119999,48.619999,48.029999,48.509998,956000,48.198824
2015-08-13,47.450001,48.330002,47.299999,48.110001,1987400,47.801392
2015-08-12,47.32,47.869999,47.07,47.830002,1853500,47.523189
2015-08-11,47.540001,47.91,47.41,47.869999,1604500,47.56293
2015-08-10,47.139999,48.25,47.139999,48.00,3488200,47.692097
2015-08-07,46.34,46.700001,46.189999,46.450001,3058900,46.15204
2015-08-06,47.849998,47.939999,46.099998,46.549999,4707800,46.251397
2015-08-05,47.990002,48.139999,47.580002,48.049999,2720600,47.741775
2015-08-04,48.080002,48.110001,47.73,47.950001,1786200,47.642418
2015-08-03,48.299999,48.41,47.639999,47.950001,3246200,47.642418
2015-07-31,49.279999,49.369999,48.380001,48.459999,2683300,48.149145
2015-07-30,48.02,49.279999,47.830002,49.060001,5419500,48.745299
2015-07-29,47.380001,48.52,47.380001,48.32,3309700,48.010044
2015-07-28,46.150002,47.389999,45.779999,47.18,3306000,46.877357
2015-07-27,44.790001,45.150002,44.41,44.799999,2635400,44.512623
2015-07-24,45.369999,45.52,45.080002,45.169998,1553400,44.880248
2015-07-23,45.25,45.360001,44.970001,45.32,1255700,45.029288
2015-07-22,45.259998,45.66,45.169998,45.310001,1062100,45.019353
2015-07-21,45.599998,45.650002,45.189999,45.330002,991500,45.039226
2015-07-20,45.400002,45.77,45.400002,45.630001,1632100,45.3373
2015-07-17,45.950001,45.950001,45.43,45.52,1683800,45.228006
2015-07-16,45.740002,45.950001,45.560001,45.810001,1024800,45.516146
2015-07-15,45.57,45.66,45.360001,45.560001,1304500,45.26775
2015-07-14,45.959999,45.959999,45.580002,45.599998,1475900,45.30749
2015-07-13,45.700001,45.880001,45.48,45.790001,1504000,45.496274
2015-07-10,45.00,45.360001,44.849998,45.27,1636500,44.979609
2015-07-09,44.689999,44.790001,44.459999,44.459999,1928600,44.174804
2015-07-08,44.650002,44.799999,43.950001,44.16,1835500,43.876729
2015-07-07,44.880001,44.98,44.310001,44.959999,1722400,44.671596
2015-07-06,44.619999,45.130001,44.610001,44.799999,1308000,44.512623
2015-07-02,45.299999,45.389999,44.669998,44.990002,1575100,44.701406
2015-07-01,45.41,45.709999,44.939999,45.119999,1842800,44.83057
2015-06-30,45.07,45.130001,44.610001,44.77,2081200,44.482816
2015-06-29,45.830002,46.00,44.689999,44.73,2339700,44.443072
2015-06-26,45.73,46.849998,45.599998,46.220001,8506400,45.923516
2015-06-25,45.650002,45.830002,45.52,45.57,1777100,45.277684
2015-06-24,45.810001,46.040001,45.459999,45.610001,2204900,45.317428
2015-06-23,45.849998,46.049999,45.59,45.720001,1648000,45.426723
2015-06-22,45.759998,46.169998,45.610001,45.900002,2349700,45.605569
2015-06-19,45.470001,45.709999,45.27,45.540001,3387600,45.247878
2015-06-18,45.139999,45.799999,45.029999,45.619999,2951000,45.327363
2015-06-17,44.939999,45.27,44.77,45.02,1659000,44.731213
2015-06-16,44.790001,44.98,44.48,44.82,1880900,44.532495
2015-06-15,44.59,44.860001,44.459999,44.759998,2076100,44.472879
2015-06-12,44.900002,45.080002,44.810001,44.939999,1051700,44.651724
2015-06-11,45.00,45.130001,44.869999,45.060001,3091200,44.770957
2015-06-10,44.619999,45.299999,44.560001,45.220001,978400,44.929931
2015-06-09,44.299999,44.689999,44.259998,44.509998,1380400,44.224482
2015-06-08,44.669998,44.73,44.290001,44.299999,1362700,44.01583
2015-06-05,44.849998,44.950001,44.450001,44.759998,1236000,44.472879
2015-06-04,45.080002,45.490002,44.849998,44.919998,1955000,44.631852
2015-06-03,44.759998,45.549999,44.669998,45.349998,1882500,45.059094
2015-06-02,44.310001,44.759998,44.299999,44.720001,1687700,44.433138
2015-06-01,45.18,45.25,44.799999,44.830002,1554300,44.26423
2015-05-29,45.130001,45.259998,44.709999,44.990002,2076300,44.42221
2015-05-28,45.34,45.50,44.84,45.099998,1295300,44.530819
2015-05-27,45.330002,45.529999,45.060001,45.48,1236800,44.906024
2015-05-26,45.799999,45.900002,45.169998,45.32,1910300,44.748044
2015-05-22,45.709999,45.990002,45.68,45.84,1061000,45.261481
2015-05-21,45.610001,45.959999,45.610001,45.740002,2316300,45.162745
2015-05-20,45.669998,45.990002,45.509998,45.779999,1863900,45.202237
2015-05-19,45.869999,46.110001,45.52,45.669998,2410500,45.093625
2015-05-18,45.509998,45.970001,45.419998,45.919998,1621500,45.34047
2015-05-15,45.060001,45.610001,45.009998,45.57,3245400,44.994889
2015-05-14,44.75,45.119999,44.689999,45.040001,2299000,44.471579
2015-05-13,44.48,44.639999,44.330002,44.34,2797300,43.780412
2015-05-12,44.669998,44.779999,44.32,44.450001,1780600,43.889024
2015-05-11,45.169998,45.349998,44.880001,44.91,2890900,44.343218
2015-05-08,45.450001,45.98,44.900002,45.240002,11604300,44.669055
2015-05-07,44.82,45.259998,44.580002,44.990002,3014400,44.42221
2015-05-06,45.130001,45.389999,44.540001,44.740002,3445600,44.175365
2015-05-05,45.57,45.950001,45.060001,45.099998,6216500,44.530819
2015-05-04,45.150002,46.07,45.150002,45.77,4554600,45.192365
2015-05-01,45.009998,45.459999,44.630001,44.84,2548500,44.274102
2015-04-30,45.380001,45.709999,44.869999,44.939999,3039300,44.372838
2015-04-29,45.580002,45.669998,45.209999,45.419998,1328000,44.84678
2015-04-28,45.450001,45.799999,45.330002,45.689999,2580600,45.113373
2015-04-27,46.060001,46.330002,45.470001,45.52,3486400,44.94552
2015-04-24,45.380001,46.07,45.360001,45.950001,11275900,45.370094
2015-04-23,46.150002,46.639999,46.029999,46.310001,4127500,45.725551
2015-04-22,44.84,46.119999,44.630001,46.099998,6603900,45.518199
2015-04-21,45.139999,46.18,45.139999,45.830002,3830900,45.251609
2015-04-20,44.34,45.200001,44.34,45.049999,2052200,44.481451
