Date,Open,High,Low,Close,Volume,Adj Close
2015-10-15,78.980003,79.589996,77.940002,79.459999,1442200,79.459999
2015-10-14,78.760002,79.709999,77.599998,78.230003,1886500,78.230003
2015-10-13,80.199997,80.660004,79.209999,79.290001,1362500,79.290001
2015-10-12,82.260002,82.370003,80.07,80.980003,2334100,80.980003
2015-10-09,83.080002,84.00,82.169998,82.910004,2051300,82.910004
2015-10-08,80.940002,83.169998,80.940002,82.980003,1720700,82.980003
2015-10-07,79.779999,81.709999,79.779999,81.199997,2314400,81.199997
2015-10-06,79.919998,80.519997,79.370003,79.43,1736600,79.43
2015-10-05,78.489998,80.540001,78.089996,79.980003,2201500,79.980003
2015-10-02,76.199997,79.050003,75.919998,79.010002,1802000,79.010002
2015-10-01,77.230003,77.970001,76.669998,77.330002,1896800,77.330002
2015-09-30,75.790001,76.50,75.199997,76.400002,1557600,76.400002
2015-09-29,74.82,75.059998,74.360001,74.910004,1600600,74.910004
2015-09-28,75.040001,75.370003,74.580002,74.660004,1919000,74.660004
2015-09-25,76.32,76.760002,75.330002,75.620003,2001500,75.620003
2015-09-24,75.510002,76.089996,74.730003,75.690002,2162600,75.690002
2015-09-23,77.419998,77.629997,76.00,76.339996,1524900,76.339996
2015-09-22,78.510002,78.540001,77.040001,77.43,1771000,77.43
2015-09-21,79.330002,80.160004,78.669998,79.57,1929600,79.57
2015-09-18,80.050003,80.260002,78.730003,78.949997,3576900,78.949997
2015-09-17,81.400002,82.300003,80.919998,81.110001,2164500,81.110001
2015-09-16,80.440002,81.910004,80.330002,81.690002,2657000,81.690002
2015-09-15,79.099998,80.760002,78.709999,80.519997,1525700,80.519997
2015-09-14,79.169998,79.190002,78.540001,78.690002,2637300,78.690002
2015-09-11,79.480003,80.309998,78.860001,79.169998,2556900,79.169998
2015-09-10,78.989998,79.300003,78.010002,79.040001,3588700,79.040001
2015-09-09,79.32,80.00,78.580002,78.940002,3481000,78.940002
2015-09-08,78.040001,78.720001,77.769997,78.690002,1816900,78.690002
2015-09-04,76.199997,77.040001,75.849998,76.529999,1914000,76.529999
2015-09-03,77.019997,78.00,76.580002,77.160004,1562300,77.160004
2015-09-02,76.68,76.860001,75.589996,76.540001,2844300,76.540001
2015-09-01,76.230003,76.879997,75.360001,75.709999,2011200,75.709999
2015-08-31,78.790001,78.830002,77.709999,77.910004,1751900,77.910004
2015-08-28,77.540001,80.050003,77.529999,79.199997,3264300,79.199997
2015-08-27,75.239998,77.93,74.989998,77.919998,3182000,77.919998
2015-08-26,74.169998,74.50,72.660004,74.120003,2816400,74.120003
2015-08-25,77.059998,77.059998,72.400002,72.440002,2543000,72.440002
2015-08-24,72.830002,77.290001,72.099998,74.739998,3583400,74.739998
2015-08-21,79.290001,79.940002,77.980003,77.980003,3240500,77.980003
2015-08-20,80.68,80.839996,79.739998,79.949997,2315900,79.949997
2015-08-19,81.690002,82.099998,81.169998,81.50,1527900,81.50
2015-08-18,82.160004,82.480003,81.889999,82.349998,1513100,82.349998
2015-08-17,81.480003,82.209999,80.919998,82.150002,1397300,82.150002
2015-08-14,80.739998,82.129997,80.720001,81.739998,1464600,81.739998
2015-08-13,81.279999,81.519997,80.849998,81.019997,1127800,81.019997
2015-08-12,80.459999,81.68,79.93,81.339996,1692600,81.339996
2015-08-11,81.790001,81.959999,80.470001,80.980003,1696100,80.980003
2015-08-10,81.739998,82.959999,80.940002,82.620003,2710500,82.620003
2015-08-07,81.449997,81.849998,80.879997,81.110001,2539800,81.110001
2015-08-06,82.480003,82.660004,80.93,81.599998,2905600,81.599998
2015-08-05,83.150002,84.019997,82.480003,82.580002,2911600,82.580002
2015-08-04,82.75,83.57,82.480003,83.18,6077500,82.589999
2015-08-03,84.269997,84.529999,82.68,83.010002,2438200,82.421206
2015-07-31,85.459999,85.910004,84.120003,84.330002,2610300,83.731843
2015-07-30,85.580002,86.110001,85.510002,85.800003,2107300,85.191417
2015-07-29,84.860001,86.040001,84.480003,85.970001,2021900,85.36021
2015-07-28,83.00,85.059998,83.00,84.919998,2041800,84.317655
2015-07-27,82.309998,84.669998,82.309998,82.800003,2039500,82.212697
2015-07-24,83.480003,84.139999,82.599998,82.959999,2048400,82.371558
2015-07-23,85.169998,85.169998,83.129997,83.480003,1943100,82.887874
2015-07-22,85.93,86.449997,85.040001,85.370003,1237600,84.764467
2015-07-21,86.099998,86.970001,85.589996,85.919998,1522300,85.310561
2015-07-20,86.169998,86.629997,85.760002,86.089996,1270900,85.479354
2015-07-17,85.599998,86.830002,85.599998,85.940002,1906400,85.330424
2015-07-16,86.900002,87.68,85.480003,85.599998,1727200,84.992832
2015-07-15,87.099998,87.980003,86.82,86.959999,2807700,86.343186
2015-07-14,86.269997,87.169998,85.809998,86.720001,3043000,86.10489
2015-07-13,86.949997,87.209999,86.169998,86.459999,1781500,85.846732
2015-07-10,86.580002,86.690002,85.910004,86.349998,1627600,85.737512
2015-07-09,86.239998,86.809998,85.610001,85.620003,1838100,85.012694
2015-07-08,86.970001,87.489998,85.169998,85.400002,1986100,84.794253
2015-07-07,86.900002,88.209999,86.120003,87.82,2097900,87.197086
2015-07-06,87.230003,87.980003,86.440002,86.940002,1466400,86.323331
2015-07-02,88.309998,88.650002,87.720001,87.830002,2217000,87.207017
2015-07-01,87.879997,88.129997,87.629997,88.099998,2323600,87.475099
2015-06-30,87.370003,87.889999,86.739998,87.360001,2404000,86.74035
2015-06-29,88.199997,88.669998,86.940002,86.980003,1722600,86.363048
2015-06-26,89.089996,89.629997,88.510002,88.870003,2984700,88.239641
2015-06-25,90.330002,90.620003,88.739998,88.760002,1945400,88.130421
2015-06-24,91.959999,92.32,89.989998,90.029999,2117400,89.39141
2015-06-23,92.720001,93.089996,92.25,92.309998,1546600,91.655236
2015-06-22,92.669998,93.300003,92.389999,92.809998,1575600,92.15169
2015-06-19,92.669998,93.120003,92.07,92.32,2141200,91.665167
2015-06-18,91.949997,93.239998,91.830002,92.959999,1742800,92.300627
2015-06-17,91.419998,91.839996,91.00,91.699997,1439200,91.049562
2015-06-16,91.220001,91.989998,91.169998,91.360001,1132900,90.711978
2015-06-15,91.239998,91.910004,90.889999,91.360001,1331500,90.711978
2015-06-12,91.889999,92.839996,91.370003,91.699997,1965700,91.049562
2015-06-11,90.82,92.790001,90.419998,92.529999,2996700,91.873677
2015-06-10,91.00,91.00,89.730003,90.540001,1981100,89.897794
2015-06-09,91.00,91.25,90.389999,90.440002,1473200,89.798505
2015-06-08,92.269997,92.410004,90.980003,91.059998,1480200,90.414102
2015-06-05,92.25,92.739998,91.860001,92.510002,1624400,91.853822
2015-06-04,92.010002,93.059998,91.589996,91.959999,2135700,91.30772
2015-06-03,92.650002,93.580002,92.029999,92.50,1568100,91.843891
2015-06-02,92.540001,93.809998,92.279999,92.699997,1777100,92.042469
2015-06-01,92.480003,93.059998,91.849998,92.760002,1598500,92.102049
2015-05-29,93.480003,93.510002,91.849998,92.00,2521200,91.347437
2015-05-28,94.50,94.550003,92.800003,93.709999,2114900,93.045307
2015-05-27,95.080002,95.230003,94.239998,94.830002,1582600,94.157366
2015-05-26,95.559998,95.949997,94.330002,94.57,1740700,93.899208
2015-05-22,96.860001,97.290001,95.510002,95.529999,1988300,94.852398
2015-05-21,96.059998,98.120003,96.00,97.110001,2503700,96.421192
2015-05-20,96.400002,96.940002,95.730003,96.059998,1559200,95.378637
2015-05-19,97.849998,98.25,97.07,97.279999,1287500,96.589985
2015-05-18,97.440002,98.169998,97.199997,97.970001,1647900,97.275093
2015-05-15,97.07,97.720001,96.629997,97.559998,1940700,96.867997
2015-05-14,96.800003,97.709999,96.040001,96.709999,3079600,96.024028
2015-05-13,98.910004,99.839996,97.269997,97.720001,2935000,97.026866
2015-05-12,99.559998,99.75,98.940002,99.040001,3066000,98.337503
2015-05-11,100.349998,101.309998,100.160004,100.160004,1620700,99.449562
2015-05-08,101.870003,102.18,100.559998,100.629997,2405500,99.916221
2015-05-07,99.93,101.529999,99.779999,100.980003,1212400,100.263745
2015-05-06,100.330002,100.730003,98.970001,100.110001,2911900,99.399913
2015-05-05,103.690002,104.279999,100.519997,100.589996,2021100,99.290689
2015-05-04,103.650002,104.580002,103.169998,103.790001,2749200,102.44936
2015-05-01,101.540001,103.209999,101.43,103.209999,2352300,101.87685
2015-04-30,102.160004,102.519997,100.550003,100.849998,3540500,99.547333
2015-04-29,104.32,104.459999,102.110001,103.18,1951700,101.847238
2015-04-28,104.349998,104.690002,103.760002,104.370003,1978600,102.43949
2015-04-27,105.519997,105.620003,104.400002,104.50,1798300,102.567083
2015-04-24,106.199997,106.50,104.43,105.290001,1753900,103.342472
2015-04-23,104.480003,107.309998,104.300003,106.209999,2373900,104.245453
2015-04-22,102.209999,105.190002,102.209999,104.970001,2584100,103.028391
2015-04-21,103.940002,103.940002,100.220001,102.410004,2708400,100.515745
2015-04-20,101.00,103.760002,100.860001,103.040001,3086700,101.134089
