Date,Open,High,Low,Close,Volume,Adj Close
2015-10-16,33.790001,33.830002,33.48,33.82,2324400,33.82
2015-10-15,33.630001,33.779999,33.369999,33.779999,3036200,33.779999
2015-10-14,33.459999,33.950001,33.419998,33.880001,3204400,33.880001
2015-10-13,33.099998,33.869999,32.900002,33.43,3450400,33.43
2015-10-12,33.57,33.66,32.68,33.369999,4380100,33.369999
2015-10-09,32.299999,33.200001,32.299999,33.16,4768200,33.16
2015-10-08,31.620001,32.279999,31.459999,32.27,3788800,32.27
2015-10-07,31.34,31.77,31.07,31.530001,3386500,31.530001
2015-10-06,30.84,31.58,30.84,31.33,2896400,31.15
2015-10-05,30.18,30.950001,30.120001,30.889999,2336700,30.712527
2015-10-02,28.889999,29.93,28.85,29.93,2737800,29.758044
2015-10-01,29.65,29.75,28.870001,29.24,3108500,29.072007
2015-09-30,29.200001,29.73,28.75,29.60,4669200,29.42994
2015-09-29,29.25,29.73,28.809999,28.950001,3255900,28.783675
2015-09-28,29.360001,29.66,29.09,29.10,3042800,28.932812
2015-09-25,29.58,29.700001,29.370001,29.57,4860400,29.400111
2015-09-24,29.50,29.889999,29.110001,29.49,3338700,29.320571
2015-09-23,30.139999,30.18,29.540001,29.700001,2588000,29.529366
2015-09-22,30.290001,30.389999,29.74,30.07,5679300,29.897239
2015-09-21,31.43,31.719999,31.15,31.219999,2690900,31.040631
2015-09-18,31.809999,32.119999,31.18,31.360001,7859100,31.179828
2015-09-17,32.34,32.73,32.16,32.209999,2754900,32.024943
2015-09-16,32.02,32.48,31.91,32.360001,2060400,32.174083
2015-09-15,31.379999,32.220001,31.219999,32.189999,3790400,32.005058
2015-09-14,31.620001,31.620001,31.049999,31.139999,2103700,30.961091
2015-09-11,31.18,31.59,31.049999,31.58,1930100,31.398564
2015-09-10,31.07,31.639999,30.950001,31.360001,2416800,31.179828
2015-09-09,31.73,31.950001,31.07,31.120001,2495300,30.941207
2015-09-08,30.90,31.549999,30.780001,31.49,3501500,31.309081
2015-09-04,30.75,30.950001,30.52,30.57,3484000,30.394366
2015-09-03,31.27,31.690001,31.120001,31.190001,3113000,31.010805
2015-09-02,31.42,31.450001,30.889999,31.27,2848400,31.090345
2015-09-01,31.07,31.280001,30.799999,30.959999,4465100,30.782125
2015-08-31,31.52,32.040001,31.41,31.959999,4870500,31.77638
2015-08-28,31.34,31.84,31.309999,31.620001,3294400,31.438335
2015-08-27,30.85,31.440001,30.73,31.389999,4360500,31.209655
2015-08-26,29.639999,30.639999,29.459999,30.58,5517600,30.404309
2015-08-25,30.51,30.51,29.049999,29.07,6646300,28.902984
2015-08-24,28.959999,29.870001,28.879999,29.870001,9015800,29.698389
2015-08-21,30.440001,31.190001,30.209999,30.209999,7086200,30.036434
2015-08-20,31.98,32.290001,30.48,30.780001,14103300,30.603161
2015-08-19,30.200001,30.27,29.540001,29.780001,6541300,29.608906
2015-08-18,30.40,30.73,29.92,30.280001,3342100,30.106033
2015-08-17,30.25,30.559999,30.00,30.540001,3448000,30.36454
2015-08-14,30.450001,30.799999,30.450001,30.75,2415700,30.573332
2015-08-13,30.940001,31.059999,30.540001,30.620001,2008700,30.44408
2015-08-12,30.549999,30.99,30.280001,30.99,2918000,30.811953
2015-08-11,31.35,31.360001,30.559999,30.709999,1968000,30.533561
2015-08-10,30.75,31.68,30.75,31.50,2843600,31.319023
2015-08-07,30.59,30.889999,30.469999,30.52,1911100,30.344654
2015-08-06,30.959999,31.00,30.52,30.690001,2813500,30.513678
2015-08-05,30.860001,31.24,30.549999,30.870001,3243400,30.692644
2015-08-04,30.639999,30.76,30.440001,30.58,2128300,30.404309
2015-08-03,31.17,31.450001,30.57,30.690001,1839400,30.513678
2015-07-31,31.620001,31.620001,31.10,31.15,2641900,30.971034
2015-07-30,30.90,31.639999,30.84,31.57,2484400,31.388621
2015-07-29,30.889999,31.17,30.809999,30.959999,3509100,30.782125
2015-07-28,31.00,31.110001,30.77,30.950001,4003800,30.772184
2015-07-27,30.870001,31.030001,30.620001,30.799999,3924500,30.623044
2015-07-24,31.459999,31.620001,31.030001,31.10,3067800,30.921322
2015-07-23,31.23,32.18,31.110001,31.40,4704000,31.219597
2015-07-22,30.68,31.25,30.42,31.15,3544400,30.971034
2015-07-21,30.84,30.92,30.25,30.889999,3298600,30.712527
2015-07-20,31.190001,31.290001,30.870001,30.940001,4063200,30.762241
2015-07-17,31.17,31.209999,30.969999,31.139999,3505100,30.961091
2015-07-16,31.139999,31.370001,31.059999,31.219999,3851100,31.040631
2015-07-15,31.209999,31.40,30.93,31.139999,4241100,30.961091
2015-07-14,30.969999,31.10,30.719999,30.889999,2913200,30.712527
2015-07-13,30.690001,30.969999,30.50,30.91,2656400,30.732413
2015-07-10,30.74,30.92,30.40,30.60,2364900,30.424194
2015-07-09,30.73,30.99,30.26,30.35,4697700,30.175631
2015-07-08,31.620001,31.620001,30.51,30.60,4466000,30.424194
2015-07-07,31.440001,31.629999,30.91,31.60,3726200,31.239484
2015-07-06,31.219999,31.49,31.10,31.299999,2857100,30.942905
2015-07-02,31.50,31.719999,31.379999,31.50,2802100,31.140624
2015-07-01,32.279999,32.279999,31.459999,31.59,2781900,31.229598
2015-06-30,31.879999,31.99,31.42,31.559999,3358100,31.199939
2015-06-29,32.040001,32.369999,31.629999,31.68,4804800,31.318571
2015-06-26,32.619999,32.84,32.240002,32.360001,4692400,31.990814
2015-06-25,33.200001,33.279999,32.459999,32.650002,6071000,32.277506
2015-06-24,34.470001,34.509998,33.09,33.18,5315600,32.801458
2015-06-23,34.16,34.720001,34.16,34.549999,3909200,34.155827
2015-06-22,34.00,34.48,33.939999,34.389999,3570800,33.997653
2015-06-19,33.82,34.00,33.68,33.93,6715600,33.542902
2015-06-18,33.810001,34.07,33.720001,33.77,3325400,33.384727
2015-06-17,33.650002,33.919998,33.560001,33.779999,3019600,33.394611
2015-06-16,33.450001,33.73,33.299999,33.549999,2460100,33.167236
2015-06-15,33.349998,33.610001,32.970001,33.549999,3633000,33.167236
2015-06-12,33.48,33.610001,33.27,33.48,2830400,33.098035
2015-06-11,33.540001,33.959999,33.400002,33.68,3124800,33.295754
2015-06-10,33.919998,33.919998,33.18,33.540001,5439200,33.157352
2015-06-09,33.290001,33.389999,32.970001,33.099998,4099600,32.722369
2015-06-08,33.950001,33.98,32.919998,33.16,4179200,32.781686
2015-06-05,33.869999,34.00,33.52,33.939999,5040000,33.552786
2015-06-04,33.009998,33.869999,32.939999,33.869999,5443100,33.483585
2015-06-03,33.400002,33.830002,33.209999,33.240002,3286400,32.860775
2015-06-02,33.040001,33.580002,32.98,33.34,5554400,32.959633
2015-06-01,33.27,33.400002,32.869999,33.16,4324900,32.781686
2015-05-29,33.259998,33.419998,32.970001,33.400002,7223700,33.018949
2015-05-28,33.009998,33.349998,32.830002,33.259998,3661400,32.880543
2015-05-27,32.669998,33.099998,32.580002,33.02,4781700,32.643284
2015-05-26,32.970001,33.139999,32.330002,32.560001,5687800,32.188533
2015-05-22,31.65,33.259998,31.459999,33.139999,12065400,32.761914
2015-05-21,31.049999,32.130001,30.85,31.77,25743800,31.407545
2015-05-20,35.400002,35.68,35.169998,35.330002,4799300,34.926931
2015-05-19,34.689999,35.540001,34.57,35.349998,4520000,34.946699
2015-05-18,35.369999,35.48,34.740002,34.799999,6203300,34.402975
2015-05-15,36.00,36.099998,35.389999,35.400002,3879000,34.996132
2015-05-14,35.630001,36.060001,35.509998,35.959999,3470900,35.549741
2015-05-13,34.900002,35.380001,34.75,35.299999,4991500,34.897271
2015-05-12,34.75,35.049999,34.619999,34.860001,3604100,34.462292
2015-05-11,35.279999,35.439999,34.779999,34.959999,5265800,34.561149
2015-05-08,35.689999,35.880001,35.349998,35.650002,2589500,35.24328
2015-05-07,35.43,35.77,35.23,35.57,1865100,35.164191
2015-05-06,35.900002,36.029999,35.330002,35.389999,2910000,34.986244
2015-05-05,36.540001,36.66,35.849998,35.91,2126300,35.500312
2015-05-04,36.700001,36.98,36.619999,36.709999,1488900,36.291184
2015-05-01,36.450001,36.790001,36.330002,36.689999,1277300,36.271412
2015-04-30,36.540001,36.959999,36.169998,36.25,2558400,35.836433
2015-04-29,36.369999,37.07,36.279999,36.799999,3079600,36.380157
2015-04-28,36.43,36.669998,36.130001,36.599998,1486100,36.182438
2015-04-27,36.119999,36.59,35.959999,36.369999,2725700,35.955063
2015-04-24,36.360001,36.360001,35.919998,36.119999,2276200,35.707915
2015-04-23,36.009998,36.419998,35.98,36.290001,1701700,35.875978
2015-04-22,36.009998,36.299999,35.959999,36.139999,1880400,35.727687
2015-04-21,36.189999,36.209999,35.740002,36.00,3194900,35.589285
2015-04-20,36.240002,36.43,35.799999,35.990002,2855600,35.579401
