Date,Open,High,Low,Close,Volume,Adj Close
2015-10-09,14.09,14.16,13.90,14.11,1009300,14.11
2015-10-08,13.66,14.10,13.66,14.10,1436000,14.10
2015-10-07,13.57,13.83,13.53,13.69,1622700,13.69
2015-10-06,13.44,13.65,13.38,13.55,1666600,13.55
2015-10-05,13.26,13.52,13.22,13.48,1143300,13.48
2015-10-02,12.25,13.14,12.24,13.14,1408300,13.14
2015-10-01,12.85,13.07,12.65,12.87,1287900,12.87
2015-09-30,12.62,12.83,12.42,12.82,1144200,12.82
2015-09-29,12.47,12.61,12.33,12.42,1078500,12.42
2015-09-28,13.00,13.00,12.43,12.44,1776300,12.44
2015-09-25,13.00,13.00,12.79,12.86,1250800,12.86
2015-09-24,12.71,12.96,12.71,12.88,1146300,12.88
2015-09-23,12.90,12.94,12.73,12.83,1316600,12.83
2015-09-22,12.73,13.01,12.69,12.91,3045300,12.91
2015-09-21,12.88,13.22,12.86,12.90,2148300,12.90
2015-09-18,13.26,13.26,12.79,12.83,18792600,12.83
2015-09-17,12.96,13.47,12.86,13.15,3200800,13.15
2015-09-16,12.99,13.06,12.85,13.00,1358600,13.00
2015-09-15,12.93,13.05,12.81,12.98,936700,12.98
2015-09-14,13.06,13.07,12.83,12.90,1234200,12.90
2015-09-11,13.08,13.17,13.01,13.15,966500,13.05
2015-09-10,13.29,13.38,13.11,13.15,1327300,13.05
2015-09-09,13.56,13.66,13.30,13.33,1315100,13.228631
2015-09-08,13.34,13.51,13.26,13.46,1508200,13.357643
2015-09-04,13.38,13.46,13.05,13.09,1215000,12.990457
2015-09-03,13.33,13.74,13.25,13.58,1266300,13.47673
2015-09-02,13.46,13.75,13.19,13.33,2068100,13.228631
2015-09-01,13.58,13.60,13.21,13.31,2551200,13.208784
2015-08-31,13.93,13.94,13.67,13.83,1245000,13.724829
2015-08-28,13.75,14.10,13.75,14.02,1300400,13.913385
2015-08-27,13.58,13.87,13.48,13.81,1585500,13.704982
2015-08-26,13.48,13.59,13.03,13.43,2289100,13.327871
2015-08-25,13.48,13.68,13.10,13.17,4156100,13.069848
2015-08-24,13.10,13.25,12.62,13.04,3264900,12.940837
2015-08-21,14.10,14.25,13.85,13.87,2112700,13.764525
2015-08-20,14.75,14.78,14.15,14.17,1032000,14.062244
2015-08-19,14.98,15.03,14.74,14.89,895400,14.776769
2015-08-18,15.00,15.09,14.92,14.98,1000300,14.866084
2015-08-17,14.88,15.09,14.88,15.06,1247800,14.945476
2015-08-14,14.85,15.01,14.82,14.91,1362200,14.796616
2015-08-13,14.44,15.62,14.44,14.89,1712500,14.776769
2015-08-12,13.59,13.98,13.49,13.85,1230000,13.744678
2015-08-11,13.94,14.00,13.64,13.74,1136400,13.635513
2015-08-10,13.88,14.06,13.78,14.02,682700,13.913385
2015-08-07,13.64,13.84,13.50,13.83,431500,13.724829
2015-08-06,14.22,14.22,13.46,13.71,1560500,13.605742
2015-08-05,14.22,14.28,14.08,14.20,1037800,14.092015
2015-08-04,14.05,14.31,14.02,14.13,629400,14.022548
2015-08-03,14.33,14.33,14.00,14.06,1018100,13.953081
2015-07-31,14.34,14.45,14.23,14.27,702600,14.161484
2015-07-30,14.28,14.32,14.13,14.29,901200,14.181331
2015-07-29,14.26,14.38,14.17,14.34,1447800,14.230951
2015-07-28,14.45,14.45,14.00,14.29,688800,14.181331
2015-07-27,14.40,14.62,14.30,14.35,1272100,14.240875
2015-07-24,14.40,14.47,14.21,14.43,1434700,14.320267
2015-07-23,14.25,14.41,14.16,14.41,922000,14.300418
2015-07-22,14.21,14.36,14.12,14.26,972200,14.151559
2015-07-21,14.43,14.46,14.22,14.24,740500,14.131711
2015-07-20,14.40,14.49,14.31,14.48,571600,14.369886
2015-07-17,14.35,14.42,14.23,14.35,893000,14.240875
2015-07-16,14.17,14.29,14.14,14.29,619500,14.181331
2015-07-15,14.02,14.11,13.95,14.10,822900,13.992776
2015-07-14,13.96,14.04,13.91,14.02,472000,13.913385
2015-07-13,13.91,14.08,13.90,14.00,1106400,13.893536
2015-07-10,13.85,13.97,13.76,13.83,425900,13.724829
2015-07-09,13.92,14.02,13.74,13.75,1022900,13.645438
2015-07-08,13.94,13.99,13.77,13.81,1055600,13.704982
2015-07-07,13.83,14.06,13.64,14.03,1439600,13.923308
2015-07-06,14.05,14.09,13.79,13.83,2606800,13.724829
2015-07-02,14.36,14.65,14.20,14.21,1097800,14.10194
2015-07-01,14.35,14.40,14.22,14.30,1063600,14.191255
2015-06-30,14.09,14.30,13.91,14.24,1557200,14.131711
2015-06-29,14.54,14.61,14.02,14.03,1247600,13.923308
2015-06-26,14.41,14.74,14.27,14.62,8440600,14.508822
2015-06-25,14.48,14.54,14.33,14.34,1389500,14.230951
2015-06-24,14.64,14.76,14.44,14.47,1724900,14.359963
2015-06-23,14.68,14.80,14.66,14.66,1188800,14.548517
2015-06-22,14.64,14.80,14.63,14.68,806300,14.568366
2015-06-19,14.17,14.66,14.17,14.58,1702100,14.469126
2015-06-18,14.04,14.32,14.04,14.23,1145000,14.121787
2015-06-17,13.99,14.13,13.88,13.95,744500,13.843916
2015-06-16,14.05,14.10,13.99,13.99,544700,13.883612
2015-06-15,14.15,14.20,14.03,14.05,644200,13.943156
2015-06-12,14.24,14.28,14.07,14.18,752600,14.072168
2015-06-11,14.37,14.37,14.22,14.26,859100,14.151559
2015-06-10,14.33,14.46,14.25,14.29,1272400,14.181331
2015-06-09,14.60,14.60,14.29,14.30,866700,14.191255
2015-06-08,14.59,14.68,14.55,14.57,613600,14.459202
2015-06-05,14.73,14.73,14.56,14.64,781100,14.52867
2015-06-04,14.89,14.94,14.69,14.72,605900,14.608061
2015-06-03,14.94,15.03,14.86,14.94,495700,14.826388
2015-06-02,14.94,15.04,14.86,14.91,706300,14.796616
2015-06-01,14.97,15.06,14.86,15.00,601200,14.885932
2015-05-29,15.06,15.13,14.91,14.95,887400,14.836312
2015-05-28,15.08,15.10,14.99,15.10,760600,14.985172
2015-05-27,15.09,15.26,15.00,15.13,766700,15.014943
2015-05-26,15.22,15.31,14.96,15.04,848700,14.925628
2015-05-22,15.32,15.35,15.20,15.25,528200,15.134031
2015-05-21,15.28,15.39,15.25,15.36,404800,15.243194
2015-05-20,15.38,15.43,15.31,15.33,790400,15.213422
2015-05-19,15.39,15.42,15.26,15.39,454900,15.272966
2015-05-18,15.24,15.39,15.12,15.35,1189400,15.233271
2015-05-15,15.16,15.35,15.11,15.30,808100,15.183651
2015-05-14,15.14,15.20,15.01,15.14,1001600,15.024868
2015-05-13,15.20,15.24,15.08,15.10,1496900,14.985172
2015-05-12,15.52,15.54,15.09,15.18,1409900,15.064563
2015-05-11,15.07,15.70,15.02,15.59,2150400,15.471445
2015-05-08,15.02,15.11,14.96,15.09,470100,14.975248
2015-05-07,14.94,14.95,14.83,14.91,1733100,14.796616
2015-05-06,15.21,15.22,14.78,14.91,3899100,14.796616
2015-05-05,16.120001,16.17,15.81,15.92,1543900,15.798936
2015-05-04,15.90,16.08,15.84,16.07,855200,15.947795
2015-05-01,15.69,15.94,15.67,15.93,1244200,15.80886
2015-04-30,15.58,15.74,15.53,15.57,1836000,15.451597
2015-04-29,15.80,15.88,15.65,15.66,1637400,15.540913
2015-04-28,15.43,15.88,15.40,15.86,1510900,15.739392
2015-04-27,15.45,15.74,15.45,15.47,1765700,15.352358
2015-04-24,15.44,15.55,15.33,15.43,464000,15.312662
2015-04-23,15.42,15.51,15.30,15.46,1023100,15.342434
2015-04-22,15.34,15.51,15.26,15.41,2791400,15.292814
2015-04-21,15.56,15.61,15.35,15.35,699500,15.233271
2015-04-20,15.56,15.61,15.46,15.48,899300,15.362281
2015-04-17,15.63,15.63,15.40,15.49,1129800,15.372205
2015-04-16,15.81,15.81,15.57,15.70,1388100,15.580609
2015-04-15,15.89,15.96,15.81,15.84,634300,15.719544
2015-04-14,15.97,16.030001,15.84,15.85,878900,15.729468
2015-04-13,15.75,15.95,15.75,15.94,603400,15.818783
