Date,Open,High,Low,Close,Volume,Adj Close
2015-10-15,14.08,14.32,13.91,14.29,4284700,14.29
2015-10-14,13.94,14.08,13.84,13.98,3506600,13.98
2015-10-13,13.85,14.03,13.77,13.91,2996000,13.91
2015-10-12,13.98,14.04,13.80,13.91,2067700,13.91
2015-10-09,14.00,14.12,13.77,13.96,4230400,13.96
2015-10-08,13.61,14.06,13.61,14.05,2957300,14.05
2015-10-07,13.62,13.80,13.44,13.63,4487900,13.63
2015-10-06,13.42,13.61,13.29,13.50,2720500,13.50
2015-10-05,13.34,13.46,13.18,13.41,4375700,13.41
2015-10-02,12.52,13.05,12.35,13.04,3195700,13.04
2015-10-01,12.77,12.95,12.53,12.73,3560500,12.73
2015-09-30,12.32,12.65,12.16,12.62,3129600,12.62
2015-09-29,12.28,12.46,12.16,12.26,5347200,12.26
2015-09-28,12.67,12.94,12.26,12.29,4172900,12.29
2015-09-25,12.92,12.92,12.68,12.75,2808000,12.75
2015-09-24,12.68,12.89,12.63,12.83,3164100,12.83
2015-09-23,12.83,12.88,12.65,12.75,2352300,12.75
2015-09-22,12.75,12.95,12.70,12.79,3437300,12.79
2015-09-21,12.96,13.23,12.88,12.93,3538500,12.93
2015-09-18,13.03,13.18,12.79,12.92,21641100,12.92
2015-09-17,12.80,13.48,12.76,13.21,6287000,13.21
2015-09-16,12.79,13.06,12.79,13.04,3953200,13.04
2015-09-15,12.88,12.97,12.82,12.94,2731200,12.94
2015-09-14,12.99,12.99,12.74,12.81,2884100,12.81
2015-09-11,12.93,13.06,12.85,13.05,3705600,12.95
2015-09-10,13.14,13.31,12.98,13.01,4029200,12.910307
2015-09-09,13.51,13.66,13.14,13.22,3928700,13.118698
2015-09-08,13.09,13.36,12.98,13.35,3549800,13.247702
2015-09-04,13.08,13.16,12.81,12.82,3948400,12.721762
2015-09-03,12.92,13.49,12.92,13.32,3653700,13.217931
2015-09-02,13.28,13.58,12.96,13.13,3997800,13.029387
2015-09-01,13.31,13.36,12.98,13.07,4956600,12.969846
2015-08-31,13.75,13.80,13.45,13.63,3669700,13.525556
2015-08-28,13.57,13.89,13.50,13.80,4005000,13.694253
2015-08-27,13.41,13.67,13.30,13.62,7053600,13.515632
2015-08-26,13.26,13.47,12.86,13.22,5347600,13.118698
2015-08-25,13.31,13.65,12.93,12.94,7805400,12.840843
2015-08-24,13.10,13.58,12.67,13.04,11162600,12.940077
2015-08-21,14.22,14.35,13.91,13.91,4667000,13.80341
2015-08-20,14.87,14.87,14.25,14.26,3599300,14.150728
2015-08-19,15.08,15.30,14.89,15.03,2317700,14.914827
2015-08-18,15.24,15.28,15.07,15.13,2297700,15.014061
2015-08-17,15.10,15.30,15.09,15.25,3251300,15.133142
2015-08-14,15.25,15.35,15.08,15.18,4415900,15.063679
2015-08-13,15.23,15.92,14.80,15.19,8863900,15.073601
2015-08-12,13.68,14.26,13.59,14.12,4379800,14.011801
2015-08-11,14.28,14.29,13.87,13.96,3066200,13.853027
2015-08-10,14.20,14.38,14.07,14.35,2328700,14.240039
2015-08-07,14.06,14.14,13.78,14.11,3427200,14.001877
2015-08-06,14.56,14.60,13.73,14.02,3733800,13.912568
2015-08-05,14.67,14.67,14.51,14.60,3079100,14.488123
2015-08-04,14.56,14.77,14.51,14.56,1863000,14.44843
2015-08-03,14.76,14.77,14.47,14.54,2265500,14.428582
2015-07-31,14.88,14.94,14.71,14.73,2621800,14.617126
2015-07-30,14.82,14.82,14.60,14.80,2129400,14.68659
2015-07-29,14.72,14.88,14.66,14.83,3024800,14.71636
2015-07-28,14.86,14.86,14.46,14.79,2679100,14.676667
2015-07-27,15.07,15.08,14.71,14.83,4297900,14.71636
2015-07-24,14.71,14.89,14.57,14.86,4045500,14.74613
2015-07-23,14.59,14.76,14.50,14.72,2878200,14.607203
2015-07-22,14.55,14.73,14.48,14.61,3084400,14.498046
2015-07-21,14.87,14.91,14.58,14.58,3015600,14.468276
2015-07-20,14.81,14.92,14.72,14.90,2080200,14.785823
2015-07-17,14.63,14.84,14.55,14.81,3646600,14.696514
2015-07-16,14.56,14.71,14.51,14.66,1713300,14.547663
2015-07-15,14.41,14.54,14.35,14.43,1885700,14.319426
2015-07-14,14.39,14.47,14.32,14.43,2159800,14.319426
2015-07-13,14.32,14.51,14.21,14.43,2069500,14.319426
2015-07-10,14.29,14.38,14.13,14.25,1638300,14.140805
2015-07-09,14.31,14.41,14.14,14.18,2074200,14.071341
2015-07-08,14.25,14.33,14.12,14.16,2478800,14.051494
2015-07-07,14.34,14.40,14.04,14.35,3163500,14.240039
2015-07-06,14.45,14.53,14.24,14.30,2853000,14.190422
2015-07-02,14.69,14.99,14.56,14.60,2998600,14.488123
2015-07-01,14.73,14.81,14.54,14.64,2384000,14.527816
2015-06-30,14.53,14.63,14.33,14.59,4461900,14.478199
2015-06-29,15.04,15.11,14.44,14.45,3593200,14.339272
2015-06-26,14.81,15.20,14.65,15.20,12078800,15.083525
2015-06-25,14.82,14.91,14.68,14.75,3139500,14.636973
2015-06-24,14.98,15.12,14.81,14.83,2491700,14.71636
2015-06-23,15.09,15.16,14.98,14.99,2537400,14.875134
2015-06-22,15.01,15.15,14.90,15.05,2044500,14.934675
2015-06-19,14.47,14.99,14.47,14.97,5635500,14.855288
2015-06-18,14.41,14.62,14.39,14.54,5027700,14.428582
2015-06-17,14.26,14.34,14.17,14.22,2558200,14.111035
2015-06-16,14.20,14.28,14.17,14.20,2405200,14.091188
2015-06-15,14.33,14.38,14.20,14.20,3712500,14.091188
2015-06-12,14.51,14.58,14.37,14.41,2247800,14.299578
2015-06-11,14.66,14.70,14.55,14.58,2224200,14.468276
2015-06-10,14.58,14.77,14.57,14.65,2368300,14.537739
2015-06-09,14.81,14.85,14.54,14.56,2793300,14.44843
2015-06-08,14.93,14.98,14.82,14.84,1731500,14.726284
2015-06-05,15.01,15.06,14.85,15.00,1913600,14.885058
2015-06-04,15.17,15.23,14.97,15.00,2167800,14.885058
2015-06-03,15.22,15.30,15.10,15.22,1751400,15.103372
2015-06-02,15.16,15.27,15.08,15.16,1541600,15.043831
2015-06-01,15.20,15.47,15.01,15.23,2371800,15.113295
2015-05-29,15.31,15.40,15.15,15.15,2048600,15.033908
2015-05-28,15.37,15.41,15.26,15.35,3222200,15.232376
2015-05-27,15.40,15.57,15.31,15.44,2706200,15.321685
2015-05-26,15.55,15.64,15.26,15.34,2740700,15.222452
2015-05-22,15.63,15.66,15.50,15.54,2800100,15.42092
2015-05-21,15.58,15.69,15.52,15.63,1579100,15.51023
2015-05-20,15.67,15.74,15.60,15.63,2039400,15.51023
2015-05-19,15.67,15.70,15.54,15.68,2719300,15.559847
2015-05-18,15.56,15.69,15.38,15.68,3538500,15.559847
2015-05-15,15.35,15.59,15.31,15.55,2960500,15.430843
2015-05-14,15.38,15.44,15.13,15.39,3264900,15.272069
2015-05-13,15.32,15.50,15.21,15.26,3045900,15.143065
2015-05-12,15.60,15.60,15.28,15.35,4116200,15.232376
2015-05-11,15.12,15.92,15.12,15.71,7703000,15.589617
2015-05-08,15.09,15.22,15.03,15.14,3376100,15.023985
2015-05-07,15.01,15.02,14.82,14.97,7108400,14.855288
2015-05-06,15.05,15.33,14.82,14.99,11731400,14.875134
2015-05-05,16.129999,16.27,15.92,16.02,5742300,15.897242
2015-05-04,16.049999,16.190001,15.94,16.17,2291400,16.046092
2015-05-01,15.90,16.08,15.89,16.049999,2537000,15.927011
2015-04-30,15.72,15.88,15.66,15.78,4276000,15.65908
2015-04-29,15.90,15.99,15.77,15.79,3211000,15.669004
2015-04-28,15.59,16.00,15.51,15.97,3971800,15.847625
2015-04-27,15.59,15.86,15.55,15.57,2900600,15.450689
2015-04-24,15.53,15.66,15.43,15.53,1681500,15.410996
2015-04-23,15.51,15.64,15.44,15.56,2628500,15.440767
2015-04-22,15.54,15.64,15.41,15.56,4363500,15.440767
2015-04-21,15.66,15.74,15.51,15.52,1906100,15.401073
2015-04-20,15.67,15.74,15.57,15.65,2427200,15.530076
