Date,Open,High,Low,Close,Volume,Adj Close
2015-10-09,18.74,18.809999,18.43,18.51,1947000,18.51
2015-10-08,18.559999,18.74,18.49,18.68,1485800,18.68
2015-10-07,18.469999,18.610001,18.35,18.58,3262200,18.58
2015-10-06,18.40,18.49,18.280001,18.41,2267800,18.41
2015-10-05,18.16,18.450001,18.129999,18.43,2975700,18.43
2015-10-02,17.77,18.059999,17.440001,18.059999,3066200,18.059999
2015-10-01,18.059999,18.15,17.82,18.07,2458900,18.07
2015-09-30,18.00,18.110001,17.860001,18.059999,3191700,18.059999
2015-09-29,17.959999,18.059999,17.790001,17.90,2801800,17.90
2015-09-28,18.049999,18.10,17.870001,17.950001,2952000,17.950001
2015-09-25,18.360001,18.42,18.10,18.129999,3363100,18.129999
2015-09-24,17.93,18.200001,17.860001,18.16,3042700,18.16
2015-09-23,17.690001,18.34,17.690001,18.07,6528100,18.07
2015-09-22,17.57,17.68,17.49,17.60,2666500,17.60
2015-09-21,17.58,17.870001,17.58,17.76,3548600,17.76
2015-09-18,17.58,17.610001,17.43,17.469999,5150400,17.469999
2015-09-17,18.17,18.32,17.799999,17.85,2797100,17.85
2015-09-16,18.09,18.200001,17.950001,18.17,2068600,18.17
2015-09-15,17.98,18.16,17.940001,18.120001,2169600,18.120001
2015-09-14,17.790001,17.950001,17.690001,17.940001,1662000,17.940001
2015-09-11,17.75,17.799999,17.57,17.780001,5345300,17.780001
2015-09-10,17.629999,17.969999,17.559999,17.76,2359300,17.76
2015-09-09,18.07,18.110001,17.629999,17.65,2851800,17.65
2015-09-08,17.58,17.98,17.52,17.940001,4258100,17.940001
2015-09-04,17.25,17.450001,17.200001,17.40,2578200,17.40
2015-09-03,17.32,17.530001,17.23,17.459999,2184700,17.459999
2015-09-02,17.24,17.27,16.99,17.26,2095500,17.26
2015-09-01,17.379999,17.389999,16.940001,17.01,3525900,17.01
2015-08-31,17.559999,17.719999,17.50,17.66,2294600,17.66
2015-08-28,17.450001,17.709999,17.43,17.639999,3123500,17.639999
2015-08-27,17.360001,17.639999,17.280001,17.559999,2996300,17.559999
2015-08-26,17.040001,17.200001,16.73,17.15,4200400,17.15
2015-08-25,17.379999,17.379999,16.65,16.65,4957100,16.65
2015-08-24,16.40,17.00,14.26,16.82,6458700,16.82
2015-08-21,17.66,17.85,17.50,17.65,4339100,17.65
2015-08-20,18.040001,18.10,17.83,17.85,3354800,17.85
2015-08-19,18.42,18.48,18.17,18.18,4516500,18.18
2015-08-18,18.639999,18.67,18.469999,18.48,2684400,18.48
2015-08-17,18.50,18.700001,18.370001,18.60,2306100,18.60
2015-08-14,18.32,18.60,18.219999,18.60,1897700,18.60
2015-08-13,18.17,18.379999,18.139999,18.309999,1459300,18.309999
2015-08-12,18.290001,18.309999,17.879999,18.190001,3871600,18.190001
2015-08-11,18.33,18.42,18.24,18.40,2697900,18.40
2015-08-10,18.299999,18.50,18.27,18.469999,2722800,18.469999
2015-08-07,18.43,18.49,18.09,18.200001,4431900,18.200001
2015-08-06,18.65,18.75,18.40,18.49,3011500,18.49
2015-08-05,18.690001,18.870001,18.639999,18.66,3457700,18.66
2015-08-04,18.58,18.82,18.549999,18.60,2797500,18.60
2015-08-03,19.02,19.07,18.700001,18.85,4604500,18.600001
2015-07-31,18.98,19.110001,18.84,19.030001,3587600,18.777614
2015-07-30,18.700001,18.98,18.68,18.98,3152700,18.728276
2015-07-29,18.559999,18.799999,18.469999,18.77,2864900,18.521062
2015-07-28,18.50,18.57,18.34,18.549999,3004200,18.303979
2015-07-27,18.360001,18.459999,18.27,18.41,3176500,18.165836
2015-07-24,18.50,18.60,18.379999,18.43,2649500,18.185571
2015-07-23,18.66,18.790001,18.48,18.540001,3763900,18.294113
2015-07-22,18.370001,18.66,18.26,18.629999,3487900,18.382917
2015-07-21,18.51,18.60,18.23,18.26,3361400,18.017826
2015-07-20,18.370001,18.51,18.33,18.459999,2090500,18.215172
2015-07-17,18.52,18.540001,18.280001,18.379999,2746500,18.136233
2015-07-16,18.60,18.60,18.50,18.540001,2284500,18.294113
2015-07-15,18.42,18.52,18.360001,18.49,2704900,18.244775
2015-07-14,18.290001,18.42,18.23,18.40,2801100,18.155968
2015-07-13,18.40,18.40,18.27,18.35,2322200,18.106632
2015-07-10,18.299999,18.34,18.139999,18.25,2382400,18.007958
2015-07-09,18.15,18.219999,17.969999,18.07,2368600,17.830345
2015-07-08,17.969999,18.120001,17.799999,17.959999,4699000,17.721803
2015-07-07,18.309999,18.360001,18.08,18.27,2779100,18.027693
2015-07-06,18.15,18.360001,18.00,18.35,2772100,18.106632
2015-07-02,18.60,18.60,18.280001,18.33,2270100,18.086897
2015-07-01,18.52,18.610001,18.42,18.540001,3054100,18.294113
2015-06-30,18.440001,18.540001,18.290001,18.379999,3425400,18.136233
2015-06-29,18.389999,18.49,18.25,18.25,2867700,18.007958
2015-06-26,18.540001,18.639999,18.51,18.540001,2527400,18.294113
2015-06-25,18.549999,18.58,18.379999,18.450001,2910200,18.205306
2015-06-24,18.530001,18.73,18.450001,18.450001,2604600,18.205306
2015-06-23,18.60,18.719999,18.60,18.68,2380000,18.432255
2015-06-22,18.559999,18.60,18.48,18.57,2682000,18.323714
2015-06-19,18.48,18.530001,18.41,18.42,3861700,18.175704
2015-06-18,18.40,18.52,18.309999,18.469999,2814800,18.22504
2015-06-17,18.610001,18.639999,18.25,18.33,3553900,18.086897
2015-06-16,18.379999,18.57,18.34,18.549999,2581400,18.303979
2015-06-15,18.27,18.459999,18.209999,18.43,2555000,18.185571
2015-06-12,18.370001,18.440001,18.33,18.43,2130900,18.185571
2015-06-11,18.42,18.52,18.32,18.40,3527400,18.155968
2015-06-10,18.24,18.530001,18.219999,18.41,3001600,18.165836
2015-06-09,18.09,18.23,17.969999,18.200001,2382500,17.958622
2015-06-08,18.07,18.18,17.98,18.09,2468100,17.85008
2015-06-05,17.950001,18.110001,17.90,18.110001,3361000,17.869815
2015-06-04,17.950001,18.049999,17.85,17.91,2342700,17.672467
2015-06-03,17.92,18.17,17.889999,18.030001,3206500,17.790877
2015-06-02,17.709999,17.940001,17.68,17.889999,3391400,17.652732
2015-06-01,17.77,17.799999,17.620001,17.700001,2589900,17.465253
2015-05-29,17.709999,17.790001,17.57,17.74,3648400,17.504722
2015-05-28,17.700001,17.75,17.58,17.719999,2590400,17.484987
2015-05-27,17.57,17.75,17.51,17.719999,2439100,17.484987
2015-05-26,17.58,17.59,17.35,17.50,2708400,17.267905
2015-05-22,17.639999,17.700001,17.559999,17.57,2143900,17.336976
2015-05-21,17.67,17.709999,17.50,17.59,3221300,17.356712
2015-05-20,17.67,17.719999,17.530001,17.68,2716500,17.445518
2015-05-19,17.49,17.74,17.450001,17.709999,5025100,17.475119
2015-05-18,17.17,17.49,17.16,17.440001,3304400,17.208701
2015-05-15,17.35,17.360001,17.120001,17.190001,1731000,16.962017
2015-05-14,17.370001,17.440001,17.309999,17.34,2586200,17.110027
2015-05-13,17.280001,17.35,17.18,17.34,3592400,17.110027
2015-05-12,17.18,17.33,17.00,17.27,3626500,17.040956
2015-05-11,17.00,17.209999,16.950001,17.18,3155100,16.952149
2015-05-08,16.99,17.049999,16.860001,17.02,2568300,16.794272
2015-05-07,17.07,17.15,16.860001,16.93,4392000,16.705465
2015-05-06,17.26,17.389999,17.18,17.389999,3607600,16.912679
2015-05-05,17.25,17.379999,17.17,17.219999,2799100,16.747345
2015-05-04,17.030001,17.25,17.02,17.24,2394000,16.766796
2015-05-01,17.219999,17.34,17.040001,17.040001,3263500,16.572287
2015-04-30,17.120001,17.440001,17.07,17.190001,4475100,16.718169
2015-04-29,16.85,17.16,16.83,17.110001,3037100,16.640365
2015-04-28,16.809999,16.93,16.700001,16.92,3041900,16.45558
2015-04-27,16.940001,16.969999,16.709999,16.77,2527200,16.309698
2015-04-24,17.02,17.02,16.84,16.90,2360500,16.436128
2015-04-23,16.950001,17.110001,16.92,17.00,2165300,16.533384
2015-04-22,17.01,17.030001,16.809999,17.00,1796200,16.533384
2015-04-21,17.01,17.17,16.91,16.969999,2579200,16.504207
2015-04-20,16.82,16.99,16.82,16.92,1576200,16.45558
2015-04-17,16.93,16.99,16.690001,16.780001,3190800,16.319423
2015-04-16,17.02,17.07,16.950001,17.01,2194800,16.54311
2015-04-15,17.01,17.129999,16.940001,17.040001,2050300,16.572287
2015-04-14,17.040001,17.16,16.90,16.99,2432700,16.523658
2015-04-13,17.01,17.10,16.950001,17.040001,2710000,16.572287
