Date,Open,High,Low,Close,Volume,Adj Close
2015-10-09,61.990002,63.32,61.990002,63.169998,545500,63.169998
2015-10-08,61.77,62.25,60.66,61.869999,1247800,61.869999
2015-10-07,62.029999,62.759998,61.57,62.27,739000,62.27
2015-10-06,62.970001,63.720001,62.599998,62.77,448100,62.77
2015-10-05,62.279999,63.34,62.259998,63.16,441800,63.16
2015-10-02,61.099998,62.18,60.619999,62.150002,473100,62.150002
2015-10-01,61.18,61.52,60.939999,61.119999,609800,61.119999
2015-09-30,61.50,62.130001,60.810001,61.00,931700,61.00
2015-09-29,60.860001,61.619999,60.400002,61.259998,666800,61.259998
2015-09-28,60.900002,61.470001,60.779999,60.810001,769400,60.810001
2015-09-25,61.34,62.16,61.139999,61.450001,837900,61.450001
2015-09-24,62.950001,63.099998,60.66,60.82,1207300,60.82
2015-09-23,63.799999,64.25,63.310001,63.580002,575400,63.580002
2015-09-22,64.959999,65.75,63.77,64.050003,590700,64.050003
2015-09-21,65.650002,66.839996,65.440002,66.00,581300,66.00
2015-09-18,66.870003,67.629997,65.349998,65.400002,1055400,65.400002
2015-09-17,68.470001,68.57,67.690002,67.809998,415100,67.809998
2015-09-16,68.010002,68.480003,67.360001,68.290001,777300,68.290001
2015-09-15,67.309998,68.660004,67.059998,68.440002,373600,68.440002
2015-09-14,67.699997,67.879997,67.160004,67.279999,249100,67.279999
2015-09-11,68.07,68.510002,67.519997,67.809998,367800,67.809998
2015-09-10,67.00,69.019997,66.989998,68.129997,718900,68.129997
2015-09-09,67.669998,67.959999,66.580002,66.760002,574500,66.760002
2015-09-08,66.959999,68.300003,66.839996,67.589996,899000,67.589996
2015-09-04,65.459999,66.650002,65.279999,66.07,688600,66.07
2015-09-03,65.790001,66.730003,65.459999,66.290001,747700,66.290001
2015-09-02,64.739998,65.459999,64.50,65.410004,798200,65.410004
2015-09-01,65.010002,65.650002,64.279999,64.379997,1106400,64.379997
2015-08-31,66.980003,67.300003,66.419998,66.489998,659800,66.489998
2015-08-28,67.089996,67.830002,66.93,67.379997,475100,67.379997
2015-08-27,66.889999,67.690002,66.25,67.349998,422100,67.349998
2015-08-26,66.00,66.610001,64.610001,66.230003,590300,66.230003
2015-08-25,68.269997,68.690002,64.620003,64.650002,790900,64.650002
2015-08-24,64.650002,68.190002,62.540001,65.879997,874100,65.879997
2015-08-21,69.919998,70.129997,67.849998,68.199997,878200,68.199997
2015-08-20,71.07,71.720001,70.57,70.620003,759800,70.620003
2015-08-19,72.580002,72.580002,71.510002,71.800003,487700,71.800003
2015-08-18,73.349998,73.57,72.730003,72.910004,239500,72.910004
2015-08-17,72.839996,73.339996,72.080002,73.330002,363200,73.330002
2015-08-14,72.07,73.349998,72.050003,73.139999,207400,73.139999
2015-08-13,72.480003,73.089996,72.300003,72.50,273500,72.50
2015-08-12,72.129997,72.800003,71.620003,72.620003,473600,72.620003
2015-08-11,72.860001,73.360001,72.309998,73.059998,473900,73.059998
2015-08-10,72.389999,73.239998,72.220001,73.080002,619200,73.080002
2015-08-07,73.160004,73.360001,71.75,72.330002,823500,72.330002
2015-08-06,74.00,74.410004,73.269997,73.370003,486800,73.370003
2015-08-05,73.75,74.860001,73.599998,74.120003,526800,74.120003
2015-08-04,73.980003,74.620003,73.50,73.730003,646500,73.730003
2015-08-03,73.300003,74.25,72.540001,74.059998,687500,74.059998
2015-07-31,73.230003,74.349998,72.629997,73.150002,1205300,73.150002
2015-07-30,69.830002,72.959999,68.900002,72.730003,1425000,72.730003
2015-07-29,68.00,71.120003,67.970001,70.57,1300000,70.57
2015-07-28,66.970001,68.220001,66.43,68.00,686400,68.00
2015-07-27,66.669998,67.239998,66.230003,66.730003,394000,66.730003
2015-07-24,67.669998,68.029999,66.910004,67.07,372500,67.07
2015-07-23,69.18,69.199997,67.550003,67.669998,421400,67.669998
2015-07-22,69.269997,69.50,68.629997,68.959999,499000,68.959999
2015-07-21,68.599998,69.870003,68.489998,69.410004,807200,69.410004
2015-07-20,68.25,69.199997,68.209999,68.540001,547800,68.540001
2015-07-17,67.879997,68.809998,67.510002,67.889999,617000,67.889999
2015-07-16,66.940002,68.089996,66.900002,67.940002,819800,67.940002
2015-07-15,67.489998,67.730003,66.559998,66.589996,663300,66.589996
2015-07-14,68.00,68.18,67.260002,67.370003,867000,67.370003
2015-07-13,68.32,68.599998,67.809998,68.050003,994800,68.050003
2015-07-10,67.970001,68.239998,67.580002,67.68,620800,67.68
2015-07-09,67.449997,68.040001,67.279999,67.400002,361800,67.400002
2015-07-08,67.169998,67.57,66.209999,66.720001,677900,66.720001
2015-07-07,67.959999,67.959999,66.720001,67.760002,814200,67.760002
2015-07-06,68.00,68.959999,67.57,67.769997,527900,67.769997
2015-07-02,69.160004,69.419998,68.209999,68.699997,414600,68.699997
2015-07-01,67.330002,69.599998,67.330002,69.010002,660700,69.010002
2015-06-30,68.730003,69.449997,68.410004,68.610001,567900,68.610001
2015-06-29,69.559998,69.660004,68.00,68.050003,615500,68.050003
2015-06-26,69.050003,69.160004,68.370003,68.870003,723700,68.870003
2015-06-25,69.769997,69.860001,68.949997,69.029999,706900,69.029999
2015-06-24,70.919998,70.940002,68.900002,69.360001,1186700,69.360001
2015-06-23,71.410004,71.629997,70.720001,70.879997,887600,70.879997
2015-06-22,72.00,72.00,71.25,71.489998,634500,71.489998
2015-06-19,71.589996,72.110001,71.059998,71.709999,852800,71.709999
2015-06-18,70.599998,72.290001,70.459999,71.459999,765900,71.459999
2015-06-17,69.57,70.639999,69.230003,70.540001,776100,70.540001
2015-06-16,69.709999,70.290001,69.519997,69.800003,573600,69.800003
2015-06-15,69.739998,70.190002,68.860001,69.860001,642100,69.860001
2015-06-12,70.25,70.669998,69.940002,70.260002,465700,70.260002
2015-06-11,69.980003,70.639999,69.690002,70.550003,361900,70.550003
2015-06-10,69.059998,69.849998,68.779999,69.620003,811300,69.620003
2015-06-09,69.040001,69.769997,68.639999,69.019997,507500,69.019997
2015-06-08,70.120003,70.309998,69.099998,69.120003,472900,69.120003
2015-06-05,68.639999,70.830002,68.360001,70.370003,862500,70.370003
2015-06-04,67.790001,68.809998,67.57,68.580002,679300,68.580002
2015-06-03,67.529999,68.870003,67.32,68.110001,853000,68.110001
2015-06-02,67.889999,68.309998,67.25,67.50,1474900,67.50
2015-06-01,68.43,68.550003,67.360001,68.419998,1204300,68.419998
2015-05-29,71.190002,71.190002,67.510002,68.010002,1965900,68.010002
2015-05-28,71.550003,71.589996,70.919998,71.400002,589500,71.400002
2015-05-27,70.889999,71.68,70.18,71.580002,592700,71.580002
2015-05-26,71.440002,71.620003,69.980003,70.209999,467000,70.209999
2015-05-22,71.93,72.309998,70.93,71.230003,509900,71.230003
2015-05-21,71.18,72.239998,70.360001,72.040001,912800,72.040001
2015-05-20,71.849998,72.489998,70.730003,70.769997,563800,70.769997
2015-05-19,72.449997,72.800003,71.790001,71.910004,618600,71.910004
2015-05-18,70.760002,72.510002,70.730003,72.300003,545400,72.300003
2015-05-15,70.809998,71.440002,70.669998,70.959999,470800,70.959999
2015-05-14,71.349998,72.029999,70.75,70.849998,1112100,70.849998
2015-05-13,72.040001,72.139999,70.860001,71.230003,721800,71.230003
2015-05-12,71.57,72.07,71.120003,72.010002,446800,72.010002
2015-05-11,72.400002,72.57,71.889999,72.139999,487000,72.139999
2015-05-08,72.459999,73.139999,72.290001,72.389999,457200,72.389999
2015-05-07,70.82,71.980003,70.779999,71.75,393400,71.75
2015-05-06,70.849998,70.849998,69.940002,70.769997,414800,70.769997
2015-05-05,71.669998,72.07,70.379997,70.50,838200,70.50
2015-05-04,72.00,72.650002,71.349998,71.870003,685500,71.870003
2015-05-01,70.779999,72.089996,70.660004,72.010002,926900,72.010002
2015-04-30,72.82,73.589996,70.93,71.129997,1137600,71.129997
2015-04-29,74.449997,74.610001,72.779999,73.139999,1097700,73.139999
2015-04-28,74.400002,75.269997,74.220001,74.889999,548300,74.889999
2015-04-27,74.709999,75.510002,74.25,74.489998,1123700,74.489998
2015-04-24,75.199997,75.489998,74.099998,74.339996,490800,74.339996
2015-04-23,74.129997,75.629997,73.910004,75.290001,532200,75.290001
2015-04-22,74.93,74.93,74.040001,74.50,514100,74.50
2015-04-21,74.480003,75.209999,74.269997,74.790001,621200,74.790001
2015-04-20,73.050003,74.529999,72.879997,74.239998,454000,74.239998
2015-04-17,72.639999,73.010002,72.330002,72.779999,621000,72.779999
2015-04-16,72.610001,73.129997,72.019997,73.00,589900,73.00
2015-04-15,72.330002,72.900002,72.029999,72.580002,546500,72.580002
2015-04-14,71.470001,72.32,71.309998,72.199997,492900,72.199997
2015-04-13,71.900002,72.940002,71.900002,72.00,456400,72.00
