Date,Open,High,Low,Close,Volume,Adj Close
2015-10-09,22.299999,22.40,22.129999,22.24,656200,22.24
2015-10-08,22.139999,22.360001,22.040001,22.299999,836700,22.299999
2015-10-07,21.940001,22.219999,21.889999,22.10,746400,22.10
2015-10-06,21.719999,22.01,21.629999,21.879999,547400,21.879999
2015-10-05,21.08,21.77,21.08,21.73,2225800,21.73
2015-10-02,20.92,21.190001,20.82,21.049999,1086200,21.049999
2015-10-01,21.059999,21.16,20.879999,20.99,1108500,20.99
2015-09-30,21.389999,21.40,20.879999,21.030001,966500,21.030001
2015-09-29,21.01,21.40,20.98,21.299999,1537000,21.299999
2015-09-28,20.99,21.139999,20.709999,20.98,1799300,20.98
2015-09-25,21.33,21.389999,21.110001,21.200001,747500,20.925001
2015-09-24,21.43,21.60,21.09,21.26,543000,20.984222
2015-09-23,21.32,21.65,21.18,21.52,563700,21.240849
2015-09-22,21.950001,21.950001,21.27,21.299999,416400,21.023702
2015-09-21,21.60,21.889999,21.50,21.690001,636400,21.408644
2015-09-18,21.25,21.719999,21.209999,21.51,1539400,21.230979
2015-09-17,21.40,21.84,21.17,21.530001,963200,21.25072
2015-09-16,21.10,21.52,21.059999,21.440001,768800,21.161887
2015-09-15,21.030001,21.18,20.860001,21.08,491100,20.806557
2015-09-14,20.99,21.129999,20.68,21.030001,617400,20.757206
2015-09-11,20.559999,21.10,20.559999,20.98,677800,20.707853
2015-09-10,20.51,21.030001,20.51,20.610001,1002500,20.342654
2015-09-09,20.65,20.75,20.40,20.540001,1144800,20.273562
2015-09-08,20.58,20.65,20.35,20.50,876500,20.23408
2015-09-04,20.75,20.75,20.129999,20.34,907400,20.076156
2015-09-03,20.879999,21.00,20.77,20.93,671300,20.658503
2015-09-02,20.860001,21.10,20.540001,20.719999,906900,20.451226
2015-09-01,20.66,20.92,20.50,20.74,1814700,20.470967
2015-08-31,21.65,21.65,20.959999,21.030001,1037800,20.757206
2015-08-28,21.75,21.85,21.43,21.67,584600,21.388903
2015-08-27,21.629999,21.98,21.33,21.809999,977500,21.527087
2015-08-26,21.700001,21.700001,21.08,21.440001,1406600,21.161887
2015-08-25,22.25,22.25,21.129999,21.139999,1000400,20.865778
2015-08-24,21.620001,22.41,21.530001,21.59,1121600,21.309941
2015-08-21,23.389999,23.50,22.809999,22.809999,821700,22.514115
2015-08-20,23.620001,23.860001,23.34,23.540001,836600,23.234647
2015-08-19,23.41,23.610001,23.25,23.52,502400,23.214906
2015-08-18,23.690001,23.780001,23.559999,23.610001,820600,23.303739
2015-08-17,23.700001,23.84,23.459999,23.82,657000,23.511014
2015-08-14,23.360001,23.719999,23.26,23.700001,608600,23.392571
2015-08-13,23.389999,23.639999,23.190001,23.43,1285200,23.126073
2015-08-12,23.059999,23.469999,22.93,23.43,1023000,23.126073
2015-08-11,23.190001,23.33,23.08,23.120001,672900,22.820095
2015-08-10,23.23,23.25,23.02,23.219999,953900,22.918796
2015-08-07,22.969999,23.190001,22.75,23.139999,966100,22.839834
2015-08-06,22.82,23.049999,22.629999,23.00,1305800,22.701651
2015-08-05,22.870001,23.00,22.74,22.860001,1275700,22.563468
2015-08-04,23.15,23.35,22.77,22.82,987900,22.523986
2015-08-03,23.17,23.219999,23.02,23.139999,576400,22.839834
2015-07-31,23.139999,23.40,23.08,23.129999,746400,22.829964
2015-07-30,23.07,23.16,22.870001,22.969999,1092900,22.672039
2015-07-29,23.290001,23.32,22.77,23.16,1985800,22.859575
2015-07-28,23.82,23.99,23.360001,23.42,1267900,23.116203
2015-07-27,23.99,24.15,23.84,23.99,987300,23.678809
2015-07-24,23.950001,24.10,23.77,24.00,672200,23.688679
2015-07-23,24.200001,24.209999,23.74,23.98,850200,23.668938
2015-07-22,24.08,24.35,24.00,24.200001,545900,23.886086
2015-07-21,24.10,24.27,23.98,24.10,794500,23.787382
2015-07-20,24.00,24.16,23.93,24.120001,644400,23.807123
2015-07-17,24.26,24.309999,23.959999,24.040001,450300,23.728161
2015-07-16,24.209999,24.32,24.129999,24.290001,670500,23.974918
2015-07-15,24.25,24.26,24.049999,24.10,624400,23.787382
2015-07-14,24.370001,24.469999,24.219999,24.309999,481300,23.994657
2015-07-13,24.40,24.809999,24.23,24.309999,769800,23.994657
2015-07-10,23.85,24.41,23.82,24.309999,1249200,23.994657
2015-07-09,24.09,24.139999,23.719999,23.76,466900,23.451793
2015-07-08,24.200001,24.35,23.93,24.01,774100,23.69855
2015-07-07,24.02,24.370001,24.02,24.299999,982700,23.984787
2015-07-06,23.629999,23.940001,23.620001,23.92,701900,23.609717
2015-07-02,23.91,24.24,23.629999,23.74,706900,23.432052
2015-07-01,23.450001,23.780001,23.299999,23.780001,1075300,23.471534
2015-06-30,23.799999,23.83,23.469999,23.540001,829000,23.234647
2015-06-29,24.120001,24.469999,23.620001,23.65,1164100,23.343219
2015-06-26,24.33,24.459999,24.17,24.299999,1198800,23.984787
2015-06-25,24.780001,24.799999,24.51,24.51,1031500,23.920631
2015-06-24,24.969999,25.07,24.76,24.799999,1144800,24.203657
2015-06-23,25.08,25.209999,24.950001,24.969999,859500,24.369569
2015-06-22,25.379999,25.540001,25.190001,25.209999,991300,24.603798
2015-06-19,25.41,25.43,25.10,25.35,1955100,24.740433
2015-06-18,25.139999,25.610001,25.110001,25.469999,996900,24.857546
2015-06-17,25.16,25.299999,24.959999,25.110001,5501500,24.506204
2015-06-16,24.93,25.209999,24.82,25.16,1047400,24.555001
2015-06-15,24.90,24.950001,24.68,24.90,981000,24.301253
2015-06-12,25.01,25.18,24.860001,24.92,753100,24.320772
2015-06-11,25.07,25.25,24.959999,25.059999,836700,24.457405
2015-06-10,24.809999,25.139999,24.77,24.889999,1100300,24.291493
2015-06-09,24.969999,25.08,24.77,24.809999,720800,24.213417
2015-06-08,25.129999,25.209999,24.969999,25.00,887800,24.398848
2015-06-05,25.190001,25.33,24.959999,25.110001,1049300,24.506204
2015-06-04,25.459999,25.610001,25.33,25.50,814800,24.886825
2015-06-03,25.889999,25.959999,25.48,25.48,728300,24.867306
2015-06-02,26.08,26.08,25.84,25.91,457900,25.286966
2015-06-01,25.74,26.280001,25.639999,26.190001,825500,25.560234
2015-05-29,26.049999,26.129999,25.60,25.67,1357500,25.052738
2015-05-28,26.26,26.360001,26.030001,26.07,384600,25.443119
2015-05-27,26.129999,26.34,25.940001,26.299999,506000,25.667588
2015-05-26,26.25,26.26,26.01,26.09,588500,25.462638
2015-05-22,26.32,26.48,26.23,26.32,768000,25.687107
2015-05-21,26.65,26.67,26.280001,26.43,586300,25.794463
2015-05-20,26.67,26.780001,26.49,26.57,258100,25.931096
2015-05-19,26.51,26.790001,26.370001,26.60,717700,25.960375
2015-05-18,26.700001,26.719999,26.43,26.60,463500,25.960375
2015-05-15,26.690001,26.90,26.52,26.85,252300,26.204364
2015-05-14,26.24,26.639999,26.17,26.58,535900,25.940856
2015-05-13,26.60,26.85,26.110001,26.15,484100,25.521195
2015-05-12,26.25,26.530001,25.98,26.459999,614900,25.82374
2015-05-11,26.76,27.00,26.34,26.459999,415200,25.82374
2015-05-08,27.02,27.389999,26.82,26.82,540900,26.175084
2015-05-07,26.299999,26.75,26.219999,26.700001,829300,26.057971
2015-05-06,26.27,26.459999,26.08,26.24,716700,25.609031
2015-05-05,26.790001,26.790001,26.23,26.309999,953000,25.677348
2015-05-04,26.60,27.030001,26.530001,26.84,1108900,26.194604
2015-05-01,26.469999,26.860001,26.389999,26.50,1170600,25.862779
2015-04-30,26.709999,26.860001,26.10,26.389999,1022300,25.755424
2015-04-29,27.139999,27.52,26.690001,26.860001,1216300,26.214123
2015-04-28,28.120001,28.16,27.34,27.719999,1350400,27.053442
2015-04-27,28.200001,28.379999,28.049999,28.16,712400,27.482863
2015-04-24,28.299999,28.33,28.120001,28.129999,931500,27.453583
2015-04-23,28.280001,28.35,28.16,28.27,753700,27.590218
2015-04-22,28.299999,28.459999,28.23,28.290001,465700,27.609738
2015-04-21,28.549999,28.719999,28.33,28.34,400300,27.658535
2015-04-20,28.469999,28.60,28.299999,28.379999,363300,27.697572
2015-04-17,28.629999,28.790001,28.33,28.41,435500,27.726851
2015-04-16,28.610001,28.860001,28.50,28.700001,514700,28.009879
2015-04-15,28.99,29.030001,28.629999,28.66,877700,27.97084
2015-04-14,28.969999,29.209999,28.889999,28.93,442900,28.234348
2015-04-13,28.860001,29.030001,28.82,28.870001,479500,28.175791
