Date,Open,High,Low,Close,Volume,Adj Close
2015-10-15,28.59,28.959999,28.440001,28.85,840500,28.85
2015-10-14,28.49,28.66,28.370001,28.52,798900,28.52
2015-10-13,28.360001,28.68,28.33,28.42,1086300,28.42
2015-10-12,28.540001,28.809999,28.34,28.389999,863400,28.389999
2015-10-09,28.42,28.549999,28.17,28.41,1007600,28.41
2015-10-08,27.92,28.459999,27.780001,28.379999,771500,28.379999
2015-10-07,27.84,28.25,27.799999,27.91,1219200,27.91
2015-10-06,28.00,28.35,27.90,27.969999,1304900,27.694999
2015-10-05,27.90,28.26,27.790001,28.02,1409600,27.744509
2015-10-02,27.16,27.73,26.969999,27.73,911200,27.457359
2015-10-01,27.389999,27.58,26.719999,27.059999,1884200,26.793946
2015-09-30,26.719999,27.40,26.66,27.360001,1550400,27.090998
2015-09-29,26.809999,27.030001,26.440001,26.540001,1274100,26.279061
2015-09-28,27.01,27.200001,26.700001,26.73,1023000,26.467191
2015-09-25,27.16,27.440001,26.91,27.07,1061100,26.803848
2015-09-24,26.639999,27.10,26.59,27.030001,1184100,26.764243
2015-09-23,26.77,26.950001,26.67,26.77,820100,26.506799
2015-09-22,27.18,27.33,26.790001,26.799999,1158500,26.536503
2015-09-21,27.360001,27.68,27.290001,27.34,631800,27.071194
2015-09-18,27.389999,27.629999,27.15,27.219999,1243100,26.952373
2015-09-17,27.459999,28.049999,27.41,27.639999,935000,27.368244
2015-09-16,27.16,27.549999,27.08,27.50,1261100,27.229621
2015-09-15,26.90,27.09,26.620001,27.07,856300,26.803848
2015-09-14,26.940001,27.00,26.799999,26.85,590600,26.586012
2015-09-11,26.639999,26.91,26.50,26.91,737300,26.645422
2015-09-10,26.870001,27.139999,26.610001,26.690001,985600,26.427585
2015-09-09,27.389999,27.50,26.860001,26.90,1248200,26.63552
2015-09-08,27.059999,27.32,27.01,27.309999,934400,27.041489
2015-09-04,26.940001,26.99,26.610001,26.700001,946500,26.437487
2015-09-03,26.85,27.34,26.809999,27.200001,1085600,26.932571
2015-09-02,27.48,27.49,26.549999,26.780001,1985700,26.516701
2015-09-01,27.52,27.639999,27.049999,27.190001,1646200,26.922669
2015-08-31,28.34,28.35,27.66,28.040001,1884900,27.764313
2015-08-28,28.52,28.639999,28.129999,28.43,1179500,28.150478
2015-08-27,27.799999,28.57,27.799999,28.540001,1351600,28.259397
2015-08-26,27.870001,27.889999,27.139999,27.629999,1418700,27.358342
2015-08-25,28.90,29.07,27.440001,27.450001,2676700,27.180113
2015-08-24,28.49,29.370001,28.09,28.450001,2250500,28.170281
2015-08-21,30.15,30.51,29.91,29.92,1088100,29.625828
2015-08-20,30.780001,31.02,30.42,30.450001,1353100,30.150617
2015-08-19,30.950001,31.129999,30.68,30.950001,1190700,30.645701
2015-08-18,31.280001,31.48,30.99,31.07,1016800,30.764521
2015-08-17,30.90,31.52,30.90,31.450001,1495500,31.140785
2015-08-14,30.549999,31.030001,30.549999,31.01,550200,30.705111
2015-08-13,30.73,30.799999,30.52,30.700001,1068800,30.398159
2015-08-12,30.219999,30.870001,30.049999,30.799999,1065200,30.497175
2015-08-11,30.15,30.450001,30.129999,30.379999,1060300,30.081304
2015-08-10,29.940001,30.440001,29.84,30.27,1113600,29.972387
2015-08-07,29.389999,30.049999,29.24,29.940001,992000,29.645631
2015-08-06,29.16,29.440001,28.59,29.43,924800,29.140646
2015-08-05,29.389999,29.709999,29.35,29.50,1575300,29.209957
2015-08-04,29.700001,29.73,29.219999,29.35,1261500,29.061432
2015-08-03,29.76,29.809999,29.57,29.73,1173200,29.437695
2015-07-31,29.65,29.82,29.549999,29.76,1280400,29.467401
2015-07-30,28.950001,29.610001,28.90,29.450001,1390400,29.160449
2015-07-29,28.709999,29.129999,28.58,29.10,836100,28.81389
2015-07-28,28.299999,28.959999,28.200001,28.809999,1330400,28.526741
2015-07-27,27.83,28.48,27.82,28.389999,958400,28.11087
2015-07-24,27.860001,27.91,27.690001,27.83,846900,27.556376
2015-07-23,28.09,28.09,27.57,27.809999,873400,27.536573
2015-07-22,28.059999,28.33,28.01,28.09,1005100,27.81382
2015-07-21,28.32,28.49,28.030001,28.10,625700,27.823722
2015-07-20,28.58,28.59,28.209999,28.41,610900,28.130674
2015-07-17,29.219999,29.299999,28.559999,28.620001,744200,28.33861
2015-07-16,28.959999,29.309999,28.91,29.280001,1206300,28.992121
2015-07-15,28.709999,28.99,28.52,28.92,1381800,28.63566
2015-07-14,28.85,28.969999,28.67,28.73,841200,28.447527
2015-07-13,28.790001,28.99,28.709999,28.85,865800,28.566348
2015-07-10,28.709999,29.00,28.60,28.76,558900,28.477233
2015-07-09,29.120001,29.27,28.65,28.65,646600,28.368314
2015-07-08,29.290001,29.32,28.950001,28.99,934200,28.704971
2015-07-07,29.24,29.65,29.139999,29.60,952300,29.061433
2015-07-06,29.16,29.309999,28.799999,29.120001,1210500,28.590167
2015-07-02,28.83,29.360001,28.74,29.25,1167300,28.717801
2015-07-01,28.620001,28.75,28.450001,28.68,1093300,28.158172
2015-06-30,28.77,28.90,28.280001,28.57,1433400,28.050173
2015-06-29,28.860001,29.129999,28.66,28.690001,971200,28.16799
2015-06-26,28.58,28.969999,28.450001,28.950001,1558700,28.42326
2015-06-25,29.09,29.290001,28.610001,28.65,592600,28.128717
2015-06-24,29.16,29.33,29.059999,29.08,997800,28.550894
2015-06-23,29.41,29.549999,29.049999,29.24,796200,28.707982
2015-06-22,29.42,29.49,29.17,29.450001,731500,28.914162
2015-06-19,29.52,29.629999,29.27,29.280001,1127500,28.747255
2015-06-18,29.299999,29.67,29.290001,29.50,793500,28.963252
2015-06-17,29.120001,29.43,29.08,29.299999,884100,28.76689
2015-06-16,28.889999,29.15,28.809999,29.110001,752000,28.580348
2015-06-15,29.059999,29.18,28.799999,28.959999,1305000,28.433076
2015-06-12,29.389999,29.440001,29.08,29.15,618000,28.61962
2015-06-11,29.41,29.540001,29.209999,29.450001,1506800,28.914162
2015-06-10,29.34,29.60,29.219999,29.25,1622700,28.717801
2015-06-09,29.629999,29.83,29.059999,29.15,2368900,28.61962
2015-06-08,29.969999,29.969999,29.639999,29.77,856400,29.22834
2015-06-05,29.74,30.120001,29.559999,30.040001,1152300,29.493427
2015-06-04,30.200001,30.43,29.889999,29.959999,1242200,29.414881
2015-06-03,30.52,30.68,30.280001,30.309999,1533600,29.758513
2015-06-02,31.15,31.15,30.51,30.549999,1572200,29.994146
2015-06-01,31.50,31.620001,31.24,31.299999,1395800,30.7305
2015-05-29,31.549999,31.67,31.389999,31.50,1120600,30.926862
2015-05-28,31.450001,31.57,31.309999,31.530001,893200,30.956317
2015-05-27,31.370001,31.51,31.24,31.450001,902400,30.877773
2015-05-26,31.57,31.629999,31.129999,31.23,1060600,30.661774
2015-05-22,31.709999,31.709999,31.450001,31.60,780600,31.025043
2015-05-21,31.780001,31.99,31.59,31.719999,856300,31.142859
2015-05-20,31.799999,31.940001,31.690001,31.83,710600,31.250858
2015-05-19,31.93,32.029999,31.68,31.809999,581600,31.231221
2015-05-18,31.879999,32.169998,31.77,32.040001,604900,31.457038
2015-05-15,31.719999,32.07,31.549999,31.99,1011400,31.407946
2015-05-14,31.35,31.76,31.309999,31.719999,583400,31.142859
2015-05-13,31.370001,31.58,31.08,31.209999,1017900,30.642138
2015-05-12,31.709999,31.76,31.209999,31.24,1600400,30.671593
2015-05-11,31.879999,32.130001,31.700001,31.82,1086700,31.241039
2015-05-08,32.18,32.240002,31.780001,31.959999,1443000,31.378492
2015-05-07,32.23,32.380001,31.860001,31.959999,1363600,31.378492
2015-05-06,32.049999,32.119999,31.83,32.00,1596500,31.417765
2015-05-05,32.52,32.619999,31.93,32.009998,1059300,31.427581
2015-05-04,32.27,32.77,32.27,32.599998,781700,32.006846
2015-05-01,32.68,32.869999,32.200001,32.369999,794500,31.781032
2015-04-30,32.75,32.950001,32.43,32.68,1712800,32.085392
2015-04-29,32.200001,32.82,32.009998,32.810001,1308700,32.213028
2015-04-28,32.00,32.450001,31.90,32.419998,794900,31.830121
2015-04-27,32.57,32.57,32.009998,32.060001,1250900,31.476674
2015-04-24,32.48,32.619999,32.290001,32.450001,819000,31.859578
2015-04-23,32.299999,32.630001,32.23,32.43,736200,31.839941
2015-04-22,32.43,32.490002,32.150002,32.32,703200,31.731942
2015-04-21,32.93,33.099998,32.330002,32.41,1148900,31.820305
2015-04-20,32.75,33.209999,32.669998,32.860001,817200,32.262118
