Date,Open,High,Low,Close,Volume,Adj Close
2015-10-16,47.84,48.48,47.799999,48.259998,202700,48.259998
2015-10-15,47.23,47.790001,47.139999,47.77,401100,47.77
2015-10-14,47.59,47.84,46.950001,47.040001,143900,47.040001
2015-10-13,47.799999,48.139999,47.200001,47.470001,148000,47.470001
2015-10-12,47.59,48.389999,47.400002,47.900002,195300,47.900002
2015-10-09,47.66,47.970001,47.049999,47.470001,177100,47.470001
2015-10-08,46.950001,47.799999,46.689999,47.66,274400,47.66
2015-10-07,46.639999,46.919998,46.34,46.689999,190000,46.689999
2015-10-06,46.889999,47.139999,46.400002,46.470001,173400,46.470001
2015-10-05,46.400002,47.220001,46.169998,47.110001,213600,47.110001
2015-10-02,45.23,46.16,44.869999,46.150002,217200,46.150002
2015-10-01,45.380001,45.549999,44.68,45.18,210100,45.18
2015-09-30,44.459999,45.459999,44.400002,45.330002,284800,45.330002
2015-09-29,44.299999,44.700001,44.009998,44.349998,169900,44.349998
2015-09-28,44.119999,44.650002,43.98,44.279999,167500,44.279999
2015-09-25,44.099998,44.709999,43.709999,44.16,175700,44.16
2015-09-24,43.540001,44.139999,43.389999,44.080002,115500,44.080002
2015-09-23,43.759998,43.849998,43.470001,43.57,133200,43.57
2015-09-22,43.689999,44.16,43.09,43.619999,150400,43.619999
2015-09-21,44.279999,44.41,43.869999,43.98,149400,43.98
2015-09-18,43.610001,44.459999,43.549999,43.990002,372500,43.990002
2015-09-17,43.43,44.50,43.349998,44.029999,181400,44.029999
2015-09-16,42.849998,43.439999,42.790001,43.349998,166300,43.349998
2015-09-15,42.439999,42.91,42.349998,42.740002,122400,42.740002
2015-09-14,42.459999,42.740002,42.25,42.360001,110300,42.360001
2015-09-11,42.00,42.450001,41.66,42.43,125600,42.43
2015-09-10,42.68,42.93,42.029999,42.119999,164600,42.119999
2015-09-09,42.880001,43.18,42.59,42.77,269300,42.77
2015-09-08,42.41,42.91,41.889999,42.830002,336200,42.830002
2015-09-04,41.740002,41.82,41.23,41.700001,206400,41.700001
2015-09-03,41.919998,42.23,41.830002,42.139999,201000,42.139999
2015-09-02,42.299999,42.299999,41.34,41.779999,421900,41.779999
2015-09-01,42.41,42.919998,41.880001,41.919998,346500,41.919998
2015-08-31,43.07,43.98,42.669998,42.970001,283500,42.970001
2015-08-28,43.369999,43.57,42.709999,43.029999,163600,43.029999
2015-08-27,43.27,43.490002,42.360001,43.330002,394000,43.330002
2015-08-26,43.400002,43.41,42.240002,43.00,320000,43.00
2015-08-25,44.099998,44.099998,42.59,42.689999,586700,42.689999
2015-08-24,42.669998,43.939999,42.650002,42.82,674700,42.82
2015-08-21,44.139999,44.939999,43.790001,44.220001,319100,44.220001
2015-08-20,45.02,45.41,44.66,44.709999,218500,44.709999
2015-08-19,44.950001,45.509998,44.790001,45.119999,235700,45.119999
2015-08-18,45.50,45.560001,45.009998,45.200001,259800,45.200001
2015-08-17,44.98,45.580002,44.740002,45.560001,305700,45.560001
2015-08-14,44.209999,45.09,44.110001,45.09,223900,45.09
2015-08-13,44.360001,44.73,44.00,44.389999,273300,44.389999
2015-08-12,42.75,44.52,42.75,44.400002,352400,44.400002
2015-08-11,44.689999,45.00,44.169998,44.540001,235500,44.240002
2015-08-10,44.73,45.18,44.470001,44.68,285600,44.379058
2015-08-07,43.959999,44.75,43.720001,44.630001,286900,44.329396
2015-08-06,44.759998,44.860001,43.689999,44.23,352500,43.932088
2015-08-05,44.509998,45.139999,44.470001,44.73,220000,44.42872
2015-08-04,44.91,45.130001,44.259998,44.450001,284300,44.150608
2015-08-03,44.990002,45.439999,44.759998,44.990002,410800,44.686971
2015-07-31,44.540001,45.43,44.279999,45.029999,302900,44.726699
2015-07-30,43.419998,44.970001,42.75,44.18,296200,43.882426
2015-07-29,43.48,44.00,43.27,43.700001,282400,43.405659
2015-07-28,43.720001,43.73,43.16,43.59,176400,43.2964
2015-07-27,43.619999,44.169998,43.490002,43.610001,139500,43.316265
2015-07-24,43.650002,44.009998,43.57,43.77,167200,43.475187
2015-07-23,44.349998,44.549999,43.580002,43.790001,194800,43.495053
2015-07-22,43.700001,44.400002,43.700001,44.290001,139900,43.991685
2015-07-21,44.23,44.349998,43.689999,43.790001,148600,43.495053
2015-07-20,44.709999,44.740002,44.150002,44.220001,128700,43.922157
2015-07-17,44.919998,45.009998,44.580002,44.740002,347000,44.438655
2015-07-16,44.209999,45.029999,44.209999,44.919998,268100,44.617439
2015-07-15,43.779999,44.240002,43.43,44.18,131500,43.882426
2015-07-14,43.400002,43.860001,43.32,43.77,193400,43.475187
2015-07-13,43.029999,44.040001,43.029999,43.290001,233400,42.998421
2015-07-10,43.200001,43.990002,42.91,43.48,386800,43.18714
2015-07-09,44.98,44.98,43.869999,43.900002,321600,43.604313
2015-07-08,44.73,44.970001,44.48,44.810001,383000,44.508183
2015-07-07,43.709999,45.169998,42.91,44.880001,554300,44.577712
2015-07-06,43.119999,43.52,42.700001,43.490002,528500,43.197075
2015-07-02,42.98,43.470001,42.59,43.18,301200,42.889161
2015-07-01,42.650002,42.830002,42.23,42.48,411400,42.193875
2015-06-30,42.580002,42.740002,42.220001,42.560001,313900,42.273338
2015-06-29,42.43,43.040001,41.939999,42.32,240400,42.034953
2015-06-26,42.34,42.650002,42.16,42.50,457000,42.213741
2015-06-25,42.779999,42.919998,42.259998,42.34,130700,42.054819
2015-06-24,42.68,43.07,42.41,42.939999,220200,42.650776
2015-06-23,43.029999,43.240002,42.59,42.689999,237600,42.40246
2015-06-22,43.130001,43.310001,42.830002,43.080002,171300,42.789836
2015-06-19,42.959999,43.360001,42.889999,43.00,450800,42.710373
2015-06-18,42.77,43.43,42.669998,43.119999,259700,42.829564
2015-06-17,42.57,42.98,42.52,42.73,230200,42.442191
2015-06-16,42.060001,42.810001,41.759998,42.57,326800,42.283269
2015-06-15,42.099998,42.419998,41.740002,42.189999,217300,41.905828
2015-06-12,42.59,42.779999,42.220001,42.369999,215700,42.084616
2015-06-11,42.540001,42.73,42.400002,42.610001,339800,42.323001
2015-06-10,42.060001,42.610001,41.75,42.400002,451200,42.114416
2015-06-09,41.419998,41.860001,41.32,41.689999,261600,41.409195
2015-06-08,41.450001,41.889999,41.369999,41.43,215500,41.150948
2015-06-05,41.450001,41.939999,41.450001,41.509998,236900,41.230408
2015-06-04,42.380001,42.73,42.099998,42.150002,166000,41.8661
2015-06-03,43.02,43.25,42.360001,42.509998,751400,42.223672
2015-06-02,43.869999,43.959999,43.00,43.130001,251100,42.839499
2015-06-01,44.060001,44.75,43.939999,44.220001,286900,43.922157
2015-05-29,43.830002,44.450001,43.639999,44.330002,566800,44.031417
2015-05-28,43.630001,44.099998,43.529999,44.060001,221900,43.763235
2015-05-27,43.610001,43.860001,43.400002,43.799999,188400,43.504984
2015-05-26,43.59,43.669998,43.169998,43.450001,195000,43.157343
2015-05-22,43.59,43.93,43.57,43.830002,229900,43.534785
2015-05-21,43.610001,43.830002,43.50,43.759998,319000,43.465253
2015-05-20,43.169998,43.75,43.169998,43.639999,254100,43.346062
2015-05-19,43.189999,43.330002,43.009998,43.189999,187900,42.899092
2015-05-18,42.810001,43.27,42.529999,43.189999,296300,42.899092
2015-05-15,42.48,43.00,42.25,42.810001,269200,42.521654
2015-05-14,41.919998,42.52,41.91,42.50,203000,42.213741
2015-05-13,41.849998,42.049999,41.43,41.77,161400,41.488658
2015-05-12,41.740002,41.919998,41.27,41.849998,171400,41.270138
2015-05-11,42.200001,42.619999,42.009998,42.110001,236000,41.526537
2015-05-08,42.099998,42.369999,41.73,42.240002,238600,41.654737
2015-05-07,41.41,41.900002,41.27,41.73,190200,41.151801
2015-05-06,41.439999,41.740002,40.830002,41.419998,293300,40.846095
2015-05-05,41.84,41.98,41.220001,41.41,358600,40.836235
2015-05-04,42.459999,42.869999,42.009998,42.02,131000,41.437784
2015-05-01,42.049999,42.52,41.75,42.470001,186100,41.88155
2015-04-30,41.52,42.759998,41.200001,41.970001,512100,41.388478
2015-04-29,42.32,42.48,42.07,42.34,153700,41.75335
2015-04-28,42.330002,42.91,42.049999,42.669998,212100,42.078776
2015-04-27,43.139999,43.169998,41.98,42.290001,315300,41.704044
2015-04-24,42.599998,43.16,42.43,43.00,137400,42.404205
2015-04-23,42.349998,42.75,42.09,42.48,207900,41.89141
2015-04-22,42.610001,42.779999,42.119999,42.389999,152500,41.802656
2015-04-21,42.939999,43.459999,42.66,42.669998,282700,42.078776
2015-04-20,42.50,43.02,42.150002,42.75,234900,42.157669
