Date,Open,High,Low,Close,Volume,Adj Close
2015-10-16,47.549999,47.990002,46.43,47.09,1368500,47.09
2015-10-15,46.080002,47.740002,45.580002,47.580002,1196100,47.580002
2015-10-14,45.919998,46.240002,45.32,46.009998,834000,46.009998
2015-10-13,45.799999,46.709999,45.57,45.779999,621900,45.779999
2015-10-12,47.560001,47.560001,45.790001,46.380001,671300,46.380001
2015-10-09,47.869999,48.110001,46.43,47.560001,626600,47.560001
2015-10-08,45.330002,47.630001,44.73,47.32,1131900,47.32
2015-10-07,45.849998,46.66,44.490002,45.470001,1343900,45.470001
2015-10-06,44.889999,45.939999,44.439999,45.279999,1345900,45.279999
2015-10-05,43.189999,44.939999,43.189999,44.48,1373800,44.48
2015-10-02,38.900002,42.98,38.619999,42.880001,2549800,42.880001
2015-10-01,39.849998,40.27,38.560001,39.349998,1336400,39.349998
2015-09-30,39.549999,39.880001,38.900002,39.279999,987000,39.279999
2015-09-29,39.509998,39.810001,38.50,39.25,1167700,39.25
2015-09-28,39.43,39.740002,39.099998,39.259998,981100,39.259998
2015-09-25,40.110001,40.27,39.419998,39.889999,806000,39.889999
2015-09-24,39.75,40.52,39.52,39.830002,1423500,39.830002
2015-09-23,40.880001,41.209999,39.869999,39.970001,1009800,39.970001
2015-09-22,40.110001,41.259998,40.080002,40.810001,941200,40.810001
2015-09-21,40.93,41.73,40.66,40.82,1076400,40.82
2015-09-18,41.689999,41.790001,40.509998,40.540001,1910100,40.540001
2015-09-17,42.330002,43.450001,41.43,42.52,1346100,42.52
2015-09-16,41.48,42.860001,41.369999,42.560001,1219200,42.560001
2015-09-15,40.310001,41.330002,40.23,41.290001,876800,41.290001
2015-09-14,40.119999,40.220001,39.630001,40.18,933800,40.18
2015-09-11,40.00,40.599998,39.470001,40.310001,1145600,40.310001
2015-09-10,40.849998,41.459999,40.060001,40.950001,1396700,40.950001
2015-09-09,43.459999,43.669998,40.599998,40.75,1951900,40.75
2015-09-08,42.00,43.080002,41.52,42.830002,2607700,42.830002
2015-09-04,40.689999,41.950001,40.50,41.66,2051600,41.66
2015-09-03,40.939999,41.720001,40.43,41.23,1467600,41.23
2015-09-02,41.43,41.43,39.59,40.82,2058000,40.82
2015-09-01,42.650002,43.209999,40.400002,40.810001,3785700,40.810001
2015-08-31,42.82,44.389999,42.619999,43.82,2691300,43.82
2015-08-28,41.549999,43.470001,41.27,43.25,2484700,43.25
2015-08-27,41.150002,42.310001,40.32,42.209999,2595600,42.209999
2015-08-26,37.959999,40.290001,37.639999,40.189999,2901700,40.189999
2015-08-25,39.200001,39.200001,37.060001,37.060001,1600800,36.790002
2015-08-24,37.959999,39.049999,37.00,37.700001,2361000,37.425338
2015-08-21,39.310001,40.18,38.919998,39.75,2077400,39.460402
2015-08-20,39.790001,40.529999,39.18,39.23,1300700,38.94419
2015-08-19,40.540001,40.959999,39.66,40.00,1242300,39.708581
2015-08-18,41.41,41.459999,40.41,40.84,1825300,40.542461
2015-08-17,41.830002,42.029999,41.27,41.50,1906100,41.197653
2015-08-14,42.669998,43.380001,41.959999,42.16,2727100,41.852844
2015-08-13,43.200001,43.400002,42.50,42.779999,1408800,42.468326
2015-08-12,42.57,43.650002,42.43,43.610001,1318300,43.292281
2015-08-11,42.130001,42.869999,41.77,42.84,1755200,42.52789
2015-08-10,41.509998,43.07,41.34,43.07,1108200,42.756214
2015-08-07,41.419998,42.419998,41.290001,41.48,1326000,41.177798
2015-08-06,40.880001,42.040001,40.389999,41.810001,1602300,41.505396
2015-08-05,40.549999,41.630001,40.549999,41.080002,1640300,40.780714
2015-08-04,40.220001,40.919998,39.630001,39.990002,1397100,39.698655
2015-08-03,39.669998,40.48,39.310001,39.849998,1268400,39.559672
2015-07-31,40.630001,41.16,39.970001,40.02,1572700,39.728436
2015-07-30,41.290001,41.41,40.509998,40.91,1971200,40.611951
2015-07-29,39.439999,41.380001,38.900002,41.299999,2776000,40.999109
2015-07-28,38.98,39.709999,38.290001,39.529999,1414000,39.242004
2015-07-27,38.540001,39.16,37.849998,38.529999,1589800,38.249289
2015-07-24,39.009998,39.380001,38.57,39.130001,2219400,38.84492
2015-07-23,39.209999,40.450001,38.290001,39.150002,2483400,38.864775
2015-07-22,39.759998,40.139999,37.919998,38.82,4375800,38.537178
2015-07-21,41.240002,41.950001,40.130001,40.220001,2482700,39.926979
2015-07-20,41.970001,41.970001,41.150002,41.200001,1179600,40.899839
2015-07-17,42.68,42.709999,41.689999,41.869999,1124800,41.564956
2015-07-16,43.380001,43.540001,42.700001,42.77,873500,42.458401
2015-07-15,44.630001,44.860001,43.029999,43.060001,1012800,42.746289
2015-07-14,44.889999,45.709999,44.66,44.919998,815700,44.592735
2015-07-13,44.380001,45.099998,44.18,44.779999,994900,44.453755
2015-07-10,45.25,45.290001,44.259998,44.299999,1226100,43.977253
2015-07-09,45.529999,45.939999,44.73,44.75,1170100,44.423975
2015-07-08,45.860001,46.209999,44.459999,44.810001,941300,44.483539
2015-07-07,45.43,46.43,44.57,46.27,1557400,45.932901
2015-07-06,45.259998,46.240002,45.220001,45.459999,1859000,45.128801
2015-07-02,46.299999,46.860001,46.119999,46.290001,1033900,45.952756
2015-07-01,46.82,46.82,45.389999,46.009998,1402800,45.674794
2015-06-30,46.549999,46.700001,46.049999,46.59,1179600,46.25057
2015-06-29,46.720001,47.07,46.139999,46.139999,1273400,45.803848
2015-06-26,47.389999,47.540001,46.939999,47.389999,2626100,47.044741
2015-06-25,47.529999,47.689999,47.279999,47.509998,940200,47.163865
2015-06-24,47.119999,47.830002,46.959999,47.59,855000,47.243284
2015-06-23,47.110001,47.389999,46.889999,47.27,903500,46.925616
2015-06-22,46.880001,47.32,46.509998,47.209999,1214400,46.866052
2015-06-19,47.599998,47.91,46.459999,46.639999,1840700,46.300205
2015-06-18,49.189999,49.32,47.880001,47.93,1278500,47.580807
2015-06-17,49.560001,50.18,48.950001,48.970001,716400,48.613231
2015-06-16,49.110001,49.330002,48.919998,49.209999,450600,48.851481
2015-06-15,48.959999,49.139999,48.580002,49.00,771600,48.643012
2015-06-12,50.099998,50.360001,49.490002,49.549999,935700,49.189004
2015-06-11,50.599998,50.630001,50.119999,50.48,674300,50.112229
2015-06-10,50.43,51.00,50.32,50.619999,583000,50.251208
2015-06-09,50.009998,50.099998,49.419998,49.639999,1185100,49.278348
2015-06-08,49.790001,50.099998,49.18,49.450001,1583100,49.089734
2015-06-05,49.34,50.139999,49.049999,49.959999,2143500,49.596017
2015-06-04,50.43,50.43,49.380001,49.549999,1239700,49.189004
2015-06-03,51.119999,51.810001,50.709999,50.830002,536100,50.459681
2015-06-02,51.130001,51.880001,51.02,51.16,788500,50.787275
2015-06-01,50.82,51.110001,50.189999,51.02,1061600,50.648295
2015-05-29,51.27,51.630001,50.799999,50.799999,675000,50.429897
2015-05-28,51.970001,52.189999,50.84,51.18,597300,50.80713
2015-05-27,51.700001,52.540001,51.369999,52.119999,903900,51.74028
2015-05-26,52.490002,53.240002,51.880001,52.099998,1454900,51.452392
2015-05-22,53.060001,53.77,52.700001,53.09,1070700,52.430088
2015-05-21,52.57,53.540001,52.57,53.400002,838300,52.736236
2015-05-20,52.419998,52.52,51.73,52.189999,624400,51.541273
2015-05-19,52.540001,52.830002,51.439999,52.049999,1276100,51.403014
2015-05-18,52.75,53.25,52.380001,53.18,729400,52.518969
2015-05-15,53.150002,53.240002,52.389999,52.740002,895600,52.08444
2015-05-14,53.290001,53.869999,52.950001,53.41,805000,52.74611
2015-05-13,54.299999,54.48,52.950001,53.110001,1708200,52.449839
2015-05-12,53.700001,54.48,53.32,53.91,753300,53.239895
2015-05-11,54.00,54.029999,52.849998,53.57,809300,52.904121
2015-05-08,53.630001,54.080002,52.57,54.00,937100,53.328776
2015-05-07,54.029999,54.09,52.73,53.16,1195500,52.499217
2015-05-06,54.869999,55.00,53.970001,54.509998,834200,53.832435
2015-05-05,54.889999,55.950001,53.759998,53.939999,937300,53.269521
2015-05-04,55.099998,55.259998,54.349998,54.450001,604200,53.773183
2015-05-01,55.16,55.509998,54.330002,55.00,999100,54.316346
2015-04-30,54.880001,55.73,54.150002,55.110001,1365600,54.424979
2015-04-29,53.66,55.189999,53.50,54.650002,1762200,53.970698
2015-04-28,55.490002,55.98,54.470001,54.549999,1451100,53.871939
2015-04-27,53.799999,55.950001,53.799999,55.77,1572900,55.076775
2015-04-24,55.259998,55.279999,53.939999,54.099998,2135900,53.427532
2015-04-23,56.720001,56.720001,54.669998,55.57,2943100,54.879261
2015-04-22,55.290001,57.259998,54.759998,57.16,1599300,56.449497
2015-04-21,57.07,57.139999,54.389999,55.139999,2049500,54.454605
2015-04-20,56.75,57.860001,56.75,57.259998,1463500,56.548252
