Date,Open,High,Low,Close,Volume,Adj Close
2015-10-15,34.080002,34.299999,33.849998,34.23,695500,34.23
2015-10-14,34.52,34.84,34.00,34.040001,553100,34.040001
2015-10-13,34.790001,35.169998,34.48,34.50,477300,34.50
2015-10-12,34.73,34.959999,34.52,34.830002,555300,34.830002
2015-10-09,34.349998,34.849998,34.349998,34.689999,394700,34.689999
2015-10-08,34.43,34.610001,33.950001,34.34,520900,34.34
2015-10-07,33.73,34.509998,33.630001,34.43,551000,34.43
2015-10-06,34.040001,34.07,33.34,33.619999,435100,33.619999
2015-10-05,33.970001,34.099998,33.669998,34.080002,699400,34.080002
2015-10-02,32.310001,33.619999,32.299999,33.610001,555800,33.610001
2015-10-01,32.009998,32.830002,31.889999,32.619999,537300,32.619999
2015-09-30,32.77,32.959999,31.91,31.940001,806200,31.940001
2015-09-29,32.52,32.799999,32.259998,32.509998,477900,32.509998
2015-09-28,32.810001,32.810001,31.99,32.52,526900,32.52
2015-09-25,33.599998,33.599998,32.639999,32.889999,361500,32.889999
2015-09-24,33.310001,33.540001,33.049999,33.389999,232600,33.389999
2015-09-23,33.630001,33.740002,33.32,33.450001,254100,33.450001
2015-09-22,33.52,33.700001,33.27,33.50,261500,33.50
2015-09-21,34.049999,34.490002,33.830002,33.889999,300800,33.889999
2015-09-18,34.009998,34.310001,33.84,33.900002,502300,33.900002
2015-09-17,34.470001,34.810001,34.32,34.369999,343500,34.369999
2015-09-16,34.360001,34.610001,34.23,34.540001,325000,34.540001
2015-09-15,33.91,34.48,33.900002,34.389999,266000,34.389999
2015-09-14,34.130001,34.240002,33.82,33.889999,217100,33.889999
2015-09-11,33.720001,34.220001,33.529999,34.080002,257800,34.080002
2015-09-10,33.630001,34.040001,33.50,33.970001,415900,33.717002
2015-09-09,34.32,34.330002,33.610001,33.68,326100,33.429161
2015-09-08,33.939999,34.150002,33.75,34.09,254000,33.836107
2015-09-04,33.18,33.799999,33.18,33.52,463600,33.270353
2015-09-03,33.619999,33.779999,33.470001,33.59,543300,33.339831
2015-09-02,33.57,33.740002,33.130001,33.560001,402000,33.310056
2015-09-01,33.279999,33.77,33.18,33.259998,599600,33.012287
2015-08-31,33.939999,34.27,33.939999,33.990002,513200,33.736854
2015-08-28,34.200001,34.310001,33.810001,34.00,532600,33.746778
2015-08-27,33.75,34.209999,33.27,34.200001,669700,33.945289
2015-08-26,32.959999,33.509998,32.16,33.470001,680100,33.220726
2015-08-25,33.41,33.41,32.419998,32.439999,559000,32.198395
2015-08-24,32.16,33.209999,32.040001,32.669998,803400,32.426681
2015-08-21,33.779999,34.139999,33.50,33.549999,549800,33.300128
2015-08-20,35.02,35.18,34.299999,34.32,257900,34.064394
2015-08-19,35.169998,35.52,34.75,35.279999,383700,35.017243
2015-08-18,35.200001,35.400002,35.119999,35.240002,181600,34.977544
2015-08-17,34.759998,35.189999,34.580002,35.18,350700,34.91799
2015-08-14,34.73,35.099998,34.59,35.02,507900,34.759181
2015-08-13,34.939999,35.139999,34.73,34.849998,414300,34.590445
2015-08-12,34.759998,35.099998,34.450001,35.00,494900,34.73933
2015-08-11,34.889999,35.099998,34.779999,34.990002,329200,34.729406
2015-08-10,34.830002,35.119999,34.810001,35.049999,422200,34.788957
2015-08-07,34.43,34.709999,34.25,34.709999,453600,34.451489
2015-08-06,34.740002,34.869999,34.490002,34.619999,1008900,34.362159
2015-08-05,34.880001,35.040001,34.48,34.720001,479200,34.461416
2015-08-04,34.970001,35.060001,34.529999,34.740002,545700,34.481268
2015-08-03,35.18,35.299999,34.619999,34.869999,344300,34.610297
2015-07-31,35.16,35.439999,34.889999,35.16,631100,34.898138
2015-07-30,34.599998,35.040001,34.470001,35.029999,560500,34.769105
2015-07-29,35.32,35.330002,34.549999,34.650002,928900,34.391938
2015-07-28,33.919998,35.549999,33.110001,35.310001,2209200,35.047022
2015-07-27,33.540001,34.32,33.349998,33.959999,867700,33.707075
2015-07-24,34.029999,34.07,33.540001,33.599998,538000,33.349755
2015-07-23,34.740002,34.759998,34.119999,34.169998,675400,33.91551
2015-07-22,34.25,34.73,34.25,34.700001,363600,34.441565
2015-07-21,34.389999,34.580002,34.299999,34.360001,481700,34.104097
2015-07-20,34.490002,34.540001,34.290001,34.43,494100,34.173575
2015-07-17,34.459999,34.549999,34.349998,34.43,473300,34.173575
2015-07-16,34.389999,34.52,34.240002,34.470001,310900,34.213278
2015-07-15,34.169998,34.32,34.00,34.240002,302900,33.984992
2015-07-14,34.080002,34.209999,33.970001,34.080002,304000,33.826184
2015-07-13,33.990002,34.150002,33.880001,34.119999,245500,33.865883
2015-07-10,33.509998,34.029999,33.450001,33.759998,345400,33.508563
2015-07-09,33.630001,33.630001,33.099998,33.18,382900,32.932885
2015-07-08,33.400002,33.630001,33.099998,33.240002,332500,32.992439
2015-07-07,33.419998,33.599998,33.040001,33.57,362000,33.31998
2015-07-06,33.060001,33.470001,32.75,33.360001,448400,33.111545
2015-07-02,34.110001,34.110001,33.139999,33.23,550700,32.982512
2015-07-01,34.139999,34.259998,33.950001,34.00,629100,33.746778
2015-06-30,34.299999,34.349998,33.91,34.00,589000,33.746778
2015-06-29,34.240002,34.599998,34.02,34.07,582100,33.816256
2015-06-26,34.400002,34.540001,34.220001,34.439999,882500,34.183499
2015-06-25,34.209999,34.419998,33.91,34.400002,486500,34.1438
2015-06-24,34.259998,34.369999,34.009998,34.080002,600300,33.826184
2015-06-23,34.310001,34.400002,34.189999,34.299999,359200,34.044542
2015-06-22,34.34,34.509998,34.139999,34.27,539500,34.014767
2015-06-19,34.389999,34.389999,34.029999,34.27,574400,34.014767
2015-06-18,34.18,34.389999,34.029999,34.25,436500,33.994916
2015-06-17,34.23,34.23,33.900002,34.029999,431600,33.776553
2015-06-16,33.830002,34.189999,33.700001,34.139999,577800,33.885734
2015-06-15,33.77,34.040001,33.580002,33.790001,670800,33.538342
2015-06-12,33.869999,34.080002,33.77,33.990002,590400,33.736854
2015-06-11,33.59,34.040001,33.439999,34.02,779400,33.766629
2015-06-10,33.009998,33.740002,32.91,33.720001,860200,33.217747
2015-06-09,32.869999,33.139999,32.790001,32.91,317000,32.419811
2015-06-08,33.130001,33.169998,32.869999,32.880001,308300,32.390259
2015-06-05,33.18,33.200001,32.77,33.110001,430900,32.616832
2015-06-04,33.299999,33.41,33.09,33.18,357600,32.685789
2015-06-03,33.310001,33.549999,33.040001,33.41,317200,32.912363
2015-06-02,33.380001,33.599998,33.119999,33.290001,321200,32.794152
2015-06-01,33.439999,33.799999,33.169998,33.50,333800,33.001023
2015-05-29,33.68,33.790001,33.189999,33.32,450100,32.823704
2015-05-28,33.759998,34.080002,33.580002,33.790001,690100,33.286704
2015-05-27,33.619999,33.900002,33.349998,33.869999,316800,33.365511
2015-05-26,34.060001,34.099998,33.630001,33.650002,305800,33.14879
2015-05-22,34.049999,34.50,34.049999,34.200001,338500,33.690597
2015-05-21,34.09,34.290001,33.919998,34.139999,432700,33.631489
2015-05-20,34.099998,34.209999,33.91,34.040001,244200,33.53298
2015-05-19,33.970001,34.060001,33.889999,33.959999,359600,33.45417
2015-05-18,33.599998,34.16,33.560001,34.00,375000,33.493575
2015-05-15,33.630001,33.950001,33.34,33.68,312100,33.178342
2015-05-14,33.360001,33.669998,33.220001,33.650002,320400,33.14879
2015-05-13,33.41,33.740002,33.25,33.279999,322600,32.784298
2015-05-12,33.200001,33.560001,32.889999,33.41,411100,32.912363
2015-05-11,33.490002,33.68,33.310001,33.369999,359300,32.872958
2015-05-08,33.830002,34.009998,33.490002,33.540001,427100,33.040428
2015-05-07,33.41,33.950001,33.27,33.599998,336400,33.099532
2015-05-06,33.700001,33.799999,33.259998,33.450001,388300,32.951768
2015-05-05,34.00,34.150002,33.48,33.529999,354900,33.030575
2015-05-04,33.709999,34.18,33.709999,33.970001,391000,33.464023
2015-05-01,33.740002,33.900002,33.459999,33.73,417800,33.227596
2015-04-30,34.099998,34.490002,33.650002,33.720001,669500,33.217747
2015-04-29,34.919998,34.98,34.110001,34.27,718900,33.759554
2015-04-28,32.91,36.169998,32.91,35.00,2626500,34.47868
2015-04-27,33.75,33.91,33.16,33.419998,671400,32.922213
2015-04-24,33.459999,33.869999,33.380001,33.709999,682900,33.207894
2015-04-23,33.360001,33.490002,33.200001,33.369999,485000,32.872958
2015-04-22,33.259998,33.50,32.98,33.439999,673500,32.941915
2015-04-21,33.099998,33.279999,33.02,33.27,1111400,32.774449
2015-04-20,33.119999,33.43,32.959999,33.00,419800,32.50847
