Date,Open,High,Low,Close,Volume,Adj Close
2015-10-09,254.100006,254.759995,252.350006,253.699997,446100,253.699997
2015-10-08,250.520004,254.25,249.440002,253.559998,408600,253.559998
2015-10-07,254.350006,254.899994,250.339996,251.779999,537800,251.779999
2015-10-06,255.00,255.970001,252.770004,253.789993,803300,253.789993
2015-10-05,253.850006,255.00,251.429993,254.210007,803800,254.210007
2015-10-02,249.00,252.389999,246.119995,252.320007,737200,252.320007
2015-10-01,251.00,253.460007,246.960007,251.899994,841400,251.899994
2015-09-30,245.610001,250.539993,244.419998,250.00,1031200,250.00
2015-09-29,246.699997,247.190002,241.210007,242.979996,721500,242.979996
2015-09-28,252.350006,253.130005,245.139999,245.880005,621000,245.880005
2015-09-25,250.190002,255.490005,249.169998,252.220001,633000,252.220001
2015-09-24,246.110001,249.320007,245.779999,247.979996,576100,247.979996
2015-09-23,244.710007,248.539993,244.119995,247.850006,620000,247.850006
2015-09-22,244.419998,246.119995,243.25,244.889999,540800,244.889999
2015-09-21,246.789993,249.020004,244.419998,246.809998,681400,246.809998
2015-09-18,247.979996,251.399994,245.979996,246.309998,2550000,246.309998
2015-09-17,253.309998,255.570007,250.070007,250.679993,844700,250.679993
2015-09-16,249.720001,252.889999,248.270004,252.50,720600,252.50
2015-09-15,245.75,250.589996,243.550003,249.389999,695800,249.389999
2015-09-14,246.559998,246.839996,242.690002,244.270004,632300,244.270004
2015-09-11,239.580002,246.059998,239.259995,245.850006,842800,245.850006
2015-09-10,238.889999,242.529999,238.889999,241.240005,655200,241.240005
2015-09-09,240.580002,244.080002,238.779999,239.229996,838300,239.229996
2015-09-08,239.009995,240.309998,235.220001,238.50,803300,238.50
2015-09-04,234.869995,236.889999,233.25,234.649994,471700,234.649994
2015-09-03,241.139999,242.25,237.070007,237.940002,537800,237.940002
2015-09-02,234.399994,239.830002,234.029999,239.660004,901500,239.660004
2015-09-01,235.690002,239.00,230.910004,231.539993,1130400,231.539993
2015-08-31,239.779999,242.789993,239.410004,240.070007,591300,240.070007
2015-08-28,241.570007,244.039993,240.50,240.990005,620200,240.990005
2015-08-27,240.759995,244.740005,238.759995,242.960007,815600,242.960007
2015-08-26,237.009995,239.279999,230.990005,239.029999,1124600,239.029999
2015-08-25,236.880005,241.449997,231.470001,231.690002,1385400,231.690002
2015-08-24,234.039993,239.800003,226.050003,231.850006,1393600,231.850006
2015-08-21,249.220001,249.740005,237.740005,238.169998,1252000,238.169998
2015-08-20,253.820007,255.270004,251.320007,251.320007,546300,251.320007
2015-08-19,254.449997,258.149994,252.559998,256.470001,474500,256.470001
2015-08-18,254.809998,256.390015,252.75,254.449997,371800,254.449997
2015-08-17,254.369995,255.279999,252.229996,254.639999,341600,254.639999
2015-08-14,254.220001,255.610001,252.460007,254.369995,466800,254.369995
2015-08-13,247.220001,256.519989,246.330002,253.919998,981500,253.919998
2015-08-12,246.009995,247.740005,242.779999,247.240005,496400,247.240005
2015-08-11,247.529999,247.75,245.059998,247.639999,493600,247.639999
2015-08-10,246.529999,248.389999,245.949997,247.690002,630500,247.690002
2015-08-07,241.960007,244.479996,240.490005,244.460007,417200,244.460007
2015-08-06,244.130005,245.119995,240.580002,241.179993,464200,241.179993
2015-08-05,245.00,245.710007,243.279999,244.169998,559500,244.169998
2015-08-04,240.550003,243.619995,240.509995,243.369995,471000,243.369995
2015-08-03,241.300003,241.929993,238.270004,241.509995,657900,241.509995
2015-07-31,239.429993,242.789993,238.460007,240.309998,822400,240.309998
2015-07-30,246.410004,247.00,236.789993,238.149994,926700,238.149994
2015-07-29,240.949997,242.449997,238.419998,241.710007,896100,241.710007
2015-07-28,240.190002,242.059998,238.029999,240.949997,617300,240.949997
2015-07-27,240.970001,242.600006,237.169998,239.839996,800500,239.839996
2015-07-24,240.600006,242.899994,240.009995,241.850006,645500,241.850006
2015-07-23,241.039993,244.309998,240.029999,240.669998,541600,240.669998
2015-07-22,239.830002,241.509995,239.660004,240.649994,431700,240.649994
2015-07-21,240.559998,240.820007,239.619995,239.710007,560900,239.710007
2015-07-20,238.690002,241.50,238.259995,240.199997,610500,240.199997
2015-07-17,238.919998,238.970001,236.100006,238.690002,446000,238.690002
2015-07-16,239.199997,239.300003,237.320007,238.970001,494400,238.970001
2015-07-15,237.289993,239.00,237.080002,237.690002,424600,237.690002
2015-07-14,240.520004,240.520004,236.410004,237.279999,508000,237.279999
2015-07-13,238.270004,240.199997,236.929993,239.820007,443800,239.820007
2015-07-10,234.289993,236.630005,233.190002,235.899994,444200,235.899994
2015-07-09,233.509995,233.960007,230.470001,231.380005,498300,231.380005
2015-07-08,232.410004,233.389999,230.350006,230.820007,486700,230.820007
2015-07-07,233.25,234.199997,230.970001,234.039993,613400,234.039993
2015-07-06,229.300003,233.679993,229.00,232.479996,351200,232.479996
2015-07-02,231.979996,232.580002,230.149994,231.240005,379100,231.240005
2015-07-01,228.009995,231.380005,227.770004,230.979996,678900,230.979996
2015-06-30,228.649994,229.169998,225.00,225.979996,809200,225.979996
2015-06-29,231.080002,231.130005,226.270004,226.429993,567900,226.429993
2015-06-26,232.929993,233.839996,231.50,232.410004,614500,232.410004
2015-06-25,230.960007,233.449997,230.610001,231.770004,512300,231.770004
2015-06-24,230.830002,231.800003,229.850006,230.190002,421400,230.190002
2015-06-23,230.949997,232.240005,230.289993,231.759995,388800,231.759995
2015-06-22,230.570007,230.960007,229.339996,230.639999,426300,230.639999
2015-06-19,229.429993,231.380005,228.029999,229.449997,968800,229.449997
2015-06-18,226.520004,229.979996,226.520004,229.360001,581900,229.360001
2015-06-17,227.089996,227.740005,224.080002,226.220001,376600,226.220001
2015-06-16,223.559998,226.460007,223.240005,225.860001,378000,225.860001
2015-06-15,223.800003,224.830002,222.179993,223.320007,510600,223.320007
2015-06-12,225.100006,226.330002,224.710007,225.449997,411000,225.449997
2015-06-11,226.470001,227.669998,225.570007,226.029999,408300,226.029999
2015-06-10,223.529999,226.210007,222.929993,225.679993,388800,225.679993
2015-06-09,221.410004,223.949997,220.779999,222.929993,324800,222.929993
2015-06-08,221.610001,223.139999,221.610001,221.839996,425800,221.839996
2015-06-05,221.610001,223.110001,221.020004,222.089996,349600,222.089996
2015-06-04,223.110001,224.860001,221.869995,222.119995,432600,222.119995
2015-06-03,223.779999,225.00,222.899994,224.220001,336800,224.220001
2015-06-02,221.139999,223.789993,221.139999,222.899994,577500,222.899994
2015-06-01,220.800003,223.179993,218.820007,222.490005,568200,222.490005
2015-05-29,221.679993,222.919998,219.270004,219.529999,820500,219.529999
2015-05-28,222.720001,223.589996,221.259995,222.669998,438000,222.669998
2015-05-27,223.25,223.850006,222.369995,222.539993,359000,222.539993
2015-05-26,224.229996,225.869995,222.460007,222.830002,562600,222.830002
2015-05-22,224.369995,226.00,223.619995,224.399994,356300,224.399994
2015-05-21,220.979996,225.460007,220.979996,224.940002,465400,224.940002
2015-05-20,224.539993,224.979996,222.110001,222.330002,339600,222.330002
2015-05-19,224.600006,225.929993,223.619995,223.929993,395100,223.929993
2015-05-18,223.050003,225.00,222.809998,224.270004,440900,224.270004
2015-05-15,222.779999,223.449997,221.779999,223.050003,484600,223.050003
2015-05-14,221.229996,222.619995,218.860001,222.279999,456600,222.279999
2015-05-13,220.009995,222.020004,218.600006,219.580002,506700,219.580002
2015-05-12,219.350006,221.309998,218.580002,220.199997,499400,220.199997
2015-05-11,220.809998,222.610001,220.00,220.479996,634100,220.479996
2015-05-08,221.029999,223.860001,220.389999,221.089996,582700,221.089996
2015-05-07,217.880005,220.660004,217.839996,219.380005,583900,219.380005
2015-05-06,220.259995,220.600006,216.410004,217.380005,668600,217.380005
2015-05-05,221.820007,223.100006,218.759995,219.520004,574100,219.520004
2015-05-04,221.850006,223.509995,220.610001,222.789993,406700,222.789993
2015-05-01,219.00,222.479996,218.210007,222.039993,691300,222.039993
2015-04-30,220.869995,222.860001,216.720001,217.830002,653300,217.830002
2015-04-29,225.460007,225.800003,220.570007,220.960007,675000,220.960007
2015-04-28,225.199997,226.559998,223.550003,226.259995,707700,226.259995
2015-04-27,230.00,230.00,224.820007,225.130005,497700,225.130005
2015-04-24,228.050003,229.800003,227.089996,229.350006,745200,229.350006
2015-04-23,225.00,230.770004,224.00,228.309998,1370200,228.309998
2015-04-22,217.070007,217.360001,214.190002,216.669998,753500,216.669998
2015-04-21,218.720001,219.919998,216.139999,217.070007,474900,217.070007
2015-04-20,215.660004,218.110001,214.339996,217.149994,565500,217.149994
2015-04-17,214.25,215.690002,212.149994,214.050003,494700,214.050003
2015-04-16,216.059998,216.570007,214.50,215.410004,597200,215.410004
2015-04-15,217.25,218.380005,215.529999,215.910004,504500,215.910004
2015-04-14,218.350006,219.130005,216.919998,217.039993,396700,217.039993
2015-04-13,220.389999,220.690002,217.949997,218.220001,516000,218.220001
