Date,Open,High,Low,Close,Volume,Adj Close
2015-10-16,39.66,39.880001,38.73,38.93,866100,38.93
2015-10-15,40.23,40.32,39.080002,39.68,940300,39.68
2015-10-14,40.599998,40.889999,40.02,40.349998,527100,40.349998
2015-10-13,40.639999,41.509998,40.369999,40.560001,726300,40.560001
2015-10-12,41.549999,41.549999,40.830002,41.02,534300,41.02
2015-10-09,41.950001,42.27,41.130001,41.389999,904800,41.389999
2015-10-08,40.32,41.919998,40.310001,41.509998,1588900,41.509998
2015-10-07,40.290001,41.810001,39.50,40.50,1312200,40.50
2015-10-06,39.099998,40.540001,39.049999,39.880001,1003800,39.880001
2015-10-05,36.900002,39.349998,36.700001,39.029999,1517600,39.029999
2015-10-02,35.369999,36.799999,35.080002,36.630001,898700,36.630001
2015-10-01,36.290001,36.849998,35.110001,35.849998,915800,35.849998
2015-09-30,36.029999,36.450001,35.610001,36.330002,1305400,36.330002
2015-09-29,35.290001,35.98,35.16,35.68,1094900,35.68
2015-09-28,35.689999,35.869999,35.189999,35.23,902200,35.23
2015-09-25,36.419998,36.580002,35.77,36.139999,694100,36.139999
2015-09-24,35.330002,36.34,34.82,36.200001,1213400,36.200001
2015-09-23,36.889999,37.099998,35.880001,35.91,891500,35.91
2015-09-22,36.959999,37.419998,36.52,36.790001,937400,36.790001
2015-09-21,38.150002,38.57,37.540001,37.779999,882100,37.779999
2015-09-18,38.990002,39.310001,37.939999,38.049999,1228200,38.049999
2015-09-17,40.619999,40.889999,39.619999,39.700001,808900,39.700001
2015-09-16,39.810001,41.00,39.810001,40.860001,849500,40.860001
2015-09-15,39.02,39.66,38.799999,39.580002,1129900,39.580002
2015-09-14,39.27,39.380001,38.810001,39.009998,609100,39.009998
2015-09-11,39.349998,39.669998,38.759998,39.27,812900,39.27
2015-09-10,39.869999,40.220001,39.419998,39.57,787700,39.57
2015-09-09,40.93,41.119999,39.75,39.82,1687600,39.82
2015-09-08,40.279999,41.459999,39.68,40.759998,1223000,40.759998
2015-09-04,39.939999,40.290001,39.200001,39.599998,1100400,39.599998
2015-09-03,41.00,41.259998,40.220001,40.41,1640400,40.41
2015-09-02,41.169998,41.529999,39.779999,40.860001,1411100,40.860001
2015-09-01,42.299999,42.580002,40.619999,40.790001,1963600,40.790001
2015-08-31,42.00,43.34,41.220001,42.049999,1590700,42.049999
2015-08-28,41.369999,42.200001,41.279999,42.049999,1444000,42.049999
2015-08-27,41.349998,42.209999,40.68,41.509998,2723200,41.509998
2015-08-26,42.970001,43.00,39.27,41.110001,5829600,41.110001
2015-08-25,39.169998,39.709999,37.73,38.52,2242200,38.52
2015-08-24,33.00,39.919998,33.00,37.939999,1853300,37.939999
2015-08-21,39.009998,39.25,37.75,37.75,965100,37.75
2015-08-20,39.740002,39.990002,39.060001,39.080002,923900,39.080002
2015-08-19,39.990002,40.580002,39.360001,40.040001,1287800,40.040001
2015-08-18,39.110001,39.810001,39.110001,39.459999,623800,39.459999
2015-08-17,38.849998,39.560001,38.50,39.43,829200,39.43
2015-08-14,38.66,39.119999,38.52,38.970001,661800,38.970001
2015-08-13,39.189999,39.439999,38.209999,38.470001,859200,38.470001
2015-08-12,38.34,39.700001,38.130001,39.57,1171900,39.40
2015-08-11,38.060001,38.68,37.650002,38.599998,1080900,38.434166
2015-08-10,37.27,38.650002,37.110001,38.400002,1153300,38.235028
2015-08-07,36.669998,37.66,36.619999,36.959999,1087000,36.801212
2015-08-06,36.029999,36.91,35.869999,36.75,1226900,36.592115
2015-08-05,36.209999,36.830002,35.950001,36.09,987500,35.934951
2015-08-04,35.900002,36.360001,35.630001,35.740002,1045200,35.586456
2015-08-03,36.389999,36.720001,35.689999,36.00,1649300,35.845337
2015-07-31,36.470001,36.82,35.029999,36.540001,2969500,36.383018
2015-07-30,34.560001,37.43,32.560001,36.049999,5298800,35.895122
2015-07-29,38.59,39.43,38.369999,39.049999,1085600,38.882233
2015-07-28,37.490002,38.669998,37.349998,38.560001,1304400,38.394341
2015-07-27,37.290001,37.919998,36.799999,37.150002,1027100,36.990398
2015-07-24,38.720001,38.720001,37.799999,38.040001,938400,37.876574
2015-07-23,39.41,39.959999,38.540001,38.860001,994500,38.693051
2015-07-22,39.990002,40.09,39.43,39.490002,789500,39.320345
2015-07-21,40.799999,41.279999,40.07,40.16,575700,39.987465
2015-07-20,40.73,41.040001,40.459999,40.689999,587900,40.515187
2015-07-17,41.150002,41.200001,40.740002,40.799999,448800,40.624715
2015-07-16,41.380001,41.619999,41.009998,41.150002,568400,40.973214
2015-07-15,41.669998,42.16,40.82,40.98,465000,40.803942
2015-07-14,41.439999,41.82,41.299999,41.75,725700,41.570634
2015-07-13,40.220001,41.75,40.02,41.689999,1152400,41.510891
2015-07-10,40.240002,40.52,39.889999,40.00,506700,39.828153
2015-07-09,40.759998,40.869999,39.84,39.849998,985200,39.678796
2015-07-08,40.419998,40.919998,39.759998,40.110001,1511100,39.937681
2015-07-07,41.34,41.400002,39.580002,40.860001,2136500,40.684459
2015-07-06,41.330002,41.939999,40.98,41.34,1549000,41.162396
2015-07-02,41.41,41.990002,41.240002,41.669998,1755300,41.490976
2015-07-01,42.50,42.599998,41.18,41.279999,3610400,41.102652
2015-06-30,43.330002,43.52,42.360001,42.380001,1078700,42.197929
2015-06-29,43.799999,44.060001,42.68,42.869999,1071400,42.685822
2015-06-26,44.529999,44.790001,44.049999,44.220001,1128700,44.030024
2015-06-25,45.380001,45.57,44.259998,44.330002,593600,44.139552
2015-06-24,45.599998,46.049999,45.450001,45.450001,563600,45.254739
2015-06-23,46.130001,46.32,45.650002,45.740002,451400,45.543494
2015-06-22,46.119999,46.259998,45.700001,46.099998,517500,45.901944
2015-06-19,45.900002,46.310001,45.66,45.700001,1132100,45.503665
2015-06-18,46.32,46.439999,45.779999,45.810001,916700,45.613193
2015-06-17,46.549999,46.630001,46.009998,46.27,1333800,46.071216
2015-06-16,46.43,46.98,45.52,46.709999,3836600,46.509324
2015-06-15,51.419998,51.57,49.950001,50.299999,863000,50.083901
2015-06-12,51.759998,52.150002,51.330002,51.830002,504200,51.607331
2015-06-11,51.82,52.189999,51.689999,52.02,596800,51.796513
2015-06-10,51.150002,52.330002,50.970001,51.82,768800,51.597371
2015-06-09,50.799999,51.68,50.650002,50.830002,406400,50.611627
2015-06-08,50.650002,50.98,50.23,50.650002,574100,50.4324
2015-06-05,50.220001,50.860001,49.68,50.790001,583700,50.571798
2015-06-04,51.00,51.240002,50.119999,50.16,606200,49.944503
2015-06-03,51.02,51.43,50.619999,51.200001,553000,50.980036
2015-06-02,50.110001,51.41,50.110001,50.959999,553900,50.741066
2015-06-01,50.419998,50.619999,49.580002,50.27,649700,50.054031
2015-05-29,51.459999,51.48,49.700001,50.16,1539200,49.944503
2015-05-28,53.25,53.25,51.060001,51.529999,1819400,51.308616
2015-05-27,53.75,54.34,53.549999,53.779999,518500,53.54895
2015-05-26,54.419998,54.50,53.59,53.869999,287700,53.638564
2015-05-22,54.630001,54.950001,54.369999,54.82,342900,54.584483
2015-05-21,54.619999,55.419998,54.389999,54.639999,727200,54.405256
2015-05-20,54.009998,54.77,53.759998,54.73,396900,54.494869
2015-05-19,54.790001,54.950001,54.049999,54.209999,568200,53.977103
2015-05-18,53.950001,54.830002,53.669998,54.75,475100,54.514784
2015-05-15,54.450001,54.77,53.50,54.02,831200,53.787921
2015-05-14,53.700001,55.310001,53.599998,54.900002,1213800,54.664141
2015-05-13,53.00,53.650002,52.91,53.580002,797800,53.349812
2015-05-12,52.720001,52.950001,52.23,52.740002,809200,52.513421
2015-05-11,52.700001,53.290001,52.450001,52.889999,722100,52.493504
2015-05-08,52.77,53.209999,52.34,52.689999,799200,52.295003
2015-05-07,52.689999,52.93,52.349998,52.540001,657400,52.14613
2015-05-06,52.880001,53.00,51.82,52.84,995400,52.44388
2015-05-05,53.759998,54.639999,52.669998,52.779999,1062100,52.384328
2015-05-04,55.00,55.689999,53.84,53.889999,1108100,53.486008
2015-05-01,53.889999,55.119999,53.75,54.810001,1250700,54.399113
2015-04-30,53.720001,54.75,53.099998,53.84,1692100,53.436383
2015-04-29,51.50,54.580002,51.279999,54.259998,2682800,53.853233
2015-04-28,49.029999,51.700001,47.16,51.52,2664300,51.133776
2015-04-27,48.00,49.119999,47.959999,48.689999,1613500,48.324989
2015-04-24,47.799999,47.950001,47.240002,47.919998,525300,47.560761
2015-04-23,47.369999,48.00,47.080002,47.799999,611800,47.441662
2015-04-22,47.849998,48.209999,46.900002,47.580002,979100,47.223314
2015-04-21,48.759998,48.82,47.93,48.130001,543500,47.76919
2015-04-20,49.02,49.16,48.439999,48.540001,548300,48.176116
