Date,Open,High,Low,Close,Volume,Adj Close
2015-10-09,46.389999,46.779999,45.77,46.02,378800,46.02
2015-10-08,46.200001,46.619999,45.709999,46.50,649200,46.50
2015-10-07,45.360001,46.25,45.25,46.23,654200,46.23
2015-10-06,44.560001,45.040001,44.209999,44.950001,529700,44.950001
2015-10-05,44.080002,44.75,43.810001,44.59,409900,44.59
2015-10-02,42.900002,43.669998,41.709999,43.650002,712000,43.650002
2015-10-01,43.959999,44.419998,42.650002,43.52,1033200,43.52
2015-09-30,43.439999,44.459999,43.130001,43.759998,948700,43.759998
2015-09-29,43.43,43.790001,42.720001,43.00,493800,43.00
2015-09-28,43.75,44.049999,43.25,43.470001,456900,43.470001
2015-09-25,44.16,44.560001,43.73,43.799999,394200,43.799999
2015-09-24,42.98,43.75,42.830002,43.669998,355300,43.669998
2015-09-23,43.349998,43.91,43.09,43.439999,403100,43.439999
2015-09-22,43.00,43.73,42.939999,43.18,496500,43.18
2015-09-21,43.279999,43.880001,43.169998,43.580002,428000,43.580002
2015-09-18,43.02,43.709999,42.549999,42.849998,2010300,42.849998
2015-09-17,44.43,45.150002,43.450001,43.700001,606500,43.700001
2015-09-16,44.330002,44.59,43.869999,44.529999,406200,44.529999
2015-09-15,43.400002,44.34,43.380001,44.209999,864900,44.209999
2015-09-14,43.259998,43.689999,42.950001,43.169998,709800,43.169998
2015-09-11,42.560001,43.23,42.209999,43.209999,408700,43.209999
2015-09-10,41.939999,43.060001,41.939999,42.799999,516500,42.799999
2015-09-09,42.59,42.830002,42.099998,42.189999,577500,42.189999
2015-09-08,41.169998,42.290001,41.110001,42.130001,465900,42.130001
2015-09-04,40.360001,40.849998,40.189999,40.630001,324400,40.630001
2015-09-03,40.720001,41.130001,40.34,40.810001,414100,40.810001
2015-09-02,40.209999,40.57,39.439999,40.560001,738000,40.560001
2015-09-01,41.00,41.279999,39.099998,39.48,989100,39.48
2015-08-31,41.48,41.93,41.369999,41.799999,407700,41.799999
2015-08-28,41.330002,41.84,41.290001,41.650002,534500,41.650002
2015-08-27,41.529999,42.130001,41.16,41.599998,845200,41.599998
2015-08-26,40.610001,41.48,39.740002,41.349998,786100,41.349998
2015-08-25,40.959999,41.389999,39.549999,39.560001,964200,39.560001
2015-08-24,38.799999,40.130001,37.959999,39.25,1119200,39.25
2015-08-21,40.529999,41.400002,40.150002,40.709999,797100,40.709999
2015-08-20,42.189999,42.700001,41.220001,41.23,480100,41.23
2015-08-19,43.209999,43.52,42.560001,42.580002,351100,42.580002
2015-08-18,43.610001,44.00,43.040001,43.41,358400,43.41
2015-08-17,43.740002,44.040001,43.02,43.77,379300,43.77
2015-08-14,43.209999,43.900002,42.900002,43.869999,323100,43.869999
2015-08-13,43.23,43.73,42.93,43.259998,382500,43.259998
2015-08-12,43.529999,43.779999,42.150002,43.18,533600,43.18
2015-08-11,44.689999,45.099998,43.68,44.16,326300,44.16
2015-08-10,44.759998,45.150002,44.330002,45.080002,344900,45.080002
2015-08-07,44.439999,44.580002,43.849998,44.43,479600,44.43
2015-08-06,45.139999,45.650002,44.209999,44.32,447900,44.32
2015-08-05,44.68,45.509998,44.68,45.169998,370400,45.169998
2015-08-04,44.099998,44.900002,44.099998,44.509998,297300,44.509998
2015-08-03,44.220001,44.369999,43.57,44.189999,351100,44.189999
2015-07-31,44.200001,44.380001,43.919998,44.119999,399300,44.119999
2015-07-30,44.080002,44.200001,43.560001,44.189999,351400,44.189999
2015-07-29,44.369999,44.369999,43.720001,44.139999,383600,44.139999
2015-07-28,44.50,44.50,43.66,44.240002,387000,44.240002
2015-07-27,44.290001,44.310001,43.50,44.259998,368100,44.259998
2015-07-24,45.41,45.630001,44.52,44.549999,410900,44.549999
2015-07-23,46.490002,46.82,45.150002,45.240002,373800,45.240002
2015-07-22,45.110001,46.630001,45.110001,46.400002,554400,46.400002
2015-07-21,45.48,46.040001,45.080002,45.220001,409900,45.220001
2015-07-20,45.27,45.669998,45.00,45.48,407100,45.48
2015-07-17,45.549999,45.549999,44.450001,45.040001,556600,45.040001
2015-07-16,45.990002,46.27,45.330002,45.439999,533800,45.439999
2015-07-15,45.220001,45.91,45.009998,45.540001,923700,45.540001
2015-07-14,46.849998,46.900002,44.689999,45.299999,1455000,45.16
2015-07-13,46.07,46.41,45.98,46.290001,817200,46.146942
2015-07-10,45.540001,45.82,45.220001,45.720001,577700,45.578704
2015-07-09,44.990002,45.220001,44.50,44.830002,731100,44.691455
2015-07-08,44.119999,44.41,43.790001,44.349998,1035700,44.212935
2015-07-07,45.23,45.610001,43.400002,44.310001,944200,44.173061
2015-07-06,44.419998,45.389999,44.130001,45.200001,782900,45.06031
2015-07-02,45.830002,46.139999,44.849998,45.25,1192500,45.110155
2015-07-01,46.630001,46.849998,45.900002,46.049999,1086400,45.907682
2015-06-30,45.360001,46.27,45.360001,45.75,1003300,45.60861
2015-06-29,47.060001,47.48,45.529999,45.639999,1332700,45.498949
2015-06-26,47.490002,47.990002,47.330002,47.75,2621200,47.602429
2015-06-25,47.00,48.099998,47.00,47.889999,825300,47.741995
2015-06-24,48.07,48.32,47.599998,47.689999,1103600,47.542613
2015-06-23,48.200001,48.68,47.720001,48.259998,1118100,48.110851
2015-06-22,47.900002,48.389999,47.669998,48.27,608400,48.120822
2015-06-19,47.240002,47.619999,46.779999,47.43,1125300,47.283418
2015-06-18,46.93,47.48,46.509998,47.169998,827100,47.024219
2015-06-17,47.25,47.619999,46.50,46.639999,539000,46.495858
2015-06-16,46.48,47.23,46.48,47.18,674800,47.03419
2015-06-15,46.66,47.049999,46.009998,46.75,1025300,46.605519
2015-06-12,46.740002,47.009998,46.419998,46.939999,395400,46.794931
2015-06-11,46.919998,47.00,46.099998,46.849998,703300,46.705209
2015-06-10,46.77,47.380001,46.48,46.75,806700,46.605519
2015-06-09,45.91,46.43,45.529999,46.34,390600,46.196786
2015-06-08,45.77,46.23,45.610001,45.849998,533700,45.708299
2015-06-05,45.130001,45.82,44.919998,45.709999,767900,45.568732
2015-06-04,45.209999,45.360001,44.509998,44.82,426500,44.681483
2015-06-03,44.279999,45.459999,44.16,45.450001,714300,45.309537
2015-06-02,43.759998,44.650002,43.650002,44.16,717400,44.023523
2015-06-01,44.349998,44.52,43.009998,43.75,907100,43.614791
2015-05-29,45.150002,45.150002,43.759998,43.970001,1538700,43.834112
2015-05-28,45.23,45.630001,44.240002,45.240002,11186900,45.100187
2015-05-27,44.299999,45.400002,44.040001,45.23,1364000,45.090216
2015-05-26,43.43,43.950001,42.950001,43.779999,417400,43.644697
2015-05-22,43.759998,43.939999,43.32,43.52,392700,43.385502
2015-05-21,43.75,43.950001,43.32,43.720001,373600,43.584885
2015-05-20,43.759998,43.830002,43.240002,43.740002,434800,43.604823
2015-05-19,43.029999,43.939999,42.830002,43.75,692800,43.614791
2015-05-18,42.009998,43.110001,41.880001,43.049999,444400,42.916953
2015-05-15,42.630001,42.84,41.669998,42.029999,452400,41.900105
2015-05-14,42.060001,42.790001,42.00,42.560001,814500,42.42847
2015-05-13,41.419998,42.169998,41.119999,41.939999,883000,41.810383
2015-05-12,40.349998,41.41,40.23,41.389999,451100,41.262084
2015-05-11,40.50,40.830002,40.32,40.540001,397900,40.414712
2015-05-08,40.59,40.799999,40.25,40.419998,419200,40.29508
2015-05-07,39.779999,40.91,39.360001,40.209999,690800,40.08573
2015-05-06,39.189999,39.689999,38.759998,39.66,343100,39.537431
2015-05-05,39.119999,39.610001,38.720001,39.040001,310800,38.919348
2015-05-04,38.880001,39.490002,38.799999,39.330002,360800,39.208452
2015-05-01,38.84,39.25,38.66,38.68,460200,38.56046
2015-04-30,39.599998,39.84,38.68,38.759998,583400,38.640211
2015-04-29,39.560001,40.299999,39.41,39.82,307000,39.696936
2015-04-28,39.139999,39.919998,38.950001,39.810001,281400,39.686969
2015-04-27,39.509998,39.720001,38.68,39.080002,378700,38.959225
2015-04-24,39.84,40.130001,39.330002,39.419998,251500,39.298171
2015-04-23,39.75,40.009998,39.59,39.849998,226400,39.726842
2015-04-22,39.939999,40.150002,39.59,39.970001,275100,39.846474
2015-04-21,39.919998,40.240002,39.59,39.919998,289100,39.796625
2015-04-20,40.040001,40.360001,39.75,39.849998,348900,39.726842
2015-04-17,40.049999,40.389999,39.650002,39.700001,614500,39.577308
2015-04-16,40.799999,40.799999,39.959999,40.400002,658500,40.275145
2015-04-15,39.240002,41.09,39.029999,40.880001,1244300,40.753661
2015-04-14,38.00,38.98,37.830002,38.959999,1260400,38.70501
2015-04-13,37.880001,37.990002,37.290001,37.630001,678600,37.383717
