Date,Open,High,Low,Close,Volume,Adj Close
2015-10-15,30.16,30.68,29.98,30.51,1280400,30.51
2015-10-14,29.870001,30.42,29.66,30.049999,1008000,30.049999
2015-10-13,29.799999,30.389999,29.74,29.84,934200,29.84
2015-10-12,30.440001,30.530001,29.799999,29.99,895100,29.99
2015-10-09,30.219999,30.530001,29.85,30.469999,1444500,30.469999
2015-10-08,29.389999,30.309999,29.27,30.209999,1490200,30.209999
2015-10-07,29.26,29.549999,28.709999,28.91,1746000,28.91
2015-10-06,29.299999,29.57,29.040001,29.08,1008200,29.08
2015-10-05,28.549999,29.34,28.51,29.129999,1687600,29.129999
2015-10-02,26.82,28.26,26.790001,28.24,1666300,28.24
2015-10-01,27.65,27.92,27.110001,27.34,1961500,27.34
2015-09-30,27.84,28.290001,27.299999,27.73,1936000,27.73
2015-09-29,26.459999,27.01,26.389999,26.879999,1953300,26.879999
2015-09-28,26.40,27.00,26.059999,26.49,2393500,26.49
2015-09-25,27.08,27.16,26.049999,26.200001,1595000,26.200001
2015-09-24,26.709999,26.82,26.17,26.77,1503700,26.77
2015-09-23,27.120001,27.360001,26.639999,26.809999,1877800,26.809999
2015-09-22,27.51,27.549999,26.83,27.10,1223800,27.10
2015-09-21,27.82,28.32,27.790001,27.90,1294000,27.90
2015-09-18,28.50,28.58,27.639999,27.790001,2066900,27.790001
2015-09-17,29.15,29.469999,28.85,28.950001,1286600,28.950001
2015-09-16,29.49,29.620001,29.18,29.190001,1260700,29.190001
2015-09-15,29.09,29.549999,29.01,29.440001,892600,29.440001
2015-09-14,29.58,29.58,28.940001,29.120001,790600,29.120001
2015-09-11,29.370001,29.610001,29.17,29.42,1374000,29.42
2015-09-10,29.530001,30.290001,29.530001,29.719999,935500,29.719999
2015-09-09,30.99,31.00,29.73,29.790001,1360200,29.790001
2015-09-08,30.059999,30.639999,29.799999,30.559999,1817200,30.559999
2015-09-04,30.120001,31.01,29.540001,29.58,4182300,29.58
2015-09-03,31.120001,31.379999,30.700001,31.049999,2253900,31.049999
2015-09-02,30.60,30.879999,30.110001,30.870001,1373600,30.870001
2015-09-01,30.49,30.950001,29.889999,30.030001,1792900,30.030001
2015-08-31,31.469999,31.809999,31.00,31.24,1410000,31.24
2015-08-28,31.209999,31.99,31.110001,31.76,904500,31.76
2015-08-27,30.82,31.389999,30.620001,31.360001,1415300,31.360001
2015-08-26,30.10,30.530001,29.450001,30.440001,1399300,30.440001
2015-08-25,30.65,30.77,29.450001,29.450001,1903900,29.450001
2015-08-24,28.41,30.32,27.90,29.15,1854200,29.15
2015-08-21,31.190001,31.610001,30.190001,30.32,1703300,30.32
2015-08-20,32.560001,32.610001,31.58,31.610001,821600,31.610001
2015-08-19,33.080002,33.23,32.639999,32.889999,817800,32.889999
2015-08-18,33.27,33.459999,33.099998,33.310001,545700,33.310001
2015-08-17,32.299999,33.360001,32.16,33.34,1488400,33.34
2015-08-14,32.009998,32.50,31.870001,32.439999,638500,32.439999
2015-08-13,32.369999,32.419998,31.92,31.99,838000,31.99
2015-08-12,31.99,32.32,31.48,32.290001,1544100,32.290001
2015-08-11,32.599998,32.889999,32.119999,32.299999,745400,32.299999
2015-08-10,32.43,33.09,32.310001,32.919998,664300,32.919998
2015-08-07,32.419998,32.639999,32.049999,32.23,739400,32.23
2015-08-06,32.93,33.209999,32.389999,32.50,836000,32.50
2015-08-05,32.790001,33.330002,32.790001,32.959999,1001700,32.959999
2015-08-04,32.310001,32.91,32.310001,32.580002,1112000,32.580002
2015-08-03,32.130001,32.540001,31.98,32.389999,1137200,32.389999
2015-07-31,32.099998,32.34,31.940001,32.18,964400,32.18
2015-07-30,32.360001,32.549999,31.93,31.99,1272100,31.99
2015-07-29,31.950001,32.75,31.950001,32.48,1210800,32.48
2015-07-28,31.809999,31.93,31.25,31.809999,1568700,31.809999
2015-07-27,32.110001,32.23,31.700001,31.799999,1010200,31.799999
2015-07-24,33.00,33.07,32.200001,32.330002,655500,32.330002
2015-07-23,33.189999,33.48,32.880001,32.900002,761200,32.900002
2015-07-22,33.200001,33.310001,32.630001,33.02,999600,33.02
2015-07-21,33.490002,33.93,33.290001,33.32,733100,33.32
2015-07-20,33.48,33.799999,33.25,33.610001,918400,33.610001
2015-07-17,33.779999,34.029999,33.310001,33.48,738400,33.48
2015-07-16,33.900002,34.150002,33.619999,33.75,1222800,33.75
2015-07-15,33.950001,34.34,33.68,33.720001,1146500,33.720001
2015-07-14,33.360001,34.16,33.299999,33.759998,1193900,33.759998
2015-07-13,33.380001,33.549999,33.060001,33.349998,958800,33.349998
2015-07-10,33.299999,33.43,32.970001,33.119999,578300,33.119999
2015-07-09,33.130001,33.349998,32.849998,32.860001,1161600,32.860001
2015-07-08,32.959999,33.02,32.23,32.490002,1283900,32.490002
2015-07-07,33.43,33.48,32.700001,33.419998,979800,33.419998
2015-07-06,33.450001,33.549999,33.02,33.400002,2000200,33.400002
2015-07-02,34.02,34.400002,33.709999,33.889999,1033700,33.889999
2015-07-01,34.299999,34.52,33.889999,34.119999,1069400,34.119999
2015-06-30,34.259998,34.27,33.43,33.959999,1379800,33.959999
2015-06-29,35.060001,35.450001,33.959999,33.990002,1265800,33.990002
2015-06-26,35.34,35.740002,34.919998,35.509998,3027600,35.509998
2015-06-25,35.450001,35.700001,35.040001,35.16,1213900,35.16
2015-06-24,35.990002,36.040001,35.360001,35.400002,1357900,35.400002
2015-06-23,36.00,36.34,35.849998,35.900002,1140700,35.900002
2015-06-22,35.950001,36.029999,35.57,35.860001,1060000,35.860001
2015-06-19,36.220001,36.34,35.82,35.82,1349200,35.82
2015-06-18,35.990002,36.450001,35.860001,36.209999,1554600,36.209999
2015-06-17,36.77,36.939999,35.900002,35.93,1487600,35.93
2015-06-16,36.189999,36.779999,36.110001,36.66,1129500,36.66
2015-06-15,36.299999,36.459999,36.040001,36.25,1152800,36.25
2015-06-12,36.25,37.049999,36.209999,36.639999,1799700,36.639999
2015-06-11,36.990002,37.060001,36.169998,36.389999,2090200,36.389999
2015-06-10,36.41,37.00,36.330002,36.939999,1087200,36.939999
2015-06-09,36.73,36.860001,35.900002,36.240002,1767400,36.240002
2015-06-08,37.540001,37.799999,36.48,36.720001,1512200,36.720001
2015-06-05,37.75,38.119999,36.560001,37.509998,4042000,37.509998
2015-06-04,38.93,38.990002,37.959999,38.349998,2287500,38.349998
2015-06-03,38.560001,39.25,38.43,38.93,1652500,38.93
2015-06-02,38.169998,38.439999,37.860001,38.25,1229500,38.25
2015-06-01,38.75,38.990002,38.110001,38.25,1490900,38.25
2015-05-29,38.200001,38.330002,37.610001,38.169998,1418000,38.169998
2015-05-28,37.599998,38.139999,37.509998,38.029999,842400,38.029999
2015-05-27,37.139999,37.75,36.93,37.610001,746700,37.610001
2015-05-26,37.200001,37.349998,36.619999,37.049999,883200,37.049999
2015-05-22,37.220001,37.849998,37.209999,37.490002,792200,37.490002
2015-05-21,37.049999,37.41,36.919998,37.290001,778600,37.290001
2015-05-20,37.599998,37.630001,36.91,37.150002,834300,37.150002
2015-05-19,37.580002,37.669998,37.009998,37.599998,790600,37.599998
2015-05-18,37.220001,37.599998,37.09,37.549999,1028400,37.549999
2015-05-15,37.00,37.27,36.75,37.23,995400,37.23
2015-05-14,36.689999,37.02,36.43,36.990002,744700,36.990002
2015-05-13,36.290001,36.580002,36.09,36.43,774400,36.43
2015-05-12,36.740002,36.740002,36.029999,36.209999,1145100,36.209999
2015-05-11,36.099998,37.119999,36.00,36.880001,1274000,36.880001
2015-05-08,36.00,36.77,35.900002,36.110001,994600,36.110001
2015-05-07,35.48,35.919998,35.200001,35.669998,442200,35.669998
2015-05-06,35.740002,35.959999,35.23,35.48,893600,35.48
2015-05-05,36.169998,36.34,35.459999,35.700001,729100,35.700001
2015-05-04,36.799999,36.950001,36.299999,36.34,933900,36.34
2015-05-01,35.779999,36.73,35.689999,36.709999,1590000,36.709999
2015-04-30,36.029999,36.43,35.650002,35.77,1273200,35.77
2015-04-29,35.470001,36.490002,35.369999,36.299999,1253600,36.299999
2015-04-28,35.25,35.66,35.029999,35.619999,1064400,35.619999
2015-04-27,35.75,35.93,35.110001,35.23,794600,35.23
2015-04-24,36.119999,36.119999,35.560001,35.639999,638800,35.639999
2015-04-23,35.779999,36.32,35.68,36.119999,748700,36.119999
2015-04-22,36.029999,36.119999,35.669998,35.880001,759200,35.880001
2015-04-21,36.299999,36.310001,35.759998,35.939999,785200,35.939999
2015-04-20,35.59,36.189999,35.080002,36.169998,1262100,36.169998
