Date,Open,High,Low,Close,Volume,Adj Close
2015-10-16,49.93,50.34,49.560001,50.23,1860100,50.23
2015-10-15,49.07,49.869999,49.07,49.869999,1798400,49.869999
2015-10-14,49.900002,50.00,49.439999,49.540001,1479100,49.540001
2015-10-13,50.110001,50.200001,49.630001,49.779999,2232500,49.779999
2015-10-12,50.139999,50.439999,49.919998,50.310001,1496200,50.310001
2015-10-09,50.049999,50.299999,49.950001,50.060001,3195100,50.060001
2015-10-08,49.380001,50.060001,49.290001,49.959999,2121600,49.959999
2015-10-07,48.880001,49.470001,48.779999,49.470001,2482800,49.470001
2015-10-06,48.900002,49.110001,48.400002,48.529999,3350900,48.529999
2015-10-05,48.389999,48.77,47.900002,48.68,3125200,48.68
2015-10-02,47.380001,47.849998,46.389999,47.77,6229000,47.77
2015-10-01,47.439999,48.189999,47.389999,48.139999,4018100,48.139999
2015-09-30,46.599998,47.709999,46.23,47.630001,4405200,47.630001
2015-09-29,45.669998,46.07,45.549999,46.009998,2906300,46.009998
2015-09-28,46.68,46.790001,45.689999,45.759998,2605900,45.759998
2015-09-25,46.810001,47.09,46.400002,46.689999,2789900,46.689999
2015-09-24,46.09,46.540001,45.779999,46.34,1986100,46.34
2015-09-23,46.040001,46.610001,45.990002,46.389999,1500300,46.389999
2015-09-22,46.029999,46.389999,45.709999,46.029999,2021500,46.029999
2015-09-21,46.700001,47.080002,46.43,46.650002,1969500,46.650002
2015-09-18,46.139999,47.060001,46.029999,46.529999,4812300,46.529999
2015-09-17,46.189999,47.049999,46.07,46.689999,3160200,46.689999
2015-09-16,45.880001,46.52,45.720001,46.279999,1627400,46.279999
2015-09-15,45.48,46.16,45.279999,45.970001,1972000,45.970001
2015-09-14,45.700001,45.720001,45.23,45.310001,1566900,45.310001
2015-09-11,45.16,45.73,45.029999,45.709999,1560500,45.709999
2015-09-10,45.209999,45.790001,45.130001,45.299999,2431300,45.299999
2015-09-09,45.939999,45.98,45.23,45.34,2288100,45.34
2015-09-08,45.029999,45.599998,44.50,45.580002,1859300,45.580002
2015-09-04,43.830002,44.549999,43.830002,44.310001,1659000,44.310001
2015-09-03,44.560001,45.009998,44.529999,44.700001,1494800,44.700001
2015-09-02,44.220001,44.490002,43.720001,44.490002,1998200,44.490002
2015-09-01,43.810001,44.27,43.189999,43.459999,2845000,43.459999
2015-08-31,44.799999,45.060001,44.59,44.66,2201200,44.66
2015-08-28,44.950001,45.369999,44.700001,44.950001,2621800,44.950001
2015-08-27,45.040001,45.509998,44.50,45.25,2585900,45.25
2015-08-26,43.98,44.66,43.189999,44.619999,3436100,44.619999
2015-08-25,44.950001,44.950001,42.919998,42.919998,5175500,42.919998
2015-08-24,43.099998,43.990002,41.59,43.990002,5136400,43.990002
2015-08-21,47.00,47.23,45.68,45.689999,2846000,45.689999
2015-08-20,47.720001,47.970001,47.27,47.299999,1524400,47.299999
2015-08-19,48.150002,48.450001,47.669998,48.009998,1519800,48.009998
2015-08-18,48.23,48.630001,48.220001,48.450001,1076200,48.450001
2015-08-17,48.130001,48.41,47.740002,48.369999,1606000,48.369999
2015-08-14,48.27,48.389999,48.00,48.299999,1259300,48.299999
2015-08-13,47.779999,48.330002,47.630001,48.130001,1807100,48.130001
2015-08-12,47.299999,47.970001,47.200001,47.810001,1930700,47.810001
2015-08-11,47.830002,48.279999,47.560001,47.880001,2136300,47.880001
2015-08-10,47.869999,48.360001,47.869999,48.099998,1383800,48.099998
2015-08-07,47.299999,47.68,47.220001,47.619999,1772700,47.619999
2015-08-06,48.50,48.50,47.360001,47.560001,2189200,47.560001
2015-08-05,48.00,48.66,47.849998,48.27,2691700,48.27
2015-08-04,47.639999,48.400002,46.299999,47.689999,3880400,47.689999
2015-08-03,46.16,47.700001,45.939999,47.52,4018800,47.52
2015-07-31,46.450001,46.509998,46.130001,46.400002,1961600,46.400002
2015-07-30,46.23,46.57,45.709999,46.23,2654000,46.23
2015-07-29,46.549999,46.880001,46.279999,46.709999,2281900,46.289999
2015-07-28,46.48,46.630001,46.16,46.610001,1439400,46.190899
2015-07-27,46.00,46.48,45.34,46.279999,2188800,45.863865
2015-07-24,46.529999,46.82,46.029999,46.110001,2246600,45.695395
2015-07-23,47.23,47.25,46.59,46.650002,1636500,46.230541
2015-07-22,47.240002,47.549999,47.18,47.27,1234500,46.844965
2015-07-21,47.279999,47.380001,47.040001,47.27,1677000,46.844965
2015-07-20,47.610001,47.630001,47.139999,47.299999,2103200,46.874694
2015-07-17,47.82,47.82,47.240002,47.450001,2456000,47.023347
2015-07-16,47.68,47.950001,47.349998,47.91,2797700,47.479209
2015-07-15,48.23,48.369999,47.68,47.759998,2484600,47.330557
2015-07-14,48.369999,48.389999,48.02,48.169998,1271500,47.73687
2015-07-13,47.970001,48.439999,47.970001,48.389999,1553900,47.954893
2015-07-10,47.950001,48.110001,47.57,47.779999,1371800,47.350377
2015-07-09,47.82,48.130001,47.330002,47.43,1922000,47.003526
2015-07-08,47.66,47.91,47.290001,47.32,2079400,46.894514
2015-07-07,48.25,48.450001,47.279999,48.009998,2936700,47.578309
2015-07-06,47.490002,48.25,47.389999,48.169998,3088400,47.73687
2015-07-02,47.799999,48.189999,47.279999,47.650002,3003500,47.221549
2015-07-01,46.00,47.830002,44.380001,47.310001,4253200,46.884606
2015-06-30,47.099998,47.470001,46.52,46.880001,3013300,46.458472
2015-06-29,47.549999,47.759998,46.75,46.799999,2111300,46.37919
2015-06-26,48.34,48.509998,47.790001,47.990002,1675200,47.558492
2015-06-25,48.189999,48.41,48.029999,48.23,1744000,47.796332
2015-06-24,48.639999,48.75,48.080002,48.150002,1346600,47.717053
2015-06-23,48.830002,48.869999,48.599998,48.799999,1240800,48.361206
2015-06-22,48.349998,49.060001,48.310001,48.790001,1814100,48.351298
2015-06-19,48.25,48.360001,48.00,48.099998,2446000,47.6675
2015-06-18,47.889999,48.41,47.889999,48.240002,1802400,47.806244
2015-06-17,47.900002,48.029999,47.610001,47.799999,996600,47.370198
2015-06-16,47.27,47.889999,47.139999,47.709999,1062200,47.281007
2015-06-15,47.740002,47.790001,47.18,47.490002,1701100,47.062988
2015-06-12,47.939999,48.25,47.889999,48.00,1587200,47.5684
2015-06-11,48.09,48.43,47.790001,48.25,2313700,47.816152
2015-06-10,47.869999,48.360001,47.790001,48.099998,1816800,47.6675
2015-06-09,48.080002,48.09,47.650002,47.689999,1965500,47.261186
2015-06-08,48.310001,48.50,48.02,48.060001,1206600,47.627862
2015-06-05,48.169998,48.610001,48.040001,48.43,2454400,47.994534
2015-06-04,48.98,49.139999,48.189999,48.189999,2149600,47.756691
2015-06-03,49.189999,49.32,48.849998,49.00,2851900,48.559409
2015-06-02,49.209999,49.470001,48.799999,49.16,3412100,48.71797
2015-06-01,49.580002,49.790001,49.09,49.41,1258900,48.965722
2015-05-29,49.41,49.580002,49.040001,49.41,2042600,48.965722
2015-05-28,49.66,49.790001,49.41,49.580002,1121900,49.134195
2015-05-27,49.220001,49.849998,49.209999,49.720001,1317600,49.272936
2015-05-26,49.709999,49.849998,49.040001,49.310001,1402600,48.866623
2015-05-22,50.25,50.380001,49.84,49.860001,1351600,49.411677
2015-05-21,50.349998,50.400002,50.119999,50.259998,1010700,49.808078
2015-05-20,50.369999,50.68,50.150002,50.279999,1167000,49.827898
2015-05-19,50.119999,50.419998,49.869999,50.330002,1119100,49.877452
2015-05-18,49.66,50.259998,49.66,50.119999,1620100,49.669337
2015-05-15,50.09,50.189999,49.610001,49.790001,1235200,49.342306
2015-05-14,49.259998,49.959999,49.23,49.93,1550600,49.481047
2015-05-13,49.150002,49.459999,48.880001,48.970001,1114800,48.52968
2015-05-12,48.950001,49.290001,48.540001,49.009998,1823400,48.569317
2015-05-11,49.00,49.360001,48.91,49.07,1605500,48.628779
2015-05-08,49.150002,49.560001,49.029999,49.130001,1454100,48.688241
2015-05-07,48.599998,49.040001,48.439999,48.799999,1580500,48.361206
2015-05-06,49.080002,49.32,48.619999,49.00,2037500,48.182826
2015-05-05,49.349998,49.349998,48.66,49.09,2230100,48.271325
2015-05-04,48.950001,49.540001,48.869999,49.389999,3355100,48.566321
2015-05-01,48.509998,48.990002,48.43,48.849998,1837200,48.035326
2015-04-30,48.66,48.950001,48.189999,48.389999,1728500,47.582998
2015-04-29,48.98,49.119999,48.630001,48.84,1376300,48.025494
2015-04-28,49.139999,49.330002,48.779999,49.27,1302100,48.448324
2015-04-27,49.34,49.380001,48.900002,49.279999,1673200,48.458155
2015-04-24,49.509998,49.509998,48.580002,49.23,1320900,48.40899
2015-04-23,49.099998,49.709999,49.009998,49.52,1105400,48.694154
2015-04-22,49.25,49.43,48.790001,49.279999,1246900,48.458155
2015-04-21,49.75,49.799999,49.029999,49.060001,1509400,48.241827
2015-04-20,48.529999,49.07,48.330002,48.98,1397700,48.163159
