Date,Open,High,Low,Close,Volume,Adj Close
2015-10-16,49.66,49.77,48.82,49.349998,224900,49.349998
2015-10-15,48.830002,49.400002,48.169998,49.389999,487700,49.389999
2015-10-14,50.23,50.459999,48.380001,48.540001,451600,48.540001
2015-10-13,50.540001,50.98,50.18,50.310001,428400,50.310001
2015-10-12,50.459999,50.98,50.080002,50.799999,249400,50.799999
2015-10-09,51.450001,51.619999,50.240002,50.48,222500,50.48
2015-10-08,50.66,51.450001,50.200001,51.369999,332900,51.369999
2015-10-07,50.130001,50.970001,49.810001,50.869999,427600,50.869999
2015-10-06,49.459999,49.779999,49.110001,49.66,373500,49.66
2015-10-05,48.84,49.810001,48.84,49.619999,266400,49.619999
2015-10-02,47.810001,48.689999,46.389999,48.68,591700,48.68
2015-10-01,49.27,49.529999,48.080002,48.880001,376300,48.880001
2015-09-30,49.549999,49.59,48.900002,49.110001,356700,49.110001
2015-09-29,48.48,49.07,48.23,48.970001,398800,48.970001
2015-09-28,48.68,48.810001,48.029999,48.400002,267400,48.400002
2015-09-25,49.549999,49.970001,48.77,48.919998,284900,48.919998
2015-09-24,48.080002,48.91,47.810001,48.860001,228400,48.860001
2015-09-23,48.630001,49.349998,48.200001,48.560001,431500,48.560001
2015-09-22,48.68,49.02,48.029999,48.450001,449400,48.450001
2015-09-21,49.110001,49.799999,49.029999,49.34,468500,49.34
2015-09-18,48.959999,49.009998,47.93,48.560001,1487500,48.560001
2015-09-17,50.919998,51.330002,49.220001,49.43,687700,49.43
2015-09-16,50.860001,51.16,50.360001,50.98,388300,50.98
2015-09-15,50.66,51.200001,50.400002,51.02,381300,50.747001
2015-09-14,49.93,50.860001,49.549999,50.310001,383800,50.040801
2015-09-11,50.040001,50.450001,49.02,50.029999,495300,49.762297
2015-09-10,50.139999,51.330002,49.900002,50.50,454900,50.229783
2015-09-09,51.459999,51.549999,50.380001,50.470001,338800,50.199945
2015-09-08,50.580002,51.110001,49.689999,51.040001,538700,50.766895
2015-09-04,49.560001,49.900002,49.209999,49.650002,242500,49.384333
2015-09-03,49.66,50.73,49.549999,50.18,264800,49.911496
2015-09-02,49.709999,50.049999,48.84,49.830002,282300,49.56337
2015-09-01,50.830002,50.869999,48.860001,49.110001,414200,48.847221
2015-08-31,51.209999,51.889999,50.939999,51.669998,391200,51.393521
2015-08-28,51.389999,51.970001,50.98,51.639999,470400,51.363683
2015-08-27,49.720001,51.91,49.720001,51.48,1028400,51.204539
2015-08-26,48.009998,49.139999,47.32,49.009998,419700,48.747754
2015-08-25,48.93,48.93,46.91,46.919998,552900,46.668937
2015-08-24,48.830002,49.759998,43.759998,47.830002,824600,47.574072
2015-08-21,50.130001,51.029999,49.490002,50.200001,493900,49.931389
2015-08-20,52.610001,52.880001,50.93,50.970001,589900,50.69727
2015-08-19,54.189999,54.299999,53.290001,53.48,422900,53.193837
2015-08-18,54.84,55.119999,53.919998,54.34,206900,54.049236
2015-08-17,54.419998,55.419998,53.84,54.709999,386800,54.417255
2015-08-14,54.00,54.610001,53.82,54.599998,164800,54.307843
2015-08-13,53.830002,54.25,53.220001,53.98,250800,53.691162
2015-08-12,54.380001,54.75,53.150002,53.68,605300,53.392768
2015-08-11,55.279999,55.59,54.41,54.869999,311400,54.576399
2015-08-10,55.00,56.049999,55.00,56.02,276100,55.720247
2015-08-07,54.759998,55.490002,54.110001,54.73,270100,54.437149
2015-08-06,55.689999,55.889999,54.810001,55.049999,438400,54.755436
2015-08-05,55.369999,56.439999,55.369999,55.740002,334600,55.441747
2015-08-04,54.759998,55.720001,54.759998,55.209999,298800,54.91458
2015-08-03,54.73,55.639999,54.00,54.779999,397900,54.48688
2015-07-31,54.869999,54.950001,54.139999,54.59,331100,54.297898
2015-07-30,54.630001,55.16,54.41,54.799999,340900,54.506774
2015-07-29,53.900002,54.82,53.630001,54.73,459700,54.437149
2015-07-28,53.91,54.049999,53.029999,53.759998,428600,53.472338
2015-07-27,54.209999,54.209999,52.970001,53.529999,454500,53.243569
2015-07-24,59.970001,59.970001,54.52,54.580002,501700,54.287954
2015-07-23,56.77,57.040001,55.75,56.00,557900,55.700354
2015-07-22,55.93,56.849998,55.93,56.619999,236300,56.317035
2015-07-21,55.990002,56.669998,55.529999,56.00,411200,55.700354
2015-07-20,55.919998,56.599998,55.52,56.049999,394800,55.750085
2015-07-17,56.459999,56.509998,55.389999,55.849998,737000,55.551155
2015-07-16,56.790001,57.060001,56.470001,56.700001,309100,56.396609
2015-07-15,56.330002,56.790001,55.849998,56.439999,210600,56.137998
2015-07-14,55.810001,56.220001,55.50,56.09,367400,55.789872
2015-07-13,56.029999,56.490002,55.279999,56.259998,372000,55.958961
2015-07-10,56.07,56.59,55.509998,55.73,253200,55.431798
2015-07-09,55.599998,55.77,54.93,55.119999,386900,54.825061
2015-07-08,54.990002,55.25,54.540001,54.73,361000,54.437149
2015-07-07,56.880001,56.98,54.720001,55.490002,635000,55.193084
2015-07-06,56.43,57.119999,56.049999,57.049999,435100,56.744734
2015-07-02,58.599998,58.599998,57.360001,57.73,504500,57.421096
2015-07-01,58.459999,59.189999,57.790001,58.610001,688600,58.296389
2015-06-30,58.389999,58.740002,57.50,57.740002,336500,57.431045
2015-06-29,58.450001,59.029999,57.75,57.82,345000,57.510615
2015-06-26,58.959999,59.299999,58.66,59.23,670600,58.91307
2015-06-25,58.990002,59.110001,58.34,58.650002,335900,58.336175
2015-06-24,58.630001,59.099998,58.490002,58.799999,443200,58.485371
2015-06-23,58.099998,59.049999,57.939999,58.849998,419800,58.535102
2015-06-22,57.799999,58.369999,57.200001,58.080002,249200,57.769226
2015-06-19,57.279999,57.68,56.75,57.360001,478700,57.053077
2015-06-18,57.09,57.52,56.48,57.389999,398300,57.082915
2015-06-17,58.060001,58.110001,56.77,56.849998,356800,56.545804
2015-06-16,56.68,57.919998,56.650002,57.84,306600,57.530508
2015-06-15,56.75,57.43,55.950001,56.880001,335300,56.575646
2015-06-12,57.68,57.689999,56.959999,57.380001,293700,57.072971
2015-06-11,57.310001,57.869999,57.09,57.66,388700,57.351471
2015-06-10,57.02,58.540001,57.009998,57.91,490700,57.328595
2015-06-09,56.299999,57.110001,55.830002,56.84,283400,56.269338
2015-06-08,55.919998,56.450001,55.889999,56.139999,267300,55.576365
2015-06-05,54.860001,55.93,54.790001,55.880001,369100,55.318977
2015-06-04,54.98,55.330002,54.419998,54.52,380800,53.97263
2015-06-03,54.560001,55.560001,53.66,55.400002,345600,54.843796
2015-06-02,53.330002,54.50,53.16,54.380001,342900,53.834036
2015-06-01,53.790001,53.830002,52.98,53.400002,263300,52.863876
2015-05-29,53.619999,54.00,52.740002,53.57,300900,53.032167
2015-05-28,53.529999,53.799999,53.200001,53.799999,268700,53.259858
2015-05-27,53.060001,53.68,52.799999,53.580002,342200,53.042069
2015-05-26,53.040001,53.529999,52.580002,53.119999,312400,52.586684
2015-05-22,53.549999,54.080002,53.259998,53.380001,260900,52.844076
2015-05-21,53.400002,53.849998,53.060001,53.709999,263800,53.170761
2015-05-20,53.639999,53.66,52.990002,53.439999,201300,52.903471
2015-05-19,53.650002,53.919998,53.400002,53.759998,680000,53.220258
2015-05-18,52.950001,54.00,52.889999,53.91,269400,53.368754
2015-05-15,53.98,53.98,52.52,52.91,233100,52.378794
2015-05-14,54.049999,54.619999,53.84,54.029999,377500,53.487548
2015-05-13,53.349998,54.169998,53.009998,53.93,330700,53.388554
2015-05-12,53.279999,53.650002,52.610001,53.400002,291500,52.863876
2015-05-11,52.98,53.599998,52.66,53.299999,411900,52.764878
2015-05-08,53.09,53.41,52.299999,52.98,257500,52.448091
2015-05-07,53.50,53.740002,52.450001,52.860001,398700,52.329296
2015-05-06,53.529999,53.919998,52.98,53.700001,314200,53.160863
2015-05-05,53.299999,53.98,53.130001,53.23,384100,52.695581
2015-05-04,52.82,53.52,52.59,53.400002,295800,52.863876
2015-05-01,53.450001,53.720001,52.459999,52.790001,349500,52.26
2015-04-30,52.529999,54.049999,52.529999,53.34,677600,52.804477
2015-04-29,51.889999,53.02,51.84,52.709999,487800,52.180801
2015-04-28,51.619999,52.18,51.380001,51.93,411400,51.408633
2015-04-27,51.93,52.220001,50.91,51.419998,482100,50.903751
2015-04-24,52.790001,53.77,52.09,52.169998,535900,51.646221
2015-04-23,52.59,53.200001,52.330002,53.029999,362100,52.497588
2015-04-22,52.240002,52.700001,51.77,52.630001,509400,52.101606
2015-04-21,53.220001,53.23,52.23,52.349998,266400,51.824415
2015-04-20,52.580002,53.34,52.34,52.950001,262900,52.418393
