Date,Open,High,Low,Close,Volume,Adj Close
2015-10-15,29.700001,29.75,29.27,29.709999,112600,29.709999
2015-10-14,29.709999,29.969999,29.57,29.639999,129000,29.639999
2015-10-13,29.860001,30.139999,29.40,29.77,152700,29.77
2015-10-12,30.059999,30.139999,29.82,30.02,224200,30.02
2015-10-09,30.639999,32.02,29.889999,30.059999,322500,30.059999
2015-10-08,30.040001,30.23,29.68,30.07,262200,30.07
2015-10-07,29.610001,30.139999,29.389999,30.120001,459200,30.120001
2015-10-06,29.66,29.85,29.40,29.49,149100,29.49
2015-10-05,28.98,29.75,28.98,29.719999,226300,29.719999
2015-10-02,28.09,28.68,28.00,28.68,225500,28.68
2015-10-01,28.73,28.879999,28.120001,28.280001,262700,28.280001
2015-09-30,28.940001,29.01,28.43,28.790001,279700,28.790001
2015-09-29,28.799999,29.09,28.40,28.540001,214500,28.540001
2015-09-28,29.139999,29.34,28.74,28.799999,181000,28.799999
2015-09-25,29.82,29.91,29.18,29.23,271700,29.23
2015-09-24,30.00,30.10,29.40,29.620001,209800,29.620001
2015-09-23,30.49,30.60,30.059999,30.129999,118500,30.129999
2015-09-22,30.700001,31.02,30.389999,30.42,206300,30.42
2015-09-21,31.02,31.09,30.75,30.879999,186700,30.879999
2015-09-18,30.83,31.200001,30.700001,30.790001,356400,30.790001
2015-09-17,31.18,31.780001,31.08,31.18,465100,31.18
2015-09-16,30.690001,31.24,30.68,31.15,278000,31.15
2015-09-15,31.18,31.200001,30.700001,30.780001,324800,30.780001
2015-09-14,31.57,31.57,31.07,31.24,199800,31.24
2015-09-11,31.76,31.940001,31.52,31.860001,288900,31.485
2015-09-10,31.690001,32.18,31.57,31.90,232700,31.524529
2015-09-09,32.509998,32.810001,31.629999,31.719999,211200,31.346647
2015-09-08,32.549999,32.619999,32.150002,32.299999,279500,31.91982
2015-09-04,32.509998,32.91,32.099998,32.25,85400,31.870409
2015-09-03,33.110001,33.240002,32.799999,32.830002,177600,32.443585
2015-09-02,33.009998,33.150002,32.669998,33.130001,160600,32.740053
2015-09-01,32.540001,33.040001,32.540001,32.82,294000,32.4337
2015-08-31,33.43,33.779999,33.00,33.02,234400,32.631347
2015-08-28,33.290001,33.779999,33.240002,33.59,196200,33.194638
2015-08-27,33.16,33.740002,32.82,33.380001,486000,32.98711
2015-08-26,33.240002,33.240002,32.650002,33.02,321500,32.631347
2015-08-25,34.189999,34.189999,32.619999,32.66,364200,32.275584
2015-08-24,33.360001,34.279999,33.34,33.41,563000,33.016756
2015-08-21,34.880001,35.200001,34.459999,34.52,178300,34.113691
2015-08-20,35.580002,36.040001,35.299999,35.34,135800,34.92404
2015-08-19,35.939999,36.139999,35.52,35.799999,160500,35.378624
2015-08-18,35.889999,36.119999,35.599998,36.099998,159000,35.675093
2015-08-17,35.759998,35.970001,35.470001,35.959999,164900,35.536741
2015-08-14,35.549999,35.869999,35.439999,35.869999,116900,35.4478
2015-08-13,35.25,35.889999,35.080002,35.639999,164400,35.220508
2015-08-12,34.880001,35.279999,34.860001,35.25,164400,34.835099
2015-08-11,34.959999,35.34,34.959999,35.130001,99400,34.716512
2015-08-10,35.169998,35.259998,34.950001,35.139999,165600,34.726393
2015-08-07,34.880001,35.18,34.709999,35.00,171400,34.588041
2015-08-06,35.040001,35.349998,34.810001,35.00,243700,34.588041
2015-08-05,35.279999,35.279999,34.880001,35.110001,139000,34.696747
2015-08-04,35.119999,35.200001,34.959999,35.060001,203300,34.647336
2015-08-03,34.98,35.34,34.849998,35.07,285000,34.657217
2015-07-31,34.860001,35.240002,34.860001,35.009998,180700,34.597922
2015-07-30,34.41,34.73,34.169998,34.599998,218000,34.192748
2015-07-29,34.34,34.84,34.080002,34.540001,257900,34.133457
2015-07-28,34.029999,34.700001,33.740002,34.470001,225700,34.064281
2015-07-27,33.48,33.82,33.48,33.740002,173100,33.342873
2015-07-24,33.439999,33.73,33.369999,33.599998,210600,33.204518
2015-07-23,34.099998,34.360001,33.380001,33.549999,157700,33.155107
2015-07-22,33.889999,34.310001,33.869999,34.040001,176300,33.639342
2015-07-21,34.32,34.610001,33.950001,34.080002,157000,33.678872
2015-07-20,34.369999,34.549999,34.09,34.389999,121500,33.985221
2015-07-17,34.93,34.93,34.310001,34.360001,185000,33.955575
2015-07-16,35.18,35.18,34.830002,35.00,114400,34.588041
2015-07-15,34.84,35.189999,34.66,34.91,105900,34.4991
2015-07-14,35.099998,35.25,34.82,34.84,110300,34.429925
2015-07-13,35.099998,35.360001,34.900002,35.139999,136400,34.726393
2015-07-10,35.650002,35.860001,35.029999,35.040001,197100,34.627571
2015-07-09,36.099998,36.34,35.310001,35.450001,123200,35.032745
2015-07-08,35.82,35.990002,35.59,35.799999,183500,35.378624
2015-07-07,35.82,36.150002,35.52,35.900002,177000,35.47745
2015-07-06,35.540001,35.849998,35.369999,35.700001,166200,35.279803
2015-07-02,35.610001,36.110001,35.470001,35.639999,122400,35.220508
2015-07-01,35.41,35.68,35.25,35.509998,149000,35.092037
2015-06-30,35.950001,35.950001,35.25,35.32,201800,34.904275
2015-06-29,36.419998,36.59,35.720001,35.740002,168100,35.319333
2015-06-26,36.040001,36.509998,35.98,36.459999,537500,36.030856
2015-06-25,36.279999,36.32,35.91,36.080002,119200,35.655331
2015-06-24,36.389999,36.509998,36.18,36.200001,193500,35.773918
2015-06-23,36.34,36.490002,36.029999,36.419998,151200,35.991326
2015-06-22,36.630001,36.66,36.290001,36.43,140300,36.00121
2015-06-19,36.84,36.939999,36.389999,36.580002,282500,36.149446
2015-06-18,36.25,36.77,36.150002,36.759998,212300,36.327324
2015-06-17,36.040001,36.259998,35.810001,36.139999,199600,35.714623
2015-06-16,35.450001,36.119999,35.450001,35.919998,201400,35.497211
2015-06-15,35.580002,35.77,35.290001,35.419998,179900,35.003096
2015-06-12,35.740002,35.830002,35.619999,35.790001,104900,35.368744
2015-06-11,35.799999,35.860001,35.599998,35.740002,273100,35.319333
2015-06-10,35.950001,36.220001,35.650002,35.669998,257200,35.250153
2015-06-09,35.919998,36.049999,35.75,35.77,239600,35.348979
2015-06-08,36.099998,36.119999,35.689999,35.959999,278900,35.536741
2015-06-05,36.099998,36.279999,36.009998,36.130001,271700,35.704742
2015-06-04,36.279999,36.459999,36.099998,36.130001,212200,35.704742
2015-06-03,36.459999,36.75,36.310001,36.66,278700,35.857917
2015-06-02,36.099998,36.549999,36.060001,36.509998,237800,35.711198
2015-06-01,36.369999,36.50,36.049999,36.220001,201300,35.427545
2015-05-29,36.360001,36.540001,36.080002,36.279999,227300,35.48623
2015-05-28,36.360001,36.650002,36.150002,36.450001,204100,35.652513
2015-05-27,36.16,36.540001,36.049999,36.52,199500,35.720981
2015-05-26,36.07,36.360001,36.02,36.099998,204400,35.310168
2015-05-22,36.00,36.41,35.740002,36.130001,167500,35.339514
2015-05-21,36.27,36.52,35.689999,36.099998,217200,35.310168
2015-05-20,36.25,36.549999,36.00,36.23,271900,35.437325
2015-05-19,35.529999,36.240002,35.279999,36.130001,237600,35.339514
2015-05-18,35.439999,35.689999,35.32,35.560001,248500,34.781986
2015-05-15,35.639999,35.84,35.43,35.630001,105800,34.850454
2015-05-14,35.220001,35.73,35.130001,35.549999,148200,34.772202
2015-05-13,35.759998,35.990002,35.00,35.040001,143500,34.273362
2015-05-12,35.900002,36.110001,35.099998,35.509998,175600,34.733077
2015-05-11,36.560001,36.759998,35.959999,36.009998,161200,35.222137
2015-05-08,36.529999,36.860001,36.400002,36.540001,216200,35.740544
2015-05-07,35.950001,36.459999,35.82,36.099998,178900,35.310168
2015-05-06,36.040001,36.369999,35.779999,36.009998,131600,35.222137
2015-05-05,36.68,36.98,35.830002,35.900002,215100,35.114547
2015-05-04,37.02,37.48,36.639999,36.68,115300,35.87748
2015-05-01,36.810001,38.459999,36.57,37.029999,269700,36.219821
2015-04-30,37.32,37.869999,36.889999,36.91,311700,36.102448
2015-04-29,37.93,38.09,37.50,37.549999,171700,36.728444
2015-04-28,37.369999,38.200001,37.259998,38.099998,207800,37.26641
2015-04-27,37.790001,37.91,37.150002,37.439999,226300,36.62085
2015-04-24,37.290001,37.669998,37.09,37.619999,232400,36.796913
2015-04-23,37.27,37.41,36.900002,37.16,372900,36.346978
2015-04-22,37.509998,38.23,36.939999,37.470001,304000,36.650197
2015-04-21,38.349998,38.610001,38.040001,38.119999,147500,37.285973
2015-04-20,38.23,38.52,38.169998,38.25,146500,37.41313
