Date,Open,High,Low,Close,Volume,Adj Close
2015-10-15,98.110001,98.489998,97.43,98.279999,5758200,98.279999
2015-10-14,97.769997,98.209999,97.410004,97.489998,4229100,97.489998
2015-10-13,98.959999,99.160004,97.889999,97.919998,5029800,97.919998
2015-10-12,98.949997,100.099998,98.690002,99.139999,4567700,99.139999
2015-10-09,98.900002,99.620003,98.809998,99.470001,5580200,99.470001
2015-10-08,97.599998,99.010002,97.599998,98.970001,4678900,98.970001
2015-10-07,97.190002,98.989998,97.080002,98.519997,6528200,98.519997
2015-10-06,97.959999,98.00,96.730003,97.07,7058900,97.07
2015-10-05,94.910004,95.980003,94.589996,95.809998,5668500,95.809998
2015-10-02,93.169998,94.220001,92.529999,94.160004,5129200,94.160004
2015-10-01,94.199997,94.50,93.129997,93.849998,5054200,93.849998
2015-09-30,94.059998,94.400002,93.529999,94.300003,5810900,94.300003
2015-09-29,92.550003,93.360001,92.309998,93.040001,5606000,93.040001
2015-09-28,92.970001,93.650002,92.199997,92.470001,4642300,92.470001
2015-09-25,92.940002,94.18,92.669998,93.470001,4883200,93.470001
2015-09-24,91.889999,92.860001,91.449997,92.470001,3974300,92.470001
2015-09-23,92.269997,92.699997,91.860001,92.400002,3401600,92.400002
2015-09-22,92.989998,93.080002,91.949997,92.370003,4546400,92.370003
2015-09-21,93.32,94.269997,93.230003,93.709999,3651200,93.709999
2015-09-18,92.190002,93.629997,91.790001,93.050003,9545300,93.050003
2015-09-17,93.309998,94.370003,92.610001,93.370003,5214000,93.370003
2015-09-16,92.349998,93.32,92.150002,93.07,4150300,93.07
2015-09-15,91.669998,92.339996,91.150002,92.059998,3699300,92.059998
2015-09-14,91.620003,91.639999,90.989998,91.199997,4377300,91.199997
2015-09-11,90.919998,91.639999,90.690002,91.620003,4056100,91.620003
2015-09-10,90.50,91.699997,90.43,91.059998,3896100,91.059998
2015-09-09,93.040001,93.080002,90.50,90.830002,4443700,90.830002
2015-09-08,91.93,92.400002,91.580002,92.370003,3605000,92.370003
2015-09-04,91.00,91.540001,90.639999,90.919998,5653600,90.919998
2015-09-03,92.00,92.75,91.879997,92.129997,3774100,92.129997
2015-09-02,91.379997,92.160004,90.870003,91.639999,5935400,91.639999
2015-09-01,91.120003,92.160004,90.879997,91.330002,8367800,90.627003
2015-08-31,92.940002,93.330002,92.639999,92.93,5328000,92.214686
2015-08-28,93.00,93.839996,92.779999,93.529999,6002300,92.810066
2015-08-27,93.50,93.989998,91.860001,93.599998,6690000,92.879527
2015-08-26,91.720001,92.629997,89.690002,92.489998,7614100,91.778071
2015-08-25,94.139999,94.139999,89.550003,89.639999,8258100,88.950009
2015-08-24,91.580002,92.330002,76.480003,91.830002,13366900,91.123155
2015-08-21,97.199997,97.599998,96.099998,96.25,7514400,95.509131
2015-08-20,98.309998,98.599998,97.980003,97.980003,3956800,97.225818
2015-08-19,99.379997,99.68,98.639999,98.989998,3903500,98.228038
2015-08-18,99.50,100.419998,99.50,99.769997,4578500,99.002033
2015-08-17,98.82,100.089996,98.75,99.860001,3253100,99.091344
2015-08-14,98.830002,99.269997,98.699997,99.230003,3375600,98.466196
2015-08-13,98.400002,99.230003,98.029999,98.790001,4190600,98.02958
2015-08-12,98.040001,98.43,97.00,98.379997,3743300,97.622733
2015-08-11,98.599998,98.75,98.150002,98.620003,3581300,97.860891
2015-08-10,99.519997,99.699997,98.889999,99.089996,4753700,98.327267
2015-08-07,99.010002,99.449997,98.720001,99.099998,4608300,98.337192
2015-08-06,99.660004,100.610001,99.099998,99.150002,6224000,98.38681
2015-08-05,98.019997,99.349998,97.889999,99.190002,4320400,98.426503
2015-08-04,97.300003,98.00,97.18,97.809998,3955000,97.05712
2015-08-03,96.190002,97.480003,96.169998,97.449997,3711100,96.699891
2015-07-31,97.169998,97.169998,96.199997,96.349998,5049600,95.608359
2015-07-30,96.18,96.879997,96.150002,96.629997,3380700,95.886203
2015-07-29,96.18,96.769997,96.050003,96.529999,3851100,95.786974
2015-07-28,96.230003,96.230003,95.639999,96.110001,4937100,95.370209
2015-07-27,96.029999,96.419998,95.330002,95.660004,4783400,94.923676
2015-07-24,96.669998,96.889999,96.089996,96.18,3631700,95.43967
2015-07-23,97.00,97.370003,96.459999,96.870003,2742900,96.124361
2015-07-22,97.019997,97.480003,96.800003,97.169998,3371300,96.422047
2015-07-21,97.480003,97.480003,96.839996,96.93,3065400,96.183897
2015-07-20,97.080002,97.480003,96.800003,97.309998,3391800,96.560969
2015-07-17,96.540001,96.82,96.050003,96.779999,3573300,96.03505
2015-07-16,97.089996,97.339996,96.870003,96.900002,4253000,96.154129
2015-07-15,97.07,97.339996,96.32,96.349998,5464700,95.608359
2015-07-14,97.400002,97.480003,96.730003,97.129997,4479400,96.382354
2015-07-13,96.300003,97.489998,96.160004,97.220001,7263800,96.471665
2015-07-10,95.419998,96.269997,95.010002,95.550003,7233600,94.814522
2015-07-09,97.339996,97.349998,94.080002,94.589996,9932300,93.861905
2015-07-08,95.709999,96.279999,95.510002,95.610001,6055100,94.874058
2015-07-07,94.779999,96.660004,94.540001,96.400002,7724800,95.657978
2015-07-06,94.040001,94.919998,94.010002,94.400002,4952400,93.673372
2015-07-02,94.599998,94.980003,94.209999,94.660004,3209600,93.931373
2015-07-01,93.800003,94.57,93.550003,94.519997,4808600,93.792444
2015-06-30,94.510002,94.699997,93.260002,93.339996,4188500,92.621526
2015-06-29,94.400002,94.760002,93.620003,93.690002,3625600,92.968838
2015-06-26,95.099998,95.449997,94.830002,94.910004,5119600,94.179449
2015-06-25,95.75,95.989998,94.830002,94.830002,4426400,94.100063
2015-06-24,95.260002,95.769997,95.260002,95.290001,4742000,94.556521
2015-06-23,95.610001,95.739998,95.139999,95.599998,3679900,94.864132
2015-06-22,95.00,95.879997,95.00,95.599998,3626700,94.864132
2015-06-19,94.879997,95.309998,94.720001,94.860001,5463300,94.129831
2015-06-18,94.330002,95.519997,94.120003,95.230003,4035400,94.496985
2015-06-17,93.57,94.269997,93.25,94.050003,3108900,93.326068
2015-06-16,92.769997,93.709999,92.580002,93.550003,2728700,92.829917
2015-06-15,93.269997,93.419998,92.540001,92.639999,7203000,91.926917
2015-06-12,93.959999,94.07,93.440002,93.739998,3748500,93.018449
2015-06-11,94.00,94.290001,93.889999,94.089996,3020100,93.365753
2015-06-10,93.370003,94.080002,93.129997,93.690002,3892000,92.968838
2015-06-09,92.800003,93.32,92.720001,93.07,3411900,92.353608
2015-06-08,93.300003,93.410004,92.739998,92.839996,4466600,92.125375
2015-06-05,93.870003,93.980003,92.900002,93.050003,4741200,92.333765
2015-06-04,95.010002,95.620003,94.120003,94.139999,4793700,93.415371
2015-06-03,95.82,96.00,95.150002,95.300003,3248800,94.566446
2015-06-02,95.629997,96.349998,95.370003,96.050003,3959800,94.613084
2015-06-01,96.589996,96.589996,95.639999,95.970001,4407000,94.534279
2015-05-29,97.209999,97.239998,95.940002,96.43,5731700,94.987397
2015-05-28,96.550003,97.389999,95.93,97.059998,5321700,95.607969
2015-05-27,95.989998,96.580002,95.709999,96.379997,4028200,94.938142
2015-05-26,96.059998,96.279999,95.50,95.790001,3806200,94.356972
2015-05-22,97.209999,97.209999,96.230003,96.260002,3311100,94.819942
2015-05-21,97.400002,97.790001,96.900002,97.199997,3406100,95.745874
2015-05-20,98.00,98.330002,97.68,97.690002,2789800,96.228549
2015-05-19,97.940002,98.339996,97.57,97.949997,3323900,96.484654
2015-05-18,98.010002,98.330002,97.669998,98.050003,3328300,96.583164
2015-05-15,97.830002,98.440002,97.75,98.220001,3809500,96.750619
2015-05-14,96.839996,98.00,96.739998,98.00,4018500,96.533909
2015-05-13,96.269997,96.959999,96.169998,96.410004,3739800,94.967699
2015-05-12,96.00,96.379997,95.00,96.199997,4229900,94.760834
2015-05-11,96.269997,97.099998,96.120003,96.349998,3070300,94.908592
2015-05-08,95.910004,96.610001,95.550003,96.550003,5231600,95.105604
2015-05-07,95.150002,95.669998,94.949997,95.150002,3157400,93.726547
2015-05-06,95.919998,95.970001,94.949997,95.480003,3376400,94.051612
2015-05-05,96.019997,96.169998,95.239998,95.419998,3502800,93.992504
2015-05-04,95.449997,96.25,95.260002,95.949997,3729400,94.514574
2015-05-01,95.160004,95.620003,94.760002,95.559998,4622300,94.130409
2015-04-30,94.160004,95.330002,93.760002,95.120003,6714400,93.696997
2015-04-29,94.220001,94.470001,93.260002,94.379997,4963600,92.968062
2015-04-28,94.739998,94.769997,94.019997,94.419998,5065900,93.007465
2015-04-27,95.169998,95.269997,94.459999,94.489998,5348500,93.076417
2015-04-24,95.709999,95.709999,94.510002,95.169998,5381700,93.746245
2015-04-23,96.669998,97.440002,95.449997,95.730003,7827700,94.297872
2015-04-22,97.25,97.639999,96.68,97.279999,5293600,95.824679
2015-04-21,97.199997,97.559998,96.540001,96.779999,4184300,95.332159
2015-04-20,96.260002,96.940002,96.239998,96.50,4468600,95.056349
