Date,Open,High,Low,Close,Volume,Adj Close
2015-10-16,102.040001,102.099998,99.610001,100.620003,1631600,100.620003
2015-10-15,102.639999,102.639999,99.900002,102.370003,1675600,102.370003
2015-10-14,103.220001,103.919998,101.209999,102.300003,1444900,102.300003
2015-10-13,105.599998,105.860001,103.290001,103.559998,1680900,103.559998
2015-10-12,106.099998,106.529999,105.580002,106.330002,1042600,106.330002
2015-10-09,107.699997,107.790001,105.790001,105.860001,1445200,105.860001
2015-10-08,103.559998,107.860001,103.400002,106.809998,1500300,106.809998
2015-10-07,103.290001,106.360001,102.50,104.040001,1423400,104.040001
2015-10-06,101.940002,103.610001,101.480003,102.480003,1060900,102.480003
2015-10-05,98.199997,102.459999,98.199997,102.129997,1583600,102.129997
2015-10-02,94.650002,98.150002,93.470001,98.139999,1610600,98.139999
2015-10-01,96.949997,98.559998,95.230003,96.050003,1508000,96.050003
2015-09-30,97.849998,98.209999,95.099998,97.300003,1521700,97.300003
2015-09-29,95.330002,97.239998,94.639999,96.50,1497400,96.50
2015-09-28,95.870003,96.400002,94.779999,94.870003,1361800,94.870003
2015-09-25,98.75,98.769997,96.410004,96.720001,1691000,96.720001
2015-09-24,98.690002,98.709999,94.93,97.910004,2495200,97.910004
2015-09-23,101.980003,102.309998,100.489998,100.589996,1800000,100.589996
2015-09-22,101.089996,102.220001,100.43,101.720001,1704900,101.720001
2015-09-21,102.440002,103.389999,101.839996,102.480003,1316500,102.480003
2015-09-18,105.139999,105.139999,101.699997,101.940002,2622100,101.940002
2015-09-17,108.669998,109.010002,106.32,106.68,1435800,106.68
2015-09-16,108.010002,109.089996,107.589996,108.849998,1295100,108.849998
2015-09-15,105.32,108.43,105.089996,108.169998,1451400,108.169998
2015-09-14,105.980003,105.980003,104.389999,104.940002,1116900,104.940002
2015-09-11,104.870003,106.349998,104.559998,106.25,1141800,106.25
2015-09-10,105.279999,106.019997,104.489998,105.150002,893300,105.150002
2015-09-09,108.050003,108.139999,105.25,105.470001,1078200,105.470001
2015-09-08,105.879997,107.129997,105.269997,107.010002,967900,107.010002
2015-09-04,103.709999,104.449997,103.120003,103.800003,1053800,103.800003
2015-09-03,106.370003,107.410004,105.019997,105.279999,1819000,105.279999
2015-09-02,107.110001,107.110001,105.199997,106.559998,1743700,106.559998
2015-09-01,105.139999,106.959999,105.00,105.68,2769300,105.68
2015-08-31,106.580002,108.349998,105.889999,107.660004,1503100,107.660004
2015-08-28,106.639999,108.029999,106.07,106.980003,1666200,106.980003
2015-08-27,104.43,107.230003,103.650002,107.209999,2300200,107.209999
2015-08-26,100.970001,103.129997,100.309998,103.080002,3184100,103.080002
2015-08-25,105.279999,108.199997,100.379997,100.419998,2654400,99.790001
2015-08-24,100.970001,106.459999,99.739998,102.650002,2692900,102.006014
2015-08-21,107.050003,108.419998,105.93,106.010002,2438300,105.344935
2015-08-20,110.300003,111.07,108.110001,108.160004,1633300,107.481448
2015-08-19,112.110001,112.160004,110.610001,111.300003,976200,110.601748
2015-08-18,112.639999,113.389999,112.110001,112.75,948100,112.042649
2015-08-17,113.00,113.07,111.519997,112.610001,1210400,111.903527
2015-08-14,113.379997,114.730003,113.059998,113.669998,1007000,112.956875
2015-08-13,112.830002,113.949997,112.019997,113.279999,1274000,112.569322
2015-08-12,111.669998,113.669998,110.870003,113.230003,1896000,112.519641
2015-08-11,113.629997,113.779999,112.300003,112.589996,1918800,111.883649
2015-08-10,112.260002,114.989998,112.150002,114.790001,2245200,114.069851
2015-08-07,111.019997,112.400002,110.620003,111.199997,1846700,110.50237
2015-08-06,110.93,112.25,110.389999,111.019997,3114900,110.323499
2015-08-05,108.169998,112.080002,108.169998,110.800003,5107400,110.104885
2015-08-04,111.199997,112.849998,107.519997,107.900002,8477700,107.223077
2015-08-03,112.75,112.830002,111.269997,112.410004,1988300,111.704785
2015-07-31,113.169998,113.480003,112.559998,112.75,1565500,112.042649
2015-07-30,111.300003,112.809998,110.93,112.580002,1075600,111.873717
2015-07-29,109.75,112.07,109.339996,111.730003,1651000,111.029051
2015-07-28,109.669998,110.040001,109.330002,109.75,1919400,109.061469
2015-07-27,109.169998,109.639999,108.769997,109.160004,990000,108.475174
2015-07-24,110.970001,110.970001,109.650002,110.029999,1118700,109.339712
2015-07-23,111.32,112.50,110.699997,110.919998,1101000,110.224127
2015-07-22,111.809998,112.339996,111.32,111.50,968400,110.800491
2015-07-21,113.089996,113.099998,111.790001,112.07,1690000,111.366914
2015-07-20,113.160004,113.82,112.669998,113.599998,543900,112.887314
2015-07-17,114.089996,114.419998,112.889999,113.199997,644500,112.489822
2015-07-16,113.440002,114.599998,113.440002,114.089996,694000,113.374238
2015-07-15,114.410004,114.519997,112.720001,113.040001,892300,112.33083
2015-07-14,113.639999,114.889999,113.040001,114.620003,1058500,113.90092
2015-07-13,113.82,114.449997,113.599998,113.889999,1424000,113.175496
2015-07-10,113.760002,114.00,112.150002,113.239998,1190200,112.529572
2015-07-09,114.510002,114.510002,112.949997,113.010002,1071900,112.30102
2015-07-08,114.879997,115.199997,112.209999,112.75,1648000,112.042649
2015-07-07,115.019997,115.989998,113.370003,115.650002,1527700,114.924457
2015-07-06,115.290001,116.519997,114.769997,115.309998,722500,114.586586
2015-07-02,117.559998,117.980003,115.870003,116.309998,866400,115.580312
2015-07-01,117.07,117.32,116.489998,117.150002,1103800,116.415046
2015-06-30,116.940002,117.620003,116.089996,116.330002,1396100,115.600191
2015-06-29,116.620003,117.190002,115.650002,115.68,2023300,114.954267
2015-06-26,118.230003,118.379997,117.639999,118.169998,914300,117.428644
2015-06-25,119.440002,119.639999,118.050003,118.239998,990500,117.498204
2015-06-24,118.669998,119.68,118.540001,119.540001,968400,118.790052
2015-06-23,119.010002,119.489998,118.370003,118.839996,940600,118.094438
2015-06-22,118.970001,119.440002,118.660004,119.129997,640600,118.38262
2015-06-19,118.720001,118.970001,118.199997,118.519997,1584700,117.776446
2015-06-18,118.849998,119.459999,118.209999,118.839996,1037100,118.094438
2015-06-17,118.410004,118.720001,117.599998,118.360001,1104700,117.617454
2015-06-16,118.230003,118.529999,117.370003,118.059998,1038000,117.319333
2015-06-15,117.910004,118.839996,117.400002,118.199997,1321000,117.458454
2015-06-12,119.739998,120.18,118.739998,119.169998,991300,118.42237
2015-06-11,120.589996,120.959999,119.900002,120.209999,868300,119.455846
2015-06-10,119.93,120.349998,118.940002,120.209999,1283600,119.455846
2015-06-09,118.910004,120.120003,118.720001,119.160004,926100,118.412438
2015-06-08,119.419998,119.459999,118.620003,118.919998,1054400,118.173938
2015-06-05,119.32,119.900002,118.57,119.769997,859000,119.018604
2015-06-04,120.699997,121.169998,119.330002,119.529999,1348800,118.780112
2015-06-03,121.129997,122.139999,120.519997,121.25,1029900,120.489323
2015-06-02,120.160004,121.779999,119.510002,120.650002,1194700,119.893088
2015-06-01,120.709999,120.919998,119.50,120.459999,1251100,119.704278
2015-05-29,122.089996,122.089996,119.889999,120.43,2201600,119.674467
2015-05-28,123.260002,123.419998,121.260002,122.269997,1152600,121.50292
2015-05-27,122.599998,123.50,121.75,123.349998,968300,122.576147
2015-05-26,124.419998,124.50,122.349998,122.629997,1027000,121.860662
2015-05-22,125.169998,125.279999,124.309998,124.739998,938400,123.957426
2015-05-21,122.779999,125.330002,122.75,125.150002,2117900,124.364857
2015-05-20,122.139999,123.050003,121.620003,122.709999,912800,121.940162
2015-05-19,122.620003,122.870003,121.089996,122.110001,828700,121.343928
2015-05-18,122.080002,122.919998,120.900002,122.709999,1033700,121.940162
2015-05-15,124.470001,124.75,121.629997,122.330002,1136000,121.562549
2015-05-14,124.360001,124.730003,123.690002,124.589996,873900,123.808365
2015-05-13,121.879997,123.790001,121.650002,123.169998,1109300,122.397276
2015-05-12,121.75,122.059998,120.870003,121.620003,864600,120.857004
2015-05-11,121.870003,123.00,121.760002,122.290001,1020000,121.522799
2015-05-08,122.410004,122.980003,121.220001,121.489998,1288900,120.727815
2015-05-07,121.019997,121.449997,120.339996,120.959999,1026900,120.201141
2015-05-06,121.650002,121.93,120.360001,121.059998,1527100,120.300512
2015-05-05,121.980003,124.099998,121.610001,122.220001,2814700,120.82719
2015-05-04,120.959999,121.989998,120.660004,121.629997,1248000,120.24391
2015-05-01,120.089996,121.389999,119.449997,120.699997,1308400,119.324508
2015-04-30,118.980003,119.68,118.440002,119.360001,1731600,117.999782
2015-04-29,118.019997,120.860001,117.029999,119.68,2248500,118.316135
2015-04-28,119.00,120.790001,117.029999,120.279999,4189000,118.909296
2015-04-27,122.730003,124.980003,122.57,124.889999,1742600,123.466762
2015-04-24,123.080002,123.25,121.949997,122.489998,836300,121.09411
2015-04-23,123.559998,124.18,122.410004,123.43,1166900,122.023401
2015-04-22,122.150002,123.57,121.18,123.470001,1457500,122.062946
2015-04-21,122.790001,123.099998,121.459999,122.139999,980400,120.7481
2015-04-20,122.410004,123.43,122.050003,122.830002,1300800,121.43024
