Date,Open,High,Low,Close,Volume,Adj Close
2015-10-09,121.00,121.559998,119.360001,120.410004,601700,120.410004
2015-10-08,120.269997,121.629997,119.68,121.00,576400,121.00
2015-10-07,118.75,120.290001,117.989998,120.260002,1025600,120.260002
2015-10-06,119.900002,120.470001,118.120003,118.75,936000,118.75
2015-10-05,119.510002,121.970001,118.959999,119.769997,1139000,119.769997
2015-10-02,117.099998,118.75,115.900002,118.449997,1032900,118.449997
2015-10-01,120.339996,120.809998,115.629997,118.190002,1119400,118.190002
2015-09-30,119.82,120.489998,119.25,119.870003,697200,119.870003
2015-09-29,118.580002,119.349998,117.379997,118.68,648900,118.68
2015-09-28,122.269997,122.690002,117.010002,118.18,892800,118.18
2015-09-25,123.800003,124.370003,122.449997,122.989998,912500,122.989998
2015-09-24,119.650002,124.199997,119.010002,122.730003,1250300,122.730003
2015-09-23,126.129997,126.360001,120.150002,120.290001,1266900,120.290001
2015-09-22,124.620003,126.25,124.290001,126.040001,775500,126.040001
2015-09-21,127.800003,128.550003,126.059998,126.379997,740100,126.379997
2015-09-18,128.639999,128.869995,126.339996,126.800003,790000,126.800003
2015-09-17,131.029999,131.50,129.720001,129.949997,585200,129.949997
2015-09-16,129.100006,131.710007,128.839996,131.229996,453300,131.229996
2015-09-15,127.309998,129.679993,127.050003,129.139999,353600,129.139999
2015-09-14,127.760002,128.949997,126.900002,127.25,420700,127.25
2015-09-11,127.339996,127.910004,125.82,127.860001,461800,127.860001
2015-09-10,127.410004,129.399994,127.400002,127.839996,516300,127.839996
2015-09-09,132.320007,132.320007,126.050003,127.669998,1247900,127.669998
2015-09-08,132.449997,134.589996,131.380005,133.630005,712300,133.630005
2015-09-04,131.089996,132.380005,129.759995,130.149994,523400,130.149994
2015-09-03,131.690002,134.809998,130.850006,132.990005,1067200,132.990005
2015-09-02,127.449997,129.619995,126.779999,129.559998,818400,129.559998
2015-09-01,127.419998,129.160004,125.730003,125.940002,921900,125.940002
2015-08-31,130.529999,131.630005,129.449997,129.869995,651700,129.869995
2015-08-28,130.009995,131.820007,128.860001,131.220001,509300,131.220001
2015-08-27,128.080002,131.00,127.730003,130.639999,568500,130.110002
2015-08-26,124.989998,127.120003,123.540001,126.75,823300,126.235784
2015-08-25,127.00,127.260002,122.660004,122.889999,795000,122.391443
2015-08-24,119.959999,126.970001,119.959999,122.949997,1265800,122.451197
2015-08-21,130.600006,131.179993,127.239998,128.580002,878600,128.058362
2015-08-20,134.199997,135.539993,131.570007,131.789993,645900,131.25533
2015-08-19,137.00,137.839996,134.75,135.039993,628200,134.492145
2015-08-18,138.949997,139.589996,136.389999,137.399994,435400,136.842572
2015-08-17,137.289993,139.770004,135.929993,138.809998,525200,138.246855
2015-08-14,137.649994,138.960007,136.800003,137.970001,405200,137.410267
2015-08-13,137.279999,138.809998,135.639999,137.399994,481000,136.842572
2015-08-12,135.50,137.350006,133.940002,136.970001,783800,136.414323
2015-08-11,138.020004,138.369995,136.850006,137.320007,625500,136.76291
2015-08-10,136.289993,139.880005,136.00,139.539993,735200,138.973889
2015-08-07,135.50,136.100006,134.820007,135.860001,558500,135.308826
2015-08-06,136.979996,136.979996,133.399994,135.529999,619300,134.980163
2015-08-05,134.369995,137.070007,133.789993,136.770004,806100,136.215138
2015-08-04,133.460007,134.210007,131.570007,133.220001,711500,132.679537
2015-08-03,137.050003,137.130005,132.949997,133.50,982900,132.9584
2015-07-31,137.660004,138.339996,135.809998,137.059998,741700,136.503955
2015-07-30,136.970001,137.839996,135.300003,137.070007,812200,136.513924
2015-07-29,136.830002,137.789993,135.100006,137.630005,1221000,137.07165
2015-07-28,137.710007,138.639999,134.919998,136.860001,1334200,136.304769
2015-07-27,138.820007,139.00,135.690002,136.539993,1358800,135.98606
2015-07-24,143.779999,143.889999,138.899994,139.649994,1313800,139.083444
2015-07-23,147.820007,147.820007,142.919998,143.149994,1690000,142.569244
2015-07-22,144.839996,148.309998,143.50,147.710007,3131000,147.110757
2015-07-21,153.809998,154.970001,152.350006,153.380005,858200,152.757753
2015-07-20,153.050003,153.300003,151.770004,152.929993,885000,152.309566
2015-07-17,153.75,154.990005,151.800003,152.330002,610100,151.71201
2015-07-16,154.350006,154.839996,152.559998,153.490005,609500,152.867307
2015-07-15,156.350006,156.350006,153.720001,154.270004,732400,153.644142
2015-07-14,152.309998,156.25,151.119995,155.339996,869500,154.709793
2015-07-13,152.190002,152.970001,151.25,152.210007,824500,151.592501
2015-07-10,149.789993,152.00,149.339996,151.050003,711700,150.437204
2015-07-09,149.050003,150.320007,148.179993,148.220001,512300,147.618683
2015-07-08,147.960007,148.979996,146.710007,147.649994,739900,147.050988
2015-07-07,148.169998,148.860001,145.570007,148.50,509500,147.897546
2015-07-06,147.240005,149.770004,146.75,148.380005,656300,147.778038
2015-07-02,149.789993,149.830002,147.940002,149.139999,385400,148.534949
2015-07-01,149.380005,149.970001,147.580002,148.690002,516500,148.086777
2015-06-30,147.679993,149.580002,146.830002,148.110001,796200,147.509129
2015-06-29,148.279999,149.649994,146.529999,146.740005,532800,146.144691
2015-06-26,150.270004,152.130005,149.809998,149.880005,581800,149.271952
2015-06-25,150.089996,150.869995,148.850006,149.100006,533300,148.495118
2015-06-24,151.509995,152.470001,150.089996,150.330002,323600,149.720123
2015-06-23,150.910004,152.50,149.949997,151.479996,581400,150.865452
2015-06-22,151.589996,151.889999,149.880005,150.529999,546400,149.919309
2015-06-19,150.880005,151.979996,150.619995,151.179993,831300,150.566666
2015-06-18,148.869995,151.559998,148.860001,150.639999,713200,150.028863
2015-06-17,145.919998,149.00,145.919998,148.869995,867600,148.26604
2015-06-16,144.740005,145.690002,144.00,145.119995,497100,144.531253
2015-06-15,144.869995,146.160004,144.029999,145.149994,669200,144.56113
2015-06-12,145.559998,145.929993,144.279999,145.800003,365100,145.208503
2015-06-11,144.610001,146.529999,144.029999,146.520004,847000,145.925583
2015-06-10,143.660004,144.880005,142.589996,143.850006,442000,143.266417
2015-06-09,143.910004,144.309998,142.009995,142.600006,706300,142.021488
2015-06-08,143.380005,144.850006,142.960007,143.630005,603200,143.047308
2015-06-05,143.50,144.699997,142.399994,144.460007,801400,143.873943
2015-06-04,145.50,146.229996,143.039993,143.639999,840400,143.057262
2015-06-03,144.220001,147.199997,143.360001,146.839996,586500,146.244277
2015-06-02,144.300003,145.259995,143.440002,143.550003,496400,142.967631
2015-06-01,143.169998,146.490005,142.199997,144.960007,691100,144.371914
2015-05-29,144.380005,145.449997,143.00,143.050003,888100,142.469659
2015-05-28,144.800003,145.389999,144.149994,144.860001,627000,144.272314
2015-05-27,145.589996,146.300003,144.050003,145.520004,649000,144.401786
2015-05-26,145.710007,146.089996,143.720001,145.50,632300,144.381936
2015-05-22,146.360001,147.160004,145.00,146.320007,595700,145.195642
2015-05-21,147.850006,149.619995,145.580002,146.380005,905100,145.255178
2015-05-20,141.889999,148.619995,141.889999,147.880005,2065100,146.743652
2015-05-19,142.580002,142.839996,140.110001,140.830002,766500,139.747823
2015-05-18,138.880005,142.990005,138.380005,141.880005,992700,140.789758
2015-05-15,139.460007,140.50,138.580002,139.990005,1034400,138.914282
2015-05-14,140.910004,140.910004,138.839996,139.960007,910100,138.884513
2015-05-13,141.679993,141.899994,138.759995,140.089996,1409800,139.013504
2015-05-12,141.860001,143.589996,139.949997,142.330002,599100,141.236297
2015-05-11,142.630005,143.800003,142.279999,142.949997,391600,141.851528
2015-05-08,141.330002,143.720001,140.490005,143.009995,886600,141.911064
2015-05-07,139.460007,140.800003,139.419998,140.00,475800,138.924199
2015-05-06,140.630005,141.460007,139.350006,139.759995,820700,138.686038
2015-05-05,141.50,142.639999,140.009995,140.139999,530700,139.063123
2015-05-04,140.110001,141.850006,139.550003,141.330002,816700,140.243981
2015-05-01,137.949997,139.949997,136.839996,139.509995,870400,138.437959
2015-04-30,139.740005,139.979996,136.160004,136.960007,1363300,135.907566
2015-04-29,141.929993,142.800003,140.050003,140.110001,831500,139.033355
2015-04-28,141.00,142.919998,140.240005,142.669998,749700,141.57368
2015-04-27,142.440002,143.00,140.399994,141.369995,781200,140.283667
2015-04-24,147.070007,147.070007,141.020004,141.589996,2229800,140.501978
2015-04-23,146.00,147.470001,143.389999,146.699997,2823300,145.572712
2015-04-22,139.550003,141.00,138.699997,140.979996,2017700,139.896664
2015-04-21,143.639999,143.639999,138.039993,138.610001,2787800,137.544881
2015-04-20,143.649994,145.600006,142.669998,144.789993,1095900,143.677385
2015-04-17,141.240005,143.360001,141.039993,142.550003,1527500,141.454607
2015-04-16,140.850006,142.779999,140.550003,141.880005,787600,140.789758
2015-04-15,140.320007,142.669998,138.850006,141.559998,1279700,140.472209
2015-04-14,140.00,141.289993,139.149994,140.00,1528600,138.924199
2015-04-13,143.729996,144.369995,141.449997,141.600006,464700,140.511911
