Date,Open,High,Low,Close,Volume,Adj Close
2015-10-09,13.20,13.35,12.58,12.84,3314900,12.84
2015-10-08,12.00,13.44,11.83,13.35,9222300,13.35
2015-10-07,11.20,11.46,11.16,11.44,1495600,11.44
2015-10-06,11.07,11.20,10.83,11.12,1205000,11.12
2015-10-05,10.78,11.07,10.73,11.04,1117200,11.04
2015-10-02,10.34,10.67,10.27,10.65,1540500,10.65
2015-10-01,10.45,10.60,10.23,10.42,945100,10.42
2015-09-30,10.26,10.49,10.24,10.48,1425800,10.48
2015-09-29,10.32,10.42,10.15,10.17,1601500,10.17
2015-09-28,10.13,10.34,10.12,10.32,988300,10.32
2015-09-25,10.30,10.38,10.15,10.18,814500,10.18
2015-09-24,10.06,10.25,10.02,10.20,740700,10.20
2015-09-23,10.14,10.18,9.99,10.09,601600,10.09
2015-09-22,10.19,10.28,10.06,10.13,606600,10.13
2015-09-21,10.31,10.49,10.26,10.31,711100,10.31
2015-09-18,10.32,10.51,10.21,10.24,1569600,10.24
2015-09-17,10.54,10.61,10.36,10.46,751800,10.46
2015-09-16,10.39,10.53,10.39,10.52,453700,10.52
2015-09-15,10.46,10.51,10.27,10.41,651000,10.41
2015-09-14,10.42,10.44,10.26,10.32,468700,10.32
2015-09-11,10.35,10.40,10.21,10.37,614200,10.37
2015-09-10,10.40,10.59,10.36,10.46,712100,10.46
2015-09-09,10.65,10.71,10.43,10.44,814500,10.44
2015-09-08,10.57,10.59,10.32,10.54,693100,10.54
2015-09-04,10.42,10.50,10.31,10.39,562100,10.39
2015-09-03,10.61,10.69,10.51,10.56,841400,10.56
2015-09-02,10.72,10.75,10.40,10.54,633600,10.54
2015-09-01,10.53,10.69,10.35,10.57,1394500,10.57
2015-08-31,10.75,10.84,10.61,10.76,703300,10.76
2015-08-28,10.74,10.86,10.72,10.79,602000,10.79
2015-08-27,10.69,10.83,10.55,10.81,1641000,10.81
2015-08-26,10.44,10.73,10.27,10.61,1434000,10.61
2015-08-25,10.67,10.73,10.21,10.22,1400800,10.22
2015-08-24,10.16,10.58,10.07,10.37,3482400,10.37
2015-08-21,10.37,10.63,10.36,10.43,1148100,10.43
2015-08-20,10.71,10.78,10.49,10.51,770800,10.51
2015-08-19,10.86,10.91,10.74,10.83,638500,10.83
2015-08-18,11.16,11.17,10.90,10.90,558400,10.90
2015-08-17,11.18,11.22,11.05,11.21,1145900,11.21
2015-08-14,11.10,11.29,11.07,11.24,933300,11.24
2015-08-13,11.14,11.28,11.03,11.14,1162600,11.14
2015-08-12,10.95,11.26,10.92,11.12,1586400,11.12
2015-08-11,11.20,11.30,10.99,11.02,1629200,11.02
2015-08-10,11.08,11.36,11.07,11.31,1473600,11.31
2015-08-07,10.84,11.08,10.84,11.05,1458900,11.05
2015-08-06,11.01,11.01,10.80,10.91,1169100,10.91
2015-08-05,11.00,11.13,10.94,10.99,991000,10.99
2015-08-04,10.99,11.07,10.83,10.90,1021000,10.90
2015-08-03,11.16,11.23,10.97,11.04,1656700,11.04
2015-07-31,11.25,11.47,11.24,11.38,2096700,11.38
2015-07-30,11.22,11.35,11.15,11.29,1713000,11.29
2015-07-29,11.14,11.28,11.04,11.24,1642600,11.24
2015-07-28,10.95,11.23,10.83,11.18,2278200,11.18
2015-07-27,11.15,11.27,10.84,10.90,2889000,10.90
2015-07-24,11.19,11.34,10.93,11.27,4606900,11.27
2015-07-23,11.12,11.27,10.48,11.25,4901300,11.25
2015-07-22,11.20,11.33,11.14,11.24,1911900,11.24
2015-07-21,11.37,11.51,11.19,11.24,1716200,11.24
2015-07-20,11.46,11.47,11.25,11.36,1904400,11.36
2015-07-17,11.64,11.73,11.39,11.45,1897500,11.45
2015-07-16,11.60,11.66,11.44,11.60,1731100,11.60
2015-07-15,11.47,11.59,11.41,11.51,1977200,11.51
2015-07-14,11.38,11.54,11.29,11.51,1443400,11.51
2015-07-13,11.26,11.45,11.21,11.40,904300,11.40
2015-07-10,11.23,11.35,11.18,11.26,1419600,11.26
2015-07-09,11.19,11.26,11.06,11.17,2252000,11.17
2015-07-08,10.88,11.11,10.87,11.09,2981700,11.09
2015-07-07,10.96,11.02,10.63,10.96,1968300,10.96
2015-07-06,11.06,11.18,10.93,10.98,1594400,10.98
2015-07-02,11.46,11.50,11.13,11.18,1547500,11.18
2015-07-01,11.50,11.60,11.26,11.45,3980400,11.45
2015-06-30,11.51,11.59,11.25,11.44,6128400,11.44
2015-06-29,11.34,11.58,11.18,11.44,4274500,11.44
2015-06-26,11.50,11.56,11.09,11.41,6105200,11.41
2015-06-25,11.58,11.74,11.46,11.54,2410200,11.54
2015-06-24,11.76,11.85,11.50,11.58,3036800,11.58
2015-06-23,11.80,11.99,11.77,11.86,2852400,11.86
2015-06-22,12.28,12.46,11.53,11.77,6216500,11.77
2015-06-19,13.17,13.18,12.74,12.86,3163400,12.86
2015-06-18,12.99,13.23,12.97,13.18,1204200,13.18
2015-06-17,13.17,13.18,12.92,12.96,1483900,12.96
2015-06-16,12.87,13.15,12.84,13.11,1021900,13.11
2015-06-15,12.74,12.90,12.38,12.84,3078700,12.84
2015-06-12,13.16,13.22,12.72,12.76,1891100,12.76
2015-06-11,13.60,13.69,13.31,13.38,1105200,13.38
2015-06-10,13.24,13.63,13.16,13.53,1022500,13.53
2015-06-09,13.22,13.24,13.05,13.15,627900,13.15
2015-06-08,13.44,13.47,13.16,13.21,598300,13.21
2015-06-05,13.32,13.48,13.22,13.47,681800,13.47
2015-06-04,13.49,13.55,13.32,13.35,680200,13.35
2015-06-03,13.44,13.61,13.36,13.57,714800,13.57
2015-06-02,13.41,13.56,13.33,13.40,587500,13.40
2015-06-01,13.52,13.57,13.23,13.44,912800,13.44
2015-05-29,13.43,13.70,13.35,13.47,1901300,13.47
2015-05-28,13.14,13.50,13.13,13.48,1181000,13.48
2015-05-27,13.10,13.18,13.02,13.14,1423900,13.14
2015-05-26,13.32,13.33,13.04,13.09,653100,13.09
2015-05-22,13.38,13.43,13.31,13.33,522200,13.33
2015-05-21,13.49,13.52,13.32,13.39,1224500,13.39
2015-05-20,13.60,13.65,13.45,13.49,974800,13.49
2015-05-19,13.73,13.78,13.51,13.57,616600,13.57
2015-05-18,13.48,13.78,13.45,13.73,880700,13.73
2015-05-15,13.49,13.53,13.41,13.47,538800,13.47
2015-05-14,13.36,13.54,13.29,13.54,737600,13.54
2015-05-13,13.60,13.61,13.21,13.33,1597600,13.33
2015-05-12,13.60,13.70,13.46,13.58,1274800,13.58
2015-05-11,13.47,13.73,13.33,13.71,1454500,13.71
2015-05-08,13.35,13.47,13.28,13.44,1213600,13.44
2015-05-07,13.19,13.35,13.14,13.27,1717500,13.27
2015-05-06,13.14,13.19,13.01,13.16,1324400,13.16
2015-05-05,13.07,13.17,13.00,13.08,1230700,13.08
2015-05-04,13.05,13.15,13.03,13.08,778900,13.08
2015-05-01,13.07,13.17,12.84,13.10,1336800,13.10
2015-04-30,13.13,13.19,12.98,13.05,1320500,13.05
2015-04-29,13.08,13.25,13.06,13.16,1237700,13.16
2015-04-28,12.97,13.19,12.97,13.13,1879000,13.13
2015-04-27,13.02,13.12,12.86,12.93,3255600,12.93
2015-04-24,13.11,13.18,12.83,12.94,1903200,12.94
2015-04-23,13.35,13.40,13.07,13.09,2742400,13.09
2015-04-22,12.96,13.23,12.87,13.16,1547300,13.16
2015-04-21,13.01,13.06,12.81,12.97,819100,12.97
2015-04-20,12.60,12.92,12.51,12.91,1328400,12.91
2015-04-17,12.90,12.99,12.45,12.48,1885500,12.48
2015-04-16,13.38,13.44,13.03,13.06,1193100,13.06
2015-04-15,13.29,13.50,13.19,13.43,389700,13.43
2015-04-14,13.25,13.36,13.10,13.25,717200,13.25
2015-04-13,13.27,13.32,13.20,13.23,604700,13.23
