Date,Open,High,Low,Close,Volume,Adj Close
2015-10-15,28.26,28.40,27.99,28.34,859400,28.34
2015-10-14,28.280001,28.50,28.09,28.139999,335000,28.139999
2015-10-13,28.16,28.370001,28.139999,28.23,477600,28.23
2015-10-12,27.98,28.299999,27.92,28.16,1055000,28.16
2015-10-09,28.08,28.25,27.84,27.91,571900,27.91
2015-10-08,27.709999,28.129999,27.68,28.049999,713900,28.049999
2015-10-07,27.75,27.90,27.639999,27.799999,590000,27.799999
2015-10-06,28.059999,28.059999,27.68,27.73,460600,27.73
2015-10-05,27.91,28.129999,27.57,28.110001,606600,28.110001
2015-10-02,27.610001,27.74,27.309999,27.73,515100,27.73
2015-10-01,28.059999,28.139999,27.33,27.469999,869900,27.469999
2015-09-30,27.780001,28.110001,27.610001,28.049999,918200,28.049999
2015-09-29,27.32,27.77,27.299999,27.65,1351500,27.65
2015-09-28,26.98,27.450001,26.93,27.24,1301700,27.24
2015-09-25,26.74,27.35,26.540001,26.92,813700,26.92
2015-09-24,26.120001,26.73,26.120001,26.719999,635600,26.719999
2015-09-23,26.040001,26.35,25.92,26.25,321600,26.25
2015-09-22,26.120001,26.33,25.93,26.00,452700,26.00
2015-09-21,26.16,26.379999,26.08,26.209999,322600,26.209999
2015-09-18,25.83,26.32,25.83,26.030001,739700,26.030001
2015-09-17,25.709999,26.379999,25.549999,26.120001,601400,26.120001
2015-09-16,25.549999,25.809999,25.43,25.719999,615000,25.719999
2015-09-15,25.610001,25.67,25.34,25.559999,389000,25.559999
2015-09-14,25.50,25.67,25.370001,25.559999,416700,25.559999
2015-09-11,24.85,25.41,24.85,25.41,361600,25.41
2015-09-10,25.139999,25.389999,24.92,24.98,461100,24.98
2015-09-09,25.440001,25.57,25.129999,25.16,557100,25.16
2015-09-08,25.07,25.450001,24.959999,25.370001,601500,25.370001
2015-09-04,24.90,24.969999,24.65,24.799999,464900,24.799999
2015-09-03,25.09,25.25,25.02,25.190001,415800,25.190001
2015-09-02,25.16,25.16,24.84,24.99,828800,24.99
2015-09-01,25.27,25.42,24.82,24.959999,731100,24.959999
2015-08-31,25.84,25.85,25.190001,25.610001,732000,25.610001
2015-08-28,25.98,26.110001,25.690001,25.969999,683000,25.969999
2015-08-27,25.74,25.99,25.48,25.959999,516500,25.959999
2015-08-26,25.68,25.74,25.059999,25.620001,584700,25.620001
2015-08-25,26.530001,26.530001,25.139999,25.24,913500,25.24
2015-08-24,26.299999,26.98,25.85,25.879999,955900,25.879999
2015-08-21,27.139999,27.60,26.98,27.17,579800,27.17
2015-08-20,27.559999,27.93,27.42,27.559999,377900,27.559999
2015-08-19,27.60,27.940001,27.41,27.75,403400,27.75
2015-08-18,27.93,27.98,27.60,27.709999,456200,27.709999
2015-08-17,27.780001,28.17,27.60,28.08,747500,28.08
2015-08-14,27.40,27.860001,27.26,27.75,696800,27.75
2015-08-13,27.280001,27.540001,27.01,27.42,536000,27.42
2015-08-12,26.860001,27.41,26.860001,27.41,464400,27.41
2015-08-11,26.690001,27.08,26.58,26.98,340700,26.98
2015-08-10,26.83,27.040001,26.66,26.75,424400,26.75
2015-08-07,26.370001,27.00,26.23,26.85,390700,26.85
2015-08-06,26.219999,26.50,26.049999,26.469999,502300,26.469999
2015-08-05,26.15,26.379999,26.059999,26.200001,435300,26.200001
2015-08-04,26.469999,26.51,25.959999,26.07,403600,26.07
2015-08-03,26.540001,26.76,26.219999,26.549999,566700,26.549999
2015-07-31,26.450001,27.200001,25.389999,26.379999,789000,26.379999
2015-07-30,25.76,26.25,25.549999,26.08,624900,26.08
2015-07-29,25.68,26.040001,25.540001,26.00,403600,25.799999
2015-07-28,25.719999,25.85,25.49,25.799999,478000,25.601537
2015-07-27,25.17,25.84,25.17,25.700001,620300,25.502308
2015-07-24,25.10,25.469999,25.07,25.209999,704000,25.016075
2015-07-23,25.34,25.34,24.860001,25.190001,443900,24.996231
2015-07-22,25.24,25.610001,25.219999,25.41,332000,25.214538
2015-07-21,25.780001,25.799999,25.190001,25.299999,368100,25.105383
2015-07-20,26.00,26.00,25.629999,25.82,370200,25.621384
2015-07-17,26.16,26.370001,26.00,26.02,670700,25.819846
2015-07-16,25.76,26.41,25.76,26.24,628500,26.038153
2015-07-15,25.780001,25.879999,25.540001,25.709999,427200,25.512229
2015-07-14,25.780001,25.879999,25.530001,25.809999,606800,25.61146
2015-07-13,25.60,25.860001,25.51,25.74,584700,25.541999
2015-07-10,25.280001,25.690001,25.17,25.469999,465100,25.274075
2015-07-09,25.76,25.870001,25.190001,25.25,502100,25.055768
2015-07-08,25.75,25.969999,25.60,25.690001,620600,25.492384
2015-07-07,25.57,25.969999,25.57,25.91,759700,25.710691
2015-07-06,25.15,25.440001,24.99,25.41,509400,25.214538
2015-07-02,25.110001,25.35,24.959999,25.219999,320400,25.025999
2015-07-01,24.629999,24.790001,24.42,24.74,699000,24.549691
2015-06-30,24.799999,24.85,24.49,24.60,587700,24.410769
2015-06-29,25.01,25.27,24.66,24.67,636100,24.48023
2015-06-26,24.719999,25.07,24.629999,25.00,853900,24.807692
2015-06-25,25.209999,25.209999,24.709999,24.74,522500,24.549691
2015-06-24,25.24,25.40,25.07,25.17,556000,24.976384
2015-06-23,25.34,25.370001,25.030001,25.23,540100,25.035922
2015-06-22,25.60,25.73,25.299999,25.41,488800,25.214538
2015-06-19,25.68,25.709999,25.42,25.440001,640000,25.244307
2015-06-18,25.280001,25.780001,25.280001,25.67,715000,25.472538
2015-06-17,25.15,25.35,25.01,25.200001,503700,25.006154
2015-06-16,24.74,25.17,24.549999,25.08,717000,24.887076
2015-06-15,24.700001,24.92,24.49,24.809999,691300,24.619153
2015-06-12,25.02,25.07,24.76,24.82,364500,24.629076
2015-06-11,25.09,25.18,24.959999,25.09,502100,24.896999
2015-06-10,25.07,25.209999,24.889999,24.940001,586900,24.748154
2015-06-09,25.23,25.27,24.870001,24.879999,682500,24.688614
2015-06-08,25.24,25.280001,24.950001,25.219999,722700,25.025999
2015-06-05,25.48,25.58,25.08,25.32,815200,25.12523
2015-06-04,25.67,25.84,25.440001,25.74,906700,25.541999
2015-06-03,25.91,26.049999,25.58,25.620001,1011500,25.422923
2015-06-02,26.219999,26.42,25.809999,25.889999,690600,25.690845
2015-06-01,26.66,26.77,26.43,26.459999,523600,26.25646
2015-05-29,26.75,26.879999,26.469999,26.59,557200,26.385461
2015-05-28,26.549999,26.77,26.389999,26.75,478800,26.54423
2015-05-27,26.83,27.00,26.469999,26.57,1334900,26.365614
2015-05-26,26.709999,26.77,26.27,26.49,438100,26.28623
2015-05-22,26.959999,27.059999,26.76,26.809999,348000,26.603768
2015-05-21,27.26,27.370001,26.969999,27.02,303300,26.812154
2015-05-20,27.059999,27.309999,26.940001,27.23,613300,27.020537
2015-05-19,26.82,27.10,26.690001,27.030001,677300,26.822077
2015-05-18,26.15,26.92,26.15,26.90,912700,26.693076
2015-05-15,25.93,26.25,25.75,26.23,1466600,26.02823
2015-05-14,26.110001,26.50,25.700001,25.969999,1558300,25.770229
2015-05-13,26.99,27.18,26.35,26.469999,758600,26.266383
2015-05-12,26.719999,27.00,26.49,26.940001,701600,26.732769
2015-05-11,26.76,27.139999,26.74,26.889999,705500,26.683152
2015-05-08,27.00,27.08,26.610001,26.84,541200,26.633538
2015-05-07,26.790001,26.99,26.629999,26.73,468900,26.524383
2015-05-06,27.10,27.24,26.52,26.74,661100,26.534307
2015-05-05,27.84,27.860001,26.959999,26.98,793200,26.77246
2015-05-04,27.620001,28.18,27.52,27.940001,641100,27.725077
2015-05-01,27.73,28.17,27.59,27.68,762600,27.467076
2015-04-30,28.10,28.17,27.530001,27.780001,639500,27.566308
2015-04-29,28.24,28.33,27.93,28.209999,414900,27.992998
2015-04-28,28.059999,28.610001,27.860001,28.49,515600,28.270845
2015-04-27,28.629999,28.75,27.940001,28.09,522500,27.873922
2015-04-24,28.26,28.780001,28.15,28.57,932000,28.35023
2015-04-23,27.809999,28.23,27.68,28.209999,903600,27.992998
2015-04-22,27.530001,27.99,27.33,27.889999,1419700,27.67546
2015-04-21,27.92,28.08,27.35,27.450001,683300,27.238846
2015-04-20,27.629999,28.219999,27.629999,27.83,699400,27.615922
