Date,Open,High,Low,Close,Volume,Adj Close
2015-10-15,34.470001,34.669998,33.150002,33.75,836800,33.75
2015-10-14,34.369999,34.93,34.27,34.57,409200,34.57
2015-10-13,34.110001,34.689999,33.889999,34.169998,263200,34.169998
2015-10-12,34.200001,34.540001,34.00,34.529999,357000,34.529999
2015-10-09,34.09,34.450001,33.84,34.209999,683100,34.209999
2015-10-08,33.450001,34.029999,33.23,33.799999,553200,33.799999
2015-10-07,32.619999,33.509998,32.419998,33.470001,623100,33.470001
2015-10-06,31.950001,32.650002,31.85,32.41,386400,32.41
2015-10-05,31.299999,32.029999,31.280001,31.879999,395200,31.879999
2015-10-02,29.219999,30.93,28.969999,30.92,833200,30.92
2015-10-01,29.469999,29.940001,29.23,29.469999,777300,29.469999
2015-09-30,29.66,29.85,29.23,29.34,1004800,29.34
2015-09-29,29.540001,29.610001,29.09,29.27,777500,29.27
2015-09-28,30.23,30.450001,29.41,29.58,646300,29.58
2015-09-25,31.120001,31.299999,30.540001,30.67,553100,30.67
2015-09-24,30.18,31.030001,29.68,30.91,861300,30.91
2015-09-23,30.690001,30.809999,30.25,30.42,549500,30.42
2015-09-22,30.90,31.129999,30.42,30.66,533000,30.66
2015-09-21,31.280001,31.82,31.10,31.299999,477700,31.299999
2015-09-18,31.32,31.440001,30.85,30.940001,703500,30.940001
2015-09-17,31.879999,32.150002,31.57,31.68,323400,31.68
2015-09-16,31.32,32.07,31.299999,31.860001,373500,31.860001
2015-09-15,30.84,31.450001,30.65,31.360001,299700,31.360001
2015-09-14,31.299999,31.450001,30.700001,30.799999,388000,30.799999
2015-09-11,31.42,31.559999,30.98,31.43,349700,31.43
2015-09-10,31.83,32.330002,31.58,31.639999,297400,31.639999
2015-09-09,32.389999,32.540001,31.91,32.029999,517100,31.929998
2015-09-08,31.66,32.139999,31.360001,32.07,357600,31.969874
2015-09-04,31.379999,31.540001,30.860001,31.10,583600,31.002903
2015-09-03,31.83,32.18,31.709999,31.870001,412100,31.7705
2015-09-02,31.639999,31.709999,31.280001,31.700001,449100,31.60103
2015-09-01,31.75,32.189999,31.110001,31.209999,817400,31.112559
2015-08-31,32.360001,32.919998,32.110001,32.470001,741100,32.368627
2015-08-28,32.049999,32.50,32.00,32.459999,262800,32.358656
2015-08-27,31.290001,32.23,31.030001,32.18,589300,32.079531
2015-08-26,31.25,31.25,29.719999,30.889999,1287700,30.793558
2015-08-25,32.189999,32.369999,30.51,30.540001,538400,30.444652
2015-08-24,30.51,32.32,30.27,31.17,828000,31.072684
2015-08-21,32.349998,33.040001,32.16,32.459999,694400,32.358656
2015-08-20,33.779999,33.959999,33.220001,33.240002,451100,33.136223
2015-08-19,33.900002,34.43,33.610001,34.119999,753900,34.013473
2015-08-18,34.34,34.50,33.919998,34.34,559600,34.232788
2015-08-17,34.369999,34.709999,33.720001,34.68,717400,34.571726
2015-08-14,33.209999,33.650002,32.830002,33.560001,433200,33.455224
2015-08-13,33.540001,33.549999,33.09,33.240002,343600,33.136223
2015-08-12,33.310001,33.709999,32.82,33.540001,470700,33.435286
2015-08-11,33.889999,34.23,33.52,33.709999,395800,33.604753
2015-08-10,33.720001,34.349998,33.48,34.27,638600,34.163006
2015-08-07,33.860001,34.169998,33.380001,33.43,536700,33.325629
2015-08-06,34.360001,34.50,33.889999,34.110001,399500,34.003506
2015-08-05,34.299999,34.869999,34.16,34.259998,572000,34.153035
2015-08-04,33.669998,34.299999,33.509998,34.049999,606400,33.943692
2015-08-03,34.189999,34.34,33.34,33.599998,800500,33.495096
2015-07-31,34.259998,34.59,33.810001,34.27,674300,34.163006
2015-07-30,33.700001,34.259998,33.549999,34.119999,743800,34.013473
2015-07-29,33.060001,34.400002,32.759998,33.75,1918800,33.644629
2015-07-28,33.50,33.889999,32.330002,33.00,2653900,32.896971
2015-07-27,35.150002,35.50,33.18,34.00,2662400,33.893849
2015-07-24,37.16,37.310001,36.91,36.91,1432700,36.794763
2015-07-23,37.400002,37.830002,36.939999,37.290001,534500,37.173578
2015-07-22,37.029999,37.27,36.700001,37.259998,461600,37.143669
2015-07-21,37.41,37.98,37.09,37.18,341200,37.063921
2015-07-20,37.439999,37.549999,36.950001,37.389999,528100,37.273264
2015-07-17,38.080002,38.419998,37.209999,37.439999,537500,37.323108
2015-07-16,38.310001,38.419998,37.869999,38.049999,473400,37.931204
2015-07-15,39.099998,39.130001,38.130001,38.18,588400,38.060799
2015-07-14,38.540001,39.220001,38.540001,39.189999,311200,39.067644
2015-07-13,38.110001,38.779999,37.98,38.630001,501000,38.509395
2015-07-10,37.48,37.93,37.290001,37.869999,483400,37.751765
2015-07-09,37.720001,37.810001,36.959999,36.98,424400,36.864545
2015-07-08,37.93,38.130001,37.209999,37.25,575400,37.133702
2015-07-07,38.50,38.619999,37.470001,38.41,674900,38.29008
2015-07-06,38.77,39.07,38.470001,38.610001,533300,38.489457
2015-07-02,39.700001,39.700001,39.130001,39.189999,455900,39.067644
2015-07-01,39.52,39.889999,39.189999,39.50,890200,39.376677
2015-06-30,38.990002,39.459999,38.380001,39.169998,1072500,39.047706
2015-06-29,39.459999,39.650002,38.419998,38.549999,594800,38.429643
2015-06-26,40.220001,40.439999,39.75,40.00,752400,39.875116
2015-06-25,39.970001,40.349998,39.849998,40.200001,1041100,40.074493
2015-06-24,39.900002,39.939999,39.439999,39.82,630900,39.695678
2015-06-23,39.459999,39.98,39.310001,39.950001,455700,39.825273
2015-06-22,39.84,39.919998,39.34,39.459999,274300,39.336801
2015-06-19,40.049999,40.049999,39.599998,39.619999,526300,39.496302
2015-06-18,39.259998,40.060001,39.23,40.029999,420300,39.905021
2015-06-17,39.799999,39.900002,38.889999,39.130001,284900,39.007834
2015-06-16,38.990002,39.790001,38.98,39.639999,497400,39.51624
2015-06-15,38.630001,38.990002,38.18,38.91,419400,38.788519
2015-06-12,39.439999,39.650002,39.080002,39.119999,204900,38.997863
2015-06-11,39.150002,39.57,39.049999,39.57,224300,39.446459
2015-06-10,38.630001,39.34,38.630001,39.169998,291200,39.047706
2015-06-09,38.990002,39.049999,38.27,38.290001,356500,38.070769
2015-06-08,38.939999,39.279999,38.790001,38.950001,270100,38.72699
2015-06-05,38.529999,39.139999,38.43,39.110001,319100,38.886074
2015-06-04,39.400002,39.400002,38.57,38.66,340000,38.43865
2015-06-03,39.099998,39.639999,38.91,39.380001,318400,39.154528
2015-06-02,38.630001,39.360001,38.52,38.959999,250200,38.736931
2015-06-01,39.110001,39.169998,38.529999,38.830002,242000,38.607678
2015-05-29,39.07,39.259998,38.830002,38.889999,334000,38.667332
2015-05-28,39.119999,39.23,38.900002,39.18,239300,38.955673
2015-05-27,38.790001,39.41,38.470001,39.349998,353000,39.124698
2015-05-26,39.049999,39.150002,38.389999,38.790001,470700,38.567906
2015-05-22,39.549999,39.779999,39.25,39.290001,363100,39.065044
2015-05-21,39.209999,39.779999,39.16,39.599998,517000,39.373266
2015-05-20,39.310001,39.50,39.200001,39.25,1273500,39.025272
2015-05-19,40.18,40.259998,39.310001,39.389999,854900,39.164469
2015-05-18,40.099998,40.34,39.779999,40.23,367600,39.99966
2015-05-15,40.50,40.560001,39.950001,40.189999,398500,39.959888
2015-05-14,39.849998,40.709999,39.580002,40.689999,457200,40.457025
2015-05-13,39.77,39.880001,39.580002,39.630001,325500,39.403097
2015-05-12,40.009998,40.279999,39.290001,39.619999,606600,39.393152
2015-05-11,39.990002,40.330002,39.959999,40.07,370000,39.840576
2015-05-08,40.68,40.779999,40.209999,40.27,551100,40.039432
2015-05-07,39.959999,40.41,39.84,40.189999,422900,39.959888
2015-05-06,40.360001,40.630001,39.830002,40.07,786600,39.840576
2015-05-05,40.75,41.200001,39.759998,40.080002,1280900,39.850521
2015-05-04,40.34,40.98,40.299999,40.889999,886100,40.655881
2015-05-01,38.549999,40.740002,38.299999,40.209999,1114400,39.979774
2015-04-30,39.279999,39.50,39.02,39.049999,1275200,38.826416
2015-04-29,39.099998,39.549999,38.98,39.48,889500,39.253954
2015-04-28,38.549999,39.330002,38.509998,39.310001,645500,39.08493
2015-04-27,38.389999,38.810001,38.169998,38.720001,853600,38.498307
2015-04-24,38.650002,38.720001,38.330002,38.349998,469400,38.130423
2015-04-23,38.450001,38.75,38.310001,38.619999,316700,38.398878
2015-04-22,38.639999,38.720001,38.27,38.599998,279000,38.378992
2015-04-21,38.82,38.860001,38.540001,38.66,546100,38.43865
2015-04-20,38.369999,38.68,38.119999,38.66,460800,38.43865
