Date,Open,High,Low,Close,Volume,Adj Close
2015-10-09,26.42,26.60,26.42,26.49,3102400,26.49
2015-10-08,26.389999,26.549999,26.32,26.48,3802100,26.48
2015-10-07,26.35,26.60,26.24,26.379999,6259800,26.379999
2015-10-06,25.34,26.969999,25.25,26.219999,4492300,26.219999
2015-10-05,25.559999,25.75,25.08,25.41,3053800,25.41
2015-10-02,24.23,24.99,24.23,24.790001,3775900,24.790001
2015-10-01,24.25,24.639999,24.129999,24.389999,3471700,24.389999
2015-09-30,24.25,24.43,24.08,24.219999,2164800,24.219999
2015-09-29,24.17,24.34,23.74,24.16,3379000,24.16
2015-09-28,23.690001,24.09,23.67,23.92,1891700,23.92
2015-09-25,23.40,23.860001,23.32,23.700001,2574200,23.700001
2015-09-24,23.200001,24.75,23.120001,23.459999,4999200,23.459999
2015-09-23,23.120001,23.26,23.030001,23.219999,2068000,23.219999
2015-09-22,23.15,23.360001,23.040001,23.07,2742100,23.07
2015-09-21,23.440001,23.559999,23.16,23.200001,1729400,23.200001
2015-09-18,23.52,23.639999,23.309999,23.41,3183600,23.41
2015-09-17,23.809999,23.90,23.629999,23.73,2687400,23.73
2015-09-16,23.60,23.91,23.60,23.85,2712300,23.85
2015-09-15,23.129999,23.540001,23.040001,23.48,1568400,23.48
2015-09-14,23.059999,23.120001,22.950001,23.120001,1650400,23.120001
2015-09-11,23.049999,23.190001,22.91,23.049999,1428700,23.049999
2015-09-10,22.709999,23.32,22.67,23.08,3200600,23.08
2015-09-09,22.83,22.889999,22.610001,22.709999,2346000,22.709999
2015-09-08,22.959999,23.08,22.530001,22.639999,2782800,22.639999
2015-09-04,22.889999,23.209999,22.860001,22.959999,2243100,22.689999
2015-09-03,23.01,23.129999,22.889999,23.040001,1312500,22.76906
2015-09-02,23.09,23.09,22.85,22.969999,1796900,22.699882
2015-09-01,22.879999,23.02,22.75,22.90,2622200,22.630705
2015-08-31,23.33,23.33,22.85,22.98,5666900,22.709764
2015-08-28,23.200001,23.379999,22.50,23.01,3636900,22.739412
2015-08-27,23.42,23.65,23.25,23.370001,4895700,23.095179
2015-08-26,22.60,23.40,22.59,23.40,6574500,23.124825
2015-08-25,27.01,27.34,21.610001,22.51,26448900,22.245292
2015-08-24,26.82,27.16,26.74,26.950001,2886900,26.63308
2015-08-21,27.110001,27.219999,27.030001,27.030001,1525600,26.712139
2015-08-20,27.18,27.25,27.110001,27.120001,1002400,26.801081
2015-08-19,27.190001,27.23,27.16,27.190001,966800,26.870258
2015-08-18,27.219999,27.23,27.18,27.190001,875400,26.870258
2015-08-17,27.24,27.26,27.17,27.190001,1253900,26.870258
2015-08-14,27.18,27.26,27.18,27.219999,841200,26.899904
2015-08-13,27.110001,27.290001,27.10,27.27,1525900,26.949317
2015-08-12,26.799999,27.24,26.76,27.18,3675400,26.860375
2015-08-11,26.84,26.91,26.75,26.790001,1056200,26.474962
2015-08-10,26.860001,26.959999,26.74,26.790001,954700,26.474962
2015-08-07,26.85,26.969999,26.610001,26.860001,1729400,26.544138
2015-08-06,26.780001,26.91,26.700001,26.879999,1075800,26.563902
2015-08-05,26.809999,26.90,26.77,26.780001,710700,26.465079
2015-08-04,26.799999,26.92,26.74,26.77,855600,26.455197
2015-08-03,26.709999,26.950001,26.700001,26.82,1037000,26.504608
2015-07-31,26.92,27.030001,26.66,26.68,2138800,26.366255
2015-07-30,26.889999,26.92,26.77,26.870001,1315000,26.554021
2015-07-29,26.559999,26.98,26.559999,26.879999,1684200,26.563902
2015-07-28,26.40,26.66,26.360001,26.620001,830300,26.306961
2015-07-27,26.360001,26.639999,26.360001,26.41,1335800,26.099429
2015-07-24,26.389999,26.629999,26.33,26.379999,1306200,26.069781
2015-07-23,26.860001,26.93,25.98,26.41,4368700,26.099429
2015-07-22,26.91,27.01,26.83,26.889999,603100,26.573784
2015-07-21,27.030001,27.030001,26.83,26.879999,864500,26.563902
2015-07-20,27.02,27.049999,26.940001,27.02,462400,26.702257
2015-07-17,27.02,27.07,26.940001,27.059999,760500,26.741785
2015-07-16,26.950001,27.10,26.90,27.049999,1109100,26.731903
2015-07-15,26.889999,27.00,26.790001,26.969999,677800,26.652843
2015-07-14,26.870001,26.889999,26.77,26.860001,577400,26.544138
2015-07-13,26.889999,26.92,26.58,26.889999,1135000,26.573784
2015-07-10,26.879999,26.959999,26.77,26.85,1095400,26.534256
2015-07-09,27.00,27.049999,26.82,26.889999,911200,26.573784
2015-07-08,26.98,27.040001,26.950001,26.99,1267900,26.672609
2015-07-07,27.049999,27.129999,26.959999,26.98,1957100,26.662726
2015-07-06,27.00,27.059999,26.950001,27.040001,1319300,26.722022
2015-07-02,26.99,27.059999,26.92,27.040001,1006700,26.722022
2015-07-01,26.90,27.01,26.83,27.00,1170200,26.682491
2015-06-30,26.82,26.969999,26.77,26.940001,1644300,26.623197
2015-06-29,26.75,26.860001,26.690001,26.709999,727300,26.395901
2015-06-26,26.75,26.799999,26.67,26.75,792600,26.435431
2015-06-25,26.76,26.84,26.74,26.76,787600,26.445314
2015-06-24,26.75,26.83,26.75,26.76,711600,26.445314
2015-06-23,26.75,26.82,26.68,26.76,987900,26.445314
2015-06-22,26.790001,26.83,26.67,26.75,670100,26.435431
2015-06-19,26.940001,26.98,26.780001,26.780001,1500000,26.465079
2015-06-18,26.84,26.98,26.84,26.93,602700,26.613315
2015-06-17,26.700001,26.90,26.690001,26.84,820100,26.524373
2015-06-16,26.65,26.75,26.57,26.74,768800,26.425549
2015-06-15,26.700001,26.75,26.629999,26.66,652700,26.346489
2015-06-12,26.75,26.809999,26.67,26.719999,1312400,26.405783
2015-06-11,26.74,27.00,26.74,26.76,979200,26.445314
2015-06-10,26.82,26.84,26.709999,26.719999,1141000,26.405783
2015-06-09,26.700001,26.940001,26.700001,26.76,1195000,26.445314
2015-06-08,26.82,26.889999,26.66,26.67,1332500,26.356372
2015-06-05,27.00,27.15,26.91,27.040001,2126800,26.455197
2015-06-04,26.98,27.18,26.969999,27.10,1160000,26.513899
2015-06-03,27.059999,27.10,26.959999,27.049999,1491000,26.464979
2015-06-02,27.129999,27.18,26.950001,27.049999,1507400,26.464979
2015-06-01,27.200001,27.26,27.120001,27.15,1456000,26.562817
2015-05-29,27.17,27.299999,27.120001,27.25,6655900,26.660654
2015-05-28,27.120001,27.15,27.00,27.129999,1255200,26.543249
2015-05-27,26.99,27.16,26.98,27.110001,1053700,26.523683
2015-05-26,27.00,27.059999,26.91,27.030001,1147000,26.445413
2015-05-22,26.959999,27.02,26.90,26.98,1340300,26.396493
2015-05-21,26.959999,27.059999,26.92,26.98,1076200,26.396493
2015-05-20,26.969999,27.07,26.940001,26.959999,2104900,26.376925
2015-05-19,26.889999,27.120001,26.879999,26.969999,2887300,26.386709
2015-05-18,26.969999,27.030001,26.870001,26.98,4102100,26.396493
2015-05-15,24.879999,27.09,24.00,27.00,9681100,26.416061
2015-05-14,25.049999,25.139999,24.65,24.809999,3499100,24.273425
2015-05-13,25.290001,25.32,24.780001,24.91,2757100,24.371262
2015-05-12,24.290001,25.24,24.290001,25.219999,3287900,24.674557
2015-05-11,25.440001,25.48,24.120001,24.879999,5659400,24.34191
2015-05-08,26.200001,26.360001,25.07,25.49,4585700,24.938718
2015-05-07,26.27,26.40,26.10,26.120001,2175200,25.555094
2015-05-06,26.459999,26.459999,26.09,26.27,1872000,25.70185
2015-05-05,26.32,26.50,26.23,26.299999,1584900,25.7312
2015-05-04,26.219999,26.49,26.18,26.370001,1916500,25.799687
2015-05-01,25.969999,26.09,25.83,26.08,1647400,25.515958
2015-04-30,26.059999,26.059999,25.83,25.98,2347200,25.418121
2015-04-29,26.059999,26.16,26.02,26.110001,1285600,25.54531
2015-04-28,26.049999,26.139999,25.91,26.139999,1610700,25.57466
2015-04-27,26.389999,26.389999,25.99,26.049999,1201900,25.486606
2015-04-24,26.40,26.49,26.24,26.33,1187400,25.760551
2015-04-23,26.209999,26.620001,26.209999,26.48,1018100,25.907307
2015-04-22,26.129999,26.299999,26.01,26.200001,1267300,25.633364
2015-04-21,26.440001,26.530001,25.91,26.08,2335000,25.515958
2015-04-20,26.59,26.67,26.219999,26.42,1748200,25.848605
2015-04-17,26.66,26.690001,26.559999,26.57,1039700,25.995361
2015-04-16,26.73,26.74,26.65,26.700001,772600,26.12255
2015-04-15,26.799999,26.82,26.709999,26.75,959900,26.171468
2015-04-14,26.77,26.84,26.75,26.780001,785600,26.20082
2015-04-13,26.74,26.809999,26.719999,26.75,723000,26.171468
