Date,Open,High,Low,Close,Volume,Adj Close
2015-10-15,33.810001,34.310001,33.639999,34.189999,4655500,34.189999
2015-10-14,33.459999,33.810001,33.389999,33.68,3910000,33.68
2015-10-13,33.349998,33.57,33.18,33.43,4832200,33.43
2015-10-12,33.029999,33.490002,33.029999,33.419998,4184000,33.419998
2015-10-09,33.029999,33.16,32.91,33.029999,5289900,33.029999
2015-10-08,32.560001,33.130001,32.43,33.09,6385200,33.09
2015-10-07,33.07,33.150002,32.490002,32.630001,7000500,32.630001
2015-10-06,33.470001,33.50,32.900002,33.060001,4969900,33.060001
2015-10-05,33.18,33.540001,33.00,33.48,5850000,33.48
2015-10-02,32.77,33.119999,32.529999,33.040001,7268700,33.040001
2015-10-01,33.00,33.00,32.220001,32.599998,8027400,32.599998
2015-09-30,32.349998,32.91,32.279999,32.889999,5752400,32.889999
2015-09-29,31.950001,32.310001,31.91,32.209999,6496500,32.209999
2015-09-28,32.060001,32.23,31.809999,31.90,7464700,31.90
2015-09-25,31.610001,32.18,31.42,31.969999,4274000,31.969999
2015-09-24,30.959999,31.700001,30.92,31.58,5703100,31.58
2015-09-23,31.110001,31.190001,30.860001,31.08,3174600,31.08
2015-09-22,31.190001,31.33,30.790001,31.040001,6584100,31.040001
2015-09-21,31.059999,31.34,31.01,31.33,4777400,31.33
2015-09-18,30.66,31.23,30.66,30.959999,7048600,30.959999
2015-09-17,30.360001,31.139999,30.27,30.799999,4940200,30.799999
2015-09-16,30.129999,30.459999,30.10,30.33,3729500,30.33
2015-09-15,29.91,30.120001,29.68,30.08,3392300,30.08
2015-09-14,29.709999,30.09,29.690001,29.85,4727000,29.85
2015-09-11,29.389999,29.67,29.18,29.67,3738300,29.67
2015-09-10,29.43,29.82,29.40,29.52,4943900,29.52
2015-09-09,30.00,30.049999,29.35,29.41,5542600,29.41
2015-09-08,29.709999,29.90,29.52,29.879999,5830800,29.879999
2015-09-04,30.00,30.059999,29.59,29.67,4138500,29.292
2015-09-03,30.25,30.48,30.07,30.26,3508700,29.874484
2015-09-02,30.33,30.389999,29.870001,30.15,4539700,29.765885
2015-09-01,30.60,30.67,29.83,30.00,6138900,29.617796
2015-08-31,31.26,31.290001,30.629999,30.99,4992300,30.595183
2015-08-28,31.719999,31.74,30.93,31.370001,4667000,30.970343
2015-08-27,31.51,31.76,31.26,31.75,3626700,31.345501
2015-08-26,30.940001,31.389999,30.51,31.280001,6394900,30.881489
2015-08-25,31.90,31.98,30.52,30.540001,6989200,30.150917
2015-08-24,31.889999,32.470001,31.200001,31.370001,7913900,30.970343
2015-08-21,33.240002,33.470001,32.900002,32.900002,4154200,32.480851
2015-08-20,33.299999,33.830002,33.200001,33.369999,3333000,32.944861
2015-08-19,33.32,33.669998,33.16,33.52,2775700,33.092951
2015-08-18,33.509998,33.549999,33.290001,33.43,3044100,33.004098
2015-08-17,33.48,33.68,33.279999,33.580002,3477100,33.152188
2015-08-14,33.150002,33.439999,32.93,33.360001,2515600,32.93499
2015-08-13,33.139999,33.290001,32.779999,33.150002,5110100,32.727666
2015-08-12,32.540001,33.279999,32.52,33.25,6089500,32.826391
2015-08-11,32.57,32.82,32.360001,32.650002,3975500,32.234036
2015-08-10,32.32,32.669998,32.32,32.41,3252800,31.997092
2015-08-07,32.080002,32.560001,31.799999,32.360001,5414200,31.94773
2015-08-06,31.75,32.130001,31.450001,32.09,3003300,31.681169
2015-08-05,31.67,31.889999,31.58,31.73,3036900,31.325755
2015-08-04,31.77,31.85,31.48,31.530001,2881200,31.128304
2015-08-03,31.90,32.099998,31.700001,31.879999,4393400,31.473844
2015-07-31,31.75,32.080002,31.74,31.809999,3787900,31.404736
2015-07-30,31.139999,31.559999,31.129999,31.51,4287000,31.108559
2015-07-29,31.15,31.299999,31.01,31.299999,3278600,30.901233
2015-07-28,31.209999,31.34,31.030001,31.219999,3603600,30.822252
2015-07-27,30.74,31.209999,30.73,31.059999,3582100,30.664291
2015-07-24,30.68,30.84,30.540001,30.700001,3662500,30.308879
2015-07-23,30.950001,30.98,30.559999,30.709999,4534800,30.31875
2015-07-22,30.889999,31.200001,30.879999,30.98,4076100,30.58531
2015-07-21,30.90,31.040001,30.799999,30.90,3326800,30.506329
2015-07-20,31.10,31.120001,30.799999,31.040001,3179000,30.644547
2015-07-17,31.360001,31.360001,31.09,31.10,3527400,30.703782
2015-07-16,31.23,31.530001,31.219999,31.42,4679200,31.019705
2015-07-15,30.99,31.23,30.77,31.23,4693800,30.832125
2015-07-14,31.07,31.17,30.85,30.99,3470300,30.595183
2015-07-13,31.16,31.200001,30.82,30.969999,3792100,30.575437
2015-07-10,30.780001,31.290001,30.68,31.030001,7854900,30.634674
2015-07-09,30.98,31.07,30.530001,30.639999,4454100,30.249642
2015-07-08,30.790001,30.99,30.709999,30.85,5764800,30.456967
2015-07-07,30.129999,31.049999,30.129999,30.93,7925500,30.535948
2015-07-06,29.889999,30.08,29.780001,30.02,7680100,29.637542
2015-07-02,29.75,30.00,29.610001,29.799999,5986700,29.420343
2015-07-01,29.66,29.68,29.32,29.549999,5556100,29.173528
2015-06-30,29.58,29.60,29.33,29.469999,6454200,29.094548
2015-06-29,29.77,30.09,29.440001,29.450001,5166400,29.074804
2015-06-26,29.629999,29.92,29.51,29.75,4237400,29.370981
2015-06-25,29.82,29.889999,29.60,29.639999,3431000,29.262382
2015-06-24,30.059999,30.209999,29.719999,29.719999,4777100,29.341363
2015-06-23,30.57,30.639999,30.030001,30.059999,3934000,29.677031
2015-06-22,30.889999,30.93,30.540001,30.610001,3808300,30.220025
2015-06-19,30.700001,30.950001,30.52,30.530001,4645900,30.141044
2015-06-18,30.370001,30.959999,30.360001,30.82,4600800,30.427349
2015-06-17,30.00,30.43,29.950001,30.360001,4897400,29.97321
2015-06-16,29.92,30.129999,29.75,30.030001,5661300,29.647414
2015-06-15,30.129999,30.219999,29.92,29.92,3994600,29.538815
2015-06-12,30.40,30.51,30.120001,30.15,3058500,29.765885
2015-06-11,30.469999,30.60,30.299999,30.530001,5840400,30.141044
2015-06-10,30.34,30.49,30.139999,30.219999,5853100,29.834992
2015-06-09,30.17,30.26,30.059999,30.10,5472000,29.716522
2015-06-08,30.52,30.57,30.10,30.120001,7184700,29.736268
2015-06-05,31.120001,31.16,30.75,30.950001,6069000,30.187446
2015-06-04,31.42,31.690001,31.370001,31.450001,5658200,30.675126
2015-06-03,31.90,31.969999,31.379999,31.459999,6317400,30.684878
2015-06-02,32.349998,32.419998,31.65,31.809999,10570500,31.026255
2015-06-01,34.73,34.970001,34.560001,34.77,5042000,33.913327
2015-05-29,34.75,34.900002,34.580002,34.709999,3628400,33.854804
2015-05-28,34.669998,34.919998,34.52,34.799999,4345300,33.942587
2015-05-27,34.459999,34.77,34.380001,34.669998,3804100,33.815789
2015-05-26,34.400002,34.439999,34.16,34.32,3781400,33.474413
2015-05-22,34.439999,34.610001,34.130001,34.419998,3595900,33.571948
2015-05-21,34.84,34.98,34.459999,34.560001,4573400,33.708502
2015-05-20,34.630001,35.09,34.52,34.849998,4737000,33.991354
2015-05-19,34.110001,34.75,33.98,34.599998,6574300,33.747513
2015-05-18,33.759998,34.330002,33.68,34.279999,3541500,33.435398
2015-05-15,33.68,34.049999,33.619999,33.93,2926000,33.094023
2015-05-14,33.419998,33.68,33.360001,33.580002,3268500,32.752648
2015-05-13,33.669998,33.759998,33.080002,33.290001,4229300,32.469792
2015-05-12,33.580002,33.759998,33.369999,33.639999,4049200,32.811167
2015-05-11,33.75,34.23,33.720001,33.75,4233900,32.918458
2015-05-08,33.990002,34.240002,33.68,33.900002,5450900,33.064763
2015-05-07,33.57,33.860001,33.189999,33.400002,5430900,32.577082
2015-05-06,33.700001,33.84,32.919998,33.380001,5847800,32.557575
2015-05-05,34.290001,34.380001,33.700001,33.75,3718200,32.918458
2015-05-04,34.220001,34.73,34.139999,34.450001,3149400,33.601211
2015-05-01,34.119999,34.240002,33.759998,34.189999,4769500,33.347615
2015-04-30,34.360001,34.490002,33.810001,34.029999,5945500,33.191558
2015-04-29,34.029999,34.490002,33.959999,34.41,3669600,33.562196
2015-04-28,33.900002,34.389999,33.810001,34.369999,3842500,33.523181
2015-04-27,34.240002,34.75,33.950001,34.02,4333600,33.181806
2015-04-24,34.23,34.720001,34.099998,34.580002,4283600,33.72801
2015-04-23,33.919998,34.490002,33.900002,34.240002,4247900,33.396386
2015-04-22,33.669998,34.049999,33.50,33.970001,4616900,33.133038
2015-04-21,33.849998,34.099998,33.52,33.610001,2480000,32.781907
2015-04-20,33.380001,33.900002,33.380001,33.799999,3463900,32.967225
