Date,Open,High,Low,Close,Volume,Adj Close
2015-10-09,158.360001,161.600006,157.470001,160.600006,996300,160.600006
2015-10-08,155.770004,158.869995,154.089996,158.339996,579300,158.339996
2015-10-07,159.839996,159.919998,153.199997,156.119995,1836100,156.119995
2015-10-06,161.539993,162.399994,157.270004,159.710007,796400,159.710007
2015-10-05,161.919998,162.649994,160.259995,161.830002,1227400,161.830002
2015-10-02,154.800003,160.850006,153.339996,160.729996,1512000,160.729996
2015-10-01,159.020004,159.50,152.690002,156.369995,1530500,156.369995
2015-09-30,156.149994,157.940002,152.889999,157.270004,1510100,157.270004
2015-09-29,154.440002,162.690002,150.820007,154.899994,2324400,154.899994
2015-09-28,159.289993,159.470001,150.639999,152.570007,2742600,152.570007
2015-09-25,170.50,170.729996,158.350006,160.899994,1450600,160.899994
2015-09-24,170.139999,170.139999,166.559998,169.259995,1017800,169.259995
2015-09-23,171.759995,173.479996,170.029999,170.869995,520300,170.869995
2015-09-22,171.570007,173.529999,169.559998,171.970001,831700,171.970001
2015-09-21,177.789993,178.570007,172.410004,174.830002,1034200,174.830002
2015-09-18,179.770004,180.919998,178.240005,178.570007,1354500,178.570007
2015-09-17,180.50,183.570007,180.380005,181.080002,1157100,181.080002
2015-09-16,182.919998,183.639999,178.770004,182.389999,946800,182.389999
2015-09-15,182.00,184.770004,180.369995,183.460007,690000,183.460007
2015-09-14,179.839996,181.940002,176.50,181.259995,547200,181.259995
2015-09-11,177.119995,179.809998,176.50,179.669998,655600,179.669998
2015-09-10,176.770004,179.610001,175.779999,178.169998,947800,178.169998
2015-09-09,181.259995,182.509995,176.660004,177.070007,702400,177.070007
2015-09-08,178.580002,183.139999,178.460007,180.649994,686900,180.649994
2015-09-04,176.589996,180.270004,176.110001,178.800003,576600,178.800003
2015-09-03,181.179993,182.199997,177.039993,177.949997,599800,177.949997
2015-09-02,180.789993,181.589996,177.149994,181.589996,748800,181.589996
2015-09-01,181.169998,182.350006,178.179993,179.460007,787100,179.460007
2015-08-31,183.850006,186.240005,182.210007,182.970001,628300,182.970001
2015-08-28,190.089996,190.160004,183.910004,185.419998,1070200,185.419998
2015-08-27,184.139999,188.339996,183.429993,188.190002,1131200,188.190002
2015-08-26,180.610001,183.839996,176.740005,183.759995,1098200,183.759995
2015-08-25,182.729996,184.00,177.270004,178.00,1820800,177.874997
2015-08-24,172.679993,183.00,170.690002,178.50,2301700,178.374646
2015-08-21,191.059998,192.00,184.389999,186.889999,2816900,186.758754
2015-08-20,194.850006,196.210007,192.610001,192.660004,800000,192.524706
2015-08-19,194.309998,196.610001,194.309998,195.440002,964800,195.302752
2015-08-18,196.470001,198.419998,194.960007,195.539993,795300,195.402673
2015-08-17,195.00,197.830002,194.710007,197.059998,1641700,196.92161
2015-08-14,190.399994,196.600006,188.949997,196.00,2929700,195.862357
2015-08-13,187.929993,193.270004,187.520004,192.50,1854100,192.364815
2015-08-12,191.960007,192.070007,186.059998,186.059998,1534700,185.929335
2015-08-11,192.690002,193.039993,190.179993,192.800003,1264800,192.664607
2015-08-10,191.309998,194.039993,190.669998,193.990005,768500,193.853774
2015-08-07,188.050003,190.289993,186.009995,190.210007,1024200,190.076429
2015-08-06,189.940002,189.940002,180.399994,188.240005,2267900,188.107812
2015-08-05,192.149994,192.460007,188.509995,189.649994,1147100,189.51681
2015-08-04,191.690002,192.490005,187.759995,190.639999,1181400,190.50612
2015-08-03,192.199997,194.50,191.130005,192.50,667800,192.364815
2015-07-31,192.740005,193.789993,191.00,192.199997,586400,192.065022
2015-07-30,191.600006,193.210007,191.289993,191.429993,638500,191.295559
2015-07-29,190.889999,194.50,190.460007,192.830002,1464700,192.694585
2015-07-28,192.779999,193.50,187.839996,192.070007,2574200,191.935124
2015-07-27,192.00,196.899994,191.710007,193.600006,5945000,193.464048
2015-07-24,187.440002,190.460007,185.380005,186.50,871400,186.369028
2015-07-23,191.610001,192.470001,187.259995,189.710007,870500,189.576781
2015-07-22,186.949997,190.309998,185.929993,189.050003,796600,188.91724
2015-07-21,187.380005,188.490005,185.190002,187.070007,450300,186.938635
2015-07-20,185.949997,187.850006,184.279999,187.639999,452700,187.508227
2015-07-17,186.649994,187.399994,184.270004,185.860001,920100,185.729478
2015-07-16,187.50,187.50,185.190002,186.809998,966800,186.678808
2015-07-15,186.199997,187.169998,183.880005,186.679993,914400,186.548894
2015-07-14,183.300003,187.399994,182.690002,186.190002,1026700,186.059248
2015-07-13,182.699997,185.00,182.080002,184.020004,923600,183.890774
2015-07-10,181.610001,182.110001,179.00,180.860001,999200,180.73299
2015-07-09,182.350006,182.539993,179.490005,180.009995,805600,179.88358
2015-07-08,181.789993,182.910004,178.889999,180.320007,879600,180.193375
2015-07-07,185.320007,185.860001,181.210007,182.940002,1549800,182.811531
2015-07-06,183.990005,188.559998,182.320007,185.660004,2001300,185.529622
2015-07-02,185.179993,186.850006,183.130005,183.679993,830900,183.551001
2015-07-01,185.740005,188.789993,184.289993,185.059998,1031300,184.930037
2015-06-30,186.259995,187.470001,183.960007,184.830002,927600,184.700203
2015-06-29,187.529999,188.289993,183.880005,184.139999,1025000,184.010685
2015-06-26,190.009995,190.679993,187.199997,190.550003,757100,190.416187
2015-06-25,190.460007,191.75,187.600006,189.210007,693500,189.077132
2015-06-24,189.639999,190.169998,188.059998,189.160004,946200,189.027164
2015-06-23,186.009995,190.669998,185.789993,189.389999,1138400,189.256998
2015-06-22,186.520004,186.759995,184.320007,184.869995,739200,184.740168
2015-06-19,188.089996,190.00,184.240005,185.00,3409400,184.870082
2015-06-18,188.50,189.869995,188.240005,188.279999,756400,188.147777
2015-06-17,190.389999,190.800003,188.039993,188.330002,859800,188.197745
2015-06-16,187.119995,192.050003,186.440002,191.25,2242900,191.115692
2015-06-15,183.350006,186.339996,182.910004,183.300003,1121400,183.171278
2015-06-12,185.809998,186.800003,184.119995,184.570007,1235500,184.440391
2015-06-11,187.210007,189.339996,186.399994,186.910004,1026500,186.778744
2015-06-10,187.580002,188.779999,186.830002,188.00,990800,187.867975
2015-06-09,188.869995,190.479996,188.009995,188.169998,1197200,188.037854
2015-06-08,191.449997,191.759995,188.179993,188.929993,1104000,188.797314
2015-06-05,192.539993,192.869995,190.899994,191.259995,969000,191.12568
2015-06-04,195.75,196.550003,192.399994,192.880005,1088400,192.744553
2015-06-03,194.460007,196.550003,192.089996,195.880005,936600,195.742446
2015-06-02,193.050003,195.729996,191.910004,194.309998,1046200,194.173541
2015-06-01,191.699997,195.229996,191.509995,192.990005,1212600,192.854476
2015-05-29,195.00,195.00,190.220001,190.300003,1612300,190.166363
2015-05-28,192.229996,194.910004,192.229996,193.960007,856600,193.823796
2015-05-27,195.789993,196.369995,193.600006,194.50,1010800,194.36341
2015-05-26,197.199997,199.009995,195.320007,195.75,946400,195.487619
2015-05-22,198.300003,199.729996,197.210007,198.470001,771500,198.203974
2015-05-21,197.580002,199.740005,195.729996,198.259995,1017900,197.994249
2015-05-20,197.850006,198.770004,196.940002,197.539993,541300,197.275213
2015-05-19,199.809998,199.809998,197.119995,197.679993,597200,197.415025
2015-05-18,193.899994,200.960007,193.289993,198.369995,2045100,198.104102
2015-05-15,193.259995,194.570007,192.649994,194.50,850600,194.239294
2015-05-14,194.410004,194.789993,193.25,194.149994,683900,193.889757
2015-05-13,194.210007,195.00,193.110001,193.789993,584000,193.530239
2015-05-12,191.960007,195.00,191.960007,194.259995,1058100,193.99961
2015-05-11,193.929993,194.050003,191.839996,193.580002,898800,193.320529
2015-05-08,190.710007,195.00,190.710007,192.600006,1310900,192.341847
2015-05-07,189.869995,195.00,189.820007,191.00,2536700,190.743986
2015-05-06,188.300003,190.080002,187.619995,189.869995,1336100,189.615495
2015-05-05,187.910004,189.100006,186.479996,188.130005,1367700,187.877837
2015-05-04,186.279999,189.639999,185.339996,187.940002,1456300,187.68809
2015-05-01,186.800003,186.860001,182.649994,186.259995,2135500,186.010334
2015-04-30,184.979996,185.770004,181.419998,183.279999,2972400,183.034332
2015-04-29,190.080002,192.190002,184.630005,184.740005,6209400,184.492382
2015-04-28,188.539993,190.470001,185.570007,186.389999,3693200,186.140164
2015-04-27,193.860001,195.789993,187.960007,188.279999,3855700,188.02763
2015-04-24,201.529999,205.720001,192.889999,192.889999,8218300,192.631452
2015-04-23,199.619995,202.119995,199.529999,201.630005,1857900,201.359742
2015-04-22,195.00,202.270004,194.860001,201.50,4779900,201.229912
2015-04-21,195.199997,197.00,192.350006,192.820007,5959100,192.561553
2015-04-20,197.869995,199.910004,195.860001,198.080002,1923500,197.814498
2015-04-17,196.860001,200.369995,189.630005,198.979996,5846300,198.713285
2015-04-16,202.479996,203.130005,199.00,199.00,1787200,198.733263
2015-04-15,203.270004,205.690002,202.539993,203.210007,1285000,202.937626
2015-04-14,200.820007,204.899994,200.179993,203.690002,1810000,203.416979
2015-04-13,199.00,203.740005,198.440002,201.880005,2021000,201.609407
