Date,Open,High,Low,Close,Volume,Adj Close
2015-10-15,77.309998,78.50,76.410004,78.389999,2222200,78.389999
2015-10-14,76.959999,77.639999,75.889999,76.50,1914000,76.50
2015-10-13,77.199997,78.110001,77.010002,77.150002,1497100,77.150002
2015-10-12,77.910004,78.349998,77.540001,77.940002,1169100,77.940002
2015-10-09,78.349998,79.029999,77.379997,78.080002,1735500,78.080002
2015-10-08,77.290001,78.550003,77.190002,78.279999,1919900,78.279999
2015-10-07,77.209999,78.389999,76.919998,77.779999,2052000,77.779999
2015-10-06,76.959999,77.43,76.370003,76.709999,1571600,76.709999
2015-10-05,75.790001,77.43,75.790001,77.279999,2131800,77.279999
2015-10-02,73.669998,75.400002,73.190002,75.400002,3095100,75.400002
2015-10-01,76.379997,76.900002,75.059998,76.300003,1913000,76.300003
2015-09-30,76.330002,76.589996,75.120003,76.209999,2411600,76.209999
2015-09-29,74.800003,75.300003,73.949997,74.989998,2300300,74.989998
2015-09-28,76.660004,76.660004,74.440002,74.540001,2723900,74.540001
2015-09-25,77.209999,78.029999,76.769997,77.25,2598800,77.25
2015-09-24,75.389999,76.239998,74.650002,76.029999,2811100,76.029999
2015-09-23,76.160004,76.839996,75.760002,76.230003,2374200,76.230003
2015-09-22,75.900002,76.209999,75.07,75.839996,2402800,75.839996
2015-09-21,76.730003,77.639999,76.459999,77.150002,2538300,77.150002
2015-09-18,76.989998,77.099998,75.550003,75.830002,4418700,75.830002
2015-09-17,80.779999,81.209999,77.910004,78.190002,3271900,78.190002
2015-09-16,80.349998,81.099998,80.040001,80.879997,1683800,80.879997
2015-09-15,78.949997,80.739998,78.160004,80.459999,2327100,80.459999
2015-09-14,78.779999,78.980003,78.110001,78.510002,1526800,78.510002
2015-09-11,78.190002,79.029999,77.519997,78.989998,1763100,78.989998
2015-09-10,78.029999,79.589996,77.75,78.949997,1991900,78.949997
2015-09-09,81.139999,81.57,78.279999,78.489998,2697700,78.489998
2015-09-08,78.790001,79.959999,78.279999,79.889999,3022400,79.889999
2015-09-04,78.00,78.040001,76.400002,77.099998,2723000,77.099998
2015-09-03,79.089996,80.290001,78.699997,79.010002,2144500,79.010002
2015-09-02,78.839996,78.959999,77.529999,78.940002,2134900,78.940002
2015-09-01,78.18,78.800003,76.589996,77.120003,2933500,77.120003
2015-08-31,80.230003,81.029999,79.849998,80.699997,2140200,80.699997
2015-08-28,80.199997,81.589996,79.860001,81.199997,2775100,81.199997
2015-08-27,78.919998,81.419998,78.75,81.120003,4303700,81.120003
2015-08-26,77.25,77.650002,74.889999,77.459999,5314600,77.459999
2015-08-25,78.75,78.940002,74.050003,74.220001,6009900,74.220001
2015-08-24,76.00,79.580002,74.650002,75.910004,6497700,75.910004
2015-08-21,83.75,83.919998,80.709999,80.769997,4108600,80.769997
2015-08-20,86.879997,86.949997,84.879997,84.889999,3088900,84.31
2015-08-19,88.50,88.629997,87.080002,87.699997,1982700,87.100799
2015-08-18,89.379997,89.669998,88.940002,89.129997,929100,88.521029
2015-08-17,89.25,89.769997,88.559998,89.309998,1426400,88.699799
2015-08-14,89.43,90.110001,89.010002,90.099998,1955600,89.484403
2015-08-13,88.769997,89.599998,88.419998,89.269997,1628800,88.660072
2015-08-12,88.540001,88.599998,86.230003,88.480003,2641200,87.875476
2015-08-11,90.209999,90.690002,89.019997,89.449997,2369100,88.838842
2015-08-10,90.610001,91.919998,90.529999,91.68,2062800,91.053609
2015-08-07,90.629997,91.25,88.910004,89.410004,2427100,88.799122
2015-08-06,91.349998,92.599998,90.349998,90.660004,3639800,90.040582
2015-08-05,90.040001,91.269997,89.75,89.860001,2658000,89.246045
2015-08-04,88.959999,89.959999,88.959999,89.839996,2265400,89.226177
2015-08-03,88.540001,89.389999,88.260002,89.139999,2151900,88.530963
2015-07-31,89.389999,89.709999,88.110001,88.360001,1913800,87.756293
2015-07-30,89.110001,89.809998,88.540001,89.669998,1912100,89.05734
2015-07-29,88.019997,89.940002,87.910004,89.559998,2270300,88.948091
2015-07-28,87.849998,88.330002,87.029999,88.00,1665200,87.398752
2015-07-27,87.00,87.209999,86.00,87.029999,1675500,86.435378
2015-07-24,88.269997,89.089996,87.519997,87.849998,2344100,87.249776
2015-07-23,88.739998,89.360001,87.959999,88.370003,1781300,87.766227
2015-07-22,88.699997,89.00,88.269997,88.75,1408100,88.143628
2015-07-21,88.75,89.519997,88.220001,88.709999,1363900,88.1039
2015-07-20,89.07,89.389999,88.400002,88.650002,1218000,88.044313
2015-07-17,89.349998,89.400002,88.25,88.760002,1609600,88.153562
2015-07-16,89.260002,89.82,89.050003,89.529999,1926400,88.918297
2015-07-15,88.800003,89.00,88.190002,88.68,3343800,88.074107
2015-07-14,88.389999,89.279999,88.010002,88.75,2030900,88.143628
2015-07-13,88.160004,89.029999,88.160004,88.610001,2470000,88.004585
2015-07-10,86.970001,87.660004,86.620003,87.360001,1740700,86.763126
2015-07-09,86.480003,87.029999,85.550003,85.720001,2206000,85.134331
2015-07-08,85.949997,86.239998,84.660004,84.860001,2531600,84.280206
2015-07-07,87.50,87.580002,84.120003,87.00,3442900,86.405585
2015-07-06,86.919998,88.160004,86.57,87.510002,2074200,86.912102
2015-07-02,88.809998,89.059998,87.800003,88.169998,1448400,87.567589
2015-07-01,88.790001,89.629997,88.589996,88.980003,2495200,88.37206
2015-06-30,88.290001,89.07,86.849998,87.519997,5097500,86.922028
2015-06-29,89.370003,89.769997,87.199997,87.290001,3201000,86.693604
2015-06-26,90.209999,90.93,90.07,90.720001,2136000,90.100169
2015-06-25,91.080002,91.349998,89.699997,89.730003,1672600,89.116936
2015-06-24,91.300003,91.660004,90.599998,90.699997,2068600,90.080302
2015-06-23,91.739998,91.82,90.809998,91.470001,2507400,90.845045
2015-06-22,90.07,91.07,89.949997,90.980003,2734700,90.358395
2015-06-19,89.43,89.849998,88.959999,89.290001,3096400,88.679939
2015-06-18,89.519997,90.349998,88.830002,89.760002,2517900,89.146729
2015-06-17,90.089996,90.220001,88.93,89.139999,2302600,88.530963
2015-06-16,88.580002,89.93,88.269997,89.730003,2162100,89.116936
2015-06-15,88.260002,89.050003,87.839996,88.580002,1866600,87.974791
2015-06-12,89.550003,90.00,88.910004,89.239998,1678700,88.630278
2015-06-11,90.040001,90.940002,89.75,89.93,2960200,89.315566
2015-06-10,89.690002,90.980003,88.860001,90.550003,4177500,89.931333
2015-06-09,87.589996,88.57,87.150002,87.970001,1943000,87.368958
2015-06-08,88.00,88.620003,87.400002,87.580002,2025800,86.981624
2015-06-05,88.110001,89.220001,87.419998,88.239998,3552400,87.63711
2015-06-04,86.279999,87.339996,86.230003,86.599998,3452300,86.008316
2015-06-03,86.010002,87.449997,85.949997,86.989998,2964500,86.395651
2015-06-02,84.370003,85.919998,84.239998,85.519997,2399900,84.935693
2015-06-01,84.860001,85.209999,83.660004,84.32,1770900,83.743895
2015-05-29,85.169998,85.169998,83.730003,84.610001,2642000,84.031915
2015-05-28,84.739998,85.169998,84.199997,85.07,1548300,84.488771
2015-05-27,84.150002,85.489998,84.120003,85.199997,1748000,84.61788
2015-05-26,85.00,85.120003,83.739998,83.970001,2320300,83.396288
2015-05-22,85.459999,85.889999,85.040001,85.120003,1481600,84.538432
2015-05-21,85.199997,86.029999,84.959999,85.629997,1825000,85.044942
2015-05-20,86.199997,86.279999,85.339996,85.639999,2111200,84.478839
2015-05-19,86.760002,87.120003,85.959999,86.279999,2130600,85.110161
2015-05-18,85.370003,86.720001,85.370003,86.43,2250600,85.258128
2015-05-15,86.160004,86.279999,84.879997,85.459999,2382100,84.301279
2015-05-14,86.57,86.809998,85.959999,86.300003,1865100,85.129894
2015-05-13,86.449997,86.779999,85.75,86.080002,2485600,84.912875
2015-05-12,86.449997,86.889999,85.860001,86.230003,2274600,85.060843
2015-05-11,85.709999,87.260002,85.449997,86.769997,3336900,85.593515
2015-05-08,85.470001,85.870003,84.389999,85.580002,2153800,84.419655
2015-05-07,85.00,85.580002,82.980003,85.169998,3464700,84.01521
2015-05-06,84.699997,84.699997,82.790001,83.699997,2521500,82.56514
2015-05-05,84.260002,84.860001,83.309998,83.400002,2557200,82.269212
2015-05-04,83.370003,84.440002,83.199997,84.190002,2439800,83.048502
2015-05-01,82.400002,83.419998,81.989998,83.360001,2588500,82.229754
2015-04-30,82.160004,82.889999,81.32,81.599998,3291800,80.493615
2015-04-29,81.279999,82.959999,81.220001,82.519997,2922100,81.401139
2015-04-28,80.360001,81.25,79.790001,81.150002,2089400,80.049719
2015-04-27,81.00,81.660004,80.160004,80.220001,1770900,79.132328
2015-04-24,81.080002,81.360001,80.349998,80.790001,1359600,79.694599
2015-04-23,81.040001,81.720001,80.739998,81.309998,1687800,80.207546
2015-04-22,79.910004,81.309998,79.459999,81.120003,2587800,80.020127
2015-04-21,80.139999,80.43,79.339996,79.709999,1511700,78.629241
2015-04-20,79.699997,80.239998,79.540001,79.93,1617800,78.846259
