Date,Open,High,Low,Close,Volume,Adj Close
2015-10-09,218.919998,218.919998,215.639999,217.179993,668900,217.179993
2015-10-08,217.020004,218.940002,215.389999,218.759995,549300,218.759995
2015-10-07,217.330002,218.910004,214.990005,217.089996,894700,217.089996
2015-10-06,220.080002,220.509995,216.710007,217.149994,469100,217.149994
2015-10-05,217.509995,220.360001,216.220001,220.110001,673200,220.110001
2015-10-02,213.229996,216.389999,210.869995,216.210007,626600,216.210007
2015-10-01,212.720001,214.070007,211.039993,213.949997,583500,213.949997
2015-09-30,211.059998,212.110001,209.520004,211.630005,686000,211.630005
2015-09-29,206.970001,209.820007,206.639999,209.259995,881700,209.259995
2015-09-28,209.050003,209.330002,205.820007,207.169998,618800,207.169998
2015-09-25,206.25,210.259995,205.669998,209.259995,604300,209.259995
2015-09-24,208.50,208.970001,204.630005,205.660004,646000,205.660004
2015-09-23,207.179993,209.220001,206.369995,208.399994,644000,208.399994
2015-09-22,209.270004,209.770004,206.559998,207.240005,448800,207.240005
2015-09-21,207.339996,210.100006,206.380005,209.520004,485300,209.520004
2015-09-18,205.419998,210.75,205.039993,206.970001,1148400,206.970001
2015-09-17,205.399994,210.679993,204.130005,207.410004,679600,207.410004
2015-09-16,203.869995,206.080002,203.039993,205.470001,378200,205.470001
2015-09-15,202.130005,204.479996,200.740005,203.919998,411400,203.919998
2015-09-14,202.210007,202.539993,201.009995,201.679993,375200,201.679993
2015-09-11,198.559998,202.240005,198.559998,202.190002,594200,202.190002
2015-09-10,200.00,202.339996,199.130005,200.210007,654400,198.510004
2015-09-09,205.990005,206.360001,199.869995,200.240005,795200,198.539748
2015-09-08,202.50,204.419998,201.279999,203.880005,505600,202.14884
2015-09-04,202.210007,202.929993,198.600006,199.550003,622600,197.855604
2015-09-03,203.440002,204.610001,202.339996,203.25,710300,201.524184
2015-09-02,198.820007,203.100006,198.820007,202.350006,623500,200.631832
2015-09-01,199.410004,202.039993,197.380005,199.00,1045100,197.310271
2015-08-31,205.940002,206.949997,201.050003,201.270004,1182500,199.561001
2015-08-28,207.720001,207.919998,205.580002,206.160004,979100,204.409479
2015-08-27,204.220001,210.869995,203.309998,208.009995,876700,206.243761
2015-08-26,200.259995,203.679993,198.350006,203.199997,783200,201.474606
2015-08-25,207.229996,211.100006,196.610001,196.960007,1017000,195.2876
2015-08-24,206.00,210.00,201.089996,202.210007,1494700,200.493022
2015-08-21,214.820007,215.740005,212.50,212.509995,784700,210.705551
2015-08-20,215.800003,217.380005,215.039993,215.309998,515300,213.481779
2015-08-19,215.660004,217.990005,215.110001,216.860001,553100,215.018621
2015-08-18,215.350006,217.059998,214.800003,216.850006,537400,215.008711
2015-08-17,213.990005,215.460007,213.039993,215.350006,368800,213.521448
2015-08-14,212.210007,213.970001,210.850006,213.729996,465900,211.915193
2015-08-13,210.070007,213.339996,209.289993,212.550003,739300,210.74522
2015-08-12,208.649994,210.589996,208.270004,210.529999,490000,208.742368
2015-08-11,207.240005,210.50,207.240005,209.100006,547700,207.324517
2015-08-10,210.00,210.940002,206.860001,207.449997,494500,205.688519
2015-08-07,207.970001,209.570007,207.199997,208.809998,574000,207.036971
2015-08-06,205.630005,207.75,204.490005,207.490005,528300,205.728187
2015-08-05,206.360001,206.919998,205.089996,205.630005,595900,203.88398
2015-08-04,201.919998,207.339996,201.550003,205.380005,466100,203.636103
2015-08-03,205.179993,206.210007,204.789993,205.520004,496200,203.774914
2015-07-31,204.25,206.729996,203.399994,205.179993,618900,203.437789
2015-07-30,203.00,203.429993,200.320007,203.020004,561800,201.296141
2015-07-29,203.289993,203.330002,201.929993,202.929993,689900,201.206894
2015-07-28,203.240005,203.910004,202.100006,203.410004,436800,201.682829
2015-07-27,201.820007,203.559998,201.449997,202.919998,504600,201.196984
2015-07-24,200.899994,203.039993,200.289993,201.929993,435100,200.215385
2015-07-23,201.149994,202.080002,199.529999,201.100006,572600,199.392446
2015-07-22,200.889999,202.059998,200.860001,201.490005,679400,199.779134
2015-07-21,200.460007,201.509995,199.610001,200.830002,660700,199.124734
2015-07-20,198.399994,200.75,197.309998,200.139999,426400,198.440591
2015-07-17,199.490005,199.669998,197.490005,198.399994,464300,196.71536
2015-07-16,199.339996,200.580002,199.050003,200.190002,427400,198.490169
2015-07-15,197.089996,199.320007,196.009995,198.75,445500,197.062394
2015-07-14,197.089996,198.130005,196.009995,197.679993,546800,196.001472
2015-07-13,197.25,198.830002,195.460007,196.699997,681200,195.029798
2015-07-10,194.610001,197.75,193.899994,196.130005,718800,194.464646
2015-07-09,194.389999,195.289993,193.169998,193.729996,611200,192.085015
2015-07-08,191.809998,194.520004,191.020004,193.279999,799700,191.638839
2015-07-07,189.100006,193.070007,188.380005,192.679993,908600,191.043928
2015-07-06,186.330002,188.479996,185.990005,188.380005,567600,186.780452
2015-07-02,188.800003,189.690002,186.770004,187.240005,604900,185.650132
2015-07-01,183.360001,187.089996,182.080002,187.070007,900900,185.481577
2015-06-30,184.160004,185.970001,183.009995,184.369995,801800,182.804491
2015-06-29,185.429993,186.190002,182.910004,182.979996,761500,181.426294
2015-06-26,183.770004,185.649994,183.070007,185.449997,634500,183.875323
2015-06-25,184.880005,186.169998,183.449997,183.619995,483100,182.06086
2015-06-24,186.800003,187.960007,184.960007,184.960007,493700,183.389493
2015-06-23,188.089996,188.740005,186.389999,186.679993,491500,185.094874
2015-06-22,191.160004,191.75,188.100006,188.339996,812200,186.740783
2015-06-19,192.149994,192.539993,190.240005,191.020004,1254900,189.398035
2015-06-18,189.259995,193.229996,189.220001,192.460007,945500,190.82581
2015-06-17,187.679993,189.080002,185.830002,188.869995,777600,187.266281
2015-06-16,185.600006,188.149994,185.380005,187.639999,518800,186.04673
2015-06-15,186.25,186.25,184.580002,185.600006,599200,184.024058
2015-06-12,186.649994,187.330002,185.710007,186.720001,419400,185.134543
2015-06-11,186.210007,187.529999,186.020004,186.869995,646700,185.283264
2015-06-10,186.240005,188.929993,185.729996,187.229996,579400,183.954646
2015-06-09,187.550003,188.229996,185.669998,185.940002,596500,182.687219
2015-06-08,188.199997,188.690002,186.940002,186.940002,842800,183.669725
2015-06-05,191.380005,191.380005,187.949997,188.199997,821300,184.907678
2015-06-04,192.570007,193.380005,191.429993,191.690002,724600,188.33663
2015-06-03,194.610001,195.020004,191.910004,193.020004,566200,189.643365
2015-06-02,195.419998,196.00,194.070007,195.160004,514200,191.745928
2015-06-01,193.460007,196.669998,193.009995,196.320007,668800,192.885639
2015-05-29,196.029999,196.50,192.75,193.539993,1443200,190.154258
2015-05-28,196.720001,196.940002,194.610001,195.520004,417800,192.099631
2015-05-27,193.839996,196.509995,193.539993,196.179993,431100,192.748074
2015-05-26,194.940002,194.990005,193.240005,193.839996,604000,190.449013
2015-05-22,194.809998,196.25,193.369995,195.089996,495600,191.677146
2015-05-21,196.00,197.059998,193.910004,194.850006,886900,191.441354
2015-05-20,197.160004,197.970001,196.149994,196.149994,1030500,192.7186
2015-05-19,199.080002,199.300003,196.899994,197.149994,872500,193.701106
2015-05-18,199.279999,200.600006,198.800003,199.479996,715400,195.990348
2015-05-15,197.949997,200.240005,197.279999,200.070007,670900,196.570038
2015-05-14,194.240005,197.550003,194.119995,197.380005,576300,193.927093
2015-05-13,196.699997,197.880005,192.559998,193.229996,542100,189.849683
2015-05-12,194.460007,197.130005,192.169998,196.190002,660900,192.757909
2015-05-11,196.490005,197.100006,193.50,194.160004,1058400,190.763422
2015-05-08,193.339996,197.449997,193.339996,196.529999,761100,193.091957
2015-05-07,188.419998,192.720001,188.139999,191.809998,729600,188.454526
2015-05-06,188.580002,189.149994,186.270004,187.360001,677000,184.082376
2015-05-05,190.320007,190.899994,186.919998,187.550003,730500,184.269055
2015-05-04,190.570007,191.789993,190.410004,191.149994,518200,187.806069
2015-05-01,188.360001,192.690002,188.360001,190.130005,1029200,186.803923
2015-04-30,188.25,189.339996,186.399994,187.910004,889600,184.622758
2015-04-29,191.419998,191.820007,187.820007,188.570007,815700,185.271216
2015-04-28,192.449997,193.130005,191.479996,192.509995,384600,189.142278
2015-04-27,193.809998,194.779999,192.720001,193.179993,398700,189.800555
2015-04-24,193.619995,194.910004,192.509995,193.600006,376600,190.213221
2015-04-23,192.809998,193.779999,191.729996,193.039993,493800,189.663005
2015-04-22,192.220001,193.039993,191.75,192.809998,459800,189.437033
2015-04-21,191.850006,192.600006,190.50,191.639999,511100,188.287502
2015-04-20,190.330002,191.679993,189.630005,191.589996,871500,188.238374
2015-04-17,190.869995,191.440002,189.270004,190.070007,533700,186.744975
2015-04-16,190.509995,192.279999,189.820007,191.610001,452800,188.258028
2015-04-15,192.529999,193.470001,190.880005,190.949997,472900,187.60957
2015-04-14,192.130005,193.50,191.360001,192.070007,545600,188.709987
2015-04-13,193.710007,193.929993,191.449997,191.449997,689100,188.100823
