Date,Open,High,Low,Close,Volume,Adj Close
2015-10-16,84.029999,84.769997,83.440002,84.120003,2671300,84.120003
2015-10-15,83.029999,83.889999,81.860001,83.489998,2180500,83.489998
2015-10-14,82.160004,83.400002,81.669998,82.470001,2172100,82.470001
2015-10-13,83.00,83.959999,82.010002,82.160004,3222000,82.160004
2015-10-12,83.75,84.00,82.730003,83.870003,1781000,83.870003
2015-10-09,84.610001,84.790001,82.510002,83.519997,3048500,83.519997
2015-10-08,82.970001,84.870003,82.370003,84.580002,3177700,84.580002
2015-10-07,82.93,83.790001,81.260002,83.239998,4013700,83.239998
2015-10-06,81.709999,83.489998,81.620003,82.580002,5104400,82.580002
2015-10-05,79.940002,82.290001,79.879997,81.82,3331200,81.82
2015-10-02,77.110001,79.480003,76.449997,79.480003,2456000,79.480003
2015-10-01,77.629997,78.480003,76.519997,77.93,2965900,77.93
2015-09-30,76.209999,77.279999,75.449997,76.839996,3880600,76.839996
2015-09-29,74.809998,75.989998,74.25,74.510002,4264600,74.510002
2015-09-28,77.459999,78.07,73.93,74.110001,4124200,74.110001
2015-09-25,78.18,78.800003,77.260002,77.940002,3188200,77.940002
2015-09-24,77.610001,78.419998,76.510002,77.650002,3700700,77.650002
2015-09-23,78.550003,79.529999,77.82,77.849998,2475000,77.849998
2015-09-22,78.120003,78.75,77.760002,78.169998,2937800,78.169998
2015-09-21,78.809998,80.50,78.480003,79.260002,3386200,79.260002
2015-09-18,78.089996,79.559998,77.800003,78.589996,12666300,78.589996
2015-09-17,79.480003,80.760002,78.379997,79.309998,3971500,79.309998
2015-09-16,79.400002,79.589996,78.25,79.190002,4004700,79.190002
2015-09-15,78.400002,79.639999,77.730003,79.209999,3944100,79.209999
2015-09-14,80.529999,80.529999,78.050003,78.209999,4257000,78.209999
2015-09-11,80.830002,80.980003,79.720001,80.599998,3943200,80.599998
2015-09-10,81.209999,82.07,80.110001,81.019997,4285700,81.019997
2015-09-09,80.059998,82.75,79.959999,80.650002,6336700,80.650002
2015-09-08,78.209999,79.970001,77.010002,79.879997,6174300,79.879997
2015-09-04,77.50,78.010002,76.709999,77.199997,4266100,77.199997
2015-09-03,79.099998,80.059998,77.769997,78.459999,3322100,78.459999
2015-09-02,79.139999,79.18,76.849998,78.559998,3611500,78.559998
2015-09-01,78.129997,78.419998,76.809998,77.589996,5298300,77.589996
2015-08-31,79.50,80.139999,77.279999,79.07,8462000,79.07
2015-08-28,75.139999,77.260002,75.099998,77.230003,4846700,77.230003
2015-08-27,75.029999,76.540001,73.169998,75.019997,5777500,75.019997
2015-08-26,72.50,73.370003,70.559998,73.300003,4524000,73.300003
2015-08-25,73.620003,74.120003,70.400002,70.550003,4710400,70.550003
2015-08-24,71.93,73.82,69.790001,71.660004,6932200,71.660004
2015-08-21,78.690002,79.080002,75.669998,75.739998,7347100,75.739998
2015-08-20,80.239998,81.779999,79.419998,79.529999,3734100,79.529999
2015-08-19,82.699997,82.93,80.370003,80.800003,4890200,80.800003
2015-08-18,82.68,83.57,82.379997,83.25,2513200,83.25
2015-08-17,81.919998,83.129997,81.660004,83.059998,2586100,83.059998
2015-08-14,82.699997,83.519997,81.82,82.300003,3277000,82.300003
2015-08-13,83.199997,84.400002,82.489998,83.080002,4177400,83.080002
2015-08-12,83.370003,84.849998,82.129997,84.32,5037900,83.759998
2015-08-11,81.07,83.809998,80.900002,83.699997,3584100,83.144113
2015-08-10,80.07,82.529999,80.00,82.519997,3876700,81.971949
2015-08-07,79.269997,80.610001,78.970001,79.620003,2969400,79.091215
2015-08-06,78.449997,79.860001,77.940002,79.639999,4605300,79.111079
2015-08-05,79.57,80.449997,78.190002,78.279999,3102700,77.760111
2015-08-04,79.110001,79.440002,78.089996,78.260002,3601300,77.740247
2015-08-03,78.669998,80.220001,78.25,78.68,4085500,78.157456
2015-07-31,78.470001,80.629997,77.910004,79.50,3615800,78.97201
2015-07-30,79.489998,79.980003,78.379997,79.120003,4040100,78.594536
2015-07-29,78.550003,80.18,78.440002,80.029999,4380000,79.498489
2015-07-28,76.800003,79.07,76.419998,78.650002,4784200,78.127656
2015-07-27,78.00,78.040001,75.440002,76.720001,7687900,76.210474
2015-07-24,81.339996,81.559998,78.300003,79.029999,5377100,78.50513
2015-07-23,82.110001,82.480003,81.220001,81.389999,2110100,80.849457
2015-07-22,81.839996,82.860001,81.199997,81.830002,3725600,81.286537
2015-07-21,82.300003,83.00,81.480003,81.980003,2215000,81.435542
2015-07-20,83.129997,83.25,82.239998,82.330002,3095200,81.783216
2015-07-17,83.209999,83.300003,82.099998,83.239998,2502100,82.687169
2015-07-16,82.419998,83.440002,82.019997,83.209999,3017300,82.657369
2015-07-15,82.790001,83.349998,81.419998,81.769997,3737700,81.22693
2015-07-14,82.889999,84.389999,82.889999,83.519997,4884500,82.965308
2015-07-13,82.050003,84.239998,82.050003,83.419998,4148900,82.865974
2015-07-10,79.860001,81.839996,79.660004,81.489998,3236100,80.948791
2015-07-09,79.599998,80.00,79.190002,79.449997,3839200,78.922339
2015-07-08,81.849998,81.860001,78.059998,78.50,4513100,77.978651
2015-07-07,81.980003,82.629997,79.919998,82.349998,4170700,81.80308
2015-07-06,80.389999,81.790001,79.75,81.540001,3978700,80.998462
2015-07-02,81.470001,82.18,81.00,81.449997,3388900,80.909056
2015-07-01,80.639999,81.860001,80.519997,81.300003,3779600,80.760058
2015-06-30,79.239998,81.360001,79.18,80.559998,4716800,80.024967
2015-06-29,78.75,79.410004,78.459999,78.489998,4888300,77.968715
2015-06-26,78.800003,79.669998,78.559998,79.620003,8753600,79.091215
2015-06-25,79.190002,79.519997,78.800003,78.889999,2347100,78.36606
2015-06-24,79.699997,80.120003,78.959999,79.190002,3106400,78.664071
2015-06-23,79.800003,80.599998,79.559998,80.309998,2453100,79.776628
2015-06-22,80.019997,80.019997,78.940002,79.599998,3153000,79.071344
2015-06-19,79.580002,80.620003,79.580002,79.669998,3030700,79.140879
2015-06-18,78.910004,80.480003,78.800003,80.029999,2508100,79.498489
2015-06-17,79.150002,79.660004,77.919998,78.839996,2799100,78.316389
2015-06-16,78.00,78.440002,77.269997,78.389999,2511000,77.869381
2015-06-15,77.699997,78.089996,77.160004,78.080002,2546600,77.561442
2015-06-12,78.160004,78.339996,76.940002,77.650002,2574600,77.134298
2015-06-11,77.980003,79.290001,77.480003,78.669998,3126400,78.14752
2015-06-10,77.410004,78.349998,77.18,77.800003,3600200,77.283303
2015-06-09,77.339996,77.809998,76.730003,76.790001,3383300,76.280009
2015-06-08,77.110001,77.760002,76.839996,77.18,3344500,76.667418
2015-06-05,77.239998,78.610001,77.169998,78.050003,1934400,77.531643
2015-06-04,77.709999,78.07,77.18,77.379997,2623000,76.866087
2015-06-03,78.790001,78.860001,77.720001,78.300003,3198400,77.779982
2015-06-02,79.379997,79.50,78.470001,79.099998,3281600,78.574665
2015-06-01,79.550003,80.25,79.199997,79.349998,3007400,78.823004
2015-05-29,79.559998,80.540001,78.900002,79.120003,3734300,78.594536
2015-05-28,78.940002,79.669998,77.980003,79.559998,3302200,79.031609
2015-05-27,79.82,80.379997,78.870003,79.190002,3368500,78.664071
2015-05-26,80.169998,80.379997,78.870003,79.360001,3202900,78.83294
2015-05-22,80.620003,81.080002,80.510002,80.970001,1735000,80.432248
2015-05-21,80.690002,81.379997,80.269997,81.00,2289400,80.462048
2015-05-20,80.739998,81.220001,80.139999,80.519997,2551000,79.985232
2015-05-19,80.900002,81.099998,80.230003,80.699997,2549200,80.164037
2015-05-18,81.110001,81.559998,80.519997,81.330002,2015000,80.789858
2015-05-15,81.540001,81.540001,80.860001,81.050003,2046500,80.511719
2015-05-14,80.410004,81.68,80.400002,81.629997,2658400,81.087861
2015-05-13,80.949997,81.18,80.110001,80.769997,2343100,79.677293
2015-05-12,80.279999,80.800003,79.650002,80.50,2245800,79.410949
2015-05-11,81.980003,81.980003,80.260002,80.540001,2406400,79.450409
2015-05-08,80.400002,81.82,79.440002,81.629997,3008900,80.525659
2015-05-07,79.800003,80.120003,78.910004,79.940002,4047600,78.858527
2015-05-06,80.550003,80.699997,79.610001,79.82,3398700,78.740148
2015-05-05,81.099998,81.400002,80.349998,80.440002,2279300,79.351763
2015-05-04,82.00,82.190002,80.739998,80.839996,2833700,79.746346
2015-05-01,79.410004,81.660004,79.139999,81.610001,3061900,80.505933
2015-04-30,80.900002,81.169998,78.900002,79.309998,4829400,78.237045
2015-04-29,81.43,81.940002,80.889999,81.00,2855600,79.904185
2015-04-28,81.230003,81.989998,81.050003,81.610001,2265000,80.505933
2015-04-27,81.870003,81.93,81.010002,81.07,2040000,79.973237
2015-04-24,81.379997,81.839996,80.900002,81.589996,2067000,80.486199
2015-04-23,81.139999,81.720001,80.839996,81.230003,2919000,80.131076
2015-04-22,79.919998,81.07,79.339996,80.919998,2822400,79.825265
2015-04-21,79.300003,79.639999,78.699997,79.50,2458100,78.424477
2015-04-20,78.260002,79.660004,78.120003,79.300003,2620100,78.227186
