Date,Open,High,Low,Close,Volume,Adj Close
2015-10-15,15.71,16.040001,15.33,16.00,3670700,16.00
2015-10-14,15.90,16.07,15.55,15.97,4874700,15.97
2015-10-13,16.02,16.360001,15.79,15.91,5663000,15.91
2015-10-12,16.93,17.049999,15.91,16.110001,3587500,16.110001
2015-10-09,17.17,17.450001,16.75,16.98,6795200,16.98
2015-10-08,16.51,17.030001,15.50,16.969999,6537700,16.969999
2015-10-07,17.00,17.32,15.86,16.25,8758200,16.25
2015-10-06,15.45,16.790001,15.33,16.690001,8836400,16.690001
2015-10-05,14.54,15.74,14.39,15.45,9351500,15.45
2015-10-02,12.82,14.29,12.82,14.26,5747200,14.26
2015-10-01,13.48,14.09,12.96,13.06,5819500,13.06
2015-09-30,14.06,14.10,12.97,13.14,6211800,13.14
2015-09-29,13.90,14.29,13.63,13.89,4485500,13.89
2015-09-28,13.68,14.02,13.66,13.69,3702000,13.69
2015-09-25,14.07,14.43,13.78,13.97,6906200,13.97
2015-09-24,13.29,14.15,13.20,13.92,5646300,13.92
2015-09-23,13.43,13.73,13.11,13.48,4633500,13.48
2015-09-22,13.10,13.87,13.10,13.46,4733800,13.46
2015-09-21,13.72,13.85,13.24,13.45,3747400,13.45
2015-09-18,14.37,14.52,13.39,13.47,8063300,13.47
2015-09-17,14.91,15.38,14.50,14.77,6233000,14.77
2015-09-16,14.58,15.38,14.48,14.88,7113700,14.88
2015-09-15,14.29,14.66,14.21,14.44,2941000,14.44
2015-09-14,14.11,14.29,13.75,14.16,4513500,14.16
2015-09-11,14.17,14.38,13.72,14.22,3249200,14.22
2015-09-10,14.03,14.66,13.73,14.51,5424700,14.51
2015-09-09,15.17,15.17,13.89,14.08,4466600,14.08
2015-09-08,14.72,14.87,14.37,14.72,3533700,14.72
2015-09-04,14.80,14.81,14.28,14.54,4845000,14.44
2015-09-03,14.92,15.43,14.54,14.93,5841500,14.827318
2015-09-02,15.68,16.01,14.30,14.78,6289400,14.678349
2015-09-01,15.55,15.97,15.07,15.36,6474200,15.25436
2015-08-31,15.34,16.440001,14.80,16.280001,6559800,16.168033
2015-08-28,14.82,16.41,14.82,15.67,6611100,15.562228
2015-08-27,14.01,15.09,13.58,15.07,7131400,14.966354
2015-08-26,13.74,13.77,12.98,13.63,8327900,13.536258
2015-08-25,14.35,14.65,13.20,13.24,7839100,13.14894
2015-08-24,14.00,14.07,13.35,13.64,11565900,13.54619
2015-08-21,15.44,15.86,14.61,14.66,7620800,14.559174
2015-08-20,15.87,16.33,15.47,15.53,4285200,15.423191
2015-08-19,16.57,16.75,15.78,15.95,4002700,15.840302
2015-08-18,16.469999,16.82,16.24,16.709999,3949000,16.595074
2015-08-17,16.809999,16.92,16.219999,16.469999,5129100,16.356725
2015-08-14,17.559999,17.959999,16.639999,16.73,4582600,16.614937
2015-08-13,17.82,17.99,17.209999,17.559999,3454600,17.439229
2015-08-12,17.469999,18.27,17.309999,18.110001,4835900,17.985447
2015-08-11,17.620001,17.889999,17.129999,17.459999,5545900,17.339916
2015-08-10,17.129999,18.16,16.790001,18.10,4277400,17.975516
2015-08-07,17.690001,18.280001,16.790001,16.90,5141500,16.783768
2015-08-06,16.629999,18.27,16.34,17.950001,8980300,17.826548
2015-08-05,17.139999,17.379999,16.49,16.73,4407800,16.614937
2015-08-04,16.719999,17.07,16.549999,16.860001,4955800,16.744044
2015-08-03,16.82,16.82,15.92,16.559999,5958300,16.446106
2015-07-31,16.889999,17.08,16.379999,16.49,4077900,16.376588
2015-07-30,16.99,17.48,16.68,16.93,8005900,16.813563
2015-07-29,16.23,17.360001,15.87,17.18,5454000,17.061843
2015-07-28,15.94,16.700001,15.57,16.469999,5664600,16.356725
2015-07-27,15.83,16.26,15.32,15.72,6173600,15.611884
2015-07-24,17.190001,17.360001,16.059999,16.110001,5533200,15.999202
2015-07-23,16.76,18.299999,16.49,17.129999,6429200,17.012186
2015-07-22,16.66,16.889999,16.459999,16.700001,5650200,16.585145
2015-07-21,16.75,17.110001,16.66,16.889999,4017200,16.773837
2015-07-20,16.610001,16.66,16.15,16.51,5359200,16.396451
2015-07-17,17.08,17.360001,16.65,16.66,4807000,16.545419
2015-07-16,17.91,17.99,17.139999,17.16,4523400,17.04198
2015-07-15,18.26,18.34,17.34,17.389999,3721800,17.270398
2015-07-14,17.950001,18.540001,17.790001,18.48,3308600,18.352901
2015-07-13,17.790001,18.200001,17.559999,17.92,3086900,17.796753
2015-07-10,17.879999,18.02,17.50,17.709999,3875100,17.588197
2015-07-09,17.65,17.879999,17.360001,17.620001,4134700,17.498818
2015-07-08,17.190001,17.65,17.09,17.26,5170600,17.141293
2015-07-07,17.09,17.59,16.60,17.559999,4082100,17.439229
2015-07-06,17.41,17.68,17.01,17.07,4357800,16.952599
2015-07-02,17.92,18.18,17.68,17.780001,2838900,17.657717
2015-07-01,18.77,18.799999,17.67,17.74,4827700,17.617991
2015-06-30,19.00,19.08,18.620001,18.82,2446900,18.690563
2015-06-29,18.370001,19.15,18.299999,18.780001,3760700,18.650839
2015-06-26,18.59,18.870001,18.32,18.73,7563800,18.601182
2015-06-25,19.25,19.48,18.67,18.690001,4667000,18.561458
2015-06-24,19.889999,20.059999,19.360001,19.379999,3459400,19.246711
2015-06-23,19.85,20.17,19.77,20.01,2553600,19.872379
2015-06-22,19.90,20.01,19.610001,19.85,3745100,19.71348
2015-06-19,20.08,20.33,19.559999,19.77,4382900,19.63403
2015-06-18,21.02,21.23,20.120001,20.139999,3805000,20.001485
2015-06-17,21.219999,21.42,20.719999,20.93,1980400,20.786052
2015-06-16,20.75,20.99,20.65,20.870001,1886700,20.726465
2015-06-15,20.60,20.90,20.360001,20.68,2585800,20.537772
2015-06-12,20.940001,21.190001,20.790001,20.959999,1944800,20.815845
2015-06-11,21.43,21.43,21.01,21.209999,2352800,21.064125
2015-06-10,21.25,21.549999,21.16,21.40,2032800,21.252819
2015-06-09,21.120001,21.450001,20.74,20.85,3549100,20.706602
2015-06-08,20.90,21.120001,20.549999,20.92,4233800,20.776121
2015-06-05,20.15,21.389999,20.09,20.92,3310300,20.676809
2015-06-04,20.59,20.799999,20.280001,20.299999,2171900,20.064016
2015-06-03,20.719999,21.190001,20.60,20.77,2491300,20.528553
2015-06-02,20.120001,21.10,20.120001,20.77,2003000,20.528553
2015-06-01,20.280001,20.280001,19.68,20.00,2708000,19.767504
2015-05-29,20.02,20.58,19.98,20.200001,3603500,19.96518
2015-05-28,20.219999,20.32,19.700001,19.959999,3557800,19.727968
2015-05-27,19.950001,20.360001,19.719999,20.32,3683900,20.083783
2015-05-26,20.84,21.10,19.93,20.059999,4918500,19.826806
2015-05-22,21.27,21.639999,21.129999,21.40,1780800,21.151229
2015-05-21,21.10,21.73,20.99,21.50,3243400,21.250067
2015-05-20,20.48,21.030001,20.360001,20.870001,2938200,20.627391
2015-05-19,21.17,21.17,19.950001,20.50,5296300,20.261691
2015-05-18,20.889999,21.530001,20.58,21.370001,3788300,21.121579
2015-05-15,20.93,21.040001,20.50,20.889999,4610400,20.647157
2015-05-14,21.459999,21.719999,20.870001,20.99,3059400,20.745995
2015-05-13,21.68,21.799999,21.23,21.35,3967700,21.101811
2015-05-12,21.040001,21.75,20.59,21.51,4030200,21.25995
2015-05-11,21.73,22.00,20.959999,21.07,4355600,20.825065
2015-05-08,21.440001,22.15,20.90,22.10,3479600,21.843092
2015-05-07,21.65,21.700001,20.91,21.209999,5694900,20.963437
2015-05-06,21.91,22.450001,21.540001,21.74,6452600,21.487276
2015-05-05,22.469999,22.809999,21.459999,21.549999,4240200,21.299485
2015-05-04,22.43,22.559999,21.83,22.18,2841000,21.922162
2015-05-01,22.25,22.559999,21.83,22.459999,3946400,22.198906
2015-04-30,23.110001,23.110001,22.120001,22.35,4655500,22.090186
2015-04-29,21.59,22.780001,21.32,22.58,5451200,22.317512
2015-04-28,21.139999,21.74,21.030001,21.66,4133100,21.408206
2015-04-27,21.559999,21.940001,21.15,21.15,3895700,20.904135
2015-04-24,21.889999,21.99,21.08,21.16,3834100,20.914019
2015-04-23,20.99,22.049999,20.91,21.76,7734300,21.507044
2015-04-22,20.52,21.26,20.35,21.01,6168000,20.765763
2015-04-21,21.15,21.33,20.24,20.33,3582600,20.093667
2015-04-20,21.18,21.690001,21.00,21.07,3843400,20.825065
