Date,Open,High,Low,Close,Volume,Adj Close
2015-10-16,99.389999,101.269997,98.830002,101.190002,877000,101.190002
2015-10-15,100.349998,100.599998,98.370003,98.599998,1184300,98.599998
2015-10-14,100.540001,102.190002,99.449997,99.879997,942000,99.879997
2015-10-13,100.00,101.290001,99.00,100.379997,626400,100.379997
2015-10-12,101.07,101.599998,100.080002,100.459999,569800,100.459999
2015-10-09,101.360001,101.639999,99.550003,100.639999,695700,100.639999
2015-10-08,98.989998,102.220001,98.019997,101.599998,978000,101.599998
2015-10-07,101.610001,101.629997,98.169998,98.989998,973200,98.989998
2015-10-06,102.620003,103.370003,100.279999,101.059998,722800,101.059998
2015-10-05,101.82,103.339996,101.050003,103.18,727600,103.18
2015-10-02,98.919998,101.480003,97.269997,101.43,710400,101.43
2015-10-01,101.809998,102.709999,99.190002,99.940002,1098200,99.940002
2015-09-30,98.209999,102.059998,98.040001,101.940002,1481900,101.940002
2015-09-29,100.089996,100.690002,96.260002,96.760002,1671300,96.760002
2015-09-28,104.209999,104.529999,98.919998,100.050003,1116500,100.050003
2015-09-25,108.230003,108.650002,103.730003,104.849998,1521600,104.849998
2015-09-24,108.300003,108.459999,105.519997,107.099998,1471000,107.099998
2015-09-23,112.120003,112.540001,108.629997,108.809998,566300,108.809998
2015-09-22,111.800003,112.760002,110.709999,112.290001,669600,112.290001
2015-09-21,112.629997,114.279999,111.730003,113.50,789000,113.50
2015-09-18,113.470001,114.169998,111.32,111.610001,815900,111.610001
2015-09-17,115.50,116.989998,114.559998,114.959999,767200,114.959999
2015-09-16,113.68,115.839996,113.410004,115.739998,471900,115.739998
2015-09-15,112.980003,113.599998,111.599998,113.440002,833700,113.440002
2015-09-14,113.760002,113.919998,112.239998,112.790001,874400,112.790001
2015-09-11,113.889999,114.830002,113.029999,114.029999,782700,114.029999
2015-09-10,114.959999,115.93,113.830002,114.489998,856900,114.489998
2015-09-09,119.00,119.690002,114.440002,114.68,934000,114.68
2015-09-08,118.959999,119.029999,117.089996,118.160004,1157100,118.160004
2015-09-04,117.300003,118.419998,116.400002,116.889999,765900,116.889999
2015-09-03,119.00,120.669998,117.129997,117.800003,975300,117.800003
2015-09-02,117.730003,118.290001,116.029999,118.260002,798900,118.260002
2015-09-01,116.339996,118.370003,115.790001,116.809998,1241800,116.809998
2015-08-31,116.389999,120.110001,115.800003,118.980003,1395500,118.980003
2015-08-28,118.00,119.339996,116.269997,116.980003,1487500,116.980003
2015-08-27,117.169998,120.00,115.580002,118.169998,2789000,118.169998
2015-08-26,111.459999,112.440002,108.190002,111.440002,1583500,111.440002
2015-08-25,110.150002,113.290001,109.050003,109.220001,2034900,109.220001
2015-08-24,112.260002,115.00,104.879997,107.349998,1742000,107.349998
2015-08-21,113.68,114.160004,111.400002,112.279999,964100,112.241999
2015-08-20,115.959999,116.550003,113.660004,114.980003,1160300,114.94109
2015-08-19,115.839996,118.309998,115.389999,117.379997,857100,117.340272
2015-08-18,115.870003,116.839996,115.120003,116.650002,529000,116.610523
2015-08-17,114.290001,115.610001,113.370003,115.529999,444300,115.490899
2015-08-14,111.769997,115.199997,111.290001,114.519997,588900,114.481239
2015-08-13,112.400002,112.50,111.00,111.779999,1288300,111.742168
2015-08-12,112.459999,113.650002,111.00,112.330002,1093400,112.291985
2015-08-11,113.839996,114.459999,112.57,113.669998,635800,113.631528
2015-08-10,114.860001,115.389999,113.019997,115.120003,700200,115.081042
2015-08-07,114.75,115.099998,112.709999,113.800003,692200,113.761489
2015-08-06,117.309998,117.739998,114.839996,115.209999,834200,115.171008
2015-08-05,115.769997,117.529999,115.720001,116.879997,544500,116.840441
2015-08-04,114.769997,115.779999,113.290001,114.540001,485800,114.501237
2015-08-03,115.610001,115.760002,112.82,114.459999,1176700,114.421262
2015-07-31,116.239998,116.629997,114.589996,116.040001,569700,116.000729
2015-07-30,115.199997,116.459999,115.050003,116.160004,440100,116.120691
2015-07-29,113.459999,116.00,113.459999,115.699997,578000,115.66084
2015-07-28,112.230003,113.860001,111.620003,113.410004,432300,113.371622
2015-07-27,112.730003,112.760002,111.07,111.50,570200,111.462264
2015-07-24,115.00,115.459999,111.760002,113.050003,566900,113.011743
2015-07-23,115.660004,116.480003,114.50,114.650002,544800,114.6112
2015-07-22,114.050003,115.260002,114.050003,115.099998,531800,115.061045
2015-07-21,114.519997,115.629997,113.440002,114.279999,391900,114.241322
2015-07-20,114.50,114.900002,113.330002,114.43,560000,114.391273
2015-07-17,115.099998,115.540001,113.75,114.089996,440400,114.051384
2015-07-16,115.190002,115.910004,113.599998,115.419998,660200,115.380936
2015-07-15,115.669998,116.25,114.550003,114.800003,576700,114.761151
2015-07-14,116.470001,116.910004,115.650002,115.760002,503900,115.720825
2015-07-13,114.50,116.720001,114.440002,116.529999,760300,116.490561
2015-07-10,114.00,114.080002,112.57,113.599998,1008900,113.561552
2015-07-09,114.00,115.559998,112.809998,112.860001,740900,112.821805
2015-07-08,115.300003,115.529999,112.540001,112.879997,728900,112.841795
2015-07-07,115.910004,116.18,112.75,115.739998,975300,115.700827
2015-07-06,116.790001,117.910004,115.050003,115.910004,944200,115.870776
2015-07-02,117.50,118.269997,116.790001,117.809998,923600,117.770127
2015-07-01,116.139999,117.57,113.709999,117.239998,972900,117.20032
2015-06-30,113.93,115.82,113.400002,115.199997,1283200,115.161009
2015-06-29,114.589996,115.550003,112.830002,112.980003,746600,112.941767
2015-06-26,116.50,117.50,115.300003,115.50,1862400,115.460911
2015-06-25,114.379997,117.110001,114.370003,116.25,1043000,116.210657
2015-06-24,114.800003,115.019997,113.629997,113.690002,385800,113.651526
2015-06-23,114.480003,115.169998,114.190002,114.860001,448000,114.821128
2015-06-22,115.32,115.32,113.809998,114.639999,687400,114.601201
2015-06-19,113.389999,115.099998,112.839996,114.599998,1178600,114.561214
2015-06-18,113.169998,114.199997,113.169998,113.190002,763700,113.151695
2015-06-17,112.900002,113.370003,111.050003,112.919998,743800,112.881782
2015-06-16,111.510002,113.470001,110.589996,112.93,1176500,112.891781
2015-06-15,112.080002,112.410004,110.650002,111.169998,909400,111.132374
2015-06-12,112.400002,113.010002,111.650002,112.75,692800,112.711841
2015-06-11,114.269997,114.860001,111.50,112.510002,1473300,112.471925
2015-06-10,116.32,116.32,113.970001,113.989998,898400,113.95142
2015-06-09,116.040001,116.360001,114.290001,115.519997,665000,115.480901
2015-06-08,114.279999,116.379997,114.110001,115.690002,958100,115.650849
2015-06-05,115.720001,115.809998,113.830002,114.43,810600,114.391273
2015-06-04,114.32,116.910004,113.709999,115.580002,1389900,115.540885
2015-06-03,112.690002,115.900002,112.470001,115.43,1993800,115.390935
2015-06-02,108.620003,114.300003,108.620003,112.089996,4506800,112.052061
2015-06-01,104.540001,105.720001,103.900002,104.68,1459700,104.644573
2015-05-29,105.050003,105.410004,104.18,104.639999,963100,104.604586
2015-05-28,103.410004,105.980003,103.410004,104.970001,692700,104.934476
2015-05-27,103.989998,105.610001,103.389999,103.900002,815300,103.864838
2015-05-26,105.68,106.120003,103.910004,104.120003,977800,104.084765
2015-05-22,105.760002,106.57,104.75,106.139999,521600,106.104078
2015-05-21,104.580002,105.870003,104.419998,105.82,461100,105.784186
2015-05-20,104.830002,105.540001,104.260002,104.919998,493400,104.88449
2015-05-19,105.309998,105.800003,103.540001,104.550003,879300,104.51462
2015-05-18,105.169998,105.970001,104.419998,105.550003,601900,105.476295
2015-05-15,103.25,105.290001,103.040001,104.910004,765400,104.836742
2015-05-14,103.529999,103.739998,102.120003,103.019997,935200,102.948055
2015-05-13,104.400002,104.510002,102.540001,103.019997,1019600,102.948055
2015-05-12,104.989998,106.449997,104.410004,104.440002,645300,104.367069
2015-05-11,105.870003,106.220001,105.169998,105.690002,493500,105.616196
2015-05-08,106.389999,107.150002,105.910004,106.059998,579200,105.985933
2015-05-07,105.059998,105.629997,103.93,105.50,563600,105.426326
2015-05-06,105.699997,105.699997,103.779999,105.00,899500,104.926676
2015-05-05,105.940002,106.220001,105.169998,105.709999,746900,105.636179
2015-05-04,104.150002,105.779999,104.07,105.650002,821400,105.576223
2015-05-01,103.980003,104.349998,102.900002,103.889999,1302000,103.81745
2015-04-30,102.910004,104.080002,102.519997,103.349998,819100,103.277826
2015-04-29,102.910004,103.620003,102.300003,102.889999,687100,102.818148
2015-04-28,103.510002,104.419998,103.139999,103.239998,581700,103.167902
2015-04-27,104.720001,105.410004,103.910004,104.029999,718500,103.957352
2015-04-24,105.68,106.010002,104.190002,104.43,492500,104.357074
2015-04-23,103.309998,106.129997,102.93,105.290001,908700,105.216474
2015-04-22,103.82,103.970001,103.260002,103.330002,640500,103.257844
2015-04-21,103.860001,104.480003,103.57,103.720001,678800,103.647571
2015-04-20,104.620003,104.620003,103.389999,103.75,1260200,103.677548
