Date,Open,High,Low,Close,Volume,Adj Close
2015-10-15,25.639999,26.209999,25.559999,26.209999,2113700,26.209999
2015-10-14,25.799999,25.99,25.49,25.60,2673900,25.60
2015-10-13,26.07,26.370001,25.75,25.879999,3184300,25.879999
2015-10-12,26.530001,26.629999,26.120001,26.280001,1575300,26.280001
2015-10-09,26.870001,27.049999,26.40,26.51,2223600,26.51
2015-10-08,26.10,26.82,25.99,26.780001,2400600,26.780001
2015-10-07,25.84,26.43,25.76,26.200001,4908200,26.200001
2015-10-06,25.610001,26.049999,25.48,25.629999,2556800,25.629999
2015-10-05,25.00,25.66,24.790001,25.559999,3537700,25.559999
2015-10-02,23.84,24.780001,23.450001,24.75,4042400,24.75
2015-10-01,24.290001,24.799999,24.200001,24.690001,3772000,24.690001
2015-09-30,24.120001,24.559999,23.879999,24.209999,3891500,24.209999
2015-09-29,23.65,23.940001,23.209999,23.85,3702900,23.85
2015-09-28,24.139999,24.190001,23.58,23.60,3046700,23.60
2015-09-25,24.32,24.58,24.049999,24.379999,2505900,24.379999
2015-09-24,23.50,24.209999,23.360001,24.10,3247500,24.10
2015-09-23,24.50,24.639999,23.530001,23.73,3208100,23.73
2015-09-22,24.530001,24.83,24.34,24.459999,2548100,24.459999
2015-09-21,24.76,25.200001,24.639999,24.91,2531000,24.91
2015-09-18,24.370001,24.76,24.299999,24.58,5697800,24.58
2015-09-17,24.889999,25.190001,24.65,24.74,3175500,24.74
2015-09-16,24.610001,25.00,24.57,24.93,2193300,24.93
2015-09-15,24.290001,24.74,24.24,24.610001,2172200,24.610001
2015-09-14,24.24,24.299999,24.02,24.219999,2344000,24.219999
2015-09-11,24.290001,24.459999,23.959999,24.40,3301600,24.40
2015-09-10,24.34,24.82,24.10,24.540001,2973300,24.540001
2015-09-09,25.09,25.27,24.299999,24.360001,3428500,24.360001
2015-09-08,24.08,24.459999,23.870001,24.42,2521100,24.42
2015-09-04,23.469999,23.870001,23.360001,23.690001,2450100,23.690001
2015-09-03,23.82,24.15,23.60,23.879999,3087600,23.879999
2015-09-02,23.50,23.700001,23.040001,23.700001,3954100,23.700001
2015-09-01,23.559999,23.92,23.15,23.26,4789500,23.26
2015-08-31,23.51,24.459999,23.32,24.24,3592200,24.24
2015-08-28,23.49,23.90,23.49,23.77,4427800,23.77
2015-08-27,22.809999,23.83,22.68,23.65,3721500,23.65
2015-08-26,22.360001,22.49,21.90,22.41,4251400,22.41
2015-08-25,22.709999,22.969999,21.809999,21.83,4345800,21.83
2015-08-24,21.389999,22.940001,21.35,21.969999,5583600,21.969999
2015-08-21,23.440001,23.719999,23.059999,23.059999,3864300,23.059999
2015-08-20,24.01,24.18,23.65,23.66,2873300,23.66
2015-08-19,24.35,24.530001,24.139999,24.18,3267500,24.18
2015-08-18,24.379999,24.60,24.34,24.49,2330600,24.49
2015-08-17,24.360001,24.52,24.120001,24.459999,2892700,24.459999
2015-08-14,24.18,24.709999,24.17,24.530001,2558100,24.530001
2015-08-13,24.84,24.889999,24.139999,24.190001,4146900,24.190001
2015-08-12,24.200001,25.049999,24.18,24.940001,3923300,24.940001
2015-08-11,24.16,24.51,24.07,24.450001,3675900,24.450001
2015-08-10,23.84,24.73,23.799999,24.48,4255900,24.48
2015-08-07,23.190001,23.780001,23.15,23.639999,4272800,23.639999
2015-08-06,23.15,23.77,22.68,23.34,6586600,23.34
2015-08-05,25.27,25.75,23.01,23.110001,13491900,23.110001
2015-08-04,27.459999,27.629999,27.190001,27.33,2284900,27.33
2015-08-03,27.540001,27.860001,27.24,27.42,1658500,27.42
2015-07-31,27.790001,27.790001,27.43,27.620001,1724300,27.620001
2015-07-30,27.73,27.879999,27.469999,27.780001,1223400,27.780001
2015-07-29,27.219999,27.93,27.209999,27.790001,1517000,27.790001
2015-07-28,26.809999,27.360001,26.799999,27.209999,2070400,27.209999
2015-07-27,26.799999,26.969999,26.50,26.629999,2208800,26.629999
2015-07-24,27.48,27.52,26.84,27.00,1640700,27.00
2015-07-23,27.85,28.01,27.40,27.459999,1930500,27.459999
2015-07-22,27.940001,28.16,27.709999,27.77,2525000,27.77
2015-07-21,28.139999,28.299999,27.940001,28.110001,3220100,28.110001
2015-07-20,28.200001,28.24,27.75,28.15,2650900,28.15
2015-07-17,28.51,28.620001,28.07,28.190001,1497300,28.190001
2015-07-16,28.52,28.629999,28.33,28.51,1527800,28.51
2015-07-15,28.780001,28.870001,28.24,28.290001,2188400,28.290001
2015-07-14,28.610001,28.98,28.49,28.90,1495700,28.90
2015-07-13,28.41,28.620001,28.35,28.60,1663200,28.60
2015-07-10,28.27,28.27,27.940001,28.09,1773100,28.09
2015-07-09,28.120001,28.26,27.870001,27.93,2374300,27.93
2015-07-08,28.50,28.700001,27.43,27.700001,3125200,27.700001
2015-07-07,28.299999,28.879999,27.549999,28.790001,3302100,28.790001
2015-07-06,28.16,28.58,28.01,28.32,2094500,28.32
2015-07-02,28.83,28.91,28.35,28.549999,1849700,28.549999
2015-07-01,29.030001,29.10,28.66,28.74,2279200,28.74
2015-06-30,29.07,29.200001,28.700001,28.82,1694400,28.82
2015-06-29,29.35,29.49,28.73,28.83,2264800,28.83
2015-06-26,29.209999,29.82,29.059999,29.700001,3006200,29.700001
2015-06-25,29.629999,29.77,29.15,29.190001,1598600,29.190001
2015-06-24,30.23,30.35,29.57,29.60,1533600,29.60
2015-06-23,30.42,30.610001,30.10,30.25,1962700,30.25
2015-06-22,30.049999,30.450001,29.799999,30.41,2310400,30.41
2015-06-19,29.74,30.129999,29.700001,29.84,3015000,29.84
2015-06-18,29.870001,30.17,29.77,29.799999,2105800,29.799999
2015-06-17,30.049999,30.32,29.629999,29.83,2521400,29.83
2015-06-16,29.440001,30.07,29.219999,29.92,2675900,29.92
2015-06-15,29.57,29.57,28.91,29.440001,1940400,29.440001
2015-06-12,29.379999,29.93,29.15,29.74,1726900,29.74
2015-06-11,29.35,29.610001,29.299999,29.450001,1168900,29.450001
2015-06-10,29.16,29.52,29.08,29.33,1799200,29.33
2015-06-09,28.91,29.139999,28.809999,28.90,1426500,28.90
2015-06-08,29.379999,29.549999,28.799999,28.83,2723900,28.83
2015-06-05,29.10,29.52,29.01,29.40,1586200,29.40
2015-06-04,29.85,29.85,29.07,29.18,2786000,29.18
2015-06-03,30.00,30.389999,29.879999,30.07,2147600,30.07
2015-06-02,29.469999,30.07,29.24,30.040001,2236500,30.040001
2015-06-01,29.40,29.639999,29.15,29.50,1395400,29.50
2015-05-29,29.379999,29.469999,29.10,29.32,1668900,29.32
2015-05-28,29.360001,29.51,29.01,29.41,1075400,29.41
2015-05-27,29.00,29.59,28.780001,29.530001,1548200,29.530001
2015-05-26,29.440001,29.469999,28.809999,28.92,2271200,28.92
2015-05-22,30.030001,30.08,29.57,29.620001,1129600,29.620001
2015-05-21,29.799999,30.200001,29.73,30.15,1500200,30.15
2015-05-20,29.49,29.700001,29.42,29.629999,1169100,29.629999
2015-05-19,29.99,30.10,29.309999,29.43,2743400,29.43
2015-05-18,29.57,30.09,29.34,30.01,2053000,30.01
2015-05-15,29.41,29.860001,29.389999,29.68,2715800,29.68
2015-05-14,29.469999,29.59,29.18,29.370001,3007400,29.370001
2015-05-13,28.809999,29.27,28.77,29.23,2268800,29.23
2015-05-12,29.01,29.10,28.559999,28.76,2048300,28.76
2015-05-11,28.709999,29.219999,28.639999,29.18,2205300,29.18
2015-05-08,28.309999,28.780001,28.219999,28.77,1776900,28.77
2015-05-07,27.92,28.23,27.870001,28.030001,1665700,28.030001
2015-05-06,28.18,28.32,27.77,28.00,2357000,28.00
2015-05-05,28.110001,28.379999,27.889999,27.950001,3422800,27.950001
2015-05-04,28.219999,28.32,27.98,28.129999,3988800,28.129999
2015-05-01,28.98,28.99,27.68,28.23,5293800,28.23
2015-04-30,29.629999,29.700001,28.51,28.91,4868700,28.91
2015-04-29,29.360001,29.719999,29.18,29.68,1920000,29.68
2015-04-28,29.49,29.629999,29.370001,29.559999,1588800,29.559999
2015-04-27,29.34,29.73,29.209999,29.48,1425400,29.48
2015-04-24,29.17,29.43,29.030001,29.280001,1932500,29.280001
2015-04-23,28.99,29.34,28.889999,29.209999,1316800,29.209999
2015-04-22,29.209999,29.34,28.76,29.01,1231800,29.01
2015-04-21,29.389999,29.57,29.07,29.17,888800,29.17
2015-04-20,29.26,29.559999,29.25,29.32,823900,29.32
