Date,Open,High,Low,Close,Volume,Adj Close
2015-10-15,109.50,109.949997,108.620003,109.489998,1582400,109.489998
2015-10-14,108.309998,109.300003,107.940002,108.970001,1693800,108.970001
2015-10-13,107.480003,108.43,107.379997,108.370003,1457900,108.370003
2015-10-12,108.599998,109.099998,108.040001,108.529999,671300,108.529999
2015-10-09,109.099998,109.519997,108.290001,108.650002,1365600,108.650002
2015-10-08,107.300003,108.720001,106.970001,108.589996,1339700,108.589996
2015-10-07,106.239998,107.239998,105.260002,107.239998,1224600,107.239998
2015-10-06,105.889999,106.610001,105.470001,105.970001,1732700,105.970001
2015-10-05,104.019997,106.510002,103.639999,106.339996,1939200,106.339996
2015-10-02,100.389999,103.150002,99.589996,103.150002,1869500,103.150002
2015-10-01,102.099998,102.550003,100.550003,101.410004,2625100,101.410004
2015-09-30,101.290001,102.110001,101.029999,101.860001,2366900,101.860001
2015-09-29,99.269997,100.730003,99.120003,100.550003,1497700,100.550003
2015-09-28,99.989998,100.82,99.080002,99.169998,2024700,99.169998
2015-09-25,101.720001,102.099998,100.599998,100.919998,2008600,100.919998
2015-09-24,100.00,101.43,98.550003,101.00,2707300,101.00
2015-09-23,103.230003,103.610001,100.419998,100.639999,2877200,100.639999
2015-09-22,103.93,104.440002,102.730003,103.43,1725600,103.43
2015-09-21,105.190002,106.129997,104.739998,105.25,1655300,105.25
2015-09-18,105.360001,106.160004,104.540001,105.129997,3088800,105.129997
2015-09-17,107.279999,108.220001,106.620003,107.050003,2343000,107.050003
2015-09-16,105.139999,107.50,105.139999,107.449997,1922100,107.449997
2015-09-15,104.889999,105.910004,104.160004,105.699997,1933200,105.699997
2015-09-14,104.839996,105.00,103.93,104.410004,1781900,104.410004
2015-09-11,104.93,105.050003,104.080002,104.769997,2412500,104.769997
2015-09-10,103.779999,105.800003,103.419998,105.190002,3321100,105.190002
2015-09-09,105.029999,105.400002,103.75,104.300003,2466000,104.300003
2015-09-08,103.209999,104.269997,102.040001,104.269997,2587200,104.269997
2015-09-04,101.800003,102.370003,100.989998,101.440002,2890000,101.440002
2015-09-03,103.019997,104.470001,102.339996,103.010002,2336900,103.010002
2015-09-02,103.400002,103.760002,102.400002,102.949997,1819000,102.234996
2015-09-01,103.519997,104.25,101.980003,102.379997,2145300,101.668955
2015-08-31,105.790001,106.18,104.970001,105.75,1967400,105.015552
2015-08-28,105.050003,106.769997,105.050003,106.190002,2824700,105.452499
2015-08-27,105.790001,106.019997,103.900002,105.190002,3116500,104.459444
2015-08-26,105.040001,105.129997,102.870003,104.050003,3876200,103.327362
2015-08-25,107.790001,107.800003,102.779999,103.00,3243100,102.284651
2015-08-24,103.57,106.18,101.010002,105.360001,3888500,104.628261
2015-08-21,110.760002,111.440002,108.440002,108.610001,2431600,107.85569
2015-08-20,111.910004,112.93,111.639999,111.650002,1532800,110.874577
2015-08-19,112.769997,113.25,111.510002,112.419998,1073100,111.639226
2015-08-18,113.669998,114.029999,113.209999,113.510002,820600,112.72166
2015-08-17,113.870003,114.360001,112.989998,114.00,1146100,113.208255
2015-08-14,113.690002,114.139999,113.449997,113.989998,850200,113.198322
2015-08-13,113.169998,114.089996,112.949997,113.669998,1163300,112.880545
2015-08-12,113.410004,114.050003,112.559998,113.449997,1476900,112.662072
2015-08-11,114.209999,114.769997,113.43,113.980003,958500,113.188397
2015-08-10,114.00,115.559998,113.75,115.470001,1467900,114.668047
2015-08-07,113.110001,113.599998,112.440002,113.150002,1536000,112.36416
2015-08-06,113.43,114.099998,112.940002,113.339996,981300,112.552835
2015-08-05,114.25,114.599998,113.330002,113.389999,1110000,112.602491
2015-08-04,113.980003,114.830002,113.18,113.389999,1167600,112.602491
2015-08-03,114.099998,114.279999,113.190002,113.629997,876800,112.840822
2015-07-31,114.440002,114.790001,113.620003,114.139999,2223000,113.347282
2015-07-30,116.230003,116.580002,113.589996,114.269997,2517300,113.476376
2015-07-29,113.010002,116.370003,111.889999,115.93,2795500,115.124851
2015-07-28,112.339996,115.57,111.730003,115.379997,2030300,114.578668
2015-07-27,112.330002,112.959999,111.540001,111.82,1312000,111.043395
2015-07-24,114.970001,115.43,112.629997,112.980003,1550300,112.195342
2015-07-23,115.139999,115.470001,114.43,115.199997,1339200,114.399918
2015-07-22,115.300003,115.980003,114.82,115.150002,1168400,114.350269
2015-07-21,116.940002,117.260002,114.959999,115.400002,995000,114.598533
2015-07-20,116.910004,117.360001,116.279999,116.709999,1086000,115.899433
2015-07-17,117.800003,118.220001,116.519997,117.010002,979900,116.197352
2015-07-16,118.910004,119.019997,117.93,118.209999,1579300,117.389015
2015-07-15,119.150002,119.540001,118.400002,118.690002,1112400,117.865685
2015-07-14,118.389999,119.360001,118.00,119.269997,875600,118.441651
2015-07-13,118.309998,118.610001,117.82,118.470001,1280000,117.647211
2015-07-10,117.169998,117.730003,116.580002,117.370003,867600,116.554852
2015-07-09,117.419998,117.660004,116.00,116.00,1685900,115.194365
2015-07-08,117.970001,117.970001,116.080002,116.089996,1171900,115.283736
2015-07-07,117.510002,118.669998,116.739998,118.50,1187300,117.677002
2015-07-06,117.940002,118.540001,117.400002,117.860001,892200,117.041447
2015-07-02,119.730003,119.940002,118.279999,118.900002,1179800,118.074225
2015-07-01,120.360001,120.510002,119.010002,119.279999,1380100,118.451583
2015-06-30,120.220001,120.349998,118.980003,119.550003,1511700,118.719712
2015-06-29,120.779999,121.279999,118.980003,119.300003,2066800,118.471449
2015-06-26,121.870003,122.589996,121.32,121.580002,1541600,120.735613
2015-06-25,122.599998,122.68,121.82,122.209999,1083800,121.361234
2015-06-24,123.190002,123.190002,121.779999,122.489998,1598300,121.639289
2015-06-23,123.330002,123.629997,122.419998,123.50,841000,122.642276
2015-06-22,123.50,123.650002,123.00,123.349998,562500,122.493316
2015-06-19,123.790001,123.809998,122.870003,123.00,1216400,122.145749
2015-06-18,123.019997,124.169998,122.559998,123.790001,1032500,122.930263
2015-06-17,122.110001,122.870003,121.449997,122.669998,1061900,121.818039
2015-06-16,121.080002,121.82,121.050003,121.739998,800200,120.894497
2015-06-15,122.239998,122.540001,121.129997,121.220001,1339600,120.378112
2015-06-12,123.169998,123.309998,122.699997,123.18,1253600,122.324499
2015-06-11,123.18,123.400002,122.669998,123.239998,1103100,122.38408
2015-06-10,122.650002,123.059998,122.029999,123.010002,1007600,122.155681
2015-06-09,121.93,122.300003,121.599998,121.959999,1628700,121.112971
2015-06-08,121.379997,121.980003,121.099998,121.790001,2319300,120.944153
2015-06-05,120.900002,121.739998,120.57,121.379997,1220600,120.536997
2015-06-04,120.900002,122.139999,120.900002,121.379997,1691700,120.536997
2015-06-03,121.900002,122.82,121.900002,122.82,1319600,121.966998
2015-06-02,122.379997,122.68,121.699997,122.540001,1212900,120.978912
2015-06-01,123.010002,123.089996,121.800003,122.459999,1448400,120.89993
2015-05-29,122.559998,123.330002,122.239998,122.860001,2269000,121.294835
2015-05-28,121.290001,122.760002,121.150002,122.75,1354800,121.186236
2015-05-27,121.230003,121.639999,120.669998,121.529999,1229500,119.981777
2015-05-26,121.220001,121.68,120.870003,121.669998,1429900,120.119993
2015-05-22,121.699997,122.300003,121.160004,122.010002,1430900,120.455665
2015-05-21,121.330002,121.870003,121.07,121.860001,830200,120.307575
2015-05-20,121.779999,122.349998,121.00,121.480003,1083900,119.932419
2015-05-19,121.879997,121.879997,120.739998,121.330002,887700,119.784328
2015-05-18,122.019997,122.230003,121.139999,121.849998,938700,120.2977
2015-05-15,120.269997,123.07,120.269997,122.400002,1920100,120.840697
2015-05-14,118.760002,120.699997,118.32,120.610001,1515300,119.073499
2015-05-13,117.82,118.239998,117.190002,117.809998,1509900,116.309167
2015-05-12,118.839996,118.839996,117.459999,117.839996,1810800,116.338783
2015-05-11,120.709999,121.099998,118.970001,119.150002,1696000,117.6321
2015-05-08,122.07,122.239998,120.910004,121.019997,1408700,119.478272
2015-05-07,119.43,121.029999,119.139999,120.769997,1039000,119.231457
2015-05-06,121.760002,121.959999,119.440002,119.849998,1453000,118.323179
2015-05-05,122.480003,122.830002,120.529999,120.910004,796500,119.36968
2015-05-04,123.010002,123.349998,122.040001,122.269997,826100,120.712348
2015-05-01,122.25,123.660004,122.080002,122.75,1204300,121.186236
2015-04-30,124.18,124.300003,121.239998,121.93,3068600,120.376683
2015-04-29,120.00,124.989998,119.809998,124.690002,2635200,123.101524
2015-04-28,123.160004,123.940002,122.25,122.790001,1563300,121.225728
2015-04-27,122.50,123.730003,121.970001,123.589996,1804400,122.015531
2015-04-24,121.980003,122.50,121.449997,122.459999,1042500,120.89993
2015-04-23,121.459999,122.419998,121.00,121.860001,979700,120.307575
2015-04-22,121.309998,121.589996,120.309998,121.260002,965100,119.71522
2015-04-21,122.129997,122.419998,121.07,121.230003,1703500,119.685603
2015-04-20,121.519997,122.190002,120.919998,122.00,1644200,120.445791
