Date,Open,High,Low,Close,Volume,Adj Close
2015-10-15,19.77,20.059999,19.25,19.99,3264600,19.99
2015-10-14,19.959999,20.059999,19.530001,20.01,3455600,20.01
2015-10-13,19.24,20.030001,18.959999,19.879999,1844000,19.879999
2015-10-12,19.969999,20.059999,18.969999,19.41,1977600,19.41
2015-10-09,20.32,20.60,19.92,20.040001,4656300,20.040001
2015-10-08,19.84,20.40,19.07,20.110001,2844500,20.110001
2015-10-07,20.370001,20.60,18.950001,19.969999,4817400,19.969999
2015-10-06,18.93,20.26,18.66,19.780001,5911400,19.780001
2015-10-05,17.719999,19.190001,17.66,18.76,4806600,18.76
2015-10-02,15.57,17.530001,15.41,17.49,3288000,17.49
2015-10-01,16.49,16.76,15.77,15.96,2881400,15.96
2015-09-30,16.35,16.440001,15.66,16.15,4301200,16.15
2015-09-29,16.129999,16.540001,15.81,16.23,3080600,16.23
2015-09-28,15.98,16.360001,15.82,15.82,2698100,15.82
2015-09-25,16.469999,16.530001,15.95,16.209999,2299300,16.209999
2015-09-24,16.139999,16.530001,15.94,16.32,2454000,16.32
2015-09-23,17.10,17.23,16.24,16.27,2645400,16.27
2015-09-22,16.65,17.469999,16.49,17.030001,2257600,17.030001
2015-09-21,17.32,17.51,16.879999,16.98,2090800,16.98
2015-09-18,17.84,18.030001,16.940001,17.09,4695100,17.09
2015-09-17,18.51,18.889999,18.07,18.299999,2711900,18.299999
2015-09-16,17.309999,18.549999,17.280001,18.459999,3116700,18.459999
2015-09-15,16.780001,17.43,16.76,17.10,3421100,17.10
2015-09-14,16.65,16.68,16.27,16.610001,1689300,16.610001
2015-09-11,16.98,16.98,16.18,16.67,1842500,16.67
2015-09-10,16.93,17.49,16.620001,17.209999,2566700,17.209999
2015-09-09,17.360001,17.85,16.540001,16.92,2613600,16.92
2015-09-08,17.469999,17.67,17.08,17.41,2062300,17.41
2015-09-04,17.190001,17.530001,17.049999,17.290001,2020100,17.290001
2015-09-03,17.23,17.99,17.059999,17.43,1506200,17.43
2015-09-02,17.799999,17.860001,16.610001,17.219999,2527000,17.219999
2015-09-01,17.57,18.00,17.23,17.58,2901900,17.58
2015-08-31,17.51,18.280001,16.959999,17.969999,2773000,17.969999
2015-08-28,16.49,18.280001,16.280001,17.809999,4297100,17.809999
2015-08-27,15.73,16.709999,15.73,16.67,4597000,16.67
2015-08-26,15.46,15.74,15.01,15.41,3508400,15.41
2015-08-25,16.02,16.02,15.15,15.17,3459700,15.17
2015-08-24,14.78,16.110001,14.63,15.15,3937000,15.15
2015-08-21,15.99,16.32,15.68,15.89,2914400,15.89
2015-08-20,16.610001,16.889999,16.030001,16.049999,1506500,16.049999
2015-08-19,16.950001,17.16,16.41,16.559999,1457600,16.559999
2015-08-18,16.719999,17.34,16.690001,17.120001,2019000,17.120001
2015-08-17,16.639999,17.08,16.51,16.790001,2011000,16.790001
2015-08-14,16.969999,17.40,16.559999,16.620001,1923100,16.620001
2015-08-13,17.58,17.58,16.57,17.02,2522100,17.02
2015-08-12,17.459999,18.059999,17.01,17.950001,3800900,17.950001
2015-08-11,17.65,17.950001,16.940001,17.389999,2881000,17.389999
2015-08-10,17.309999,18.26,17.01,18.10,3818900,18.10
2015-08-07,17.34,18.08,17.15,17.280001,2802000,17.280001
2015-08-06,16.85,17.879999,16.75,17.780001,2958200,17.680001
2015-08-05,16.66,17.10,16.17,16.92,3727400,16.824837
2015-08-04,16.799999,16.93,16.16,16.370001,4924300,16.277931
2015-08-03,16.969999,17.51,16.540001,16.59,2051100,16.496693
2015-07-31,17.809999,17.889999,17.15,17.23,1827300,17.133093
2015-07-30,18.190001,18.48,17.43,17.73,4300900,17.630281
2015-07-29,17.200001,18.379999,17.200001,18.219999,4325000,18.117525
2015-07-28,16.73,17.57,16.559999,17.379999,2236800,17.282249
2015-07-27,16.42,16.77,16.16,16.48,2129600,16.387311
2015-07-24,17.42,17.620001,16.60,16.790001,1798100,16.695569
2015-07-23,17.50,17.82,17.139999,17.50,1973100,17.401575
2015-07-22,17.370001,17.57,17.08,17.42,3227800,17.322025
2015-07-21,17.290001,17.68,17.190001,17.48,3436900,17.381687
2015-07-20,17.299999,17.34,16.870001,17.190001,4770700,17.093319
2015-07-17,18.719999,18.719999,17.26,17.280001,3966400,17.182813
2015-07-16,18.91,19.07,18.58,18.82,1810000,18.71415
2015-07-15,19.34,19.540001,18.629999,18.690001,2308400,18.584882
2015-07-14,19.379999,20.129999,19.379999,19.610001,1944400,19.499708
2015-07-13,19.40,19.60,19.110001,19.450001,2026800,19.340608
2015-07-10,20.27,20.60,19.389999,19.41,2151000,19.300832
2015-07-09,20.26,20.559999,20.110001,20.33,3542400,20.215658
2015-07-08,19.969999,20.209999,19.57,19.860001,2825700,19.748302
2015-07-07,19.65,20.290001,19.07,20.209999,3716000,20.096332
2015-07-06,19.780001,20.16,19.549999,19.780001,3199100,19.668752
2015-07-02,20.01,20.48,19.92,20.26,2366500,20.146052
2015-07-01,21.02,21.139999,19.85,20.030001,2473700,19.917346
2015-06-30,20.860001,21.280001,20.73,21.110001,2077100,20.991272
2015-06-29,20.93,21.450001,20.620001,20.68,2513800,20.56369
2015-06-26,20.59,21.50,20.34,21.360001,3026000,21.239866
2015-06-25,21.00,21.10,20.50,20.66,2331900,20.543802
2015-06-24,21.17,21.469999,20.860001,21.25,1883900,21.130484
2015-06-23,21.01,21.59,20.98,21.389999,1693600,21.269696
2015-06-22,20.700001,21.32,20.59,21.059999,1605100,20.941552
2015-06-19,20.450001,20.809999,20.379999,20.65,3972900,20.533858
2015-06-18,21.23,21.379999,20.35,20.639999,2260500,20.523914
2015-06-17,21.08,21.48,20.879999,21.120001,1808200,21.001216
2015-06-16,20.879999,21.02,20.540001,20.83,3475400,20.712846
2015-06-15,21.07,21.370001,20.690001,20.889999,2608100,20.772508
2015-06-12,21.389999,21.66,21.290001,21.360001,1597500,21.239866
2015-06-11,22.030001,22.129999,21.389999,21.57,2141700,21.448684
2015-06-10,22.09,22.459999,21.98,22.209999,2284700,22.085084
2015-06-09,21.85,22.35,21.68,21.68,1561400,21.558066
2015-06-08,21.83,22.23,21.52,21.629999,2297000,21.508346
2015-06-05,21.389999,22.26,21.33,22.030001,2306300,21.906097
2015-06-04,21.799999,22.120001,21.50,21.540001,1436500,21.418854
2015-06-03,22.190001,22.610001,21.85,22.01,2268300,21.88621
2015-06-02,21.23,22.450001,21.23,22.190001,3619300,22.065197
2015-06-01,21.49,21.60,20.98,21.10,3420400,20.981328
2015-05-29,21.969999,21.98,21.440001,21.48,3627000,21.35919
2015-05-28,22.209999,22.24,21.389999,21.83,4957000,21.707222
2015-05-27,22.50,22.98,22.23,22.379999,3893800,22.254127
2015-05-26,23.120001,23.360001,22.440001,22.629999,1950200,22.502721
2015-05-22,23.00,23.610001,22.84,23.49,2636700,23.357885
2015-05-21,22.459999,23.60,22.43,23.34,2895100,23.208729
2015-05-20,22.17,22.33,21.870001,22.18,1636400,22.055253
2015-05-19,22.290001,22.360001,21.57,21.950001,3410600,21.826547
2015-05-18,23.18,23.18,22.42,22.639999,3023500,22.512665
2015-05-15,23.10,23.50,22.58,23.290001,2972300,23.159011
2015-05-14,23.969999,24.299999,22.98,23.02,2687700,22.890529
2015-05-13,23.85,24.309999,23.50,23.93,4252300,23.795411
2015-05-12,23.120001,23.91,23.110001,23.73,2852300,23.596535
2015-05-11,22.82,23.389999,22.620001,23.120001,3103500,22.989967
2015-05-08,22.40,22.959999,21.870001,22.84,2519700,22.711541
2015-05-07,22.790001,23.15,22.10,22.26,4287900,22.035366
2015-05-06,22.74,23.33,22.200001,22.940001,5062200,22.708505
2015-05-05,21.690001,22.629999,21.65,22.360001,5299100,22.134358
2015-05-04,21.57,21.77,21.209999,21.43,4959100,21.213742
2015-05-01,21.09,21.790001,20.83,21.49,3830100,21.273136
2015-04-30,20.139999,21.290001,19.68,21.190001,5792700,20.976165
2015-04-29,19.049999,20.34,19.049999,19.959999,3141400,19.758575
2015-04-28,19.030001,19.40,18.969999,19.10,2621400,18.907255
2015-04-27,19.33,19.60,19.120001,19.16,2405100,18.966649
2015-04-24,19.52,19.610001,19.059999,19.26,1973600,19.065641
2015-04-23,19.469999,19.709999,19.280001,19.540001,3260300,19.342816
2015-04-22,19.49,19.83,19.32,19.42,3823700,19.224026
2015-04-21,20.030001,20.110001,19.48,19.549999,1969200,19.352713
2015-04-20,20.27,20.50,19.92,20.030001,2818900,19.827871
