Date,Open,High,Low,Close,Volume,Adj Close
2015-10-15,177.25,178.460007,176.649994,178.210007,292200,178.210007
2015-10-14,176.630005,177.820007,176.50,176.990005,235900,176.990005
2015-10-13,178.179993,179.220001,176.440002,176.449997,218500,176.449997
2015-10-12,176.880005,178.770004,176.039993,178.279999,152600,178.279999
2015-10-09,179.110001,180.00,176.869995,176.880005,277600,176.880005
2015-10-08,176.639999,179.429993,175.449997,178.960007,232700,178.960007
2015-10-07,176.479996,178.039993,175.570007,177.009995,280900,177.009995
2015-10-06,175.130005,176.309998,174.270004,175.339996,259600,175.339996
2015-10-05,175.050003,176.080002,173.979996,175.279999,167300,175.279999
2015-10-02,170.419998,173.660004,170.00,173.660004,215800,173.660004
2015-10-01,173.360001,174.199997,170.639999,172.190002,293900,172.190002
2015-09-30,173.929993,174.00,172.039993,173.339996,336700,173.339996
2015-09-29,170.979996,172.25,170.050003,172.039993,249500,172.039993
2015-09-28,173.570007,175.410004,170.830002,170.960007,265600,170.960007
2015-09-25,175.00,175.610001,173.570007,173.830002,265800,173.830002
2015-09-24,171.839996,173.740005,171.800003,173.320007,215200,173.320007
2015-09-23,172.630005,174.289993,172.550003,172.960007,236700,172.960007
2015-09-22,173.380005,173.660004,171.770004,172.630005,228400,172.630005
2015-09-21,174.289993,175.910004,173.910004,174.619995,294500,174.619995
2015-09-18,174.419998,175.509995,172.619995,172.850006,498200,172.850006
2015-09-17,176.979996,178.199997,175.889999,176.059998,299600,176.059998
2015-09-16,176.669998,177.600006,176.169998,176.809998,240500,176.809998
2015-09-15,177.270004,177.460007,176.039993,176.649994,319700,176.649994
2015-09-14,177.619995,178.380005,176.429993,177.160004,202000,177.160004
2015-09-11,174.830002,177.729996,174.520004,177.25,200200,177.25
2015-09-10,175.940002,177.300003,174.490005,176.220001,262300,176.220001
2015-09-09,177.149994,178.009995,174.729996,174.940002,309500,174.940002
2015-09-08,174.979996,176.259995,174.139999,175.869995,245400,175.869995
2015-09-04,173.00,174.339996,171.789993,172.949997,258100,172.949997
2015-09-03,175.300003,176.009995,174.449997,174.910004,273000,174.910004
2015-09-02,174.419998,175.350006,172.729996,174.550003,347100,174.550003
2015-09-01,173.100006,175.149994,172.470001,172.970001,454300,172.970001
2015-08-31,174.350006,176.830002,172.729996,175.809998,409500,175.809998
2015-08-28,174.839996,175.199997,173.300003,174.929993,343700,174.929993
2015-08-27,172.949997,175.490005,171.479996,175.360001,389700,175.360001
2015-08-26,170.699997,171.660004,168.309998,170.770004,386800,170.770004
2015-08-25,172.919998,172.919998,167.740005,167.740005,399500,167.740005
2015-08-24,173.669998,174.690002,167.669998,169.809998,578700,169.809998
2015-08-21,180.839996,182.410004,179.320007,179.639999,409600,178.689998
2015-08-20,183.300003,184.00,182.089996,182.259995,265500,181.296138
2015-08-19,185.860001,185.979996,183.809998,184.729996,247700,183.753077
2015-08-18,185.949997,187.369995,185.679993,186.240005,158700,185.255101
2015-08-17,185.070007,186.320007,184.070007,185.960007,234800,184.976583
2015-08-14,185.009995,185.710007,184.270004,185.699997,388400,184.717948
2015-08-13,184.990005,185.779999,184.190002,184.949997,182000,183.971914
2015-08-12,184.300003,184.970001,183.100006,184.899994,270500,183.922176
2015-08-11,184.399994,186.210007,184.399994,185.300003,266400,184.320069
2015-08-10,185.410004,187.029999,185.100006,185.809998,270600,184.827367
2015-08-07,183.789993,184.399994,183.229996,184.229996,174900,183.255721
2015-08-06,184.850006,185.259995,183.119995,184.00,283400,183.026941
2015-08-05,184.660004,184.660004,183.029999,184.429993,249700,183.45466
2015-08-04,183.839996,184.080002,183.00,183.279999,203100,182.310748
2015-08-03,183.419998,183.960007,181.899994,183.779999,229100,182.808104
2015-07-31,183.270004,183.880005,182.690002,183.119995,291900,182.15159
2015-07-30,182.770004,183.800003,181.539993,182.990005,600300,182.022288
2015-07-29,180.059998,183.339996,180.009995,183.210007,647700,182.241126
2015-07-28,183.009995,185.199997,180.00,180.360001,612900,179.406192
2015-07-27,186.380005,188.059998,186.029999,186.550003,303200,185.563459
2015-07-24,188.619995,189.600006,186.490005,187.699997,385100,186.707371
2015-07-23,190.289993,191.050003,188.449997,188.929993,280900,187.930862
2015-07-22,190.25,191.860001,189.339996,190.369995,398000,189.36325
2015-07-21,190.740005,193.979996,189.410004,190.429993,292200,189.42293
2015-07-20,190.800003,192.369995,189.630005,190.610001,316000,189.601986
2015-07-17,191.990005,191.990005,189.75,190.300003,341700,189.293628
2015-07-16,191.050003,192.119995,190.190002,191.539993,211700,190.52706
2015-07-15,189.009995,190.179993,188.210007,190.179993,321800,189.174252
2015-07-14,188.820007,189.970001,187.979996,188.979996,242400,187.980601
2015-07-13,189.100006,189.179993,187.179993,188.889999,314000,187.891081
2015-07-10,187.070007,188.610001,185.970001,187.619995,211600,186.627793
2015-07-09,187.940002,188.610001,184.139999,184.839996,278100,183.862495
2015-07-08,182.160004,187.970001,182.119995,186.199997,515200,185.215304
2015-07-07,186.020004,187.649994,184.089996,187.619995,307100,186.627793
2015-07-06,182.880005,185.800003,182.880005,185.690002,271300,184.708006
2015-07-02,185.820007,186.75,184.610001,184.740005,220900,183.763033
2015-07-01,185.00,186.570007,183.559998,185.800003,426500,184.817425
2015-06-30,182.550003,183.270004,180.899994,182.009995,248900,181.04746
2015-06-29,183.570007,183.899994,181.119995,181.369995,330100,180.410845
2015-06-26,183.410004,185.190002,183.410004,184.509995,319800,183.534239
2015-06-25,184.389999,184.539993,182.529999,183.300003,244200,182.330646
2015-06-24,186.190002,186.869995,184.100006,184.119995,240200,183.146302
2015-06-23,186.600006,186.860001,184.75,186.289993,191500,185.304824
2015-06-22,185.679993,186.550003,184.220001,185.589996,299800,184.608529
2015-06-19,185.660004,186.25,184.240005,184.830002,272100,183.852554
2015-06-18,184.410004,185.820007,183.699997,185.550003,230800,184.568747
2015-06-17,184.039993,184.949997,182.919998,184.100006,235700,183.126419
2015-06-16,182.130005,185.00,181.960007,183.720001,270200,182.748423
2015-06-15,182.419998,183.380005,180.820007,182.330002,185000,181.365775
2015-06-12,184.460007,184.460007,183.039993,183.440002,163500,182.469905
2015-06-11,181.529999,184.889999,180.029999,184.889999,261700,183.912234
2015-06-10,180.229996,182.699997,180.009995,181.75,285200,180.78884
2015-06-09,180.25,180.979996,179.179993,179.279999,183200,178.331901
2015-06-08,182.699997,183.720001,180.050003,180.25,262300,179.296773
2015-06-05,183.660004,184.570007,181.770004,182.610001,212900,181.644293
2015-06-04,182.539993,183.869995,181.550003,182.770004,200300,181.80345
2015-06-03,183.350006,184.449997,182.639999,183.880005,191000,182.907581
2015-06-02,181.699997,183.660004,181.479996,182.589996,199400,181.624394
2015-06-01,181.279999,182.289993,180.050003,182.169998,282400,181.206617
2015-05-29,184.630005,185.00,181.300003,181.509995,468700,179.605132
2015-05-28,183.460007,184.429993,182.179993,184.149994,286100,182.217426
2015-05-27,182.729996,184.440002,182.300003,184.070007,216300,182.138279
2015-05-26,184.220001,184.220001,182.399994,182.979996,198500,181.059707
2015-05-22,184.460007,185.839996,183.580002,184.389999,282000,182.454913
2015-05-21,185.00,186.259995,184.660004,184.869995,310000,182.929871
2015-05-20,185.020004,185.429993,183.759995,185.289993,170100,183.345462
2015-05-19,183.759995,185.630005,182.729996,184.710007,200500,182.771562
2015-05-18,183.330002,184.839996,182.539993,184.600006,218200,182.662716
2015-05-15,184.919998,185.199997,182.820007,183.179993,202000,181.257605
2015-05-14,182.940002,184.820007,182.289993,184.759995,210900,182.821025
2015-05-13,181.970001,182.589996,181.199997,182.490005,212600,180.574859
2015-05-12,181.800003,182.410004,180.869995,182.059998,228300,180.149363
2015-05-11,181.039993,182.449997,180.619995,182.339996,272300,180.426424
2015-05-08,181.25,181.809998,180.119995,181.660004,222000,179.753567
2015-05-07,179.429993,180.580002,178.559998,180.380005,342600,178.487001
2015-05-06,180.449997,180.449997,178.300003,179.699997,240000,177.81413
2015-05-05,180.910004,181.880005,179.119995,179.860001,531500,177.972454
2015-05-04,180.119995,181.419998,180.110001,181.309998,243000,179.407234
2015-05-01,180.50,180.770004,178.869995,180.75,381700,178.853114
2015-04-30,179.009995,180.429993,178.149994,178.910004,303200,177.032427
2015-04-29,179.580002,181.240005,179.089996,179.410004,320900,177.52718
2015-04-28,180.25,182.759995,178.759995,181.279999,448500,179.37755
2015-04-27,182.619995,183.509995,179.610001,180.199997,267800,178.308883
2015-04-24,181.259995,182.779999,180.220001,182.289993,234200,180.376945
2015-04-23,180.789993,182.320007,180.009995,181.660004,266700,179.753567
2015-04-22,179.990005,180.619995,178.270004,180.619995,265700,178.724473
2015-04-21,181.789993,182.929993,178.830002,179.960007,262700,178.071411
2015-04-20,182.699997,182.779999,181.029999,181.589996,261000,179.684295
