Date,Open,High,Low,Close,Volume,Adj Close
2015-10-15,64.760002,65.470001,64.449997,65.470001,239500,65.470001
2015-10-14,65.110001,65.360001,64.480003,64.650002,323700,64.650002
2015-10-13,65.309998,65.82,64.739998,64.919998,361500,64.919998
2015-10-12,65.120003,65.889999,65.110001,65.550003,299300,65.550003
2015-10-09,65.139999,65.220001,64.57,64.989998,309800,64.989998
2015-10-08,64.730003,65.309998,64.370003,65.120003,374300,65.120003
2015-10-07,63.43,64.68,63.220001,64.629997,525100,64.629997
2015-10-06,63.580002,63.849998,63.110001,63.349998,428900,63.349998
2015-10-05,63.119999,63.700001,62.900002,63.68,477300,63.68
2015-10-02,62.369999,62.720001,61.709999,62.720001,412100,62.720001
2015-10-01,62.330002,62.73,61.91,62.389999,530600,62.389999
2015-09-30,62.240002,62.59,61.759998,62.150002,611900,62.150002
2015-09-29,60.73,61.900002,60.599998,61.790001,584800,61.790001
2015-09-28,61.369999,61.369999,60.110001,60.700001,483200,60.700001
2015-09-25,61.380001,62.00,60.950001,61.220001,561500,61.220001
2015-09-24,61.950001,62.330002,60.709999,61.139999,454900,61.139999
2015-09-23,61.650002,62.389999,61.48,62.080002,321300,62.080002
2015-09-22,61.900002,62.310001,61.380001,61.529999,358400,61.529999
2015-09-21,62.040001,62.91,61.82,62.43,476400,62.43
2015-09-18,60.630001,62.400002,60.619999,61.799999,1048400,61.799999
2015-09-17,60.82,62.369999,60.419998,61.360001,408600,61.360001
2015-09-16,60.110001,61.009998,60.060001,60.919998,332800,60.919998
2015-09-15,59.439999,60.220001,59.139999,60.119999,314500,60.119999
2015-09-14,59.639999,59.639999,59.18,59.34,345200,59.34
2015-09-11,58.139999,59.400002,57.990002,59.400002,374000,59.400002
2015-09-10,57.709999,59.040001,57.709999,58.240002,448900,58.240002
2015-09-09,59.369999,59.419998,57.849998,58.07,579100,58.07
2015-09-08,58.91,59.09,58.290001,58.950001,441900,58.950001
2015-09-04,59.099998,59.110001,57.77,58.110001,412700,58.110001
2015-09-03,59.59,59.919998,59.259998,59.610001,903900,59.610001
2015-09-02,59.009998,59.23,58.50,59.200001,891300,59.200001
2015-09-01,58.50,59.18,57.860001,58.380001,834800,58.380001
2015-08-31,60.799999,60.93,59.25,59.310001,1489600,59.310001
2015-08-28,60.900002,61.25,60.299999,60.880001,1000500,60.880001
2015-08-27,59.77,61.139999,59.259998,60.779999,1180100,60.779999
2015-08-26,58.200001,59.349998,57.220001,59.299999,1017700,59.299999
2015-08-25,60.02,60.299999,57.009998,57.09,1214100,57.09
2015-08-24,58.740002,60.220001,55.790001,58.470001,1263600,58.470001
2015-08-21,62.860001,63.130001,61.970001,61.970001,679200,61.970001
2015-08-20,63.540001,63.790001,62.91,63.189999,639400,63.189999
2015-08-19,63.700001,64.019997,63.360001,63.619999,478000,63.619999
2015-08-18,63.939999,64.160004,63.700001,64.050003,497300,64.050003
2015-08-17,63.75,64.110001,63.150002,64.00,656400,64.00
2015-08-14,63.77,64.199997,63.200001,64.120003,499000,63.635002
2015-08-13,63.130001,64.029999,62.849998,63.779999,347300,63.29757
2015-08-12,63.200001,63.639999,62.77,63.610001,491400,63.128858
2015-08-11,62.560001,63.810001,62.509998,63.380001,551100,62.900598
2015-08-10,63.759998,63.779999,62.619999,62.709999,817600,62.235664
2015-08-07,63.080002,63.73,62.369999,63.50,414600,63.019689
2015-08-06,63.82,63.959999,62.400002,63.25,918300,62.77158
2015-08-05,64.040001,64.209999,63.060001,63.32,688200,62.84105
2015-08-04,64.25,64.790001,63.830002,63.93,493500,63.446437
2015-08-03,63.950001,64.470001,63.900002,64.419998,382600,63.932729
2015-07-31,63.849998,64.489998,63.580002,63.970001,546700,63.486135
2015-07-30,63.18,63.59,62.849998,63.34,669900,62.8609
2015-07-29,62.330002,63.43,61.990002,63.349998,486700,62.870822
2015-07-28,62.169998,62.650002,61.700001,62.43,422200,61.957783
2015-07-27,62.16,62.779999,61.959999,62.169998,347100,61.699747
2015-07-24,61.970001,62.41,61.709999,62.07,683000,61.600505
2015-07-23,62.75,62.75,61.540001,61.98,489800,61.511186
2015-07-22,62.470001,63.00,62.27,62.82,404000,62.344832
2015-07-21,62.759998,63.02,62.389999,62.490002,402300,62.017331
2015-07-20,62.259998,62.889999,62.130001,62.700001,276900,62.225741
2015-07-17,62.900002,63.09,62.360001,62.490002,597100,62.017331
2015-07-16,62.700001,63.419998,62.580002,62.970001,485600,62.493699
2015-07-15,62.25,62.669998,61.889999,62.50,404900,62.027253
2015-07-14,62.41,62.720001,62.040001,62.419998,427900,61.947857
2015-07-13,62.880001,63.290001,61.82,62.310001,557500,61.838692
2015-07-10,62.139999,62.869999,62.09,62.389999,570400,61.918085
2015-07-09,62.709999,62.919998,61.700001,61.91,511100,61.441716
2015-07-08,62.25,62.700001,62.040001,62.400002,670100,61.928011
2015-07-07,61.389999,62.830002,61.029999,62.599998,1050100,62.126495
2015-07-06,60.32,61.16,60.259998,61.049999,858300,60.58822
2015-07-02,60.77,61.310001,60.220001,60.509998,576500,60.052304
2015-07-01,59.07,60.25,58.73,60.23,796500,59.774423
2015-06-30,59.57,59.689999,58.810001,58.98,1075200,58.533878
2015-06-29,60.259998,60.689999,59.060001,59.099998,553700,58.652969
2015-06-26,59.880001,60.43,59.529999,60.259998,766300,59.804195
2015-06-25,60.50,60.580002,59.84,59.900002,1133000,59.446921
2015-06-24,61.299999,61.639999,60.509998,60.52,557100,60.06223
2015-06-23,61.529999,61.68,60.98,61.23,336600,60.766859
2015-06-22,62.299999,62.740002,61.549999,61.610001,666000,61.143986
2015-06-19,62.939999,62.939999,62.23,62.25,770100,61.779144
2015-06-18,61.990002,63.299999,61.98,63.009998,916000,62.533394
2015-06-17,61.450001,61.889999,61.060001,61.759998,1027200,61.292849
2015-06-16,61.400002,61.639999,61.07,61.43,1194900,60.965347
2015-06-15,61.560001,61.669998,61.110001,61.259998,688500,60.796631
2015-06-12,61.77,62.009998,61.459999,61.630001,505000,61.163835
2015-06-11,62.09,62.290001,61.599998,61.950001,650200,61.481414
2015-06-10,61.139999,62.099998,60.889999,61.59,401700,61.124137
2015-06-09,61.580002,61.799999,61.009998,61.049999,516600,60.58822
2015-06-08,61.919998,61.919998,61.41,61.639999,470000,61.173758
2015-06-05,61.50,62.220001,61.119999,61.759998,584800,61.292849
2015-06-04,62.400002,62.84,62.099998,62.240002,525300,61.769222
2015-06-03,63.450001,63.849998,62.439999,62.50,438700,62.027253
2015-06-02,63.939999,63.939999,63.130001,63.50,415400,63.019689
2015-06-01,63.189999,64.269997,62.91,64.25,560800,63.764016
2015-05-29,64.129997,64.309998,62.939999,63.139999,1151900,62.662412
2015-05-28,64.529999,64.959999,63.950001,64.040001,649900,63.555606
2015-05-27,64.110001,64.800003,63.880001,64.690002,525500,64.200691
2015-05-26,64.150002,64.580002,63.84,64.040001,411500,63.555606
2015-05-22,64.419998,65.160004,64.269997,64.800003,238900,64.309859
2015-05-21,65.00,65.410004,64.139999,64.559998,388600,64.071669
2015-05-20,65.110001,65.470001,64.779999,64.809998,399600,64.319778
2015-05-19,65.080002,65.489998,64.980003,65.07,334900,64.577814
2015-05-18,65.25,65.599998,64.629997,65.389999,504800,64.895393
2015-05-15,65.650002,66.279999,65.480003,65.889999,360700,64.910279
2015-05-14,64.150002,65.459999,63.830002,65.43,494600,64.457119
2015-05-13,64.75,65.209999,63.77,63.919998,1022800,62.96957
2015-05-12,63.59,64.559998,62.939999,64.43,752000,63.471988
2015-05-11,64.559998,65.089996,63.560001,64.040001,988600,63.087788
2015-05-08,63.080002,65.550003,63.080002,64.959999,839600,63.994107
2015-05-07,63.310001,63.700001,62.110001,63.630001,860900,62.683884
2015-05-06,62.259998,62.619999,61.799999,62.419998,499500,61.491873
2015-05-05,63.470001,63.599998,62.049999,62.200001,540000,61.275147
2015-05-04,63.450001,63.970001,63.150002,63.82,704100,62.871058
2015-05-01,62.830002,63.669998,62.759998,63.189999,597100,62.250424
2015-04-30,64.00,64.010002,62.419998,62.779999,757300,61.846521
2015-04-29,65.150002,65.860001,63.919998,64.330002,769800,63.373477
2015-04-28,66.239998,66.510002,65.580002,65.970001,411200,64.989091
2015-04-27,66.199997,66.809998,65.809998,66.389999,609700,65.402844
2015-04-24,65.959999,66.589996,65.629997,66.00,421500,65.018644
2015-04-23,65.50,65.949997,65.290001,65.82,287600,64.84132
2015-04-22,65.589996,65.989998,65.419998,65.639999,264100,64.663996
2015-04-21,65.470001,66.029999,65.199997,65.650002,385200,64.673849
2015-04-20,65.449997,65.730003,65.059998,65.139999,333800,64.171431
