Date,Open,High,Low,Close,Volume,Adj Close
2015-10-15,8.90,9.10,8.84,9.08,17701200,9.08
2015-10-14,8.99,9.01,8.75,8.82,15881400,8.82
2015-10-13,9.06,9.11,8.98,8.98,12377100,8.98
2015-10-12,9.06,9.12,9.02,9.08,10533500,9.08
2015-10-09,9.23,9.31,9.04,9.09,11212200,9.09
2015-10-08,9.17,9.29,9.10,9.26,15348100,9.26
2015-10-07,9.15,9.28,9.09,9.21,15413300,9.21
2015-10-06,9.02,9.13,8.99,9.09,13575800,9.09
2015-10-05,8.98,9.10,8.93,9.04,18745100,9.04
2015-10-02,8.76,8.91,8.54,8.91,21396400,8.91
2015-10-01,9.01,9.07,8.90,9.03,14604700,9.03
2015-09-30,9.04,9.06,8.88,9.01,14777500,9.01
2015-09-29,8.81,8.90,8.74,8.83,12504800,8.83
2015-09-28,9.04,9.05,8.80,8.80,12824700,8.80
2015-09-25,9.08,9.14,9.02,9.08,12324500,9.08
2015-09-24,8.82,8.94,8.78,8.92,10400200,8.92
2015-09-23,8.88,9.06,8.88,8.95,10714100,8.95
2015-09-22,8.93,9.06,8.86,8.92,14393800,8.92
2015-09-21,9.03,9.19,9.01,9.09,15130300,9.09
2015-09-18,9.16,9.18,8.92,8.94,28274100,8.94
2015-09-17,9.55,9.63,9.23,9.29,35156000,9.29
2015-09-16,9.72,9.72,9.43,9.57,17324200,9.57
2015-09-15,9.66,9.77,9.64,9.73,16299900,9.73
2015-09-14,9.47,9.70,9.44,9.59,17425000,9.59
2015-09-11,9.43,9.53,9.40,9.51,12928100,9.51
2015-09-10,9.29,9.58,9.29,9.52,16329000,9.52
2015-09-09,9.62,9.66,9.31,9.34,10703600,9.34
2015-09-08,9.47,9.54,9.36,9.52,10022400,9.46
2015-09-04,9.35,9.40,9.16,9.26,12480500,9.201639
2015-09-03,9.37,9.59,9.31,9.43,13322100,9.370567
2015-09-02,9.35,9.37,9.13,9.34,12069200,9.281134
2015-09-01,9.35,9.42,9.12,9.21,19585200,9.151954
2015-08-31,9.52,9.64,9.48,9.59,13324600,9.529559
2015-08-28,9.51,9.64,9.48,9.62,13097300,9.559369
2015-08-27,9.40,9.59,9.35,9.56,24075600,9.499748
2015-08-26,9.08,9.27,8.93,9.25,22494200,9.191702
2015-08-25,9.45,9.50,8.76,8.77,29720700,8.714727
2015-08-24,9.11,9.30,8.95,8.98,38293000,8.923403
2015-08-21,9.82,9.90,9.65,9.67,19259700,9.609055
2015-08-20,10.16,10.20,9.93,9.93,19190600,9.867416
2015-08-19,10.46,10.50,10.23,10.25,29846100,10.185399
2015-08-18,10.53,10.60,10.46,10.50,10898700,10.433823
2015-08-17,10.44,10.61,10.38,10.55,13069800,10.483508
2015-08-14,10.43,10.57,10.37,10.55,11154900,10.483508
2015-08-13,10.41,10.49,10.33,10.41,13293400,10.34439
2015-08-12,10.47,10.48,10.19,10.35,16591800,10.284769
2015-08-11,10.69,10.73,10.52,10.58,12792600,10.513319
2015-08-10,10.70,10.81,10.64,10.80,12584800,10.731933
2015-08-07,10.54,10.72,10.49,10.62,26399300,10.553067
2015-08-06,10.53,10.67,10.49,10.57,20280800,10.503382
2015-08-05,10.45,10.64,10.42,10.48,12096000,10.413949
2015-08-04,10.37,10.53,10.36,10.37,13652900,10.304643
2015-08-03,10.40,10.46,10.27,10.37,14982800,10.304643
2015-07-31,10.55,10.56,10.38,10.39,11300700,10.324517
2015-07-30,10.51,10.60,10.46,10.57,11128500,10.503382
2015-07-29,10.41,10.56,10.35,10.52,15971900,10.453698
2015-07-28,10.45,10.53,10.28,10.40,14121000,10.334453
2015-07-27,10.48,10.48,10.34,10.41,18577300,10.34439
2015-07-24,10.60,10.65,10.52,10.56,15410600,10.493446
2015-07-23,10.68,10.87,10.52,10.62,25786400,10.553067
2015-07-22,10.37,10.85,10.37,10.70,50668500,10.632563
2015-07-21,10.24,10.52,10.24,10.41,25902200,10.34439
2015-07-20,10.20,10.24,10.09,10.20,17290200,10.135714
2015-07-17,10.24,10.27,10.02,10.12,26639300,10.056218
2015-07-16,10.42,10.46,10.35,10.39,14450100,10.324517
2015-07-15,10.25,10.47,10.23,10.31,26565600,10.245021
2015-07-14,10.07,10.23,10.05,10.22,21315800,10.155588
2015-07-13,10.25,10.30,10.19,10.20,13757900,10.135714
2015-07-10,10.15,10.25,10.08,10.14,13351700,10.076093
2015-07-09,9.99,10.04,9.93,10.00,14816500,9.936975
2015-07-08,9.96,9.97,9.82,9.83,17361900,9.768046
2015-07-07,10.12,10.14,9.82,10.04,20789400,9.976723
2015-07-06,10.11,10.22,10.07,10.17,12639600,10.105903
2015-07-02,10.33,10.41,10.19,10.27,12811000,10.205273
2015-07-01,10.47,10.53,10.39,10.41,10993200,10.34439
2015-06-30,10.39,10.51,10.29,10.36,12922600,10.294705
2015-06-29,10.37,10.48,10.23,10.29,18228000,10.225147
2015-06-26,10.63,10.70,10.51,10.53,14277200,10.463634
2015-06-25,10.71,10.73,10.49,10.57,15100400,10.503382
2015-06-24,10.72,10.79,10.62,10.67,9869300,10.602752
2015-06-23,10.68,10.82,10.64,10.76,12882600,10.692185
2015-06-22,10.54,10.61,10.50,10.61,9267200,10.54313
2015-06-19,10.45,10.51,10.40,10.44,10049200,10.374201
2015-06-18,10.48,10.51,10.27,10.50,16610800,10.433823
2015-06-17,10.63,10.68,10.41,10.44,14028900,10.374201
2015-06-16,10.50,10.62,10.45,10.60,8919400,10.533194
2015-06-15,10.45,10.56,10.42,10.50,10774100,10.433823
2015-06-12,10.55,10.62,10.52,10.58,9064500,10.513319
2015-06-11,10.64,10.69,10.51,10.56,12486700,10.493446
2015-06-10,10.55,10.75,10.53,10.65,14940100,10.582878
2015-06-09,10.45,10.64,10.39,10.55,17767400,10.423887
2015-06-08,10.46,10.64,10.42,10.43,15661800,10.305321
2015-06-05,10.41,10.62,10.41,10.52,25929000,10.394246
2015-06-04,10.25,10.35,10.19,10.22,15847800,10.097832
2015-06-03,10.17,10.35,10.13,10.30,35803900,10.176875
2015-06-02,10.00,10.16,9.98,10.13,14823800,10.008907
2015-06-01,10.14,10.17,9.96,9.98,14854400,9.8607
2015-05-29,10.24,10.24,10.07,10.09,12771800,9.969385
2015-05-28,10.27,10.30,10.13,10.22,10353300,10.097832
2015-05-27,10.21,10.29,10.19,10.28,8677200,10.157114
2015-05-26,10.18,10.21,10.11,10.18,10852900,10.05831
2015-05-22,10.25,10.30,10.22,10.22,6978800,10.097832
2015-05-21,10.22,10.32,10.18,10.24,13552200,10.117592
2015-05-20,10.36,10.39,10.22,10.26,9431000,10.137353
2015-05-19,10.24,10.41,10.23,10.39,15793800,10.265799
2015-05-18,10.02,10.25,10.01,10.21,14927600,10.087951
2015-05-15,10.20,10.23,9.94,9.98,18780000,9.8607
2015-05-14,10.30,10.31,10.16,10.19,14835700,10.068189
2015-05-13,10.15,10.29,10.08,10.26,14809700,10.137353
2015-05-12,10.03,10.25,9.99,10.17,21751000,10.048429
2015-05-11,9.95,10.08,9.92,10.07,12547900,9.949624
2015-05-08,9.94,9.98,9.84,9.93,20395800,9.811298
2015-05-07,9.88,9.96,9.78,9.89,15442400,9.771776
2015-05-06,9.97,10.00,9.82,9.92,14280600,9.801417
2015-05-05,9.94,10.14,9.91,9.91,26269500,9.791537
2015-05-04,9.85,9.99,9.84,9.98,12280900,9.8607
2015-05-01,9.86,9.91,9.75,9.83,11788000,9.712493
2015-04-30,9.79,9.91,9.75,9.83,22080500,9.712493
2015-04-29,9.61,9.89,9.59,9.80,17493100,9.682852
2015-04-28,9.56,9.67,9.53,9.64,12141100,9.524765
2015-04-27,9.62,9.69,9.56,9.56,10873300,9.445721
2015-04-24,9.65,9.69,9.55,9.58,11099200,9.465482
2015-04-23,9.67,9.70,9.59,9.62,10795500,9.505003
2015-04-22,9.51,9.75,9.49,9.73,18488900,9.613688
2015-04-21,9.75,9.87,9.55,9.58,30466500,9.465482
2015-04-20,9.63,9.67,9.53,9.59,14857100,9.475362
