Date,Open,High,Low,Close,Volume,Adj Close
2015-10-09,50.84,51.09,49.369999,50.450001,1046900,50.450001
2015-10-08,49.189999,51.279999,49.189999,49.580002,774700,49.580002
2015-10-07,50.560001,50.790001,49.23,50.23,939600,50.23
2015-10-06,50.009998,51.080002,48.939999,50.02,770200,50.02
2015-10-05,48.560001,49.689999,48.560001,49.509998,807200,49.509998
2015-10-02,47.48,48.619999,46.900002,48.560001,704100,48.560001
2015-10-01,47.139999,48.880001,45.959999,46.189999,675700,46.189999
2015-09-30,46.389999,47.02,45.66,46.98,741200,46.98
2015-09-29,46.189999,47.52,46.099998,46.389999,895700,46.17
2015-09-28,46.970001,46.970001,45.740002,45.939999,539100,45.722134
2015-09-25,48.330002,48.639999,47.43,47.709999,607800,47.48374
2015-09-24,47.77,49.259998,47.419998,49.150002,961100,48.916913
2015-09-23,46.560001,47.290001,46.360001,46.779999,768900,46.55815
2015-09-22,46.040001,46.900002,45.75,46.060001,745300,45.841567
2015-09-21,47.34,48.02,46.91,47.16,597700,46.936349
2015-09-18,49.00,49.98,47.029999,47.810001,1695600,47.583268
2015-09-17,47.509998,48.810001,46.830002,48.18,940700,47.951512
2015-09-16,45.669998,47.650002,45.490002,47.43,911700,47.205069
2015-09-15,44.459999,45.57,44.459999,44.68,651700,44.468111
2015-09-14,44.130001,45.650002,43.66,44.639999,800000,44.428299
2015-09-11,44.00,44.610001,42.209999,44.240002,976000,44.030199
2015-09-10,44.970001,45.689999,44.029999,44.279999,903600,44.070006
2015-09-09,44.259998,45.049999,44.259998,44.619999,1082700,44.408394
2015-09-08,45.849998,46.00,44.360001,45.07,1108900,44.85626
2015-09-04,45.970001,46.200001,45.029999,45.849998,922600,45.63256
2015-09-03,47.240002,49.00,46.25,46.27,956400,46.05057
2015-09-02,47.279999,48.290001,46.700001,47.68,739900,47.453883
2015-09-01,48.549999,49.150002,47.189999,47.419998,915000,47.195114
2015-08-31,48.189999,48.82,47.310001,48.119999,992200,47.891795
2015-08-28,48.16,50.040001,48.16,48.939999,877000,48.707906
2015-08-27,47.860001,49.00,46.689999,48.02,1517600,47.792271
2015-08-26,48.349998,48.720001,46.119999,47.349998,1155400,47.125447
2015-08-25,51.400002,51.919998,48.349998,48.939999,969000,48.707906
2015-08-24,53.860001,54.23,50.310001,50.57,1194200,50.330177
2015-08-21,56.84,57.810001,54.50,54.959999,832300,54.699358
2015-08-20,57.290001,57.779999,56.360001,56.540001,863500,56.271867
2015-08-19,54.700001,56.330002,54.619999,55.490002,491200,55.226847
2015-08-18,54.23,55.07,53.790001,54.59,627900,54.331113
2015-08-17,53.68,55.490002,53.68,55.240002,691800,54.978032
2015-08-14,53.52,54.25,52.130001,53.110001,398700,52.858133
2015-08-13,53.610001,54.75,52.610001,53.00,772200,52.748654
2015-08-12,54.849998,54.849998,53.200001,54.650002,1080100,54.39083
2015-08-11,52.700001,52.880001,50.810001,52.709999,941500,52.460028
2015-08-10,50.490002,52.16,49.93,52.07,705800,51.823064
2015-08-07,49.23,51.689999,49.23,50.18,936700,49.942027
2015-08-06,50.299999,50.880001,48.709999,49.16,1014200,48.926864
2015-08-05,50.299999,50.540001,48.93,49.02,799700,48.787529
2015-08-04,49.57,50.400002,49.130001,49.650002,595400,49.414542
2015-08-03,50.330002,50.41,49.080002,49.48,482400,49.245346
2015-07-31,50.950001,51.040001,49.950001,50.419998,546400,50.180887
2015-07-30,50.419998,50.990002,49.139999,49.790001,586200,49.553878
2015-07-29,50.380001,51.639999,50.049999,51.07,588800,50.827806
2015-07-28,50.75,51.299999,50.220001,50.540001,725100,50.300321
2015-07-27,52.009998,52.27,49.709999,50.18,1068900,49.942027
2015-07-24,48.259998,51.450001,48.259998,51.16,1293000,50.917379
2015-07-23,51.68,51.900002,48.66,49.139999,956100,48.906959
2015-07-22,50.119999,51.810001,49.540001,50.990002,767000,50.748188
2015-07-21,51.610001,53.029999,50.810001,51.299999,787100,51.056715
2015-07-20,53.880001,54.369999,50.939999,51.220001,1634300,50.977096
2015-07-17,58.700001,58.810001,56.75,56.849998,1163100,56.580394
2015-07-16,59.25,59.580002,58.59,58.970001,679000,58.690343
2015-07-15,59.889999,60.25,59.110001,59.23,646900,58.949108
2015-07-14,61.369999,61.849998,60.59,60.73,388400,60.441995
2015-07-13,60.549999,61.630001,59.950001,61.50,531200,61.208343
2015-07-10,62.360001,62.549999,60.169998,60.84,569700,60.551474
2015-07-09,62.389999,62.77,61.369999,61.950001,403400,61.65621
2015-07-08,61.990002,62.740002,61.50,61.77,427600,61.477063
2015-07-07,62.419998,62.75,60.880001,61.630001,977200,61.337728
2015-07-06,62.490002,63.990002,61.82,63.43,604700,63.129191
2015-07-02,61.049999,62.529999,61.040001,62.32,381600,62.024454
2015-07-01,61.580002,62.27,60.889999,61.049999,526700,60.760477
2015-06-30,61.849998,62.619999,61.560001,61.59,728400,61.297917
2015-06-29,62.48,63.220001,61.810001,61.939999,451600,61.427299
2015-06-26,62.450001,62.990002,62.110001,62.459999,480200,61.942995
2015-06-25,62.299999,63.290001,62.220001,62.450001,385200,61.93308
2015-06-24,62.389999,63.209999,62.310001,62.540001,340700,62.022335
2015-06-23,62.490002,62.869999,62.279999,62.599998,334200,62.081836
2015-06-22,63.099998,63.099998,62.560001,62.779999,495000,62.260346
2015-06-19,65.019997,65.580002,63.299999,63.52,850900,62.994223
2015-06-18,65.099998,65.790001,64.720001,65.260002,453200,64.719822
2015-06-17,62.610001,64.400002,62.57,64.190002,577200,63.658679
2015-06-16,63.400002,63.529999,62.490002,62.869999,505700,62.349602
2015-06-15,63.00,64.360001,62.75,63.540001,384400,63.014058
2015-06-12,63.560001,63.740002,62.82,63.389999,349200,62.865298
2015-06-11,64.00,64.00,63.040001,63.68,423800,63.152898
2015-06-10,64.160004,64.339996,63.57,64.099998,507100,63.56942
2015-06-09,64.959999,65.059998,63.220001,63.459999,671900,62.934718
2015-06-08,64.419998,64.760002,63.549999,64.589996,448400,64.055362
2015-06-05,63.639999,64.50,63.259998,64.199997,448900,63.668591
2015-06-04,63.75,64.559998,63.75,64.279999,300600,63.74793
2015-06-03,64.760002,65.449997,64.089996,64.25,302500,63.71818
2015-06-02,64.309998,65.309998,64.019997,64.949997,343800,64.412383
2015-06-01,65.169998,65.50,63.91,64.230003,379700,63.698349
2015-05-29,64.610001,65.129997,63.689999,64.769997,448500,64.233872
2015-05-28,65.18,65.389999,64.43,64.550003,589600,64.0157
2015-05-27,64.110001,65.459999,63.66,65.300003,471500,64.759492
2015-05-26,63.110001,64.440002,62.709999,63.889999,527500,63.361159
2015-05-22,65.089996,65.349998,64.25,64.419998,278000,63.886771
2015-05-21,65.389999,65.739998,64.510002,65.230003,291800,64.690071
2015-05-20,65.339996,65.959999,65.18,65.349998,356300,64.809073
2015-05-19,65.949997,66.779999,64.809998,65.230003,519400,64.690071
2015-05-18,66.599998,67.489998,66.099998,67.050003,330800,66.495006
2015-05-15,66.50,67.269997,66.110001,66.599998,413100,66.048727
2015-05-14,67.889999,67.989998,66.589996,66.709999,425100,66.157817
2015-05-13,66.660004,67.690002,66.510002,66.830002,512900,66.276826
2015-05-12,65.849998,66.849998,65.639999,66.190002,439500,65.642124
2015-05-11,65.800003,66.389999,65.080002,65.830002,422800,65.285103
2015-05-08,65.260002,65.849998,64.529999,65.080002,520400,64.541311
2015-05-07,63.759998,64.540001,63.32,64.440002,1198000,63.90661
2015-05-06,65.50,65.910004,64.169998,64.489998,521200,63.956191
2015-05-05,66.580002,67.139999,64.389999,65.169998,528300,64.630563
2015-05-04,67.459999,67.760002,65.419998,65.739998,564200,65.195844
2015-05-01,63.889999,66.459999,63.470001,65.93,624400,65.384274
2015-04-30,63.529999,65.519997,63.439999,64.529999,769400,63.995861
2015-04-29,64.970001,66.120003,64.50,65.190002,692600,64.650402
2015-04-28,62.189999,64.940002,61.849998,64.779999,885100,64.243792
2015-04-27,62.84,64.169998,61.73,61.790001,775300,61.278543
2015-04-24,63.82,64.480003,62.290001,62.299999,593000,61.78432
2015-04-23,62.18,64.449997,62.099998,64.059998,455300,63.52975
2015-04-22,63.50,63.66,61.900002,62.240002,572300,61.724819
2015-04-21,63.049999,64.019997,62.169998,63.57,493200,63.043808
2015-04-20,61.380001,62.990002,61.00,62.970001,574000,62.448776
2015-04-17,61.880001,63.470001,61.880001,62.32,666900,61.804155
2015-04-16,62.830002,63.830002,61.860001,61.91,556700,61.397549
2015-04-15,61.779999,63.00,61.560001,62.720001,1027700,62.200845
2015-04-14,62.00,62.290001,61.209999,61.48,771000,60.971108
2015-04-13,63.400002,63.619999,61.860001,62.099998,624000,61.585975
