Date,Open,High,Low,Close,Volume,Adj Close
2015-10-09,75.269997,76.599998,74.580002,76.480003,1283100,76.480003
2015-10-08,73.730003,75.160004,72.849998,75.139999,1235900,75.139999
2015-10-07,73.099998,74.279999,72.790001,74.169998,1230300,74.169998
2015-10-06,74.010002,74.059998,72.660004,72.790001,998700,72.790001
2015-10-05,74.00,74.449997,73.379997,74.120003,1172000,74.120003
2015-10-02,72.260002,73.669998,71.43,73.620003,1513100,73.620003
2015-10-01,71.93,73.309998,71.650002,73.190002,1438400,73.190002
2015-09-30,71.290001,72.209999,70.68,71.879997,1108300,71.879997
2015-09-29,70.75,71.349998,69.860001,70.489998,1574400,70.489998
2015-09-28,72.330002,72.839996,70.68,70.75,1237600,70.75
2015-09-25,73.959999,74.50,72.50,72.919998,1279900,72.919998
2015-09-24,72.910004,73.300003,71.75,73.160004,1573900,73.160004
2015-09-23,72.889999,73.720001,72.349998,73.25,1632900,73.25
2015-09-22,71.449997,73.199997,70.449997,72.720001,3920500,72.720001
2015-09-21,71.660004,73.160004,71.129997,72.720001,2615400,72.720001
2015-09-18,71.410004,71.779999,70.019997,71.059998,2340300,71.059998
2015-09-17,70.959999,72.309998,70.489998,71.379997,1450100,71.379997
2015-09-16,71.660004,71.839996,70.699997,70.989998,1054500,70.989998
2015-09-15,70.059998,72.00,69.629997,71.760002,1376100,71.760002
2015-09-14,70.529999,70.580002,69.199997,69.790001,1095400,69.790001
2015-09-11,70.639999,70.639999,68.879997,70.529999,1829000,70.529999
2015-09-10,69.470001,70.970001,69.230003,70.370003,942000,70.370003
2015-09-09,71.529999,71.93,69.510002,69.660004,766600,69.660004
2015-09-08,69.790001,71.120003,69.370003,71.019997,1259300,71.019997
2015-09-04,68.910004,69.529999,68.360001,68.660004,1361500,68.660004
2015-09-03,70.580002,70.830002,69.43,69.68,1386900,69.68
2015-09-02,70.870003,71.040001,68.459999,70.269997,2079800,70.269997
2015-09-01,70.769997,71.690002,69.650002,70.040001,2045400,70.040001
2015-08-31,73.120003,73.470001,71.919998,72.209999,1718300,72.209999
2015-08-28,73.769997,74.059998,72.989998,73.860001,969100,73.860001
2015-08-27,73.830002,74.370003,72.82,74.199997,1907600,74.199997
2015-08-26,70.839996,73.139999,69.769997,73.050003,2200400,73.050003
2015-08-25,71.269997,71.709999,68.900002,68.959999,1866900,68.959999
2015-08-24,67.010002,70.440002,67.010002,69.029999,2387000,69.029999
2015-08-21,74.559998,75.129997,72.330002,72.330002,1444800,72.330002
2015-08-20,76.989998,77.059998,75.129997,75.129997,1348800,75.129997
2015-08-19,78.379997,78.449997,77.160004,77.510002,743000,77.510002
2015-08-18,78.900002,79.589996,78.529999,78.660004,699100,78.660004
2015-08-17,77.800003,79.00,77.57,78.779999,519800,78.779999
2015-08-14,76.860001,78.470001,76.760002,78.32,629100,78.32
2015-08-13,77.220001,77.650002,76.610001,76.970001,931400,76.970001
2015-08-12,76.690002,77.290001,74.82,77.050003,1465700,77.050003
2015-08-11,78.260002,78.650002,76.68,77.410004,998200,77.410004
2015-08-10,78.32,79.519997,78.239998,79.160004,752800,79.160004
2015-08-07,77.550003,77.919998,76.830002,77.589996,646300,77.589996
2015-08-06,80.150002,80.769997,77.489998,77.639999,982600,77.639999
2015-08-05,79.690002,80.760002,79.690002,80.139999,752300,80.139999
2015-08-04,78.129997,79.43,78.07,79.040001,641900,79.040001
2015-08-03,78.970001,79.110001,77.760002,78.290001,1041000,78.290001
2015-07-31,79.660004,79.900002,78.980003,79.080002,1007900,79.080002
2015-07-30,79.040001,79.650002,78.07,79.449997,611100,79.449997
2015-07-29,78.459999,79.360001,78.199997,79.269997,799000,79.269997
2015-07-28,77.50,78.82,76.599998,78.730003,1288000,78.730003
2015-07-27,78.410004,78.839996,77.010002,77.160004,966800,77.160004
2015-07-24,79.230003,79.870003,78.43,78.959999,683600,78.959999
2015-07-23,79.709999,80.470001,79.269997,79.339996,535700,79.339996
2015-07-22,78.050003,79.50,77.959999,79.410004,920000,79.410004
2015-07-21,78.800003,79.709999,78.239998,78.290001,1099700,78.290001
2015-07-20,79.300003,79.620003,78.669998,79.190002,1143800,79.190002
2015-07-17,80.540001,80.589996,79.00,79.059998,1373000,79.059998
2015-07-16,80.620003,80.980003,80.25,80.589996,660800,80.589996
2015-07-15,80.690002,80.739998,80.010002,80.099998,1068200,80.099998
2015-07-14,79.760002,81.010002,79.68,80.690002,1118700,80.690002
2015-07-13,79.00,79.720001,78.839996,79.559998,967600,79.559998
2015-07-10,78.139999,78.82,77.790001,78.540001,1094700,78.540001
2015-07-09,77.040001,77.839996,76.980003,77.260002,968800,77.260002
2015-07-08,76.529999,76.989998,75.93,75.989998,844500,75.989998
2015-07-07,76.779999,76.900002,75.580002,76.860001,1196500,76.860001
2015-07-06,76.32,77.220001,75.809998,76.620003,1314300,76.620003
2015-07-02,77.160004,77.75,76.510002,76.879997,994400,76.879997
2015-07-01,76.650002,77.57,76.50,77.519997,1805400,77.519997
2015-06-30,76.029999,76.459999,75.449997,75.93,1212200,75.93
2015-06-29,76.699997,76.720001,75.400002,75.449997,1083800,75.449997
2015-06-26,79.300003,79.300003,77.040001,77.480003,1346500,77.480003
2015-06-25,79.040001,79.68,78.779999,79.120003,1427400,79.120003
2015-06-24,79.459999,79.910004,78.410004,78.519997,1057300,78.519997
2015-06-23,79.779999,79.779999,78.769997,79.620003,1256200,79.620003
2015-06-22,79.779999,80.389999,78.940002,79.470001,1830000,79.470001
2015-06-19,79.400002,81.489998,78.550003,79.300003,4626200,79.300003
2015-06-18,78.209999,78.769997,78.019997,78.489998,3304900,78.489998
2015-06-17,78.739998,79.330002,78.029999,78.260002,1705400,78.260002
2015-06-16,78.709999,79.199997,78.110001,78.510002,1557800,78.510002
2015-06-15,77.839996,78.970001,77.370003,78.650002,1714000,78.650002
2015-06-12,78.279999,78.550003,77.739998,78.190002,894600,78.190002
2015-06-11,78.82,78.970001,78.110001,78.550003,888300,78.550003
2015-06-10,77.910004,78.50,77.50,78.410004,1739700,78.410004
2015-06-09,78.379997,78.470001,77.129997,77.370003,1060500,77.370003
2015-06-08,78.220001,79.139999,78.00,78.239998,1634600,78.239998
2015-06-05,76.900002,78.199997,76.32,77.900002,1797000,77.900002
2015-06-04,77.169998,77.779999,76.769997,77.029999,761800,77.029999
2015-06-03,77.870003,78.230003,77.379997,77.830002,549900,77.830002
2015-06-02,76.489998,78.00,76.32,77.510002,1299000,77.510002
2015-06-01,77.559998,77.669998,76.260002,76.739998,1395200,76.739998
2015-05-29,77.589996,78.099998,76.849998,77.269997,1815500,77.269997
2015-05-28,78.32,78.599998,77.699997,77.779999,902900,77.779999
2015-05-27,77.309998,78.620003,77.120003,78.480003,908100,78.480003
2015-05-26,78.440002,78.75,77.010002,77.279999,1048800,77.279999
2015-05-22,78.760002,79.349998,78.440002,78.809998,626800,78.809998
2015-05-21,78.57,78.93,77.839996,78.830002,816800,78.830002
2015-05-20,78.139999,78.870003,78.010002,78.480003,534400,78.480003
2015-05-19,78.400002,78.629997,77.809998,78.139999,1189400,78.139999
2015-05-18,77.449997,78.690002,77.269997,78.489998,883300,78.489998
2015-05-15,78.099998,78.400002,77.239998,77.769997,1025200,77.769997
2015-05-14,76.870003,78.260002,76.599998,78.010002,1212600,78.010002
2015-05-13,76.190002,76.889999,75.800003,76.589996,805100,76.589996
2015-05-12,75.709999,76.50,75.07,76.139999,942400,76.139999
2015-05-11,75.830002,76.940002,75.559998,76.379997,1229800,76.379997
2015-05-08,75.300003,76.209999,75.080002,75.980003,700300,75.980003
2015-05-07,74.480003,75.150002,74.269997,74.760002,719700,74.760002
2015-05-06,75.230003,75.410004,74.309998,74.75,696800,74.75
2015-05-05,74.459999,75.309998,74.230003,75.00,1527600,75.00
2015-05-04,75.330002,75.50,74.540001,74.779999,1313100,74.779999
2015-05-01,75.220001,75.889999,74.870003,75.360001,1231000,75.360001
2015-04-30,75.830002,76.459999,74.919998,75.260002,1824300,75.260002
2015-04-29,76.199997,76.849998,75.260002,76.419998,1016400,76.419998
2015-04-28,76.550003,76.989998,76.040001,76.559998,868500,76.559998
2015-04-27,76.889999,77.550003,76.290001,76.57,1005500,76.57
2015-04-24,76.980003,77.07,76.480003,76.830002,766400,76.830002
2015-04-23,75.260002,77.080002,75.059998,76.849998,1065600,76.849998
2015-04-22,75.50,76.07,74.860001,75.760002,855200,75.760002
2015-04-21,74.800003,75.760002,74.57,75.220001,868900,75.220001
2015-04-20,74.120003,74.519997,73.830002,74.459999,723600,74.459999
2015-04-17,74.160004,74.279999,73.339996,73.93,1379700,73.93
2015-04-16,75.580002,75.690002,74.75,74.809998,1325900,74.809998
2015-04-15,75.279999,76.220001,75.040001,75.900002,1332000,75.900002
2015-04-14,75.209999,75.440002,74.580002,74.919998,1046500,74.919998
2015-04-13,75.480003,76.50,74.970001,75.029999,898800,75.029999
