Date,Open,High,Low,Close,Volume,Adj Close
2015-10-09,16.51,17.190001,16.40,16.98,16224200,16.98
2015-10-08,15.91,16.40,15.44,16.299999,18278400,16.299999
2015-10-07,16.309999,16.799999,15.05,16.34,25425200,16.34
2015-10-06,14.76,16.00,14.57,15.75,21079700,15.75
2015-10-05,13.86,14.72,13.75,14.69,18212500,14.69
2015-10-02,12.45,13.60,12.32,13.56,11896400,13.56
2015-10-01,13.37,13.66,12.37,12.50,15384800,12.50
2015-09-30,12.51,12.95,12.26,12.92,13524700,12.92
2015-09-29,12.29,12.70,12.10,12.35,12731900,12.35
2015-09-28,12.53,12.55,11.88,11.99,14900500,11.99
2015-09-25,13.08,13.12,12.47,12.58,14219500,12.58
2015-09-24,13.78,13.95,12.38,13.01,24739900,13.01
2015-09-23,14.35,14.45,13.58,13.66,14480700,13.66
2015-09-22,14.09,14.70,13.95,14.49,11385900,14.49
2015-09-21,14.70,14.76,14.15,14.34,9673300,14.34
2015-09-18,15.49,15.50,14.20,14.31,22183700,14.31
2015-09-17,15.62,16.07,15.37,15.77,14336600,15.77
2015-09-16,15.41,16.200001,15.40,15.80,15986200,15.80
2015-09-15,14.52,15.59,14.50,15.38,16507000,15.38
2015-09-14,14.27,14.64,14.15,14.62,9235300,14.62
2015-09-11,14.27,14.47,13.70,14.24,12114300,14.24
2015-09-10,14.51,14.85,14.10,14.82,12145400,14.82
2015-09-09,14.09,15.13,14.04,14.47,24262200,14.47
2015-09-08,13.34,14.34,13.18,14.19,14446600,14.19
2015-09-04,13.29,13.63,13.04,13.45,8622700,13.45
2015-09-03,13.51,13.81,13.17,13.38,8716900,13.38
2015-09-02,13.82,13.85,12.97,13.44,12328300,13.44
2015-09-01,13.59,14.25,13.46,13.71,12797600,13.71
2015-08-31,13.32,14.32,12.97,14.23,15135200,14.23
2015-08-28,12.62,14.26,12.61,13.59,24769600,13.59
2015-08-27,11.96,12.98,11.89,12.93,19390900,12.93
2015-08-26,11.94,12.39,11.26,11.60,28996100,11.60
2015-08-25,12.94,13.07,12.20,12.20,14040800,12.20
2015-08-24,12.07,12.89,11.81,12.26,17029300,12.26
2015-08-21,13.19,13.56,12.77,12.78,12153800,12.78
2015-08-20,13.65,13.84,13.25,13.25,9467900,13.10
2015-08-19,13.88,14.15,13.62,13.65,12546300,13.495471
2015-08-18,13.80,14.31,13.80,14.07,9223600,13.910716
2015-08-17,13.83,13.92,13.45,13.89,9274300,13.732755
2015-08-14,14.19,14.37,13.38,13.74,12617000,13.584452
2015-08-13,14.65,14.73,13.94,14.07,15860700,13.910716
2015-08-12,14.58,15.11,14.56,15.05,17190500,14.879623
2015-08-11,14.00,14.60,13.95,14.49,14278400,14.325962
2015-08-10,13.63,14.59,13.56,14.46,12605700,14.296302
2015-08-07,13.50,14.22,13.46,13.57,17190000,13.416377
2015-08-06,12.68,13.99,12.35,13.84,38089100,13.683321
2015-08-05,12.47,12.87,12.08,12.34,16635900,12.200302
2015-08-04,12.79,12.82,12.10,12.22,15562800,12.08166
2015-08-03,13.15,13.33,12.27,12.42,25343100,12.279396
2015-07-31,14.07,14.10,13.18,13.26,13179000,13.109887
2015-07-30,14.48,14.59,13.77,13.95,14141500,13.792075
2015-07-29,13.77,14.71,13.72,14.46,15128700,14.296302
2015-07-28,13.31,14.20,13.12,14.12,15285300,13.960151
2015-07-27,13.04,13.32,12.76,13.11,11875600,12.961584
2015-07-24,13.48,13.48,13.02,13.26,12864100,13.109887
2015-07-23,13.46,13.84,13.15,13.67,11815700,13.515245
2015-07-22,13.27,13.53,13.06,13.16,12814200,13.011019
2015-07-21,13.61,13.90,13.22,13.35,12379600,13.198868
2015-07-20,13.52,13.59,13.17,13.35,12726100,13.198868
2015-07-17,14.55,14.57,13.46,13.48,21652500,13.327396
2015-07-16,14.63,15.10,14.43,14.61,15885900,14.444603
2015-07-15,14.87,15.15,14.33,14.51,14488000,14.345736
2015-07-14,14.96,15.45,14.89,15.11,10493400,14.938943
2015-07-13,14.77,15.00,14.53,14.90,7926100,14.73132
2015-07-10,15.22,15.31,14.46,14.62,14671800,14.45449
2015-07-09,15.42,15.62,15.03,15.05,8808100,14.879623
2015-07-08,15.36,15.65,14.98,15.15,9728300,14.97849
2015-07-07,14.87,15.88,14.33,15.73,16787600,15.551924
2015-07-06,15.18,15.28,14.78,14.92,11485600,14.751094
2015-07-02,15.74,16.030001,15.50,15.59,6861700,15.413509
2015-07-01,15.99,16.030001,15.22,15.59,14017000,15.413509
2015-06-30,16.190001,16.360001,15.93,16.120001,7930300,15.93751
2015-06-29,16.110001,16.700001,15.93,15.95,10579300,15.769434
2015-06-26,15.98,16.52,15.80,16.50,8646600,16.313207
2015-06-25,16.57,16.610001,15.88,16.00,10147000,15.818868
2015-06-24,16.790001,17.059999,16.58,16.629999,6014300,16.441735
2015-06-23,17.040001,17.48,16.940001,16.969999,7528700,16.777886
2015-06-22,16.809999,17.219999,16.540001,16.940001,7959600,16.748227
2015-06-19,16.92,17.190001,16.57,16.65,12625100,16.461509
2015-06-18,17.52,17.58,16.799999,16.969999,11300200,16.777886
2015-06-17,17.82,18.120001,17.43,17.48,7795900,17.282112
2015-06-16,17.34,17.85,17.34,17.559999,4777400,17.361207
2015-06-15,17.440001,17.82,17.129999,17.610001,8602300,17.410642
2015-06-12,18.09,18.10,17.48,17.77,10214000,17.56883
2015-06-11,18.93,18.950001,18.00,18.129999,14080800,17.924754
2015-06-10,19.389999,19.440001,18.870001,19.08,8355600,18.864
2015-06-09,19.299999,19.60,18.719999,18.74,8234700,18.527849
2015-06-08,18.91,19.459999,18.90,19.120001,6051900,18.903548
2015-06-05,18.530001,19.34,18.379999,19.17,8582000,18.952981
2015-06-04,18.950001,19.16,18.459999,18.549999,8018300,18.339999
2015-06-03,19.18,19.59,18.93,19.049999,6074300,18.834339
2015-06-02,18.940001,19.74,18.860001,19.280001,9221900,19.061736
2015-06-01,18.879999,19.059999,18.309999,18.58,9011000,18.36966
2015-05-29,18.82,19.25,18.809999,18.85,8532600,18.636604
2015-05-28,19.23,19.25,18.65,19.01,9393700,18.794792
2015-05-27,18.99,19.440001,18.82,19.299999,7966300,19.081508
2015-05-26,19.690001,19.870001,19.16,19.309999,8843300,18.943093
2015-05-22,19.67,20.309999,19.629999,20.15,6294000,19.767133
2015-05-21,19.709999,20.190001,19.639999,20.09,11083600,19.708274
2015-05-20,19.200001,19.43,18.959999,19.26,9485600,18.894044
2015-05-19,19.57,19.68,18.76,18.969999,18158100,18.609554
2015-05-18,20.959999,20.969999,19.950001,20.15,16171200,19.767133
2015-05-15,20.299999,21.40,20.02,20.790001,13882100,20.394974
2015-05-14,21.40,21.90,20.42,20.809999,17248300,20.414592
2015-05-13,20.309999,21.549999,20.08,21.389999,19967600,20.983572
2015-05-12,19.549999,20.35,19.459999,20.209999,13719400,19.825992
2015-05-11,19.27,19.75,19.08,19.57,9256500,19.198153
2015-05-08,18.42,19.26,18.049999,19.26,18177200,18.894044
2015-05-07,18.74,18.809999,17.610001,18.309999,21171100,17.962094
2015-05-06,19.370001,19.75,18.790001,18.99,14320500,18.629174
2015-05-05,18.84,19.77,18.799999,18.98,23969900,18.619364
2015-05-04,18.76,18.84,18.040001,18.41,12782400,18.060195
2015-05-01,18.290001,19.059999,18.26,18.83,15085700,18.472214
2015-04-30,17.84,19.040001,17.469999,18.82,21561000,18.462404
2015-04-29,16.469999,17.860001,16.379999,17.549999,16412100,17.216535
2015-04-28,16.48,16.809999,16.32,16.49,7293100,16.176676
2015-04-27,16.52,16.629999,16.290001,16.370001,6280300,16.058957
2015-04-24,16.90,16.959999,16.25,16.40,9662100,16.088386
2015-04-23,16.969999,17.51,16.76,16.969999,12007000,16.647555
2015-04-22,16.940001,17.299999,16.709999,16.85,11233900,16.529836
2015-04-21,18.200001,18.209999,16.77,17.030001,13024600,16.706417
2015-04-20,17.950001,18.200001,17.65,18.02,8248100,17.677606
2015-04-17,18.459999,18.530001,17.870001,17.98,10149500,17.638365
2015-04-16,18.75,19.059999,18.15,18.60,17317800,18.246585
2015-04-15,17.360001,19.16,17.34,18.90,24436800,18.540884
2015-04-14,16.549999,17.42,16.51,17.16,13340800,16.833946
2015-04-13,16.74,16.75,16.209999,16.360001,6683500,16.049147
