Date,Open,High,Low,Close,Volume,Adj Close
2015-10-16,52.240002,52.490002,51.650002,52.209999,636800,52.209999
2015-10-15,50.59,52.060001,50.400002,51.959999,1455200,51.959999
2015-10-14,50.860001,51.060001,50.09,50.240002,633100,50.240002
2015-10-13,50.939999,51.549999,50.779999,51.00,682300,51.00
2015-10-12,51.369999,51.439999,50.990002,51.360001,519000,51.360001
2015-10-09,51.09,51.77,50.779999,51.169998,872000,51.169998
2015-10-08,50.57,51.650002,50.52,51.169998,1106000,51.169998
2015-10-07,50.720001,51.310001,50.419998,50.860001,694600,50.860001
2015-10-06,50.50,50.669998,49.720001,50.330002,741500,50.330002
2015-10-05,49.84,50.919998,45.860001,50.779999,864700,50.779999
2015-10-02,48.139999,49.27,47.619999,49.259998,961300,49.259998
2015-10-01,49.50,49.900002,49.009998,49.849998,1171600,49.849998
2015-09-30,49.549999,49.939999,48.880001,49.630001,997400,49.630001
2015-09-29,48.700001,49.41,48.240002,48.950001,1108800,48.950001
2015-09-28,49.16,49.310001,48.279999,48.560001,1378800,48.380001
2015-09-25,49.860001,50.310001,49.470001,49.669998,629600,49.485884
2015-09-24,49.00,49.299999,48.779999,49.150002,873900,48.967815
2015-09-23,49.759998,50.099998,49.389999,49.549999,446300,49.36633
2015-09-22,49.709999,49.959999,49.34,49.779999,735200,49.595477
2015-09-21,50.419998,50.77,49.939999,50.310001,1307000,50.123515
2015-09-18,50.84,50.889999,49.759998,49.919998,1338600,49.734957
2015-09-17,52.91,53.150002,51.400002,51.549999,990600,51.358916
2015-09-16,52.68,53.040001,52.259998,52.900002,684100,52.703914
2015-09-15,52.02,52.639999,51.57,52.529999,461900,52.335283
2015-09-14,51.889999,52.130001,51.490002,51.84,452200,51.647842
2015-09-11,51.990002,52.330002,51.459999,51.849998,789500,51.657803
2015-09-10,51.470001,52.759998,51.470001,52.330002,667400,52.136027
2015-09-09,53.16,53.450001,51.619999,51.740002,590800,51.548214
2015-09-08,51.93,52.619999,51.790001,52.490002,656400,52.295434
2015-09-04,51.150002,51.470001,50.799999,51.009998,894300,50.820917
2015-09-03,51.939999,52.57,51.509998,51.689999,838300,51.498397
2015-09-02,51.939999,52.00,50.84,51.91,806300,51.717582
2015-09-01,51.68,52.049999,50.869999,51.049999,1517700,50.860769
2015-08-31,53.150002,53.57,52.630001,52.990002,747500,52.793581
2015-08-28,53.299999,53.580002,52.830002,53.450001,1074000,53.251875
2015-08-27,52.830002,53.919998,52.610001,53.689999,1393800,53.490983
2015-08-26,51.310001,52.290001,50.380001,52.130001,1129900,51.936768
2015-08-25,52.060001,52.060001,50.060001,50.099998,1523400,49.91429
2015-08-24,50.50,52.049999,49.610001,49.990002,2834800,49.804701
2015-08-21,54.849998,55.040001,53.130001,53.16,1187700,52.962949
2015-08-20,56.57,56.639999,55.369999,55.459999,1101900,55.254423
2015-08-19,58.040001,58.279999,57.400002,57.52,564200,57.306788
2015-08-18,58.490002,58.790001,58.290001,58.48,450400,58.263229
2015-08-17,58.130001,58.619999,57.82,58.619999,596600,58.402709
2015-08-14,57.700001,58.560001,57.540001,58.50,420200,58.283155
2015-08-13,57.48,58.23,57.290001,57.869999,450700,57.655489
2015-08-12,57.490002,57.93,56.189999,57.509998,732000,57.296823
2015-08-11,58.810001,58.849998,57.799999,58.040001,624600,57.824861
2015-08-10,58.990002,59.75,58.77,59.470001,351300,59.249561
2015-08-07,58.630001,59.220001,58.060001,58.619999,373700,58.402709
2015-08-06,59.549999,59.709999,58.50,58.849998,400800,58.631856
2015-08-05,59.830002,60.259998,59.290001,59.419998,451500,59.199743
2015-08-04,59.02,59.720001,58.939999,59.529999,405500,59.309336
2015-08-03,59.119999,59.18,58.599998,58.959999,496000,58.741449
2015-07-31,59.580002,59.580002,58.919998,59.00,578000,58.781302
2015-07-30,59.119999,59.720001,58.939999,59.689999,476100,59.468743
2015-07-29,58.50,59.369999,58.34,59.259998,372000,59.040336
2015-07-28,58.25,58.549999,57.82,58.470001,911900,58.253267
2015-07-27,58.59,58.759998,57.66,57.970001,544300,57.755121
2015-07-24,59.849998,59.900002,58.830002,58.98,692400,58.761375
2015-07-23,61.310001,61.82,59.48,59.810001,850200,59.5883
2015-07-22,60.150002,60.82,59.68,60.73,442000,60.504888
2015-07-21,60.959999,61.25,60.119999,60.310001,591500,60.086447
2015-07-20,61.009998,61.099998,60.560001,60.91,399700,60.684222
2015-07-17,61.040001,61.290001,60.279999,60.900002,900700,60.67426
2015-07-16,60.560001,61.299999,60.43,61.18,659400,60.953221
2015-07-15,60.00,60.290001,59.59,60.09,631700,59.867261
2015-07-14,59.459999,60.00,59.130001,59.82,556100,59.598262
2015-07-13,59.16,59.610001,59.049999,59.599998,538000,59.379076
2015-07-10,58.389999,58.709999,57.959999,58.650002,751900,58.4326
2015-07-09,57.950001,58.16,57.560001,57.650002,577700,57.436307
2015-07-08,57.950001,58.110001,56.919998,57.029999,872500,56.818603
2015-07-07,59.130001,59.459999,57.389999,58.610001,916300,58.392748
2015-07-06,58.869999,59.50,58.73,59.18,734700,58.960635
2015-07-02,60.00,60.110001,59.220001,59.73,560500,59.508595
2015-07-01,60.380001,60.610001,59.84,60.009998,648400,59.787556
2015-06-30,60.00,60.34,59.32,59.580002,928400,59.359153
2015-06-29,60.16,60.48,59.23,59.34,907000,59.120041
2015-06-26,61.169998,61.310001,60.77,61.080002,614900,60.674262
2015-06-25,60.75,61.32,60.639999,60.77,472800,60.36632
2015-06-24,61.02,61.41,60.490002,60.669998,559300,60.266982
2015-06-23,61.290001,61.459999,60.970001,61.290001,779700,60.882866
2015-06-22,60.75,61.080002,60.400002,61.040001,750400,60.634527
2015-06-19,60.310001,60.380001,59.900002,60.139999,1310800,59.740504
2015-06-18,59.849998,60.380001,59.610001,60.259998,591000,59.859706
2015-06-17,60.310001,60.50,59.73,59.75,541600,59.353095
2015-06-16,59.880001,60.389999,59.779999,60.290001,437400,59.889509
2015-06-15,59.740002,60.150002,59.279999,60.060001,473300,59.661037
2015-06-12,60.25,60.610001,60.029999,60.369999,444500,59.968976
2015-06-11,60.41,60.650002,60.189999,60.450001,472300,60.048446
2015-06-10,59.619999,60.439999,59.529999,60.369999,612900,59.968976
2015-06-09,59.549999,59.849998,59.009998,59.310001,602700,58.916019
2015-06-08,59.689999,60.00,59.25,59.360001,655300,58.965686
2015-06-05,59.389999,60.040001,58.93,59.580002,614900,59.184226
2015-06-04,58.990002,59.130001,58.669998,59.02,514800,58.627945
2015-06-03,58.669998,59.52,58.360001,59.369999,490700,58.975618
2015-06-02,58.07,58.380001,57.580002,58.23,320600,57.843192
2015-06-01,58.369999,58.52,57.57,58.080002,608600,57.69419
2015-05-29,58.599998,58.73,57.799999,58.119999,574900,57.733922
2015-05-28,58.330002,58.740002,58.110001,58.740002,350600,58.349806
2015-05-27,58.25,58.68,57.869999,58.529999,421700,58.141198
2015-05-26,58.299999,58.299999,57.720001,58.119999,642800,57.733922
2015-05-22,58.639999,59.029999,58.470001,58.549999,439100,58.161066
2015-05-21,58.400002,58.790001,58.099998,58.669998,362900,58.280268
2015-05-20,58.639999,58.830002,57.900002,58.75,414800,58.359738
2015-05-19,59.119999,59.119999,58.48,58.50,626400,58.111399
2015-05-18,57.91,58.91,57.709999,58.849998,536500,58.459072
2015-05-15,58.349998,58.48,57.50,57.93,520100,57.545185
2015-05-14,57.950001,58.349998,57.59,58.330002,458600,57.94253
2015-05-13,57.669998,57.889999,57.360001,57.740002,417600,57.356449
2015-05-12,57.970001,58.09,57.34,57.529999,604000,57.147841
2015-05-11,57.82,58.830002,57.799999,58.299999,514300,57.912726
2015-05-08,58.209999,58.220001,57.779999,57.959999,384500,57.574985
2015-05-07,57.209999,58.110001,57.18,57.82,719400,57.435915
2015-05-06,57.48,57.720001,56.91,57.450001,584600,57.068374
2015-05-05,57.639999,58.130001,57.259998,57.41,477100,57.028639
2015-05-04,56.860001,57.779999,56.740002,57.619999,389500,57.237243
2015-05-01,56.869999,57.259998,56.66,56.779999,557200,56.402823
2015-04-30,57.369999,57.59,56.419998,56.529999,862900,56.154484
2015-04-29,56.919998,57.639999,56.919998,57.400002,617000,57.018707
2015-04-28,56.77,57.389999,56.439999,57.220001,603800,56.839903
2015-04-27,57.099998,57.669998,56.810001,56.91,546000,56.53196
2015-04-24,57.599998,57.82,57.060001,57.060001,506500,56.680966
2015-04-23,56.860001,57.77,56.34,57.560001,959400,57.177644
2015-04-22,56.950001,57.18,56.279999,57.00,995700,56.621363
2015-04-21,56.75,57.119999,56.380001,56.779999,570400,56.402823
2015-04-20,56.73,57.029999,56.560001,56.59,249000,56.214086
