Date,Open,High,Low,Close,Volume,Adj Close
2015-10-09,108.519997,108.610001,107.699997,107.790001,238800,107.790001
2015-10-08,107.889999,108.809998,107.669998,107.989998,305200,107.989998
2015-10-07,107.389999,108.260002,107.129997,107.919998,457900,107.919998
2015-10-06,107.419998,107.529999,106.720001,107.050003,327900,107.050003
2015-10-05,107.709999,108.449997,107.449997,107.540001,325400,107.540001
2015-10-02,105.029999,107.139999,105.010002,107.099998,349200,107.099998
2015-10-01,106.169998,107.00,104.779999,105.989998,348600,105.989998
2015-09-30,106.860001,107.220001,106.00,106.32,500900,106.32
2015-09-29,105.860001,106.279999,105.209999,106.150002,331100,106.150002
2015-09-28,106.57,106.75,105.860001,105.910004,348600,105.910004
2015-09-25,106.769997,107.959999,106.160004,106.720001,328400,106.720001
2015-09-24,104.919998,106.300003,104.919998,105.980003,324800,105.980003
2015-09-23,105.120003,105.980003,104.860001,105.410004,200200,105.410004
2015-09-22,104.879997,105.610001,104.309998,105.059998,272700,105.059998
2015-09-21,105.190002,106.339996,105.190002,106.089996,336100,106.089996
2015-09-18,104.589996,105.580002,104.370003,104.690002,495300,104.690002
2015-09-17,106.059998,106.809998,105.379997,105.529999,301300,105.529999
2015-09-16,105.349998,106.260002,104.900002,105.910004,247400,105.910004
2015-09-15,105.400002,105.709999,105.07,105.400002,263000,105.400002
2015-09-14,105.139999,105.470001,104.610001,105.160004,325100,105.160004
2015-09-11,103.139999,105.160004,103.139999,105.089996,395400,105.089996
2015-09-10,103.190002,104.779999,102.07,104.290001,416800,103.990002
2015-09-09,104.50,104.989998,102.690002,102.779999,567500,102.484344
2015-09-08,101.730003,104.059998,101.690002,104.00,475100,103.700836
2015-09-04,100.959999,101.639999,100.339996,100.870003,574600,100.579842
2015-09-03,101.989998,102.50,101.639999,101.870003,258800,101.576966
2015-09-02,102.629997,102.629997,100.790001,101.599998,439300,101.307738
2015-09-01,100.00,102.040001,100.00,101.309998,473500,101.018571
2015-08-31,101.690002,102.050003,100.980003,101.949997,258800,101.65673
2015-08-28,101.849998,102.059998,100.940002,101.879997,289300,101.586931
2015-08-27,101.82,102.529999,100.860001,102.00,397600,101.706589
2015-08-26,100.970001,101.699997,99.349998,100.870003,546800,100.579842
2015-08-25,101.709999,101.980003,99.349998,99.349998,360500,99.06421
2015-08-24,100.959999,101.559998,99.580002,99.879997,704500,99.592684
2015-08-21,105.099998,105.610001,104.230003,104.230003,378700,103.930177
2015-08-20,106.75,107.190002,105.760002,105.769997,230800,105.465741
2015-08-19,107.769997,108.150002,107.129997,107.550003,235800,107.240627
2015-08-18,108.540001,108.790001,107.290001,108.330002,157200,108.018382
2015-08-17,107.809998,108.709999,107.220001,108.540001,176100,108.227777
2015-08-14,107.050003,108.139999,106.889999,108.07,168900,107.759128
2015-08-13,106.940002,107.720001,105.839996,107.190002,221300,106.881662
2015-08-12,106.300003,106.860001,105.800003,106.699997,267700,106.393066
2015-08-11,106.360001,107.370003,106.360001,107.040001,265500,106.732092
2015-08-10,106.809998,107.480003,106.389999,107.099998,334900,106.791917
2015-08-07,105.889999,106.519997,105.779999,106.330002,195200,106.024135
2015-08-06,106.800003,106.949997,105.699997,105.809998,211500,105.505627
2015-08-05,107.089996,107.349998,106.379997,106.68,251100,106.373127
2015-08-04,107.300003,107.360001,106.209999,106.470001,238600,106.163732
2015-08-03,107.589996,107.669998,106.25,107.199997,312500,106.891628
2015-07-31,108.089996,108.089996,107.25,107.300003,347800,106.991346
2015-07-30,106.400002,107.739998,106.309998,107.470001,364300,107.160855
2015-07-29,103.489998,106.519997,102.330002,106.449997,577000,106.143785
2015-07-28,104.790001,104.849998,103.57,104.379997,493500,104.07974
2015-07-27,104.550003,105.050003,104.199997,104.639999,219300,104.338994
2015-07-24,105.43,105.540001,105.050003,105.139999,258900,104.837556
2015-07-23,106.620003,106.879997,105.480003,105.669998,246900,105.36603
2015-07-22,107.139999,107.279999,105.980003,106.629997,313000,106.323268
2015-07-21,106.650002,107.239998,106.650002,107.040001,504500,106.732092
2015-07-20,106.25,106.709999,106.010002,106.580002,214000,106.273416
2015-07-17,106.449997,106.610001,105.50,105.980003,227900,105.675143
2015-07-16,105.419998,106.279999,105.220001,106.25,380100,105.944363
2015-07-15,104.43,105.309998,103.769997,105.07,344200,104.767757
2015-07-14,103.709999,104.400002,103.029999,104.199997,293500,103.900257
2015-07-13,104.110001,104.349998,103.220001,103.68,305700,103.381757
2015-07-10,103.610001,104.230003,102.839996,103.339996,417600,103.042731
2015-07-09,104.580002,104.580002,101.940002,102.519997,524400,102.22509
2015-07-08,103.419998,103.93,103.00,103.239998,340000,102.94302
2015-07-07,103.870003,104.459999,102.989998,104.080002,272200,103.780607
2015-07-06,103.080002,104.010002,103.080002,103.980003,334100,103.680897
2015-07-02,103.800003,104.910004,103.349998,103.839996,312800,103.541292
2015-07-01,102.75,104.32,102.239998,104.040001,815700,103.740722
2015-06-30,101.910004,102.470001,101.029999,101.510002,307600,101.218001
2015-06-29,102.699997,103.139999,101.360001,101.389999,339000,101.098343
2015-06-26,103.360001,103.830002,103.129997,103.209999,309400,102.913107
2015-06-25,103.93,104.370003,103.279999,103.360001,361500,103.062677
2015-06-24,105.43,105.849998,103.889999,103.93,349200,103.631037
2015-06-23,105.690002,105.959999,105.25,105.440002,261800,105.136696
2015-06-22,105.260002,105.489998,104.580002,105.43,316700,105.126723
2015-06-19,104.809998,105.349998,104.440002,105.040001,733500,104.737845
2015-06-18,104.110001,105.029999,104.110001,104.760002,295600,104.458652
2015-06-17,103.690002,104.25,103.32,103.639999,221000,103.341871
2015-06-16,102.849998,104.18,102.349998,103.75,234000,103.451555
2015-06-15,102.75,103.110001,101.959999,102.849998,340200,102.554142
2015-06-12,103.50,103.559998,102.809998,103.25,286700,102.952993
2015-06-11,102.440002,103.809998,101.860001,103.760002,247100,103.461528
2015-06-10,102.389999,103.220001,102.18,102.879997,326500,102.284917
2015-06-09,102.550003,102.760002,101.879997,101.889999,244900,101.300646
2015-06-08,103.279999,103.580002,102.650002,102.669998,243700,102.076133
2015-06-05,103.889999,103.889999,102.760002,103.209999,265700,102.61301
2015-06-04,103.209999,103.889999,102.940002,103.529999,287300,102.931159
2015-06-03,103.449997,103.989998,102.879997,103.910004,237700,103.308966
2015-06-02,102.50,103.459999,102.199997,103.199997,313500,102.603066
2015-06-01,102.300003,103.029999,101.959999,102.989998,500600,102.394282
2015-05-29,103.120003,103.160004,102.099998,102.110001,449200,101.519375
2015-05-28,102.620003,103.010002,102.370003,102.870003,294600,102.274981
2015-05-27,102.730003,103.459999,102.330002,102.93,623800,102.334631
2015-05-26,103.50,103.959999,102.629997,102.849998,323300,102.255092
2015-05-22,104.089996,104.489998,103.760002,103.989998,200700,103.388498
2015-05-21,104.339996,104.870003,103.900002,104.339996,287000,103.736472
2015-05-20,105.00,105.089996,104.099998,104.620003,370100,104.014858
2015-05-19,104.910004,104.910004,104.330002,104.650002,250200,104.044684
2015-05-18,104.599998,105.029999,104.389999,104.910004,353500,104.303182
2015-05-15,105.139999,105.25,104.160004,104.599998,388700,103.99497
2015-05-14,105.00,105.419998,104.459999,105.00,415300,104.392658
2015-05-13,104.489998,104.959999,103.580002,104.639999,342500,104.034739
2015-05-12,104.480003,104.830002,103.919998,104.50,312300,103.89555
2015-05-11,103.860001,104.940002,103.300003,104.870003,378300,104.263412
2015-05-08,104.459999,104.709999,103.309998,103.709999,407500,103.110118
2015-05-07,103.580002,104.589996,103.199997,103.68,483200,103.080293
2015-05-06,103.230003,104.940002,101.940002,103.93,531500,103.328847
2015-05-05,103.279999,104.279999,102.43,102.470001,492500,101.877293
2015-05-04,103.00,103.839996,102.82,103.349998,311700,102.7522
2015-05-01,102.540001,103.50,102.220001,103.089996,281400,102.493702
2015-04-30,103.019997,103.050003,101.940002,102.489998,454000,101.897174
2015-04-29,102.910004,103.279999,101.879997,102.699997,383300,102.105958
2015-04-28,101.709999,103.440002,101.480003,103.400002,317900,102.801914
2015-04-27,102.910004,102.910004,101.389999,102.050003,329800,101.459724
2015-04-24,102.370003,102.830002,101.690002,102.75,279600,102.155672
2015-04-23,102.010002,102.919998,101.720001,102.75,301000,102.155672
2015-04-22,101.889999,102.220001,100.919998,102.199997,264100,101.60885
2015-04-21,103.269997,103.769997,101.290001,101.870003,307200,101.280765
2015-04-20,102.830002,103.589996,101.889999,103.00,505400,102.404226
2015-04-17,102.199997,102.580002,101.029999,101.550003,223200,100.962616
2015-04-16,102.809998,103.419998,102.370003,102.910004,239800,102.31475
2015-04-15,103.889999,104.050003,103.050003,103.120003,328300,102.523535
2015-04-14,101.709999,103.489998,101.449997,102.949997,576400,102.354512
2015-04-13,102.059998,102.370003,101.730003,101.93,257100,101.340415
