Date,Open,High,Low,Close,Volume,Adj Close
2015-10-15,104.07,105.32,102.959999,105.239998,812000,105.239998
2015-10-14,104.449997,104.919998,103.660004,103.849998,837100,103.849998
2015-10-13,104.449997,106.900002,104.400002,104.540001,908100,104.540001
2015-10-12,105.760002,106.050003,104.720001,105.519997,692800,105.519997
2015-10-09,105.800003,106.620003,104.870003,105.580002,932100,105.580002
2015-10-08,102.800003,105.830002,102.519997,105.419998,1501500,105.419998
2015-10-07,104.00,105.139999,101.580002,103.120003,1893900,103.120003
2015-10-06,103.889999,104.910004,103.730003,104.330002,1137400,104.330002
2015-10-05,102.18,104.07,100.300003,104.029999,1104900,104.029999
2015-10-02,99.239998,102.419998,98.470001,102.410004,1041000,102.410004
2015-10-01,101.419998,102.00,99.769997,100.360001,1119200,100.360001
2015-09-30,100.839996,101.949997,99.839996,101.470001,1543200,101.470001
2015-09-29,100.230003,101.230003,99.93,100.360001,1278900,100.360001
2015-09-28,99.330002,102.00,99.190002,99.900002,1553200,99.900002
2015-09-25,101.550003,101.989998,99.610001,100.279999,1045500,100.279999
2015-09-24,100.089996,101.639999,99.00,101.050003,1204900,101.050003
2015-09-23,103.599998,103.639999,100.760002,101.400002,1365700,101.400002
2015-09-22,102.449997,103.540001,102.07,103.099998,1694900,103.099998
2015-09-21,104.029999,104.980003,103.68,104.010002,851200,104.010002
2015-09-18,104.580002,104.769997,103.300003,103.790001,1676500,103.790001
2015-09-17,107.349998,107.610001,105.510002,105.839996,1501400,105.839996
2015-09-16,106.470001,107.839996,106.269997,107.580002,1299600,107.580002
2015-09-15,105.760002,106.599998,104.760002,106.550003,1036200,106.550003
2015-09-14,105.739998,106.279999,104.690002,104.940002,665800,104.940002
2015-09-11,105.040001,106.75,104.480003,105.900002,1112700,105.900002
2015-09-10,106.00,106.459999,104.50,105.150002,1074400,105.150002
2015-09-09,109.779999,110.480003,106.010002,106.190002,942100,106.190002
2015-09-08,107.75,109.639999,107.449997,109.620003,871800,109.620003
2015-09-04,106.720001,107.279999,105.839996,106.260002,723600,106.260002
2015-09-03,108.540001,109.57,107.629997,107.989998,1087100,107.989998
2015-09-02,109.169998,109.209999,107.239998,108.349998,1666400,108.349998
2015-09-01,109.00,109.830002,107.010002,107.550003,1429600,107.550003
2015-08-31,111.339996,112.419998,110.690002,111.830002,1067100,111.830002
2015-08-28,110.660004,112.18,109.139999,111.669998,760800,111.669998
2015-08-27,108.160004,111.440002,107.940002,111.220001,1276000,111.220001
2015-08-26,106.260002,107.300003,104.629997,107.099998,973200,107.099998
2015-08-25,107.910004,107.910004,103.519997,103.57,1056100,103.57
2015-08-24,105.900002,108.849998,101.459999,105.169998,1697200,105.169998
2015-08-21,111.00,111.730003,108.849998,108.940002,1018800,108.940002
2015-08-20,112.959999,113.949997,111.230003,111.230003,833000,111.230003
2015-08-19,115.00,115.989998,113.43,114.010002,749200,114.010002
2015-08-18,116.370003,116.699997,115.349998,115.68,628400,115.68
2015-08-17,115.330002,117.150002,114.57,117.00,481500,117.00
2015-08-14,115.089996,116.489998,114.790001,116.169998,512500,116.169998
2015-08-13,114.910004,115.629997,113.510002,115.190002,606000,115.190002
2015-08-12,115.68,116.400002,114.559998,115.839996,1238800,115.189997
2015-08-11,117.580002,117.879997,116.279999,116.739998,904700,116.084949
2015-08-10,116.779999,118.989998,116.419998,118.940002,1116100,118.272609
2015-08-07,115.959999,116.889999,114.910004,115.900002,840200,115.249666
2015-08-06,116.279999,117.339996,115.190002,116.419998,921600,115.766744
2015-08-05,115.510002,117.389999,115.510002,116.029999,741400,115.378933
2015-08-04,115.650002,116.410004,114.730003,114.959999,750900,114.314938
2015-08-03,117.050003,117.129997,114.669998,115.309998,782800,114.662972
2015-07-31,117.940002,118.459999,116.559998,116.779999,702900,116.124725
2015-07-30,115.389999,118.110001,114.650002,117.099998,1244600,116.442929
2015-07-29,117.57,117.57,115.00,116.360001,1857400,115.707084
2015-07-28,117.510002,119.400002,116.489998,119.230003,1430200,118.560982
2015-07-27,116.599998,116.75,115.169998,116.32,1053900,115.667307
2015-07-24,117.900002,118.220001,117.110001,117.519997,1151800,116.860571
2015-07-23,120.089996,120.57,117.830002,117.900002,1131200,117.238443
2015-07-22,120.510002,121.330002,120.160004,120.300003,875200,119.624978
2015-07-21,123.139999,123.32,120.139999,120.809998,1024400,120.132111
2015-07-20,123.559998,123.889999,122.559998,123.379997,607400,122.68769
2015-07-17,123.410004,124.07,122.769997,123.739998,666900,123.04567
2015-07-16,124.059998,124.800003,122.970001,123.50,585300,122.807019
2015-07-15,124.769997,125.599998,122.709999,122.889999,849700,122.200441
2015-07-14,124.379997,125.389999,123.75,125.00,553400,124.298602
2015-07-13,123.169998,124.919998,122.940002,124.400002,739100,123.701971
2015-07-10,122.669998,122.910004,121.32,122.169998,643100,121.48448
2015-07-09,122.360001,123.050003,121.190002,121.489998,820100,120.808295
2015-07-08,124.07,124.239998,119.970001,120.720001,1173100,120.042619
2015-07-07,125.239998,125.989998,123.18,125.199997,1233700,124.497477
2015-07-06,124.900002,125.970001,123.82,125.419998,1010000,124.716244
2015-07-02,126.349998,126.709999,125.900002,126.129997,573400,125.422259
2015-07-01,125.989998,126.769997,125.400002,126.269997,1050500,125.561473
2015-06-30,124.00,125.949997,123.809998,124.639999,1212100,123.940622
2015-06-29,123.599998,124.790001,122.809998,122.910004,1083400,122.220333
2015-06-26,124.349998,124.830002,123.970001,124.720001,636600,124.020175
2015-06-25,125.169998,125.290001,123.790001,124.019997,410500,123.324098
2015-06-24,125.50,125.93,125.019997,125.169998,508100,124.467647
2015-06-23,126.18,126.18,125.230003,125.589996,543500,124.885288
2015-06-22,125.269997,126.230003,124.730003,125.849998,727800,125.143831
2015-06-19,125.400002,125.709999,124.300003,124.370003,618300,123.67214
2015-06-18,124.879997,126.32,124.800003,125.589996,627200,124.885288
2015-06-17,124.279999,124.839996,123.279999,124.610001,446300,123.910791
2015-06-16,123.82,124.589996,123.279999,124.089996,653600,123.393705
2015-06-15,125.269997,125.269997,123.080002,123.900002,1127400,123.204776
2015-06-12,126.75,126.889999,125.620003,125.870003,540000,125.163723
2015-06-11,126.50,127.050003,126.019997,126.889999,647000,126.177997
2015-06-10,125.989998,126.919998,125.559998,126.720001,691800,126.008952
2015-06-09,125.029999,125.919998,125.00,125.120003,659400,124.417932
2015-06-08,124.790001,125.309998,124.540001,124.989998,753900,124.288656
2015-06-05,124.099998,125.339996,123.379997,125.169998,534100,124.467647
2015-06-04,125.690002,125.779999,124.199997,124.529999,925600,123.831238
2015-06-03,126.300003,126.669998,125.260002,126.300003,913200,125.591311
2015-06-02,123.830002,126.559998,123.239998,125.529999,1181900,124.825627
2015-06-01,122.790001,124.480003,122.32,123.830002,900800,123.135169
2015-05-29,123.830002,123.830002,122.25,122.889999,717500,122.200441
2015-05-28,124.040001,124.699997,123.639999,123.82,721200,123.125223
2015-05-27,124.00,124.839996,123.779999,124.660004,860500,123.960514
2015-05-26,124.699997,124.860001,123.510002,123.739998,811200,123.04567
2015-05-22,125.459999,126.00,125.129997,125.129997,505300,124.42787
2015-05-21,125.099998,126.290001,125.099998,125.669998,759400,124.964841
2015-05-20,124.980003,125.459999,124.370003,125.00,523900,124.298602
2015-05-19,124.830002,125.620003,124.129997,125.010002,945200,124.308548
2015-05-18,124.00,125.529999,123.959999,125.059998,1006300,124.358263
2015-05-15,124.339996,124.410004,122.82,124.370003,681400,123.67214
2015-05-14,123.419998,124.699997,122.860001,124.410004,1019100,123.711917
2015-05-13,122.260002,124.459999,121.769997,123.620003,1317400,122.279992
2015-05-12,120.129997,122.699997,119.650002,121.660004,989300,120.341238
2015-05-11,119.629997,121.389999,119.379997,120.650002,681500,119.342184
2015-05-08,120.809998,120.980003,119.599998,120.080002,1070000,118.778363
2015-05-07,120.669998,120.989998,119.07,119.440002,1091200,118.145301
2015-05-06,121.059998,121.800003,119.769997,120.849998,1055400,119.540013
2015-05-05,121.480003,122.480003,119.879997,120.199997,936500,118.897058
2015-05-04,121.50,122.660004,121.089996,122.209999,995900,120.885272
2015-05-01,119.150002,122.059998,119.150002,121.239998,1351000,119.925785
2015-04-30,117.120003,122.660004,116.440002,118.599998,3902800,117.314403
2015-04-29,113.150002,113.459999,111.400002,112.330002,1705200,111.112372
2015-04-28,114.150002,114.699997,112.940002,113.540001,1587600,112.309255
2015-04-27,112.57,114.959999,112.169998,114.839996,1951900,113.595158
2015-04-24,114.029999,114.190002,111.459999,112.129997,1045300,110.914535
2015-04-23,113.449997,114.269997,112.379997,114.019997,863000,112.784047
2015-04-22,113.830002,114.279999,112.150002,114.019997,843300,112.784047
2015-04-21,114.139999,114.449997,113.110001,113.720001,964200,112.487304
2015-04-20,113.139999,114.580002,113.029999,114.139999,589900,112.902749
