Date,Open,High,Low,Close,Volume,Adj Close
2015-10-09,173.800003,174.899994,173.059998,173.699997,565600,173.699997
2015-10-08,167.899994,174.339996,166.029999,173.970001,710300,173.970001
2015-10-07,166.009995,168.470001,165.00,167.759995,694000,167.759995
2015-10-06,164.080002,165.600006,163.639999,165.020004,484400,164.770004
2015-10-05,160.770004,164.449997,160.009995,164.320007,677700,164.071067
2015-10-02,154.919998,159.809998,154.679993,159.710007,600600,159.468051
2015-10-01,157.589996,157.860001,156.25,157.75,586600,157.511013
2015-09-30,154.660004,156.919998,154.009995,156.699997,563600,156.462601
2015-09-29,153.350006,155.110001,152.490005,153.119995,512500,152.888023
2015-09-28,152.860001,153.889999,152.00,152.929993,790200,152.698308
2015-09-25,155.600006,155.619995,153.360001,154.210007,429500,153.976383
2015-09-24,151.800003,154.970001,150.910004,153.910004,651200,153.676834
2015-09-23,155.139999,155.179993,152.860001,153.339996,415200,153.107691
2015-09-22,156.309998,156.710007,154.119995,155.029999,428900,154.795133
2015-09-21,157.970001,159.580002,157.610001,158.220001,359500,157.980302
2015-09-18,160.00,160.559998,157.149994,157.490005,799500,157.251413
2015-09-17,162.059998,163.979996,161.029999,161.470001,456800,161.225379
2015-09-16,160.410004,162.779999,160.009995,162.339996,349300,162.094056
2015-09-15,159.369995,160.929993,158.520004,160.580002,324100,160.336728
2015-09-14,158.330002,159.119995,156.949997,158.679993,337700,158.439597
2015-09-11,156.820007,158.539993,156.279999,158.320007,425800,158.080157
2015-09-10,157.770004,160.139999,157.770004,159.039993,372700,158.799052
2015-09-09,162.149994,162.149994,158.050003,158.350006,249800,158.11011
2015-09-08,158.660004,160.649994,157.610001,160.630005,350500,160.386655
2015-09-04,157.759995,158.350006,155.369995,156.279999,319800,156.043239
2015-09-03,159.070007,162.529999,158.210007,158.740005,508200,158.499519
2015-09-02,157.600006,158.75,155.869995,158.729996,487000,158.489524
2015-09-01,158.789993,159.389999,154.839996,155.860001,632600,155.623877
2015-08-31,162.759995,164.029999,160.839996,162.089996,481100,161.844435
2015-08-28,162.490005,164.190002,162.059998,164.050003,356900,163.801472
2015-08-27,159.139999,163.899994,158.440002,163.25,633400,163.002681
2015-08-26,157.440002,157.990005,154.820007,157.449997,720900,157.211465
2015-08-25,158.759995,159.039993,154.029999,154.25,838300,154.016316
2015-08-24,155.059998,159.369995,152.789993,155.020004,982500,154.785153
2015-08-21,164.720001,164.960007,161.419998,161.740005,525300,161.494974
2015-08-20,167.899994,169.220001,165.690002,165.710007,352200,165.458961
2015-08-19,170.419998,171.080002,168.050003,169.220001,272200,168.963638
2015-08-18,171.080002,171.779999,170.669998,171.380005,272300,171.120369
2015-08-17,169.160004,171.539993,168.059998,171.210007,257600,170.950628
2015-08-14,168.470001,169.820007,166.320007,169.729996,372200,169.47286
2015-08-13,168.240005,169.800003,167.399994,169.059998,217000,168.803877
2015-08-12,167.490005,168.919998,166.339996,168.509995,293200,168.254707
2015-08-11,168.139999,169.050003,166.889999,168.919998,289500,168.664089
2015-08-10,169.389999,170.630005,168.679993,169.970001,308400,169.712502
2015-08-07,166.470001,168.300003,166.289993,168.270004,332400,168.01508
2015-08-06,167.389999,168.289993,166.270004,166.949997,343900,166.697073
2015-08-05,167.740005,169.410004,166.860001,167.389999,300400,167.136408
2015-08-04,165.410004,166.929993,165.029999,166.740005,462900,166.487399
2015-08-03,167.460007,167.720001,164.330002,165.410004,397800,165.159412
2015-07-31,167.889999,168.020004,166.460007,167.270004,427300,167.016595
2015-07-30,165.990005,167.630005,165.389999,167.070007,271400,166.816901
2015-07-29,164.179993,167.050003,163.800003,166.770004,427500,166.517353
2015-07-28,164.380005,164.970001,162.529999,164.25,1080100,164.001166
2015-07-27,161.970001,165.059998,158.210007,164.25,1700300,164.001166
2015-07-24,173.470001,174.240005,171.460007,172.110001,442500,171.849259
2015-07-23,174.779999,176.160004,173.630005,173.809998,384900,173.54668
2015-07-22,174.570007,176.210007,174.220001,175.00,326400,174.73488
2015-07-21,176.479996,176.889999,174.740005,174.970001,363200,174.704927
2015-07-20,176.889999,177.820007,176.520004,176.990005,175700,176.721871
2015-07-17,177.160004,177.270004,176.350006,176.960007,207200,176.691917
2015-07-16,177.25,177.970001,176.470001,177.080002,178400,176.811731
2015-07-15,176.809998,177.229996,175.580002,175.899994,269000,175.63351
2015-07-14,176.199997,177.009995,175.410004,176.809998,262800,176.542135
2015-07-13,174.190002,176.289993,173.820007,175.949997,449400,175.683438
2015-07-10,173.860001,173.940002,171.690002,172.350006,456300,172.088901
2015-07-09,173.470001,174.369995,171.300003,171.559998,341700,171.300089
2015-07-08,174.039993,174.360001,170.679993,171.320007,360700,171.060462
2015-07-07,174.00,175.080002,171.639999,175.020004,458000,174.505237
2015-07-06,172.880005,174.729996,172.199997,173.570007,305000,173.059505
2015-07-02,174.710007,174.889999,173.600006,174.589996,461800,174.076494
2015-07-01,173.970001,174.270004,172.660004,174.020004,320400,173.508178
2015-06-30,174.610001,175.139999,172.139999,172.460007,496800,171.952769
2015-06-29,174.729996,175.889999,172.350006,172.570007,349700,172.062446
2015-06-26,175.729996,176.860001,175.190002,175.979996,329500,175.462405
2015-06-25,175.949997,176.589996,174.910004,175.089996,226300,174.575023
2015-06-24,176.369995,177.350006,175.389999,175.690002,297400,175.173265
2015-06-23,177.809998,178.679993,176.570007,176.910004,330000,176.389678
2015-06-22,177.550003,178.919998,177.360001,177.789993,238100,177.267079
2015-06-19,176.899994,177.25,176.050003,176.149994,830900,175.631903
2015-06-18,174.830002,177.389999,174.610001,177.009995,376300,176.489374
2015-06-17,174.339996,175.229996,173.339996,174.440002,211300,173.926941
2015-06-16,174.059998,174.940002,173.490005,174.080002,234900,173.567999
2015-06-15,174.089996,174.270004,172.360001,173.970001,270900,173.458322
2015-06-12,177.149994,177.229996,175.389999,175.839996,189500,175.322817
2015-06-11,177.220001,178.330002,176.929993,177.710007,265600,177.187328
2015-06-10,175.789993,177.369995,175.779999,177.039993,199900,176.519285
2015-06-09,175.080002,175.740005,174.270004,175.070007,202600,174.555093
2015-06-08,174.550003,176.610001,174.160004,174.50,188100,173.986762
2015-06-05,174.160004,175.169998,173.009995,175.070007,232700,174.555093
2015-06-04,175.830002,175.830002,174.020004,174.330002,260600,173.817264
2015-06-03,176.229996,176.929993,175.240005,176.419998,180100,175.901113
2015-06-02,174.580002,176.789993,173.979996,175.729996,214500,175.21314
2015-06-01,175.580002,175.580002,173.460007,174.910004,286400,174.39556
2015-05-29,176.589996,176.589996,174.369995,174.960007,314700,174.445416
2015-05-28,177.50,177.639999,176.009995,177.179993,224900,176.658872
2015-05-27,176.690002,178.00,176.059998,177.690002,251200,177.167382
2015-05-26,176.479996,177.070007,174.970001,175.710007,290800,175.19321
2015-05-22,177.270004,177.720001,176.600006,177.149994,267600,176.628962
2015-05-21,177.009995,177.639999,176.020004,177.199997,278800,176.678818
2015-05-20,176.570007,177.399994,175.580002,176.889999,263200,176.369732
2015-05-19,176.449997,176.720001,175.399994,176.610001,256400,176.090557
2015-05-18,175.399994,176.539993,174.919998,176.210007,282100,175.691739
2015-05-15,176.009995,176.990005,175.059998,176.080002,676000,175.562117
2015-05-14,175.320007,176.619995,174.600006,176.350006,442700,175.831327
2015-05-13,173.210007,174.929993,171.610001,174.169998,441600,173.657731
2015-05-12,170.360001,172.649994,169.869995,172.429993,401300,171.922843
2015-05-11,171.580002,172.479996,171.080002,171.119995,422000,170.616698
2015-05-08,170.759995,172.770004,169.919998,172.339996,561400,171.833111
2015-05-07,167.589996,169.160004,166.770004,168.880005,379600,168.383296
2015-05-06,169.130005,169.490005,166.850006,168.320007,506200,167.824946
2015-05-05,169.649994,170.850006,168.179993,168.240005,323300,167.745179
2015-05-04,169.570007,171.080002,168.770004,170.399994,393700,169.898815
2015-05-01,168.529999,170.139999,167.720001,169.509995,478300,169.011433
2015-04-30,170.410004,170.649994,167.880005,168.169998,676800,167.675378
2015-04-29,171.759995,172.869995,169.279999,171.149994,432800,170.646609
2015-04-28,170.300003,172.940002,169.509995,172.929993,580400,172.421373
2015-04-27,174.520004,176.410004,172.039993,172.550003,693800,172.042501
2015-04-24,169.940002,170.699997,168.009995,169.919998,659600,169.420231
2015-04-23,168.289993,170.820007,167.440002,170.050003,553500,169.549853
2015-04-22,168.229996,169.029999,165.949997,168.929993,594000,168.433137
2015-04-21,169.270004,169.639999,168.039993,168.240005,536100,167.745179
2015-04-20,167.779999,169.580002,167.100006,169.089996,369600,168.59267
2015-04-17,169.529999,169.529999,166.009995,167.080002,405500,166.588588
2015-04-16,170.619995,171.440002,169.210007,170.649994,276400,170.14808
2015-04-15,170.410004,171.559998,169.339996,171.220001,344100,170.71641
2015-04-14,168.570007,169.779999,167.740005,169.619995,244800,169.12111
2015-04-13,170.610001,170.610001,168.929993,169.130005,370000,168.632561
