Date,Open,High,Low,Close,Volume,Adj Close
2015-10-16,11.26,11.50,11.16,11.44,931500,11.44
2015-10-15,11.24,11.52,10.92,11.22,898800,11.22
2015-10-14,10.84,11.26,10.84,11.23,1155300,11.23
2015-10-13,10.88,11.24,10.88,10.88,1104700,10.88
2015-10-12,11.20,11.27,10.89,10.94,1893200,10.94
2015-10-09,11.20,11.23,10.86,11.16,5256700,11.16
2015-10-08,11.22,11.38,11.07,11.17,1762200,11.17
2015-10-07,11.48,11.68,11.15,11.31,2095200,11.31
2015-10-06,11.36,11.56,11.24,11.44,1502700,11.44
2015-10-05,11.02,11.41,10.88,11.31,1260400,11.31
2015-10-02,10.02,10.89,9.90,10.88,1300900,10.88
2015-10-01,10.49,10.61,10.01,10.19,699300,10.19
2015-09-30,10.25,10.55,10.16,10.49,1385200,10.49
2015-09-29,9.80,10.23,9.71,10.14,1293000,10.14
2015-09-28,9.85,10.18,9.75,9.77,1625000,9.77
2015-09-25,10.58,10.61,9.87,9.87,1166300,9.87
2015-09-24,10.02,10.46,9.93,10.44,1931100,10.44
2015-09-23,10.68,10.70,10.14,10.15,1438500,10.15
2015-09-22,10.80,11.06,10.61,10.63,972200,10.63
2015-09-21,11.09,11.43,10.94,10.95,1020000,10.95
2015-09-18,11.18,11.31,10.95,11.00,1769500,11.00
2015-09-17,11.48,11.74,11.40,11.44,997700,11.44
2015-09-16,11.65,11.85,11.64,11.67,756700,11.67
2015-09-15,11.40,11.74,11.40,11.61,1015800,11.61
2015-09-14,11.94,11.95,11.33,11.41,1015800,11.41
2015-09-11,11.60,12.02,11.50,11.96,1415800,11.96
2015-09-10,11.31,11.85,11.26,11.71,1637400,11.71
2015-09-09,11.26,11.64,11.23,11.28,1690300,11.28
2015-09-08,10.96,11.30,10.75,11.15,1250800,11.15
2015-09-04,10.69,10.81,10.58,10.72,743800,10.72
2015-09-03,10.74,10.97,10.60,10.86,1064100,10.86
2015-09-02,10.47,10.71,10.31,10.66,826000,10.66
2015-09-01,10.81,10.98,10.38,10.43,1291300,10.43
2015-08-31,10.97,11.36,10.85,11.07,1343000,11.07
2015-08-28,10.71,11.11,10.71,10.98,1397600,10.98
2015-08-27,10.41,10.80,10.38,10.74,1270300,10.74
2015-08-26,10.23,10.43,10.04,10.38,1880900,10.38
2015-08-25,10.60,10.60,9.94,9.96,2661700,9.96
2015-08-24,9.65,10.24,9.21,9.67,2116700,9.67
2015-08-21,10.34,10.54,10.16,10.16,1488100,10.16
2015-08-20,10.75,10.88,10.51,10.51,1102600,10.51
2015-08-19,11.07,11.10,10.73,10.89,1310300,10.89
2015-08-18,11.30,11.31,11.03,11.15,933300,11.15
2015-08-17,11.75,11.77,11.09,11.28,1592800,11.28
2015-08-14,11.51,11.85,11.48,11.79,1564000,11.79
2015-08-13,11.43,11.87,11.36,11.59,2777600,11.59
2015-08-12,11.24,11.70,11.19,11.64,1740700,11.64
2015-08-11,11.37,11.57,11.13,11.42,2186000,11.42
2015-08-10,10.92,11.44,10.89,11.43,3277100,11.43
2015-08-07,10.76,10.95,10.75,10.90,3293800,10.90
2015-08-06,10.76,10.76,10.46,10.69,2021100,10.69
2015-08-05,10.73,10.88,10.69,10.72,2661300,10.72
2015-08-04,10.56,10.85,10.46,10.66,2822400,10.66
2015-08-03,10.90,10.90,10.51,10.55,2451200,10.55
2015-07-31,11.35,12.34,10.95,10.99,4105300,10.99
2015-07-30,12.44,13.00,12.35,12.78,2120300,12.78
2015-07-29,12.43,12.64,12.20,12.53,1940900,12.53
2015-07-28,12.23,12.54,12.05,12.54,2349100,12.54
2015-07-27,12.27,12.48,11.82,12.23,2225200,12.23
2015-07-24,12.75,12.75,12.09,12.29,2672300,12.29
2015-07-23,12.85,12.97,12.64,12.66,1663000,12.66
2015-07-22,13.21,13.25,12.76,12.82,1991600,12.82
2015-07-21,13.53,13.62,13.35,13.39,1844700,13.39
2015-07-20,13.27,13.84,13.13,13.58,2098800,13.58
2015-07-17,14.02,14.22,13.28,13.63,3989400,13.63
2015-07-16,14.85,14.99,13.36,14.00,8953000,14.00
2015-07-15,17.42,17.540001,17.18,17.540001,1281800,17.540001
2015-07-14,17.040001,17.32,16.85,17.26,1489600,17.26
2015-07-13,16.77,17.18,16.73,17.00,1518900,17.00
2015-07-10,16.77,16.82,16.540001,16.610001,581900,16.610001
2015-07-09,16.40,16.83,16.40,16.57,1278600,16.57
2015-07-08,15.48,16.27,15.44,16.25,1768300,16.25
2015-07-07,15.35,15.70,14.88,15.56,2155600,15.56
2015-07-06,15.88,16.049999,15.32,15.45,2017400,15.45
2015-07-02,15.92,16.08,15.78,16.030001,836700,16.030001
2015-07-01,16.110001,16.110001,15.68,15.94,1744600,15.94
2015-06-30,15.93,16.16,15.88,15.95,1647600,15.95
2015-06-29,17.35,17.450001,15.57,15.79,3514000,15.79
2015-06-26,17.23,17.629999,17.059999,17.52,8432900,17.52
2015-06-25,17.34,17.41,17.01,17.25,763300,17.25
2015-06-24,17.66,17.780001,17.25,17.309999,684000,17.309999
2015-06-23,17.93,17.99,17.530001,17.639999,784500,17.639999
2015-06-22,17.27,18.00,17.25,17.99,793300,17.99
2015-06-19,17.35,17.379999,17.139999,17.18,1295800,17.18
2015-06-18,17.290001,17.370001,17.07,17.299999,598200,17.299999
2015-06-17,17.110001,17.33,16.99,17.280001,659100,17.280001
2015-06-16,16.469999,17.17,16.35,17.049999,858700,17.049999
2015-06-15,17.110001,17.110001,16.42,16.43,1410400,16.43
2015-06-12,17.74,17.799999,17.26,17.33,1181800,17.33
2015-06-11,17.540001,17.879999,17.49,17.870001,2048300,17.870001
2015-06-10,16.91,17.52,16.860001,17.51,990400,17.51
2015-06-09,16.780001,16.93,16.50,16.91,991400,16.91
2015-06-08,16.93,17.209999,16.709999,16.709999,686400,16.709999
2015-06-05,17.10,17.25,16.870001,17.15,704300,17.15
2015-06-04,17.35,17.540001,16.950001,17.17,955100,17.17
2015-06-03,17.08,17.559999,16.940001,17.43,1200700,17.43
2015-06-02,16.66,17.27,16.610001,17.129999,1022800,17.129999
2015-06-01,16.91,17.07,16.26,16.75,1448200,16.75
2015-05-29,16.950001,17.049999,16.75,16.76,1373100,16.76
2015-05-28,16.450001,17.02,16.440001,17.01,2265200,17.01
2015-05-27,16.459999,16.540001,15.97,16.52,4548900,16.52
2015-05-26,17.23,17.280001,16.440001,16.48,1388600,16.48
2015-05-22,16.719999,17.049999,16.67,16.90,1202800,16.90
2015-05-21,16.299999,16.889999,16.219999,16.809999,1482300,16.809999
2015-05-20,16.75,16.84,16.17,16.299999,1760200,16.299999
2015-05-19,16.950001,17.00,16.370001,16.49,1689600,16.49
2015-05-18,16.969999,17.00,16.58,16.65,1415700,16.65
2015-05-15,16.73,17.17,16.49,16.969999,1338100,16.969999
2015-05-14,17.040001,17.24,16.76,16.809999,1268600,16.809999
2015-05-13,17.08,17.33,16.90,17.00,1340500,17.00
2015-05-12,16.60,17.02,16.18,16.969999,2355100,16.969999
2015-05-11,17.52,17.77,16.65,16.700001,2811800,16.700001
2015-05-08,17.82,18.030001,17.120001,17.50,2432600,17.50
2015-05-07,17.16,17.98,17.129999,17.610001,3195900,17.610001
2015-05-06,17.799999,18.00,17.129999,17.26,2231200,17.26
2015-05-05,16.93,17.84,16.93,17.49,2694800,17.49
2015-05-04,17.389999,17.76,17.27,17.40,2116200,17.40
2015-05-01,19.059999,19.059999,17.280001,17.450001,3180200,17.450001
2015-04-30,18.76,18.92,18.200001,18.51,3609500,18.51
2015-04-29,18.85,19.17,18.50,18.879999,2366200,18.879999
2015-04-28,19.40,19.58,18.85,19.07,2276500,19.07
2015-04-27,19.50,19.90,19.48,19.51,1514800,19.51
2015-04-24,19.379999,19.58,19.209999,19.48,1467000,19.48
2015-04-23,19.34,19.57,19.059999,19.299999,1240100,19.299999
2015-04-22,19.370001,19.700001,18.879999,19.459999,1618100,19.459999
2015-04-21,19.00,19.68,18.99,19.360001,2476400,19.360001
2015-04-20,18.059999,19.629999,17.950001,19.110001,3075100,19.110001
