Date,Open,High,Low,Close,Volume,Adj Close
2015-10-09,43.939999,44.34,43.610001,43.900002,878000,43.900002
2015-10-08,43.810001,43.93,43.529999,43.709999,1363100,43.709999
2015-10-07,41.84,44.52,40.150002,43.93,2427700,43.93
2015-10-06,43.889999,44.110001,43.240002,43.349998,1393600,43.349998
2015-10-05,43.650002,44.009998,43.470001,43.779999,893800,43.779999
2015-10-02,41.939999,43.189999,41.689999,43.189999,708800,43.189999
2015-10-01,42.09,42.369999,41.610001,42.34,717000,42.34
2015-09-30,41.950001,42.130001,41.48,41.889999,868700,41.889999
2015-09-29,41.450001,41.93,41.16,41.470001,748300,41.470001
2015-09-28,42.830002,42.919998,41.360001,41.43,811800,41.43
2015-09-25,43.200001,43.25,42.73,43.00,475400,43.00
2015-09-24,42.549999,43.009998,42.209999,42.799999,875800,42.799999
2015-09-23,43.77,44.060001,43.060001,43.139999,553300,43.139999
2015-09-22,44.169998,44.450001,43.560001,43.810001,408000,43.810001
2015-09-21,44.759998,45.189999,44.470001,44.619999,414700,44.619999
2015-09-18,44.139999,44.709999,44.139999,44.450001,1468900,44.450001
2015-09-17,44.490002,45.240002,44.490002,44.810001,646100,44.810001
2015-09-16,44.119999,44.700001,43.990002,44.599998,315300,44.599998
2015-09-15,43.509998,44.099998,43.330002,44.060001,310300,44.060001
2015-09-14,44.060001,44.060001,43.23,43.43,359600,43.43
2015-09-11,43.669998,44.099998,43.349998,44.099998,278100,44.099998
2015-09-10,43.759998,44.330002,43.619999,43.900002,567900,43.900002
2015-09-09,44.32,44.43,43.75,43.810001,245200,43.810001
2015-09-08,43.549999,43.990002,43.299999,43.889999,281400,43.889999
2015-09-04,42.919998,43.099998,42.650002,42.830002,426000,42.830002
2015-09-03,43.34,43.790001,43.25,43.50,494000,43.50
2015-09-02,43.040001,43.16,42.400002,43.16,326600,43.16
2015-09-01,43.130001,43.299999,42.279999,42.490002,590900,42.490002
2015-08-31,43.919998,44.380001,43.66,43.849998,448400,43.849998
2015-08-28,44.139999,44.50,43.91,44.279999,452800,44.279999
2015-08-27,43.369999,44.549999,43.299999,44.34,634900,44.34
2015-08-26,42.599998,42.990002,41.82,42.849998,750700,42.849998
2015-08-25,43.77,43.889999,41.689999,41.740002,782100,41.740002
2015-08-24,41.66,44.110001,40.110001,42.610001,1136700,42.610001
2015-08-21,45.00,45.32,44.25,44.259998,807700,44.259998
2015-08-20,46.080002,46.299999,45.200001,45.209999,779200,45.209999
2015-08-19,46.709999,47.139999,46.310001,46.599998,566600,46.599998
2015-08-18,47.09,47.529999,47.009998,47.130001,392200,47.130001
2015-08-17,46.650002,47.41,46.48,47.18,549800,47.18
2015-08-14,46.200001,46.98,46.119999,46.869999,428100,46.869999
2015-08-13,45.93,46.509998,45.830002,46.27,316500,46.27
2015-08-12,46.029999,46.259998,45.400002,46.029999,383100,46.029999
2015-08-11,46.709999,46.790001,46.330002,46.450001,486000,46.450001
2015-08-10,46.639999,47.330002,46.549999,47.27,397500,47.27
2015-08-07,46.450001,46.77,46.169998,46.360001,321700,46.360001
2015-08-06,47.189999,47.299999,46.490002,46.66,381600,46.66
2015-08-05,47.200001,47.639999,46.970001,47.040001,297800,47.040001
2015-08-04,46.790001,47.110001,46.639999,46.869999,432100,46.869999
2015-08-03,46.869999,47.00,46.400002,46.740002,519100,46.740002
2015-07-31,47.240002,47.360001,46.759998,46.869999,550000,46.869999
2015-07-30,47.00,47.119999,46.669998,47.029999,424500,47.029999
2015-07-29,46.349998,47.119999,46.299999,47.060001,622100,47.060001
2015-07-28,45.00,46.27,44.439999,46.240002,923600,46.240002
2015-07-27,44.84,46.009998,44.00,44.889999,1616600,44.889999
2015-07-24,46.630001,46.75,45.630001,45.970001,1134000,45.970001
2015-07-23,47.200001,47.310001,46.599998,46.740002,699300,46.740002
2015-07-22,46.900002,47.220001,46.810001,46.950001,642200,46.950001
2015-07-21,47.049999,47.279999,46.599998,46.990002,842700,46.990002
2015-07-20,47.060001,47.330002,46.880001,47.139999,669100,47.139999
2015-07-17,47.650002,47.650002,46.650002,47.09,1067200,47.09
2015-07-16,49.16,49.209999,47.490002,47.59,1391400,47.59
2015-07-15,49.240002,49.380001,48.959999,49.09,722200,49.09
2015-07-14,48.889999,49.299999,48.779999,49.209999,388300,49.209999
2015-07-13,48.509998,48.970001,48.490002,48.880001,547800,48.880001
2015-07-10,47.889999,48.169998,47.650002,48.110001,668400,48.110001
2015-07-09,48.150002,48.200001,47.310001,47.380001,417200,47.380001
2015-07-08,48.169998,48.48,47.549999,47.709999,563000,47.449999
2015-07-07,48.790001,48.810001,47.889999,48.689999,688900,48.424658
2015-07-06,48.709999,49.02,48.389999,48.799999,860800,48.534059
2015-07-02,49.209999,49.470001,48.93,49.060001,794900,48.792644
2015-07-01,49.290001,49.41,48.91,49.029999,676400,48.762805
2015-06-30,49.560001,49.580002,48.950001,48.970001,742700,48.703135
2015-06-29,49.91,50.27,49.029999,49.09,564700,48.82248
2015-06-26,50.439999,50.599998,50.23,50.529999,3673500,50.254631
2015-06-25,50.389999,50.389999,50.029999,50.34,707000,50.065668
2015-06-24,51.029999,51.029999,50.330002,50.34,621200,50.065668
2015-06-23,51.200001,51.27,50.869999,51.040001,459100,50.761854
2015-06-22,51.00,51.240002,50.650002,51.209999,584700,50.930925
2015-06-19,50.50,50.849998,50.43,50.66,819700,50.383923
2015-06-18,50.00,50.57,49.77,50.459999,585100,50.185013
2015-06-17,49.720001,49.939999,49.389999,49.860001,297500,49.588284
2015-06-16,48.990002,49.669998,48.990002,49.560001,316600,49.28992
2015-06-15,49.240002,49.389999,48.860001,49.049999,402100,48.782697
2015-06-12,50.099998,50.119999,49.549999,49.66,259000,49.389373
2015-06-11,49.959999,50.32,49.82,50.189999,445500,49.916484
2015-06-10,49.68,50.099998,49.630001,49.950001,339000,49.677794
2015-06-09,49.240002,49.630001,49.16,49.400002,361500,49.130792
2015-06-08,49.880001,49.880001,49.09,49.349998,539900,49.081061
2015-06-05,49.709999,49.91,49.400002,49.889999,299100,49.618119
2015-06-04,50.189999,50.419998,49.48,49.77,430300,49.498774
2015-06-03,50.099998,50.759998,50.099998,50.470001,299200,50.19496
2015-06-02,49.959999,50.18,49.68,50.040001,333400,49.767303
2015-06-01,50.200001,50.310001,49.540001,50.099998,457100,49.826974
2015-05-29,50.099998,50.240002,49.68,50.029999,526400,49.757356
2015-05-28,50.349998,50.459999,50.110001,50.290001,330200,50.015941
2015-05-27,50.240002,50.540001,50.009998,50.34,403500,50.065668
2015-05-26,50.450001,50.50,49.84,50.07,349100,49.797139
2015-05-22,50.580002,50.919998,50.509998,50.599998,304000,50.324249
2015-05-21,50.549999,50.759998,50.439999,50.639999,699600,50.364032
2015-05-20,51.049999,51.049999,50.580002,50.610001,344300,50.334197
2015-05-19,50.709999,51.130001,50.619999,51.029999,963900,50.751906
2015-05-18,50.400002,50.790001,50.18,50.75,601700,50.473433
2015-05-15,50.349998,50.50,49.93,50.400002,527200,50.125342
2015-05-14,49.669998,50.299999,49.52,50.259998,703400,49.986102
2015-05-13,48.959999,49.48,48.720001,49.400002,903900,49.130792
2015-05-12,49.189999,49.189999,48.59,48.869999,627800,48.603677
2015-05-11,48.77,49.529999,48.66,49.450001,803800,49.180518
2015-05-08,49.18,49.68,48.900002,48.91,584000,48.64346
2015-05-07,47.98,48.720001,47.919998,48.689999,767100,48.424658
2015-05-06,47.970001,48.169998,47.66,48.169998,823900,47.907491
2015-05-05,48.240002,48.580002,47.830002,47.869999,859100,47.609127
2015-05-04,48.209999,48.599998,48.189999,48.259998,932400,47.997001
2015-05-01,47.799999,48.240002,47.799999,48.200001,628400,47.93733
2015-04-30,47.849998,48.060001,47.470001,47.540001,1194200,47.280927
2015-04-29,48.139999,48.200001,47.860001,48.130001,567400,47.867712
2015-04-28,48.169998,48.459999,47.82,48.43,851100,48.166077
2015-04-27,48.599998,48.630001,48.080002,48.150002,1105700,47.887604
2015-04-24,48.720001,48.720001,48.189999,48.349998,1017100,48.086511
2015-04-23,48.490002,48.900002,48.400002,48.650002,728500,48.384879
2015-04-22,48.75,48.75,48.139999,48.529999,928500,48.26553
2015-04-21,48.610001,48.75,48.25,48.73,1260100,48.464441
2015-04-20,47.970001,48.470001,47.880001,48.389999,1255100,48.126294
2015-04-17,47.939999,47.950001,47.459999,47.639999,859500,47.380381
2015-04-16,48.130001,48.290001,47.779999,48.150002,1258100,47.887604
2015-04-15,48.23,48.43,48.080002,48.139999,1531100,47.877656
2015-04-14,48.009998,48.290001,47.75,48.02,1081900,47.758311
2015-04-13,47.349998,48.16,47.310001,48.130001,1176000,47.867712
