Date,Open,High,Low,Close,Volume,Adj Close
2015-10-15,34.150002,34.939999,33.439999,34.82,3369300,34.82
2015-10-14,33.439999,34.529999,33.279999,34.220001,2743100,34.220001
2015-10-13,33.380001,34.470001,33.110001,33.41,3674600,33.41
2015-10-12,36.080002,36.150002,33.740002,34.48,4169500,34.48
2015-10-09,37.59,37.73,35.73,36.049999,3934900,36.049999
2015-10-08,36.549999,37.59,36.080002,37.41,2893200,37.41
2015-10-07,37.209999,37.610001,35.450001,36.630001,3516300,36.630001
2015-10-06,34.240002,36.27,33.91,36.209999,4319400,36.209999
2015-10-05,33.310001,34.599998,33.299999,34.32,3092500,34.32
2015-10-02,31.110001,32.779999,30.83,32.759998,4300000,32.759998
2015-10-01,32.860001,35.130001,30.969999,31.549999,5635800,31.549999
2015-09-30,31.440001,32.32,31.049999,32.119999,4755700,32.119999
2015-09-29,31.85,32.189999,30.33,31.07,5402100,31.07
2015-09-28,34.639999,34.880001,31.809999,31.85,4295100,31.85
2015-09-25,35.25,35.360001,34.709999,34.990002,3125400,34.990002
2015-09-24,34.450001,35.41,33.93,34.860001,3683800,34.860001
2015-09-23,35.27,35.360001,34.310001,34.650002,3343200,34.650002
2015-09-22,35.310001,36.220001,34.98,35.09,3425800,35.09
2015-09-21,36.080002,36.639999,35.610001,35.91,3040700,35.91
2015-09-18,38.099998,38.209999,35.799999,36.049999,6265900,36.049999
2015-09-17,38.830002,40.060001,37.849998,38.98,3693700,38.98
2015-09-16,36.880001,38.93,36.619999,38.869999,3766000,38.869999
2015-09-15,36.200001,37.32,35.779999,36.610001,3151000,36.610001
2015-09-14,36.220001,36.52,35.779999,36.049999,4177300,36.049999
2015-09-11,35.549999,36.490002,35.27,36.48,3441900,36.48
2015-09-10,36.049999,36.43,35.540001,36.049999,3970100,36.01
2015-09-09,36.380001,37.900002,35.75,35.939999,4035500,35.900122
2015-09-08,37.09,37.43,36.02,36.16,3581200,36.119879
2015-09-04,37.709999,37.91,36.41,36.50,4002500,36.459502
2015-09-03,38.18,39.509998,37.470001,38.369999,4524200,38.327426
2015-09-02,38.299999,38.759998,37.02,38.080002,3345000,38.037751
2015-09-01,37.240002,39.18,37.240002,37.959999,5395900,37.917881
2015-08-31,37.91,39.060001,36.970001,38.619999,5373600,38.577148
2015-08-28,37.790001,39.48,37.419998,38.330002,5753100,38.287473
2015-08-27,35.880001,38.459999,35.459999,38.009998,6945300,37.967825
2015-08-26,34.849998,34.950001,33.959999,34.810001,4521300,34.771378
2015-08-25,34.830002,34.830002,33.310001,33.799999,6762000,33.762497
2015-08-24,33.150002,34.900002,32.82,33.200001,6231900,33.163164
2015-08-21,35.220001,36.16,35.200001,35.639999,4278600,35.600455
2015-08-20,35.98,36.439999,35.48,35.48,3227000,35.440633
2015-08-19,36.830002,37.16,35.41,35.98,3903400,35.940078
2015-08-18,36.389999,37.110001,36.169998,37.02,3066700,36.978925
2015-08-17,36.23,36.799999,35.990002,36.549999,3029000,36.509446
2015-08-14,36.939999,37.450001,36.02,36.50,4512500,36.459502
2015-08-13,38.23,38.50,36.43,36.939999,4015500,36.899012
2015-08-12,38.580002,39.91,38.200001,38.66,5504600,38.617105
2015-08-11,36.450001,38.669998,36.380001,38.549999,4143200,38.507226
2015-08-10,35.900002,37.68,35.529999,37.599998,3691300,37.55828
2015-08-07,37.439999,38.48,35.560001,35.720001,3436500,35.680368
2015-08-06,36.310001,38.110001,35.810001,37.950001,3851100,37.907894
2015-08-05,38.549999,38.849998,36.439999,36.48,3491800,36.439524
2015-08-04,38.799999,38.799999,37.700001,37.889999,3414200,37.847959
2015-08-03,38.779999,39.349998,38.049999,38.220001,6774800,38.177595
2015-07-31,39.439999,40.200001,39.110001,39.34,6184100,39.296351
2015-07-30,42.110001,42.18,39.049999,39.849998,8515400,39.805783
2015-07-29,43.02,43.740002,40.650002,42.639999,11356900,42.592689
2015-07-28,42.360001,45.040001,41.880001,43.950001,5745500,43.901236
2015-07-27,42.18,43.169998,41.52,42.240002,5453900,42.193135
2015-07-24,42.509998,42.759998,41.52,42.32,5060900,42.273044
2015-07-23,41.41,43.330002,41.169998,42.950001,4686400,42.902346
2015-07-22,40.98,41.540001,40.740002,41.400002,4436000,41.354067
2015-07-21,41.139999,41.830002,40.830002,41.189999,3320400,41.144297
2015-07-20,42.689999,42.959999,40.700001,40.75,5667200,40.704786
2015-07-17,46.009998,46.16,43.009998,43.119999,4720500,43.072156
2015-07-16,46.77,46.959999,46.080002,46.209999,3575400,46.158727
2015-07-15,47.709999,47.950001,46.25,46.369999,2979000,46.31855
2015-07-14,45.91,47.869999,45.73,47.709999,5218400,47.657063
2015-07-13,45.43,46.220001,44.799999,46.110001,3614000,46.05884
2015-07-10,46.560001,46.75,45.23,45.27,4091700,45.219772
2015-07-09,46.099998,46.91,46.029999,46.290001,4971800,46.23864
2015-07-08,46.900002,47.110001,44.900002,45.299999,3051700,45.249737
2015-07-07,46.849998,47.080002,44.849998,46.84,7410000,46.788029
2015-07-06,47.110001,47.970001,46.639999,47.169998,5297300,47.117661
2015-07-02,48.220001,48.880001,47.75,47.970001,2366800,47.916777
2015-07-01,49.209999,49.400002,47.490002,47.82,3241600,47.766941
2015-06-30,49.099998,49.599998,48.82,49.380001,2583100,49.325212
2015-06-29,49.029999,50.25,48.459999,48.610001,2723300,48.556066
2015-06-26,50.880001,51.450001,49.580002,49.619999,5096200,49.564944
2015-06-25,50.939999,51.490002,50.57,51.040001,2891200,50.98337
2015-06-24,50.299999,50.970001,50.110001,50.889999,3149600,50.833535
2015-06-23,50.709999,50.91,49.669998,50.310001,2784900,50.25418
2015-06-22,50.400002,51.110001,49.599998,50.59,2537200,50.533869
2015-06-19,50.799999,51.389999,49.790001,50.310001,4397900,50.25418
2015-06-18,53.110001,53.32,51.18,51.200001,4016400,51.143192
2015-06-17,54.330002,54.50,52.32,52.740002,3151800,52.681485
2015-06-16,52.860001,53.950001,52.330002,53.900002,2881600,53.840197
2015-06-15,52.34,53.200001,51.939999,52.509998,2213500,52.451736
2015-06-12,52.419998,53.560001,52.110001,52.84,2910700,52.781372
2015-06-11,53.080002,53.259998,51.610001,52.700001,4367500,52.601572
2015-06-10,55.07,55.169998,52.470001,52.93,7872000,52.831142
2015-06-09,54.950001,56.18,54.299999,54.369999,2130400,54.268451
2015-06-08,54.720001,55.630001,53.139999,54.150002,2594700,54.048865
2015-06-05,54.990002,56.349998,54.68,54.700001,2692800,54.597837
2015-06-04,54.790001,55.799999,54.52,55.509998,3709800,55.406322
2015-06-03,55.610001,55.830002,55.07,55.580002,2207000,55.476194
2015-06-02,55.25,56.360001,54.50,55.580002,2477400,55.476194
2015-06-01,55.299999,55.919998,54.52,54.970001,2302000,54.867333
2015-05-29,55.52,56.02,55.009998,55.41,3413300,55.30651
2015-05-28,56.610001,56.720001,55.169998,55.48,2989300,55.376379
2015-05-27,56.82,57.98,56.529999,57.279999,1848700,57.173016
2015-05-26,57.75,58.450001,56.73,57.029999,1913300,56.923483
2015-05-22,58.23,59.470001,58.00,58.639999,1134000,58.530477
2015-05-21,58.759998,59.09,58.09,58.73,1930500,58.620309
2015-05-20,58.540001,58.59,56.91,58.259998,2907200,58.151185
2015-05-19,59.349998,59.880001,58.040001,58.349998,2592500,58.241018
2015-05-18,60.700001,61.16,58.900002,59.779999,2433500,59.668347
2015-05-15,60.869999,61.740002,59.950001,61.16,2545500,61.045771
2015-05-14,62.93,63.200001,60.919998,61.040001,2883200,60.925996
2015-05-13,63.849998,64.470001,62.540001,62.700001,2050500,62.582895
2015-05-12,63.080002,64.980003,63.029999,63.810001,2603500,63.690823
2015-05-11,64.040001,64.639999,62.41,62.919998,2440800,62.802482
2015-05-08,61.529999,64.699997,60.369999,64.290001,4243700,64.169926
2015-05-07,61.959999,62.02,60.310001,60.799999,3232300,60.686442
2015-05-06,63.599998,63.950001,61.75,62.060001,3086100,61.944091
2015-05-05,64.900002,65.209999,62.689999,62.77,2885100,62.652764
2015-05-04,64.879997,65.529999,63.75,64.099998,2640100,63.980278
2015-05-01,63.389999,65.290001,62.860001,64.75,3846100,64.629066
2015-04-30,62.259998,64.620003,60.290001,63.560001,3753500,63.44129
2015-04-29,60.950001,62.619999,58.720001,62.060001,4986100,61.944091
2015-04-28,61.450001,62.66,61.349998,62.299999,3570700,62.183641
2015-04-27,61.34,61.889999,60.560001,61.279999,2639300,61.165545
2015-04-24,61.860001,62.279999,60.77,61.360001,2464900,61.245398
2015-04-23,60.610001,62.150002,60.560001,61.939999,2253300,61.824313
2015-04-22,60.049999,61.669998,59.830002,60.720001,2029000,60.606594
2015-04-21,60.77,61.619999,59.400002,59.790001,1784100,59.67833
2015-04-20,60.619999,61.959999,60.25,60.41,2148500,60.297171
