Date,Open,High,Low,Close,Volume,Adj Close
2015-10-09,43.169998,43.650002,43.080002,43.25,1428300,43.25
2015-10-08,42.150002,43.25,42.049999,43.189999,1957200,43.189999
2015-10-07,41.849998,42.48,41.82,42.34,1553600,42.34
2015-10-06,42.029999,42.25,41.639999,41.709999,1406700,41.709999
2015-10-05,41.830002,42.110001,41.73,42.09,1359100,42.09
2015-10-02,40.700001,41.509998,40.669998,41.509998,1389700,41.509998
2015-10-01,41.209999,41.50,40.959999,41.209999,1672700,41.209999
2015-09-30,40.630001,41.23,40.580002,41.200001,1796900,41.200001
2015-09-29,40.779999,41.139999,40.049999,40.32,2397300,40.32
2015-09-28,41.369999,41.470001,41.009998,41.16,2314400,40.86
2015-09-25,41.470001,41.860001,41.240002,41.59,2527100,41.286866
2015-09-24,40.75,41.150002,40.580002,41.099998,2036500,40.800436
2015-09-23,40.66,40.939999,40.509998,40.889999,1692100,40.591967
2015-09-22,40.57,40.810001,40.25,40.669998,1246700,40.373569
2015-09-21,40.830002,41.09,40.779999,41.049999,1186200,40.750801
2015-09-18,40.43,41.080002,40.32,40.689999,3171100,40.393424
2015-09-17,40.950001,41.240002,40.549999,40.759998,1471800,40.462914
2015-09-16,40.689999,41.00,40.580002,40.959999,1762400,40.661457
2015-09-15,40.450001,40.77,40.279999,40.720001,1229700,40.423208
2015-09-14,40.48,40.630001,40.200001,40.380001,1243500,40.085686
2015-09-11,40.240002,40.459999,40.080002,40.459999,1383600,40.165101
2015-09-10,40.040001,40.540001,40.009998,40.310001,1551900,40.016196
2015-09-09,41.299999,41.400002,40.189999,40.27,1979800,39.976487
2015-09-08,40.650002,41.029999,40.470001,40.959999,1594000,40.661457
2015-09-04,40.369999,40.529999,39.98,40.110001,1425200,39.817653
2015-09-03,40.689999,41.099998,40.450001,40.75,1178600,40.452988
2015-09-02,40.459999,40.560001,39.970001,40.459999,1229900,40.165101
2015-09-01,40.349998,40.549999,39.830002,40.02,1683400,39.728309
2015-08-31,41.00,41.130001,40.790001,40.98,1442900,40.681311
2015-08-28,41.240002,41.290001,40.82,41.099998,1206800,40.800436
2015-08-27,41.25,41.400002,40.610001,41.290001,1549000,40.989053
2015-08-26,40.580002,41.00,39.84,40.919998,2499800,40.621747
2015-08-25,40.790001,41.009998,39.599998,39.66,2385400,39.370933
2015-08-24,39.48,41.119999,39.48,40.130001,3894400,39.837508
2015-08-21,42.639999,42.779999,41.98,42.00,2127900,41.693877
2015-08-20,42.720001,43.349998,42.630001,42.970001,1853600,42.656809
2015-08-19,43.290001,43.369999,42.860001,42.950001,1625500,42.636954
2015-08-18,43.310001,43.709999,43.310001,43.509998,1248000,43.19287
2015-08-17,42.830002,43.349998,42.580002,43.349998,783900,43.034036
2015-08-14,42.84,43.189999,42.84,43.110001,1161600,42.795788
2015-08-13,42.740002,42.990002,42.610001,42.790001,1186800,42.47812
2015-08-12,42.77,42.93,42.459999,42.869999,1562400,42.557535
2015-08-11,42.619999,42.959999,42.529999,42.93,1130500,42.617099
2015-08-10,42.860001,42.98,42.73,42.880001,975100,42.567464
2015-08-07,42.799999,42.950001,42.490002,42.59,1179400,42.279577
2015-08-06,43.189999,43.25,42.639999,42.799999,1639500,42.488046
2015-08-05,42.970001,43.349998,42.860001,43.209999,1544900,42.895057
2015-08-04,42.490002,42.869999,42.369999,42.709999,1363400,42.398701
2015-08-03,42.57,42.720001,42.27,42.549999,1103500,42.239868
2015-07-31,42.93,42.98,42.50,42.529999,1614000,42.220013
2015-07-30,42.73,42.849998,42.540001,42.75,1727100,42.438411
2015-07-29,42.00,42.84,41.990002,42.77,2127700,42.458266
2015-07-28,41.77,42.139999,41.68,42.00,2371000,41.693877
2015-07-27,41.139999,41.73,41.080002,41.529999,2350700,41.227302
2015-07-24,41.009998,41.630001,40.970001,41.16,2549600,40.86
2015-07-23,40.060001,40.77,40.060001,40.599998,2795300,40.30408
2015-07-22,40.349998,40.59,40.09,40.23,1369800,39.936778
2015-07-21,40.82,40.869999,40.16,40.389999,1177400,40.095611
2015-07-20,40.740002,40.869999,40.669998,40.799999,1054900,40.502623
2015-07-17,40.93,40.93,40.700001,40.759998,1055500,40.462914
2015-07-16,40.59,40.919998,40.470001,40.740002,1183700,40.443063
2015-07-15,40.369999,40.529999,40.290001,40.41,1152500,40.115466
2015-07-14,40.009998,40.41,39.98,40.349998,1008200,40.055902
2015-07-13,40.00,40.040001,39.880001,39.98,666100,39.6886
2015-07-10,39.84,39.849998,39.599998,39.740002,837000,39.450351
2015-07-09,39.919998,39.970001,39.48,39.48,1392400,39.192244
2015-07-08,39.580002,39.810001,39.509998,39.580002,1207000,39.291518
2015-07-07,39.689999,39.849998,39.439999,39.799999,1413800,39.509912
2015-07-06,39.240002,39.669998,39.200001,39.66,1356700,39.370933
2015-07-02,39.48,39.529999,39.23,39.439999,974900,39.152535
2015-07-01,39.330002,39.48,39.169998,39.43,1075900,39.142609
2015-06-30,39.310001,39.369999,39.009998,39.169998,1418400,38.884502
2015-06-29,39.450001,39.57,38.990002,39.040001,1023800,38.755453
2015-06-26,39.68,39.939999,39.549999,39.919998,2032800,39.351077
2015-06-25,39.869999,39.900002,39.580002,39.650002,971000,39.084928
2015-06-24,40.029999,40.16,39.830002,39.830002,898700,39.262363
2015-06-23,40.349998,40.419998,40.049999,40.119999,847000,39.548228
2015-06-22,40.470001,40.599998,40.34,40.389999,762400,39.81438
2015-06-19,40.509998,40.599998,40.310001,40.330002,1310400,39.755238
2015-06-18,40.529999,40.75,40.48,40.59,1067700,40.011531
2015-06-17,40.43,40.529999,40.119999,40.43,982400,39.853811
2015-06-16,40.139999,40.43,40.119999,40.41,944400,39.834096
2015-06-15,40.23,40.470001,40.049999,40.220001,1595600,39.646805
2015-06-12,40.639999,40.779999,40.34,40.43,1167500,39.853811
2015-06-11,40.540001,40.98,40.459999,40.68,1803400,40.100248
2015-06-10,40.060001,40.610001,40.029999,40.48,1674700,39.903098
2015-06-09,39.919998,40.18,39.869999,40.029999,1399600,39.45951
2015-06-08,39.790001,40.07,39.709999,39.959999,820700,39.390508
2015-06-05,39.900002,40.02,39.57,39.849998,1672700,39.282075
2015-06-04,39.919998,40.200001,39.82,39.990002,1808500,39.420083
2015-06-03,40.220001,40.279999,39.950001,40.099998,1035100,39.528512
2015-06-02,40.16,40.32,40.009998,40.110001,962200,39.538372
2015-06-01,40.380001,40.509998,40.049999,40.32,1019400,39.745378
2015-05-29,40.200001,40.369999,40.049999,40.290001,2711100,39.715807
2015-05-28,40.09,40.189999,39.919998,40.169998,2028100,39.597514
2015-05-27,39.919998,40.099998,39.849998,40.080002,1889300,39.5088
2015-05-26,40.59,40.59,39.740002,39.880001,1933700,39.31165
2015-05-22,40.610001,40.810001,40.470001,40.59,817400,40.011531
2015-05-21,40.68,40.849998,40.599998,40.669998,841700,40.090388
2015-05-20,40.759998,40.82,40.540001,40.619999,1013800,40.041102
2015-05-19,40.849998,40.959999,40.650002,40.830002,982500,40.248112
2015-05-18,40.709999,41.02,40.639999,40.900002,1003700,40.317114
2015-05-15,40.810001,40.990002,40.610001,40.740002,1614300,40.159394
2015-05-14,40.200001,40.759998,40.200001,40.720001,1617900,40.139679
2015-05-13,40.25,40.459999,39.959999,40.040001,975300,39.46937
2015-05-12,40.02,40.240002,39.860001,40.18,951000,39.607374
2015-05-11,40.220001,40.43,39.990002,40.040001,2207800,39.46937
2015-05-08,40.07,40.279999,39.919998,40.27,1742800,39.696091
2015-05-07,39.349998,39.77,39.150002,39.75,2560100,39.183502
2015-05-06,39.810001,39.990002,39.189999,39.43,2380300,38.868062
2015-05-05,40.349998,40.560001,39.77,39.790001,1498800,39.222933
2015-05-04,40.360001,40.790001,40.330002,40.490002,1613800,39.912957
2015-05-01,40.669998,40.779999,40.189999,40.25,2116300,39.676376
2015-04-30,40.200001,40.900002,40.049999,40.630001,2680900,40.050961
2015-04-29,40.619999,40.68,39.98,40.220001,1636900,39.646805
2015-04-28,40.450001,40.959999,40.349998,40.849998,1522400,40.267823
2015-04-27,41.41,41.459999,40.50,40.59,2131200,40.011531
2015-04-24,40.139999,41.240002,40.00,41.23,2784400,40.642409
2015-04-23,39.779999,40.130001,39.740002,39.990002,1432300,39.420083
2015-04-22,39.560001,39.869999,39.25,39.75,1479900,39.183502
2015-04-21,39.950001,40.049999,39.580002,39.59,2483800,39.025782
2015-04-20,39.52,39.950001,39.490002,39.790001,2531400,39.222933
2015-04-17,39.939999,40.049999,39.299999,39.360001,2177600,38.79906
2015-04-16,40.279999,40.279999,39.93,40.169998,1167400,39.597514
2015-04-15,40.360001,40.52,40.25,40.310001,931600,39.735522
2015-04-14,40.450001,40.529999,40.060001,40.220001,982800,39.646805
2015-04-13,40.880001,41.049999,40.43,40.529999,1111000,39.952384
