Date,Open,High,Low,Close,Volume,Adj Close
2015-10-15,22.700001,22.93,22.530001,22.780001,1000200,22.780001
2015-10-14,22.639999,22.82,22.469999,22.620001,1144900,22.620001
2015-10-13,22.83,22.950001,22.50,22.59,827900,22.59
2015-10-12,22.98,23.09,22.780001,22.92,646800,22.92
2015-10-09,23.51,23.58,22.780001,22.98,1306400,22.98
2015-10-08,23.18,23.58,23.120001,23.48,544900,23.48
2015-10-07,22.959999,23.219999,22.879999,23.219999,1298900,23.219999
2015-10-06,23.110001,23.190001,22.879999,22.889999,3493600,22.889999
2015-10-05,22.799999,23.24,22.77,23.16,571100,23.16
2015-10-02,22.120001,22.68,22.01,22.66,832500,22.66
2015-10-01,22.09,22.23,21.98,22.209999,744300,22.209999
2015-09-30,22.27,22.299999,21.84,22.07,1129900,22.07
2015-09-29,22.030001,22.219999,21.950001,22.059999,777900,22.059999
2015-09-28,22.23,22.24,21.91,22.00,612100,22.00
2015-09-25,22.459999,22.48,22.25,22.299999,401000,22.299999
2015-09-24,22.389999,22.50,22.15,22.309999,602600,22.309999
2015-09-23,22.65,22.83,22.450001,22.50,603300,22.50
2015-09-22,22.950001,23.040001,22.57,22.620001,718100,22.620001
2015-09-21,22.83,23.16,22.77,23.15,956500,23.15
2015-09-18,23.049999,23.18,22.690001,22.75,1652900,22.75
2015-09-17,22.90,23.559999,22.780001,23.26,1735000,23.26
2015-09-16,22.379999,22.98,22.33,22.879999,1076900,22.879999
2015-09-15,22.42,22.42,22.15,22.35,908300,22.35
2015-09-14,22.549999,22.549999,22.35,22.43,577700,22.43
2015-09-11,22.639999,22.809999,22.50,22.700001,751900,22.450001
2015-09-10,22.67,22.860001,22.530001,22.68,817100,22.430221
2015-09-09,23.51,23.610001,22.60,22.68,1281800,22.430221
2015-09-08,23.25,23.50,22.879999,23.389999,1285100,23.1324
2015-09-04,22.90,23.15,22.83,23.02,1411400,22.766476
2015-09-03,23.120001,23.309999,23.00,23.15,1014200,22.895044
2015-09-02,22.85,23.25,22.780001,23.049999,1452300,22.796145
2015-09-01,22.65,22.99,22.59,22.68,1641200,22.430221
2015-08-31,23.17,23.43,22.98,23.00,1605200,22.746696
2015-08-28,23.15,23.280001,22.860001,23.26,1220500,23.003833
2015-08-27,22.620001,23.27,22.51,23.219999,1674200,22.964273
2015-08-26,22.389999,23.01,21.889999,22.50,1750700,22.252203
2015-08-25,22.75,22.77,21.940001,21.969999,1969900,21.728039
2015-08-24,22.17,22.50,22.120001,22.50,2465500,22.252203
2015-08-21,23.23,23.280001,22.85,22.860001,1511400,22.608239
2015-08-20,23.66,23.690001,23.26,23.379999,1061600,23.12251
2015-08-19,24.129999,24.25,23.700001,23.73,1006200,23.468656
2015-08-18,24.16,24.360001,24.030001,24.25,660900,23.98293
2015-08-17,23.85,24.18,23.76,24.17,811600,23.903811
2015-08-14,23.780001,24.030001,23.620001,23.879999,852300,23.617004
2015-08-13,23.549999,23.85,23.440001,23.76,1194200,23.498326
2015-08-12,23.459999,23.639999,23.01,23.59,1107500,23.330199
2015-08-11,23.299999,23.639999,23.24,23.559999,1208100,23.300528
2015-08-10,23.209999,23.50,23.209999,23.370001,1321300,23.112622
2015-08-07,22.620001,23.23,22.48,23.040001,2265300,22.786257
2015-08-06,24.219999,24.290001,22.27,22.709999,3398300,22.459889
2015-08-05,24.51,24.690001,24.360001,24.389999,1388100,24.121387
2015-08-04,24.450001,24.66,24.370001,24.440001,1128400,24.170838
2015-08-03,24.60,24.620001,24.309999,24.450001,858400,24.180728
2015-07-31,24.66,24.83,24.450001,24.60,1009100,24.329075
2015-07-30,24.57,24.639999,24.299999,24.629999,1107400,24.358744
2015-07-29,24.48,24.690001,24.23,24.66,764100,24.388414
2015-07-28,24.059999,24.530001,24.01,24.50,1029100,24.230176
2015-07-27,24.290001,24.40,24.02,24.10,1270400,23.834582
2015-07-24,24.610001,24.610001,24.27,24.280001,1072500,24.0126
2015-07-23,25.07,25.07,24.469999,24.559999,1502000,24.289515
2015-07-22,24.93,25.15,24.90,25.09,1667600,24.813679
2015-07-21,25.48,25.51,24.93,24.940001,1366100,24.665331
2015-07-20,25.58,25.67,25.370001,25.459999,1201800,25.179603
2015-07-17,26.08,26.08,25.51,25.530001,753600,25.248833
2015-07-16,25.85,26.10,25.82,26.07,703700,25.782885
2015-07-15,25.84,25.879999,25.60,25.76,788900,25.4763
2015-07-14,25.99,26.120001,25.83,25.90,784800,25.614757
2015-07-13,25.98,26.129999,25.85,26.00,1033900,25.713657
2015-07-10,26.01,26.139999,25.860001,25.889999,794100,25.604867
2015-07-09,26.360001,26.379999,25.799999,25.879999,1231600,25.594977
2015-07-08,26.24,26.49,26.15,26.280001,1233600,25.990574
2015-07-07,26.209999,26.459999,26.049999,26.35,1575000,26.059802
2015-07-06,25.83,26.129999,25.83,26.10,1002700,25.812556
2015-07-02,26.08,26.25,25.92,25.959999,935000,25.674096
2015-07-01,25.540001,26.049999,25.50,26.01,1330700,25.723547
2015-06-30,25.75,25.879999,25.25,25.549999,1570300,25.268612
2015-06-29,25.76,25.879999,25.58,25.60,1288600,25.318062
2015-06-26,25.65,25.950001,25.65,25.82,1610000,25.535639
2015-06-25,25.92,25.92,25.66,25.66,672900,25.377401
2015-06-24,26.00,26.07,25.85,25.85,925500,25.565309
2015-06-23,25.940001,26.120001,25.90,26.00,871500,25.713657
2015-06-22,26.049999,26.16,25.969999,26.00,959100,25.713657
2015-06-19,26.110001,26.15,25.99,26.049999,915800,25.763105
2015-06-18,25.809999,26.200001,25.77,26.09,1575600,25.802666
2015-06-17,25.200001,25.74,25.200001,25.73,1098300,25.44663
2015-06-16,25.049999,25.26,24.969999,25.139999,877000,24.863127
2015-06-15,24.959999,25.059999,24.700001,24.91,629700,24.635661
2015-06-12,24.950001,25.129999,24.82,24.98,493800,24.70489
2015-06-11,25.200001,25.24,24.959999,25.17,888200,24.645551
2015-06-10,25.10,25.26,25.00,25.110001,955800,24.586801
2015-06-09,25.18,25.34,25.059999,25.09,541400,24.567218
2015-06-08,25.35,25.35,25.110001,25.23,652600,24.7043
2015-06-05,25.440001,25.59,25.299999,25.34,748900,24.812008
2015-06-04,25.40,25.620001,25.23,25.57,718100,25.037216
2015-06-03,25.639999,25.639999,25.43,25.48,1158100,24.949091
2015-06-02,25.90,25.98,25.559999,25.60,932600,25.066591
2015-06-01,25.59,26.139999,25.59,26.030001,1015200,25.487632
2015-05-29,26.08,26.23,25.780001,25.82,5469400,25.282007
2015-05-28,25.90,26.209999,25.879999,26.110001,1050700,25.565965
2015-05-27,25.27,25.959999,25.24,25.92,1265700,25.379923
2015-05-26,25.219999,25.35,25.00,25.280001,2059700,24.753259
2015-05-22,25.09,25.389999,25.07,25.26,1878200,24.733675
2015-05-21,25.290001,25.299999,25.09,25.15,1507100,24.625967
2015-05-20,25.719999,25.809999,25.27,25.27,1821400,24.743467
2015-05-19,25.92,26.030001,25.73,25.75,2038800,25.213465
2015-05-18,25.969999,26.040001,25.85,25.969999,667800,25.428881
2015-05-15,26.110001,26.120001,25.99,26.030001,801900,25.487632
2015-05-14,25.969999,26.120001,25.92,26.040001,696700,25.497424
2015-05-13,26.190001,26.33,25.879999,25.91,955000,25.370131
2015-05-12,25.99,26.209999,25.76,26.110001,1180600,25.565965
2015-05-11,26.08,26.23,25.879999,26.02,1304200,25.47784
2015-05-08,26.60,26.60,26.120001,26.15,1323400,25.605131
2015-05-07,26.110001,26.129999,25.809999,25.940001,1692400,25.399507
2015-05-06,25.58,26.01,25.48,25.940001,1086800,25.399507
2015-05-05,25.83,25.969999,25.52,25.59,1420800,25.056799
2015-05-04,25.93,26.049999,25.870001,25.93,820200,25.389715
2015-05-01,25.59,25.91,25.450001,25.860001,1021500,25.321174
2015-04-30,25.76,25.860001,25.549999,25.59,931900,25.056799
2015-04-29,25.82,25.98,25.75,25.85,442900,25.311382
2015-04-28,25.99,26.120001,25.879999,25.969999,548900,25.428881
2015-04-27,26.15,26.25,25.90,26.040001,561400,25.497424
2015-04-24,26.139999,26.200001,26.030001,26.120001,778500,25.575757
2015-04-23,26.379999,26.49,26.129999,26.18,684300,25.634506
2015-04-22,26.35,26.40,26.25,26.360001,554900,25.810756
2015-04-21,26.459999,26.629999,26.309999,26.360001,480100,25.810756
2015-04-20,26.379999,26.66,26.34,26.440001,534900,25.889089
