Date,Open,High,Low,Close,Volume,Adj Close
2015-10-09,43.00,43.259998,42.82,42.990002,133900,42.990002
2015-10-08,42.709999,42.950001,42.25,42.91,177300,42.91
2015-10-07,41.91,42.889999,41.869999,42.849998,206100,42.849998
2015-10-06,41.619999,42.049999,41.389999,41.709999,172900,41.709999
2015-10-05,40.75,41.84,40.75,41.619999,182700,41.619999
2015-10-02,39.700001,40.580002,39.389999,40.57,198300,40.57
2015-10-01,40.200001,40.490002,39.50,40.150002,219500,40.150002
2015-09-30,40.099998,40.459999,39.560001,40.209999,302300,40.209999
2015-09-29,40.200001,40.48,39.279999,39.889999,258700,39.889999
2015-09-28,40.549999,40.970001,40.060001,40.25,332500,40.25
2015-09-25,41.580002,41.59,40.389999,40.84,285800,40.84
2015-09-24,41.349998,41.560001,40.93,41.310001,153300,41.310001
2015-09-23,41.91,41.939999,41.279999,41.630001,161500,41.630001
2015-09-22,41.900002,42.279999,41.75,41.889999,147100,41.889999
2015-09-21,42.869999,43.240002,42.080002,42.439999,196800,42.439999
2015-09-18,42.610001,43.439999,42.27,42.490002,750000,42.490002
2015-09-17,42.41,43.41,42.389999,43.099998,385400,43.099998
2015-09-16,42.220001,42.849998,41.799999,42.509998,319200,42.509998
2015-09-15,41.540001,42.18,41.50,42.099998,248700,42.099998
2015-09-14,41.82,42.220001,41.220001,41.490002,480200,41.490002
2015-09-11,40.93,41.700001,40.830002,41.48,379300,41.48
2015-09-10,41.669998,41.880001,40.900002,41.049999,509500,41.049999
2015-09-09,42.700001,42.880001,41.68,41.73,277500,41.73
2015-09-08,43.09,43.09,41.689999,42.360001,352900,42.360001
2015-09-04,42.299999,42.93,42.169998,42.349998,320400,42.349998
2015-09-03,42.759998,43.50,42.43,42.830002,300900,42.830002
2015-09-02,43.07,43.709999,42.060001,42.77,500200,42.77
2015-09-01,46.34,47.07,41.689999,42.439999,721500,42.439999
2015-08-31,48.82,49.16,48.25,48.77,430000,48.77
2015-08-28,48.57,49.529999,48.209999,49.23,210900,49.23
2015-08-27,48.540001,48.919998,47.580002,48.799999,211700,48.799999
2015-08-26,47.099998,48.330002,46.23,48.040001,182600,48.040001
2015-08-25,48.369999,48.389999,46.099998,46.25,207200,46.25
2015-08-24,45.84,47.00,41.029999,47.00,479500,47.00
2015-08-21,50.029999,50.73,48.84,48.860001,268000,48.860001
2015-08-20,51.16,51.630001,50.830002,51.07,217100,51.07
2015-08-19,51.380001,52.18,50.959999,51.77,120400,51.77
2015-08-18,52.34,52.599998,51.59,51.650002,127300,51.650002
2015-08-17,51.41,52.59,51.380001,52.57,114800,52.57
2015-08-14,51.150002,51.889999,50.849998,51.740002,86800,51.740002
2015-08-13,51.509998,51.93,50.939999,51.259998,136800,51.259998
2015-08-12,51.439999,51.860001,50.59,51.59,127600,51.59
2015-08-11,51.709999,52.380001,51.299999,51.759998,122700,51.759998
2015-08-10,52.279999,52.959999,52.00,52.330002,137400,52.330002
2015-08-07,51.75,52.110001,51.34,51.900002,120600,51.900002
2015-08-06,53.619999,53.68,51.700001,52.060001,202500,52.060001
2015-08-05,53.09,53.889999,52.939999,53.689999,130200,53.689999
2015-08-04,53.50,53.990002,52.860001,52.869999,91200,52.869999
2015-08-03,53.669998,53.779999,52.77,53.540001,108700,53.540001
2015-07-31,53.84,54.34,53.439999,53.68,168800,53.68
2015-07-30,53.57,53.98,53.009998,53.720001,113800,53.720001
2015-07-29,53.009998,53.880001,52.720001,53.790001,147900,53.790001
2015-07-28,52.50,53.209999,52.110001,53.18,246900,53.18
2015-07-27,52.790001,52.919998,51.779999,51.939999,126100,51.939999
2015-07-24,53.549999,53.799999,52.880001,52.93,239500,52.93
2015-07-23,53.880001,54.720001,53.560001,53.689999,199100,53.689999
2015-07-22,53.23,54.209999,53.00,53.880001,106300,53.880001
2015-07-21,53.939999,54.209999,53.07,53.330002,111000,53.330002
2015-07-20,54.060001,54.360001,53.709999,53.98,142400,53.98
2015-07-17,53.959999,54.150002,53.529999,54.009998,142300,54.009998
2015-07-16,53.880001,54.150002,53.43,54.049999,121300,54.049999
2015-07-15,53.419998,53.849998,52.950001,53.490002,154000,53.490002
2015-07-14,52.919998,53.490002,52.759998,53.419998,148000,53.419998
2015-07-13,52.650002,53.220001,52.57,52.869999,173900,52.869999
2015-07-10,52.970001,53.259998,52.48,52.560001,166700,52.250003
2015-07-09,52.650002,52.650002,51.82,52.220001,176700,51.912008
2015-07-08,51.720001,52.16,51.139999,52.02,259600,51.713187
2015-07-07,52.150002,52.279999,51.279999,52.200001,223500,51.892125
2015-07-06,51.540001,52.290001,51.43,52.25,208900,51.94183
2015-07-02,52.48,52.52,51.59,51.970001,148100,51.663482
2015-07-01,53.220001,53.950001,52.18,52.41,300000,52.100886
2015-06-30,53.439999,53.439999,52.16,52.849998,330200,52.538289
2015-06-29,53.189999,53.43,52.84,53.00,570900,52.687406
2015-06-26,53.939999,53.939999,53.369999,53.790001,672700,53.472748
2015-06-25,53.610001,53.950001,53.16,53.720001,203700,53.403161
2015-06-24,53.889999,53.970001,52.889999,53.299999,243800,52.985636
2015-06-23,53.830002,54.169998,53.759998,53.84,313500,53.522452
2015-06-22,53.900002,54.18,53.610001,53.799999,255700,53.482687
2015-06-19,53.439999,53.990002,53.09,53.48,613600,53.164575
2015-06-18,52.970001,53.91,52.669998,53.369999,351900,53.055223
2015-06-17,52.82,53.110001,52.48,52.779999,187800,52.468702
2015-06-16,51.799999,52.740002,51.59,52.619999,279700,52.309646
2015-06-15,50.52,52.009998,50.349998,51.970001,305600,51.663482
2015-06-12,51.080002,51.259998,50.709999,50.82,177100,50.520263
2015-06-11,51.00,51.790001,50.950001,51.380001,282700,51.076962
2015-06-10,50.599998,51.34,50.259998,50.830002,315700,50.530207
2015-06-09,51.549999,51.970001,48.049999,50.459999,526600,50.162386
2015-06-08,53.540001,53.889999,53.040001,53.220001,306900,52.90611
2015-06-05,52.860001,53.790001,52.32,53.66,201100,53.343513
2015-06-04,53.549999,53.889999,52.830002,53.110001,122500,52.796758
2015-06-03,53.049999,54.189999,52.73,53.75,177700,53.432983
2015-06-02,53.25,53.630001,52.349998,52.790001,253300,52.478646
2015-06-01,53.150002,54.029999,53.060001,53.619999,164900,53.303748
2015-05-29,54.049999,54.189999,52.919998,53.00,183000,52.687406
2015-05-28,52.84,54.25,52.720001,54.189999,287400,53.870386
2015-05-27,52.00,53.189999,51.849998,52.990002,157200,52.677467
2015-05-26,52.23,52.360001,51.349998,51.84,135100,51.534248
2015-05-22,52.48,52.990002,52.360001,52.48,110700,52.170473
2015-05-21,53.279999,53.310001,52.59,52.650002,156000,52.339472
2015-05-20,53.57,53.709999,53.060001,53.299999,107600,52.985636
2015-05-19,53.610001,53.610001,52.990002,53.400002,112700,53.085048
2015-05-18,53.09,53.93,52.939999,53.700001,160500,53.383278
2015-05-15,53.330002,53.330002,52.68,53.209999,193500,52.896167
2015-05-14,52.07,53.27,51.939999,53.220001,204600,52.90611
2015-05-13,51.25,51.919998,50.830002,51.919998,174100,51.613774
2015-05-12,51.099998,51.23,50.139999,50.919998,206200,50.619672
2015-05-11,51.299999,52.029999,51.23,51.34,224700,51.037197
2015-05-08,50.66,51.43,50.66,51.41,444600,51.106784
2015-05-07,49.790001,50.169998,49.759998,50.049999,218600,49.754804
2015-05-06,50.060001,50.169998,49.32,49.830002,196300,49.536105
2015-05-05,50.919998,51.060001,49.470001,50.099998,198300,49.804509
2015-05-04,50.950001,51.490002,50.860001,50.869999,181700,50.569968
2015-05-01,50.330002,50.77,50.09,50.669998,203500,50.371147
2015-04-30,51.380001,51.799999,50.07,50.099998,273100,49.804509
2015-04-29,52.049999,52.349998,51.27,51.490002,146700,51.186314
2015-04-28,51.360001,52.389999,51.25,52.27,200100,51.961712
2015-04-27,52.450001,52.450001,51.09,51.43,186400,51.126666
2015-04-24,52.279999,52.740002,51.639999,52.389999,136500,52.081003
2015-04-23,52.02,52.529999,52.02,52.400002,110900,52.090946
2015-04-22,52.049999,52.330002,51.540001,52.189999,145600,51.882182
2015-04-21,52.02,52.200001,51.779999,52.060001,173300,51.752952
2015-04-20,50.860001,51.700001,50.830002,51.68,202800,51.375192
2015-04-17,51.00,51.099998,50.150002,50.509998,133600,50.21209
2015-04-16,51.189999,51.549999,50.880001,51.41,186400,51.106784
2015-04-15,51.23,51.509998,51.119999,51.189999,222700,50.88808
2015-04-14,52.299999,52.389999,51.25,51.349998,208500,51.047136
2015-04-13,51.93,52.869999,51.93,52.330002,201200,52.02136
