Date,Open,High,Low,Close,Volume,Adj Close
2015-10-15,29.059999,29.34,28.58,29.309999,3703300,29.309999
2015-10-14,29.02,29.09,28.58,28.959999,4789800,28.959999
2015-10-13,29.040001,29.60,28.93,29.040001,4142200,29.040001
2015-10-12,29.93,29.93,28.969999,29.35,4566600,29.35
2015-10-09,30.43,30.43,29.709999,29.85,5114200,29.85
2015-10-08,29.90,30.549999,29.58,30.379999,5397000,30.379999
2015-10-07,29.860001,30.379999,29.41,30.110001,5799000,30.110001
2015-10-06,29.40,29.889999,29.32,29.40,7723700,29.40
2015-10-05,28.459999,29.530001,28.379999,29.440001,5295900,29.440001
2015-10-02,26.67,28.25,26.309999,28.25,6443100,28.25
2015-10-01,26.57,27.09,26.50,26.940001,6504400,26.940001
2015-09-30,25.65,26.309999,25.50,26.27,6884300,26.27
2015-09-29,26.610001,26.67,25.219999,25.34,9167500,25.34
2015-09-28,27.50,27.74,26.389999,26.459999,8043800,26.459999
2015-09-25,27.629999,27.85,27.379999,27.76,5522100,27.76
2015-09-24,27.27,27.48,26.780001,27.34,5375700,27.34
2015-09-23,28.200001,28.33,27.40,27.42,4016900,27.42
2015-09-22,27.91,28.389999,27.780001,28.030001,4788000,28.030001
2015-09-21,28.049999,28.51,27.91,28.26,3447100,28.26
2015-09-18,28.049999,28.219999,27.77,27.92,6881700,27.92
2015-09-17,28.370001,29.01,28.25,28.50,5325300,28.50
2015-09-16,27.879999,28.43,27.879999,28.35,5348700,28.35
2015-09-15,27.25,27.83,27.16,27.799999,6584100,27.799999
2015-09-14,27.15,27.389999,26.860001,27.129999,3795200,27.129999
2015-09-11,27.870001,28.33,26.98,27.280001,5588600,27.280001
2015-09-10,28.120001,28.280001,27.59,27.889999,6500400,27.889999
2015-09-09,28.76,28.83,27.809999,27.85,7034700,27.85
2015-09-08,28.24,28.76,28.09,28.67,4575300,28.67
2015-09-04,27.74,28.040001,27.59,27.870001,3766100,27.870001
2015-09-03,28.219999,28.940001,27.98,28.24,4871500,28.24
2015-09-02,28.26,28.34,27.540001,28.049999,4152500,28.049999
2015-09-01,28.23,28.48,27.709999,27.92,6280700,27.92
2015-08-31,28.639999,29.219999,28.07,29.07,6079100,29.07
2015-08-28,28.07,29.110001,28.07,28.879999,8628700,28.879999
2015-08-27,27.540001,28.41,27.51,28.139999,8062400,28.139999
2015-08-26,26.91,27.18,26.32,27.139999,8272200,27.139999
2015-08-25,27.559999,27.620001,26.120001,26.129999,7648000,26.129999
2015-08-24,26.780001,27.860001,26.00,26.639999,10294300,26.639999
2015-08-21,28.08,28.459999,27.559999,27.719999,7458700,27.719999
2015-08-20,28.950001,29.09,28.18,28.219999,4768600,28.219999
2015-08-19,29.379999,29.49,28.58,28.959999,4238900,28.959999
2015-08-18,29.950001,29.969999,29.26,29.459999,4398500,29.459999
2015-08-17,30.040001,30.120001,29.65,29.950001,4619000,29.950001
2015-08-14,30.129999,30.35,29.889999,30.10,2730100,30.10
2015-08-13,30.879999,30.98,30.00,30.129999,4548800,30.129999
2015-08-12,29.950001,30.799999,29.809999,30.790001,5663200,30.790001
2015-08-11,29.629999,30.02,29.27,29.99,4984600,29.99
2015-08-10,28.91,30.139999,28.889999,30.049999,5649100,30.049999
2015-08-07,29.120001,29.92,29.110001,29.200001,7349300,28.830001
2015-08-06,29.040001,29.59,28.17,29.33,6589300,28.958353
2015-08-05,29.469999,30.85,28.809999,28.959999,11634300,28.59304
2015-08-04,29.41,29.459999,28.709999,28.969999,4665300,28.602914
2015-08-03,30.02,30.030001,29.190001,29.27,4325200,28.899113
2015-07-31,30.27,30.639999,30.16,30.26,3822600,29.876569
2015-07-30,30.51,30.73,30.120001,30.360001,4219100,29.975302
2015-07-29,29.93,30.59,29.870001,30.530001,4332900,30.143148
2015-07-28,29.26,30.25,29.26,30.040001,4972400,29.659357
2015-07-27,29.00,29.469999,28.82,29.209999,3908800,28.839872
2015-07-24,29.719999,29.719999,29.049999,29.309999,6805300,28.938606
2015-07-23,29.549999,29.73,29.389999,29.67,4283900,29.294045
2015-07-22,29.98,30.040001,29.18,29.459999,5264900,29.086705
2015-07-21,30.00,30.389999,29.90,30.08,3919100,29.698849
2015-07-20,30.440001,30.59,29.90,30.00,4124400,29.619863
2015-07-17,31.17,31.219999,30.360001,30.41,5047100,30.024668
2015-07-16,31.33,31.459999,31.18,31.290001,5010200,30.893518
2015-07-15,31.75,31.780001,31.01,31.120001,4100800,30.725672
2015-07-14,31.790001,32.18,31.700001,31.940001,3430300,31.535281
2015-07-13,31.49,31.91,31.389999,31.83,6388100,31.426675
2015-07-10,31.33,31.389999,31.139999,31.280001,2823700,30.883645
2015-07-09,31.469999,31.639999,31.08,31.08,3400100,30.686178
2015-07-08,31.629999,31.870001,30.940001,31.040001,4466700,30.646686
2015-07-07,31.16,31.879999,30.870001,31.73,5723200,31.327941
2015-07-06,31.57,31.60,31.059999,31.10,5464900,30.705925
2015-07-02,31.799999,32.119999,31.530001,31.93,4191900,31.525408
2015-07-01,32.84,32.84,31.68,31.85,7007400,31.446422
2015-06-30,32.57,32.77,32.310001,32.599998,4049400,32.186916
2015-06-29,32.400002,32.830002,32.189999,32.209999,3529000,31.801859
2015-06-26,32.540001,32.939999,32.349998,32.799999,4146100,32.384383
2015-06-25,33.200001,33.27,32.540001,32.549999,3308400,32.137551
2015-06-24,33.220001,33.52,33.139999,33.23,2444000,32.808935
2015-06-23,33.080002,33.419998,32.950001,33.400002,3485500,32.976782
2015-06-22,32.98,33.32,32.82,33.049999,6429100,32.631215
2015-06-19,32.880001,32.990002,32.48,32.650002,4504200,32.236286
2015-06-18,33.060001,33.23,32.889999,33.00,3807500,32.581849
2015-06-17,33.040001,33.110001,32.700001,33.02,2775000,32.601596
2015-06-16,32.93,33.119999,32.630001,32.91,4290000,32.49299
2015-06-15,32.740002,33.029999,32.52,32.950001,3248000,32.532484
2015-06-12,33.02,33.139999,32.900002,32.939999,4077100,32.522608
2015-06-11,33.73,33.779999,33.049999,33.16,5461900,32.739822
2015-06-10,34.150002,34.41,33.68,33.68,3243600,33.253233
2015-06-09,34.130001,34.200001,33.790001,33.830002,2627600,33.401334
2015-06-08,33.939999,34.09,33.790001,33.82,3315300,33.391459
2015-06-05,34.080002,34.240002,33.810001,34.080002,3929200,33.648166
2015-06-04,34.619999,34.77,34.040001,34.23,3462800,33.796263
2015-06-03,34.799999,34.98,34.580002,34.810001,3159800,34.368916
2015-06-02,34.77,35.099998,34.610001,34.919998,3066800,34.477519
2015-06-01,35.200001,35.200001,34.610001,34.669998,3483000,34.230687
2015-05-29,35.060001,35.380001,34.740002,35.169998,6710300,34.724351
2015-05-28,35.330002,35.389999,34.68,35.009998,4589100,34.566379
2015-05-27,35.23,35.540001,35.09,35.52,4402100,35.069918
2015-05-26,35.889999,35.91,35.139999,35.189999,3626400,34.744098
2015-05-22,35.98,36.25,35.84,36.099998,2856400,35.642567
2015-05-21,36.049999,36.389999,35.93,36.18,3055400,35.721555
2015-05-20,35.73,35.98,35.68,35.889999,2604200,35.435229
2015-05-19,36.189999,36.259998,35.830002,35.880001,2614000,35.425357
2015-05-18,36.52,36.560001,36.27,36.330002,2765100,35.869656
2015-05-15,36.32,36.57,36.169998,36.549999,3131000,36.086866
2015-05-14,36.619999,36.950001,36.360001,36.41,3432100,35.94864
2015-05-13,36.619999,37.02,36.040001,36.27,3252900,35.810415
2015-05-12,36.00,36.50,35.869999,36.279999,4417200,35.820286
2015-05-11,36.720001,36.759998,35.919998,36.029999,3243000,35.573454
2015-05-08,36.470001,37.130001,36.02,37.029999,4028000,36.195472
2015-05-07,36.400002,36.50,35.98,36.09,5006600,35.276657
2015-05-06,37.00,37.419998,36.119999,36.380001,5319700,35.560123
2015-05-05,37.400002,37.50,36.709999,36.880001,4244900,36.048854
2015-05-04,37.580002,37.73,37.23,37.27,2176700,36.430064
2015-05-01,37.279999,37.599998,37.279999,37.48,2603900,36.635331
2015-04-30,37.75,37.84,37.169998,37.25,4144100,36.410515
2015-04-29,37.630001,37.759998,37.279999,37.700001,2937700,36.850374
2015-04-28,37.779999,37.959999,37.650002,37.799999,2092400,36.948119
2015-04-27,37.959999,38.040001,37.689999,37.700001,2242300,36.850374
2015-04-24,37.950001,38.169998,37.759998,37.790001,2389400,36.938346
2015-04-23,37.869999,38.290001,37.830002,38.060001,2124600,37.202262
2015-04-22,37.709999,37.959999,37.450001,37.82,2442600,36.967669
2015-04-21,37.98,38.080002,37.529999,37.560001,3144800,36.71353
2015-04-20,37.91,38.470001,37.860001,37.950001,3668600,37.09474
