Date,Open,High,Low,Close,Volume,Adj Close
2015-10-16,49.700001,50.27,49.48,50.139999,556500,50.139999
2015-10-15,48.630001,49.77,48.630001,49.669998,459900,49.669998
2015-10-14,48.860001,48.869999,48.32,48.439999,509500,48.439999
2015-10-13,49.41,49.599998,46.93,48.759998,511400,48.759998
2015-10-12,49.459999,49.529999,49.23,49.509998,323000,49.509998
2015-10-09,49.830002,49.830002,49.07,49.470001,375100,49.470001
2015-10-08,49.310001,49.740002,49.310001,49.619999,473800,49.619999
2015-10-07,49.16,49.57,48.84,49.540001,539500,49.540001
2015-10-06,49.119999,49.470001,48.099998,48.959999,873600,48.959999
2015-10-05,48.869999,49.25,48.290001,49.119999,1056600,49.119999
2015-10-02,47.93,48.68,47.310001,48.669998,915000,48.669998
2015-10-01,48.150002,48.869999,47.990002,48.669998,923500,48.669998
2015-09-30,47.299999,48.32,47.060001,48.23,946800,48.23
2015-09-29,46.900002,47.169998,46.290001,46.639999,536000,46.639999
2015-09-28,47.93,48.02,46.700001,46.740002,891200,46.740002
2015-09-25,48.459999,48.810001,47.82,48.130001,1497100,48.130001
2015-09-24,48.380001,48.389999,47.700001,47.82,1033300,47.82
2015-09-23,48.919998,48.919998,48.529999,48.66,1250100,48.66
2015-09-22,48.360001,49.00,48.360001,48.77,1022100,48.77
2015-09-21,49.459999,49.950001,49.389999,49.560001,1295000,49.560001
2015-09-18,49.619999,50.900002,48.950001,49.110001,2718500,49.110001
2015-09-17,50.68,51.029999,50.119999,50.25,1124500,50.25
2015-09-16,50.529999,50.860001,50.299999,50.639999,1162400,50.639999
2015-09-15,50.459999,50.66,50.040001,50.50,1612300,50.50
2015-09-14,50.91,50.950001,50.48,50.549999,1057000,50.549999
2015-09-11,50.509998,51.099998,50.490002,50.91,998700,50.91
2015-09-10,50.540001,51.59,50.16,50.84,963300,50.84
2015-09-09,51.360001,51.709999,50.380001,50.48,581300,50.48
2015-09-08,50.110001,50.799999,49.689999,50.720001,1040400,50.720001
2015-09-04,49.299999,49.68,49.119999,49.419998,748900,49.419998
2015-09-03,49.459999,50.32,49.41,49.900002,905200,49.900002
2015-09-02,49.650002,50.169998,49.009998,49.529999,1031700,49.529999
2015-09-01,49.50,50.009998,49.119999,49.209999,1185400,49.209999
2015-08-31,50.98,51.040001,50.43,50.580002,776600,50.580002
2015-08-28,49.91,51.220001,49.91,51.220001,703200,51.220001
2015-08-27,49.599998,50.720001,49.16,50.68,1035600,50.68
2015-08-26,48.400002,48.619999,46.970001,48.490002,1406300,48.490002
2015-08-25,49.450001,49.950001,47.139999,47.189999,891600,47.189999
2015-08-24,48.259998,50.00,46.639999,47.759998,1707000,47.759998
2015-08-21,52.560001,52.73,51.380001,51.41,768500,51.41
2015-08-20,53.84,54.43,52.970001,52.990002,513600,52.990002
2015-08-19,54.59,54.720001,53.639999,54.290001,534900,54.290001
2015-08-18,54.91,55.009998,54.529999,54.720001,474200,54.720001
2015-08-17,54.580002,55.060001,54.18,55.029999,375600,55.029999
2015-08-14,54.310001,54.860001,54.060001,54.790001,324600,54.790001
2015-08-13,54.580002,54.650002,54.130001,54.380001,504700,54.380001
2015-08-12,54.639999,55.00,53.689999,54.50,905200,54.50
2015-08-11,54.689999,55.23,54.490002,55.029999,490100,55.029999
2015-08-10,54.599998,55.48,54.259998,55.209999,682000,55.209999
2015-08-07,54.41,54.599998,53.599998,54.310001,543700,54.310001
2015-08-06,54.630001,54.73,54.009998,54.419998,963600,54.419998
2015-08-05,54.380001,54.849998,54.360001,54.639999,643800,54.639999
2015-08-04,53.549999,54.310001,53.52,54.169998,625700,54.169998
2015-08-03,53.259998,53.470001,52.900002,53.450001,422600,53.450001
2015-07-31,53.240002,53.52,52.799999,53.310001,1124900,53.310001
2015-07-30,52.040001,53.02,51.900002,52.91,747300,52.91
2015-07-29,52.040001,52.34,51.799999,52.110001,813800,52.110001
2015-07-28,52.540001,52.540001,51.799999,52.02,763400,52.02
2015-07-27,52.049999,52.389999,51.700001,52.150002,841500,52.150002
2015-07-24,52.650002,53.200001,52.189999,52.450001,757100,52.450001
2015-07-23,53.299999,54.189999,52.439999,52.490002,1206000,52.490002
2015-07-22,51.00,53.860001,50.700001,52.939999,2232500,52.939999
2015-07-21,49.799999,49.849998,49.310001,49.560001,874300,49.560001
2015-07-20,49.98,50.009998,49.68,49.75,712700,49.75
2015-07-17,50.060001,50.060001,49.450001,49.759998,417300,49.759998
2015-07-16,49.799999,50.02,49.68,49.919998,507600,49.919998
2015-07-15,49.799999,49.900002,49.560001,49.689999,362100,49.689999
2015-07-14,49.349998,49.75,49.130001,49.650002,351900,49.650002
2015-07-13,49.860001,49.860001,49.099998,49.27,696800,49.27
2015-07-10,49.290001,49.419998,48.610001,49.349998,682100,49.349998
2015-07-09,49.07,49.34,48.669998,48.720001,491400,48.720001
2015-07-08,48.91,49.16,48.27,48.450001,547600,48.450001
2015-07-07,49.32,49.43,48.360001,49.380001,643100,49.380001
2015-07-06,49.029999,49.48,48.869999,49.16,529900,49.16
2015-07-02,49.48,49.560001,49.16,49.50,402200,49.50
2015-07-01,49.50,49.77,49.110001,49.360001,521400,49.360001
2015-06-30,49.119999,49.369999,48.470001,49.029999,564700,49.029999
2015-06-29,49.459999,49.740002,48.580002,48.59,577700,48.59
2015-06-26,49.970001,50.43,49.740002,50.290001,1146900,50.290001
2015-06-25,50.360001,50.360001,49.669998,49.82,423600,49.82
2015-06-24,50.349998,50.68,49.98,50.119999,448300,50.119999
2015-06-23,50.75,50.75,50.32,50.560001,405900,50.560001
2015-06-22,50.130001,50.57,50.00,50.57,485300,50.57
2015-06-19,50.130001,50.200001,49.799999,49.869999,702500,49.869999
2015-06-18,49.639999,50.16,49.470001,50.00,725500,50.00
2015-06-17,49.720001,49.720001,49.220001,49.450001,483000,49.450001
2015-06-16,48.93,49.610001,48.75,49.560001,450800,49.560001
2015-06-15,49.00,49.330002,48.580002,49.25,444200,49.25
2015-06-12,49.220001,49.41,49.009998,49.259998,461100,49.259998
2015-06-11,49.32,49.740002,49.009998,49.700001,624400,49.46
2015-06-10,48.59,49.380001,48.32,49.330002,1122400,49.091788
2015-06-09,48.279999,48.599998,48.07,48.290001,418700,48.056809
2015-06-08,48.48,48.82,48.400002,48.400002,459500,48.166278
2015-06-05,48.490002,48.720001,48.09,48.619999,438800,48.385213
2015-06-04,48.299999,48.41,48.060001,48.169998,482900,47.937386
2015-06-03,48.060001,48.689999,47.740002,48.549999,497200,48.315552
2015-06-02,47.599998,47.91,47.209999,47.869999,486100,47.638835
2015-06-01,48.09,48.240002,47.43,47.68,666100,47.449754
2015-05-29,47.740002,48.07,47.509998,47.84,754900,47.608981
2015-05-28,47.790001,47.849998,47.48,47.759998,384900,47.529366
2015-05-27,47.060001,47.849998,47.040001,47.77,730600,47.53932
2015-05-26,47.240002,47.360001,46.790001,46.959999,611100,46.73323
2015-05-22,47.369999,47.689999,47.27,47.349998,308400,47.121346
2015-05-21,47.73,47.759998,47.389999,47.509998,340800,47.280573
2015-05-20,48.00,48.139999,47.630001,47.709999,690400,47.479608
2015-05-19,47.540001,47.959999,47.52,47.860001,495200,47.628885
2015-05-18,46.950001,47.75,46.830002,47.689999,449100,47.459704
2015-05-15,47.150002,47.200001,46.68,46.93,316400,46.703376
2015-05-14,46.650002,47.139999,46.490002,47.119999,391700,46.892457
2015-05-13,47.029999,47.099998,46.380001,46.540001,527600,46.31526
2015-05-12,46.439999,46.98,45.98,46.830002,597800,46.60386
2015-05-11,46.610001,47.040001,46.610001,46.799999,419300,46.574003
2015-05-08,46.619999,46.900002,46.529999,46.650002,533000,46.424729
2015-05-07,45.799999,46.259998,45.799999,46.23,336600,46.006755
2015-05-06,45.889999,46.150002,45.68,45.889999,437900,45.668397
2015-05-05,46.66,46.880001,45.799999,45.91,871100,45.688301
2015-05-04,46.43,46.98,46.400002,46.849998,547500,46.62376
2015-05-01,46.049999,46.509998,45.720001,46.43,678500,46.20579
2015-04-30,46.07,46.41,45.549999,45.66,1351500,45.439508
2015-04-29,46.389999,46.68,46.009998,46.290001,608100,46.066467
2015-04-28,45.889999,46.48,45.689999,46.470001,753400,46.245598
2015-04-27,46.400002,46.68,45.810001,45.970001,940000,45.748013
2015-04-24,46.299999,46.48,46.02,46.400002,589800,46.175936
2015-04-23,46.119999,46.48,46.009998,46.25,793800,46.026659
2015-04-22,45.099998,46.110001,44.459999,45.990002,1000500,45.767916
2015-04-21,45.00,45.439999,44.720001,45.310001,910200,45.0912
2015-04-20,44.080002,44.91,43.950001,44.810001,1025100,44.593614
