Date,Open,High,Low,Close,Volume,Adj Close
2015-10-16,41.82,42.00,41.450001,41.889999,377900,41.889999
2015-10-15,41.220001,41.689999,40.950001,41.68,695400,41.68
2015-10-14,42.139999,42.139999,40.849998,40.91,584200,40.91
2015-10-13,42.740002,43.16,42.169998,42.189999,335300,42.189999
2015-10-12,43.240002,43.25,42.900002,43.07,268200,43.07
2015-10-09,43.610001,43.740002,43.060001,43.189999,360500,43.189999
2015-10-08,43.189999,43.580002,43.09,43.459999,343200,43.459999
2015-10-07,43.099998,43.400002,42.810001,43.369999,430300,43.369999
2015-10-06,43.150002,43.209999,42.57,42.75,498200,42.75
2015-10-05,42.369999,43.349998,42.099998,43.310001,658100,43.310001
2015-10-02,41.07,41.919998,40.52,41.919998,780200,41.919998
2015-10-01,42.00,42.189999,41.439999,41.950001,616400,41.950001
2015-09-30,42.23,42.349998,41.709999,42.099998,827900,42.099998
2015-09-29,42.240002,42.389999,41.529999,41.689999,716900,41.689999
2015-09-28,43.869999,44.150002,42.209999,42.25,656000,42.25
2015-09-25,44.639999,44.73,44.200001,44.380001,632600,44.380001
2015-09-24,43.77,44.200001,43.68,44.049999,631100,44.049999
2015-09-23,44.400002,44.599998,44.029999,44.240002,557100,44.240002
2015-09-22,44.400002,44.439999,43.880001,44.259998,442900,44.259998
2015-09-21,45.080002,45.639999,44.900002,45.07,334600,45.07
2015-09-18,45.330002,45.330002,44.560001,44.669998,981800,44.669998
2015-09-17,46.709999,47.360001,45.869999,45.98,468500,45.98
2015-09-16,45.98,46.669998,45.740002,46.599998,491900,46.599998
2015-09-15,45.470001,45.91,45.209999,45.849998,659700,45.849998
2015-09-14,45.57,45.619999,45.029999,45.220001,477200,45.220001
2015-09-11,45.310001,45.720001,45.130001,45.419998,811300,45.419998
2015-09-10,45.880001,46.52,45.82,45.959999,375900,45.959999
2015-09-09,47.290001,47.48,45.759998,45.860001,431600,45.860001
2015-09-08,46.389999,46.82,46.049999,46.66,448900,46.66
2015-09-04,45.310001,45.889999,45.080002,45.560001,400900,45.560001
2015-09-03,45.900002,46.57,45.619999,45.970001,422700,45.970001
2015-09-02,45.82,46.009998,45.169998,45.900002,537600,45.900002
2015-09-01,45.52,45.91,44.990002,45.099998,604800,45.099998
2015-08-31,46.919998,46.98,46.310001,46.599998,379200,46.599998
2015-08-28,46.919998,47.240002,46.369999,47.07,418300,47.07
2015-08-27,47.450001,47.66,46.349998,47.130001,719300,47.130001
2015-08-26,46.560001,47.139999,45.27,46.959999,808200,46.959999
2015-08-25,47.290001,47.32,45.41,45.439999,802500,45.439999
2015-08-24,44.740002,47.310001,43.869999,45.779999,838100,45.779999
2015-08-21,49.02,49.560001,47.619999,48.290001,605600,48.290001
2015-08-20,50.830002,50.830002,49.970001,50.029999,350700,50.029999
2015-08-19,52.060001,52.130001,51.349998,51.540001,289500,51.540001
2015-08-18,52.900002,53.009998,52.369999,52.52,169700,52.52
2015-08-17,52.580002,53.07,52.139999,53.040001,288600,53.040001
2015-08-14,52.48,53.00,52.400002,52.990002,224600,52.990002
2015-08-13,52.099998,53.00,52.00,52.66,420600,52.66
2015-08-12,52.68,52.68,50.720001,52.00,743400,52.00
2015-08-11,52.650002,54.060001,52.00,53.240002,709100,53.240002
2015-08-10,54.970001,55.50,54.869999,55.43,415600,55.43
2015-08-07,54.439999,55.040001,53.889999,54.52,273200,54.52
2015-08-06,55.369999,55.709999,54.459999,54.82,248500,54.82
2015-08-05,55.93,56.23,55.27,55.299999,363600,55.299999
2015-08-04,55.200001,56.040001,55.099998,55.619999,435100,55.619999
2015-08-03,55.049999,55.310001,54.66,55.18,383100,55.18
2015-07-31,54.919998,55.360001,54.209999,54.950001,407700,54.950001
2015-07-30,55.080002,55.209999,54.509998,54.880001,467900,54.880001
2015-07-29,54.77,55.52,54.599998,55.169998,477600,55.169998
2015-07-28,55.119999,55.209999,54.560001,54.810001,335000,54.810001
2015-07-27,55.080002,55.080002,54.459999,54.73,224500,54.73
2015-07-24,56.349998,56.529999,55.540001,55.66,459100,55.66
2015-07-23,57.630001,57.630001,56.25,56.48,298600,56.48
2015-07-22,56.509998,57.450001,56.509998,57.439999,331100,57.439999
2015-07-21,57.060001,57.349998,56.25,56.73,292600,56.73
2015-07-20,57.540001,57.639999,57.07,57.25,207800,57.25
2015-07-17,57.68,57.68,56.889999,57.41,327000,57.41
2015-07-16,57.790001,57.880001,57.459999,57.740002,428100,57.740002
2015-07-15,57.299999,57.639999,57.00,57.209999,439300,57.209999
2015-07-14,56.939999,57.66,56.75,57.369999,380500,57.369999
2015-07-13,56.810001,57.34,56.619999,57.139999,569800,57.139999
2015-07-10,56.77,57.080002,56.029999,56.310001,543600,56.310001
2015-07-09,56.009998,56.400002,55.580002,55.720001,572800,55.720001
2015-07-08,55.630001,56.040001,54.869999,55.139999,331700,55.139999
2015-07-07,57.080002,57.080002,55.119999,56.299999,407100,56.299999
2015-07-06,56.939999,57.419998,56.52,57.169998,488900,57.169998
2015-07-02,58.27,58.27,57.23,57.720001,406800,57.720001
2015-07-01,58.619999,58.709999,57.939999,58.23,329100,58.23
2015-06-30,57.950001,57.98,57.189999,57.740002,438400,57.740002
2015-06-29,58.509998,58.700001,57.080002,57.130001,443200,57.130001
2015-06-26,59.330002,59.599998,58.990002,59.48,504400,59.48
2015-06-25,58.459999,59.34,58.459999,59.18,370200,59.18
2015-06-24,59.48,59.830002,58.639999,58.900002,333300,58.900002
2015-06-23,59.709999,59.889999,59.48,59.73,342100,59.73
2015-06-22,59.310001,59.619999,59.220001,59.59,341300,59.59
2015-06-19,58.740002,58.919998,58.48,58.619999,613000,58.619999
2015-06-18,58.970001,59.200001,58.43,58.759998,366000,58.759998
2015-06-17,59.68,59.93,58.57,58.580002,430000,58.580002
2015-06-16,58.73,59.549999,58.50,59.41,380800,59.41
2015-06-15,58.48,59.279999,57.630001,58.98,351200,58.98
2015-06-12,59.34,59.380001,58.689999,59.040001,376300,59.040001
2015-06-11,59.41,59.84,59.099998,59.630001,359500,59.630001
2015-06-10,58.48,59.84,58.00,59.34,838700,59.34
2015-06-09,58.470001,58.470001,57.07,57.950001,714600,57.950001
2015-06-08,57.029999,58.139999,56.900002,57.84,1259200,57.84
2015-06-05,56.639999,57.41,56.040001,57.029999,455100,57.029999
2015-06-04,56.09,56.529999,55.75,56.099998,289500,56.099998
2015-06-03,55.779999,56.919998,55.419998,56.57,394200,56.57
2015-06-02,54.799999,55.529999,54.580002,55.43,439800,55.43
2015-06-01,53.98,55.18,53.98,54.82,731700,54.82
2015-05-29,53.73,53.919998,52.799999,53.259998,259900,53.259998
2015-05-28,53.66,53.869999,53.18,53.849998,220400,53.849998
2015-05-27,52.810001,53.77,52.619999,53.709999,402900,53.709999
2015-05-26,53.50,53.720001,52.290001,52.610001,628600,52.610001
2015-05-22,53.810001,54.27,53.66,53.759998,312900,53.759998
2015-05-21,53.549999,54.02,53.310001,53.790001,315200,53.790001
2015-05-20,54.400002,54.41,53.73,53.740002,297100,53.740002
2015-05-19,54.459999,54.66,53.93,54.25,213600,54.25
2015-05-18,53.279999,54.330002,53.279999,54.290001,340100,54.290001
2015-05-15,54.080002,54.299999,52.950001,53.25,306500,53.25
2015-05-14,53.709999,54.25,53.389999,54.119999,290100,54.119999
2015-05-13,53.150002,53.689999,52.759998,53.540001,458800,53.540001
2015-05-12,52.310001,53.959999,51.98,53.169998,848900,53.169998
2015-05-11,53.91,55.00,53.73,54.77,359000,54.77
2015-05-08,54.220001,54.740002,53.689999,53.98,231400,53.98
2015-05-07,53.279999,54.130001,53.279999,53.950001,255100,53.950001
2015-05-06,53.389999,53.990002,52.82,53.52,404000,53.52
2015-05-05,53.25,53.790001,53.07,53.439999,421600,53.439999
2015-05-04,53.07,53.77,52.400002,53.490002,232300,53.490002
2015-05-01,53.080002,53.52,52.580002,53.060001,270400,53.060001
2015-04-30,54.25,54.48,52.709999,52.84,408000,52.84
2015-04-29,54.150002,54.759998,54.02,54.48,242000,54.48
2015-04-28,53.52,54.400002,53.200001,54.360001,282100,54.360001
2015-04-27,54.240002,54.68,53.299999,53.439999,225300,53.439999
2015-04-24,54.139999,54.389999,53.93,54.209999,287100,54.209999
2015-04-23,53.810001,54.459999,53.66,54.330002,272100,54.330002
2015-04-22,53.599998,54.150002,53.049999,54.060001,206500,54.060001
2015-04-21,54.049999,54.34,53.50,53.59,356400,53.59
2015-04-20,54.049999,54.490002,53.700001,53.939999,270500,53.939999
