Date,Open,High,Low,Close,Volume,Adj Close
2015-10-16,236.470001,243.470001,235.630005,243.169998,1137100,243.169998
2015-10-15,240.789993,241.199997,235.800003,236.080002,1767700,236.080002
2015-10-14,243.509995,245.229996,242.300003,242.509995,749400,242.509995
2015-10-13,241.860001,244.990005,241.00,244.899994,812000,244.899994
2015-10-12,242.009995,244.169998,241.360001,243.770004,467400,243.770004
2015-10-09,243.919998,246.009995,241.130005,242.860001,682500,242.860001
2015-10-08,239.100006,244.820007,237.710007,244.210007,731200,244.210007
2015-10-07,232.759995,241.059998,232.50,239.119995,837300,239.119995
2015-10-06,240.75,242.130005,235.600006,236.679993,1205000,236.679993
2015-10-05,238.839996,242.229996,238.839996,241.169998,1148400,241.169998
2015-10-02,229.570007,237.190002,227.300003,237.00,1583100,237.00
2015-10-01,222.759995,232.990005,220.429993,231.919998,2226200,231.919998
2015-09-30,221.949997,225.169998,221.289993,222.779999,2527900,222.779999
2015-09-29,220.259995,223.279999,218.270004,218.940002,1609200,218.940002
2015-09-28,230.149994,230.149994,219.669998,220.559998,1408800,220.559998
2015-09-25,229.820007,232.710007,226.789993,227.490005,1378500,227.490005
2015-09-24,230.970001,230.970001,224.830002,227.800003,2247500,227.800003
2015-09-23,234.960007,237.979996,232.339996,232.619995,1661100,232.619995
2015-09-22,241.830002,241.919998,235.75,237.25,1915100,237.25
2015-09-21,248.639999,249.520004,243.529999,244.270004,1144600,244.270004
2015-09-18,248.399994,250.740005,245.960007,246.649994,918800,246.649994
2015-09-17,250.630005,257.679993,248.800003,253.169998,1002400,253.169998
2015-09-16,250.669998,254.990005,248.75,250.630005,1084000,250.630005
2015-09-15,253.699997,254.520004,250.210007,250.669998,963600,250.669998
2015-09-14,256.48999,257.059998,251.119995,251.949997,822000,251.949997
2015-09-11,255.00,256.369995,253.720001,255.660004,537700,255.660004
2015-09-10,256.299988,258.920013,254.910004,255.660004,649600,255.660004
2015-09-09,264.589996,265.00,256.980011,257.279999,594200,257.279999
2015-09-08,258.049988,261.670013,256.459991,261.630005,460600,261.630005
2015-09-04,253.380005,256.170013,252.039993,253.860001,505100,253.860001
2015-09-03,255.00,258.480011,254.520004,255.869995,557900,255.869995
2015-09-02,251.380005,254.119995,249.279999,254.119995,669700,254.119995
2015-09-01,251.809998,253.449997,247.589996,248.529999,661000,248.529999
2015-08-31,256.829987,259.670013,255.110001,255.809998,613100,255.809998
2015-08-28,258.440002,259.910004,256.140015,258.109985,498200,258.109985
2015-08-27,258.450012,262.410004,255.309998,259.369995,667800,259.369995
2015-08-26,253.75,256.100006,249.100006,255.550003,961400,255.550003
2015-08-25,262.549988,263.309998,248.50,248.649994,1255500,248.649994
2015-08-24,251.619995,265.76001,250.720001,254.320007,1528800,254.320007
2015-08-21,266.01001,266.630005,258.230011,261.350006,1633600,261.350006
2015-08-20,279.470001,279.820007,268.559998,268.920013,1171200,268.920013
2015-08-19,283.869995,285.149994,281.700012,281.920013,713100,281.920013
2015-08-18,285.00,288.459991,283.160004,285.070007,718400,285.070007
2015-08-17,279.359985,286.48999,278.480011,284.690002,766800,284.690002
2015-08-14,275.589996,281.200012,274.679993,279.369995,567800,279.369995
2015-08-13,273.640015,278.809998,271.649994,276.01001,554200,276.01001
2015-08-12,269.700012,274.00,267.470001,273.170013,723000,273.170013
2015-08-11,270.809998,271.950012,268.950012,271.019989,650100,270.349984
2015-08-10,271.940002,274.220001,270.339996,273.48999,507100,272.813879
2015-08-07,271.23999,271.279999,267.540009,269.339996,706600,268.674144
2015-08-06,273.850006,275.48999,270.429993,271.720001,728000,271.048265
2015-08-05,280.00,280.00,273.899994,274.670013,898300,273.990985
2015-08-04,278.230011,279.730011,277.040009,277.519989,396800,276.833915
2015-08-03,278.320007,279.190002,276.190002,278.209991,633100,277.522211
2015-07-31,279.459991,279.890015,277.480011,277.76001,783400,277.073342
2015-07-30,278.200012,279.00,275.799988,277.920013,583500,277.23295
2015-07-29,274.230011,280.51001,273.149994,278.799988,948400,278.110749
2015-07-28,265.48999,273.959991,265.48999,273.839996,806800,273.163019
2015-07-27,266.040009,267.119995,264.549988,266.040009,565000,265.382314
2015-07-24,270.459991,271.23999,265.640015,267.119995,694100,266.459631
2015-07-23,273.440002,273.440002,269.549988,270.480011,737200,269.811341
2015-07-22,267.00,274.660004,267.00,273.690002,1286500,273.013396
2015-07-21,268.970001,270.51001,266.380005,266.98999,981700,266.329948
2015-07-20,266.01001,270.029999,265.00,267.619995,1110500,266.958395
2015-07-17,261.23999,269.00,259.690002,266.01001,2193000,265.35239
2015-07-16,256.070007,266.690002,250.270004,261.230011,7164700,260.584208
2015-07-15,284.00,285.940002,282.01001,282.160004,968400,281.462458
2015-07-14,281.329987,284.660004,281.059998,284.279999,565300,283.577212
2015-07-13,280.559998,282.470001,279.440002,282.079987,538200,281.382639
2015-07-10,278.50,280.00,276.709991,278.209991,683300,277.522211
2015-07-09,284.420013,285.00,277.140015,277.410004,654500,276.724201
2015-07-08,282.140015,284.109985,280.940002,280.940002,834200,280.245473
2015-07-07,280.959991,283.970001,279.619995,283.630005,698700,282.928825
2015-07-06,275.00,281.170013,275.00,279.959991,589200,279.267885
2015-07-02,282.269989,282.390015,277.380005,277.670013,506800,276.983568
2015-07-01,276.160004,281.149994,275.320007,280.809998,597400,280.11579
2015-06-30,277.720001,278.910004,275.00,275.019989,504800,274.340095
2015-06-29,279.630005,281.790009,276.25,276.269989,769100,275.587005
2015-06-26,282.850006,284.369995,281.50,283.089996,543900,282.390152
2015-06-25,282.589996,284.029999,281.720001,282.600006,399500,281.901373
2015-06-24,284.149994,284.149994,281.980011,281.980011,416400,281.282911
2015-06-23,286.00,286.290009,283.559998,284.519989,415700,283.816609
2015-06-22,283.190002,285.470001,282.579987,285.179993,552400,284.474981
2015-06-19,284.649994,284.720001,281.869995,281.98999,1757200,281.292865
2015-06-18,281.540009,283.899994,281.350006,283.51001,473400,282.809127
2015-06-17,280.350006,281.589996,278.609985,280.230011,588300,279.537237
2015-06-16,279.079987,279.269989,277.480011,279.109985,328700,278.41998
2015-06-15,279.329987,280.570007,278.089996,278.859985,391300,278.170598
2015-06-12,282.00,283.48999,280.25,280.910004,335700,280.215549
2015-06-11,283.48999,284.820007,282.529999,282.769989,375500,282.070936
2015-06-10,279.130005,282.839996,277.570007,282.48999,739800,281.791629
2015-06-09,278.660004,279.649994,276.890015,278.170013,351800,277.482332
2015-06-08,279.630005,280.220001,278.089996,278.299988,432500,277.611985
2015-06-05,283.01001,283.01001,278.420013,280.380005,608700,279.68686
2015-06-04,285.839996,286.369995,281.769989,282.209991,395400,281.512323
2015-06-03,286.679993,287.700012,286.209991,287.26001,328500,286.549856
2015-06-02,287.570007,289.200012,285.75,286.519989,380700,285.811665
2015-06-01,288.920013,288.920013,286.230011,288.23999,519400,287.527414
2015-05-29,289.769989,289.98999,287.079987,288.179993,593600,287.467565
2015-05-28,288.589996,290.269989,288.480011,289.910004,484300,289.193299
2015-05-27,286.950012,290.920013,286.26001,289.73999,670900,289.023706
2015-05-26,286.320007,287.26001,284.630005,286.390015,697000,285.682012
2015-05-22,286.980011,288.029999,286.51001,286.51001,523900,285.801711
2015-05-21,288.450012,288.730011,287.059998,287.450012,395800,286.739389
2015-05-20,292.519989,292.929993,287.549988,287.670013,603000,286.958846
2015-05-19,291.73999,294.350006,291.100006,292.440002,671700,291.717043
2015-05-18,290.839996,291.98999,289.480011,291.049988,373300,290.330465
2015-05-15,291.75,292.230011,289.700012,291.220001,662900,290.500058
2015-05-14,288.959991,291.73999,288.170013,291.299988,478500,290.579847
2015-05-13,287.910004,289.549988,285.040009,287.929993,758600,287.218183
2015-05-12,286.140015,289.839996,284.540009,288.709991,735200,287.327911
2015-05-11,287.00,288.769989,285.950012,286.950012,539800,285.576357
2015-05-08,284.630005,288.470001,283.790009,287.200012,784100,285.825161
2015-05-07,278.649994,281.940002,277.480011,281.399994,615000,280.052908
2015-05-06,276.179993,278.190002,274.019989,277.890015,627400,276.559731
2015-05-05,280.579987,281.089996,274.130005,274.929993,719400,273.613879
2015-05-04,282.23999,284.089996,279.690002,280.040009,546600,278.699433
2015-05-01,279.579987,283.25,278.200012,282.160004,527400,280.809279
2015-04-30,278.049988,281.170013,277.309998,278.00,1058900,276.66919
2015-04-29,281.140015,281.820007,277.170013,279.200012,975900,277.863457
2015-04-28,282.309998,283.079987,280.170013,281.880005,753100,280.530621
2015-04-27,282.940002,284.76001,282.040009,282.910004,682100,281.555689
2015-04-24,282.720001,284.339996,281.179993,282.619995,718300,281.267068
2015-04-23,281.25,283.640015,280.079987,282.359985,704100,281.008303
2015-04-22,282.899994,282.899994,279.75,281.640015,529000,280.291779
2015-04-21,283.309998,284.019989,280.970001,282.420013,564000,281.068044
2015-04-20,283.519989,285.01001,280.899994,281.910004,591700,280.560476
