Date,Open,High,Low,Close,Volume,Adj Close
2015-10-15,141.380005,143.100006,140.570007,141.649994,777500,141.649994
2015-10-14,142.360001,143.330002,140.350006,140.919998,448400,140.919998
2015-10-13,144.289993,145.160004,142.309998,142.660004,452700,142.660004
2015-10-12,143.050003,146.720001,142.860001,144.759995,844800,144.759995
2015-10-09,141.720001,143.580002,140.160004,143.00,735400,143.00
2015-10-08,137.869995,142.520004,137.869995,141.929993,738100,141.929993
2015-10-07,137.429993,138.380005,135.309998,138.300003,773900,138.300003
2015-10-06,138.220001,139.110001,135.080002,136.149994,527100,136.149994
2015-10-05,137.559998,138.710007,136.610001,138.289993,608300,138.289993
2015-10-02,133.880005,136.460007,131.949997,136.449997,618400,136.449997
2015-10-01,136.75,136.949997,133.699997,134.970001,637000,134.970001
2015-09-30,135.190002,137.009995,133.279999,136.130005,764200,136.130005
2015-09-29,137.720001,138.889999,132.779999,133.800003,1142500,133.800003
2015-09-28,139.539993,140.899994,136.080002,137.940002,585600,137.940002
2015-09-25,142.699997,142.869995,138.910004,140.009995,499300,140.009995
2015-09-24,140.539993,142.029999,139.380005,141.600006,725800,141.600006
2015-09-23,138.360001,142.740005,138.360001,141.669998,981900,141.669998
2015-09-22,136.839996,138.960007,136.339996,138.600006,522600,138.600006
2015-09-21,137.800003,138.880005,136.330002,138.580002,409000,138.580002
2015-09-18,136.179993,138.839996,135.979996,136.869995,935500,136.869995
2015-09-17,138.800003,140.470001,137.490005,137.860001,478400,137.860001
2015-09-16,137.220001,138.949997,136.339996,138.720001,516500,138.720001
2015-09-15,138.679993,138.820007,136.50,137.419998,700900,137.419998
2015-09-14,138.970001,139.520004,137.270004,138.320007,391900,138.320007
2015-09-11,137.179993,139.320007,136.380005,139.240005,416100,139.240005
2015-09-10,137.710007,139.210007,137.080002,137.919998,724400,137.919998
2015-09-09,141.139999,142.080002,137.320007,137.679993,438900,137.679993
2015-09-08,137.169998,140.470001,137.110001,139.789993,603100,139.789993
2015-09-04,136.610001,138.419998,135.440002,136.529999,621500,136.529999
2015-09-03,138.380005,139.880005,136.419998,137.160004,794200,137.160004
2015-09-02,135.610001,138.119995,133.830002,138.080002,687400,138.080002
2015-09-01,135.75,136.820007,133.160004,134.050003,1428500,134.050003
2015-08-31,139.330002,142.929993,137.979996,138.00,1209300,138.00
2015-08-28,139.919998,141.589996,137.440002,139.660004,1061100,139.660004
2015-08-27,133.330002,139.899994,131.610001,138.820007,2539200,138.820007
2015-08-26,119.57,121.379997,116.419998,121.290001,1503100,121.290001
2015-08-25,120.959999,122.379997,117.50,117.559998,838900,117.559998
2015-08-24,120.360001,120.360001,116.970001,119.769997,1471300,119.769997
2015-08-21,124.510002,125.18,122.370003,123.120003,854200,123.120003
2015-08-20,126.019997,127.550003,125.730003,125.769997,1128900,125.769997
2015-08-19,125.050003,127.57,123.690002,126.50,1178300,126.50
2015-08-18,123.190002,125.110001,122.139999,124.129997,493200,124.129997
2015-08-17,120.870003,123.50,120.660004,123.32,425500,123.32
2015-08-14,120.559998,122.120003,119.940002,121.139999,494500,121.139999
2015-08-13,119.830002,121.239998,119.459999,120.339996,471200,120.339996
2015-08-12,118.989998,119.93,117.849998,119.75,482500,119.75
2015-08-11,120.459999,121.07,119.580002,119.989998,480600,119.989998
2015-08-10,121.43,122.089996,120.779999,121.610001,411300,121.610001
2015-08-07,119.919998,120.639999,119.230003,120.339996,309300,120.339996
2015-08-06,121.82,121.900002,119.690002,120.050003,367500,120.050003
2015-08-05,122.50,123.330002,121.550003,121.980003,387200,121.980003
2015-08-04,121.449997,122.309998,120.910004,121.529999,500900,121.529999
2015-08-03,121.309998,121.669998,120.059998,121.309998,663400,121.309998
2015-07-31,121.599998,121.989998,120.139999,121.220001,696800,121.220001
2015-07-30,121.389999,121.989998,120.589996,121.849998,613700,121.849998
2015-07-29,120.980003,122.589996,120.699997,121.779999,896600,121.559996
2015-07-28,119.209999,121.419998,118.470001,120.870003,16789000,120.651644
2015-07-27,121.510002,121.940002,118.309998,118.620003,1437200,118.405709
2015-07-24,123.300003,123.739998,120.75,121.040001,296600,120.821335
2015-07-23,123.730003,125.32,123.150002,123.489998,543300,123.266906
2015-07-22,122.410004,123.82,122.410004,123.699997,319600,123.476526
2015-07-21,122.779999,123.849998,121.389999,122.959999,465800,122.737865
2015-07-20,122.309998,123.190002,121.25,122.650002,455800,122.428427
2015-07-17,122.910004,123.050003,121.629997,122.279999,431400,122.059093
2015-07-16,123.839996,124.519997,122.769997,122.879997,546400,122.658008
2015-07-15,124.160004,125.269997,123.18,123.57,482500,123.346763
2015-07-14,123.580002,124.709999,123.059998,124.239998,430900,124.015551
2015-07-13,122.779999,123.82,122.349998,123.470001,723100,123.246946
2015-07-10,122.059998,122.480003,120.800003,121.639999,589000,121.42025
2015-07-09,123.00,123.839996,120.080002,120.730003,1280400,120.511898
2015-07-08,123.660004,124.540001,121.599998,121.739998,1010000,121.520068
2015-07-07,126.690002,126.910004,123.290001,125.010002,1195400,124.784164
2015-07-06,125.360001,128.130005,125.059998,126.25,472900,126.021922
2015-07-02,127.540001,129.940002,126.139999,126.690002,419900,126.46113
2015-07-01,129.399994,129.399994,125.209999,127.129997,506700,126.90033
2015-06-30,128.729996,128.919998,127.769997,128.240005,554000,128.008333
2015-06-29,129.960007,130.389999,127.699997,127.720001,507900,127.489268
2015-06-26,130.960007,131.720001,129.669998,130.779999,1133100,130.543737
2015-06-25,132.020004,132.020004,129.539993,130.460007,808600,130.224323
2015-06-24,133.179993,133.179993,129.419998,130.160004,676200,129.924862
2015-06-23,132.910004,133.990005,132.429993,133.100006,462700,132.859553
2015-06-22,133.070007,133.919998,131.789993,132.600006,485200,132.360457
2015-06-19,133.309998,133.320007,131.460007,131.509995,612500,131.272414
2015-06-18,132.289993,133.75,132.289993,133.229996,307500,132.989308
2015-06-17,132.160004,133.300003,131.639999,132.320007,359000,132.080964
2015-06-16,130.600006,132.270004,130.029999,131.720001,492900,131.482042
2015-06-15,131.710007,131.710007,129.720001,130.570007,510700,130.334125
2015-06-12,130.419998,131.869995,130.369995,131.190002,319300,130.953
2015-06-11,131.940002,132.979996,130.179993,130.589996,472500,130.354078
2015-06-10,130.720001,131.869995,130.550003,131.330002,432700,131.092747
2015-06-09,129.919998,130.830002,129.339996,130.490005,578100,130.254268
2015-06-08,131.139999,131.589996,129.229996,129.309998,441300,129.076392
2015-06-05,131.130005,131.440002,130.00,131.00,343800,130.763341
2015-06-04,130.729996,132.929993,130.00,130.910004,569600,130.673507
2015-06-03,129.830002,132.029999,129.570007,131.960007,515900,131.721613
2015-06-02,129.360001,131.020004,129.169998,129.910004,585000,129.675314
2015-06-01,129.800003,130.600006,128.759995,129.679993,668700,129.445718
2015-05-29,132.809998,133.770004,128.960007,129.330002,1118300,129.09636
2015-05-28,129.240005,132.729996,128.550003,132.380005,1780900,132.140853
2015-05-27,134.940002,137.369995,133.050003,133.179993,1098500,132.939395
2015-05-26,135.960007,136.320007,133.339996,134.470001,1007100,134.227073
2015-05-22,135.979996,137.210007,135.720001,136.639999,404900,136.393151
2015-05-21,135.869995,136.770004,135.389999,136.399994,465300,136.15358
2015-05-20,134.059998,136.479996,133.529999,135.940002,485200,135.694419
2015-05-19,134.929993,136.110001,133.660004,133.740005,657900,133.498397
2015-05-18,132.279999,134.580002,131.789993,134.130005,795500,133.887691
2015-05-15,132.429993,133.899994,132.429993,133.220001,1206000,132.979332
2015-05-14,135.589996,135.919998,132.039993,132.800003,1110800,132.560092
2015-05-13,136.509995,137.630005,135.110001,135.229996,340700,134.985695
2015-05-12,135.360001,137.320007,134.160004,136.479996,477900,136.233437
2015-05-11,137.259995,138.259995,135.50,136.029999,360600,135.784253
2015-05-08,138.149994,139.470001,137.089996,137.259995,251900,137.012026
2015-05-07,134.690002,136.740005,134.690002,136.350006,327100,136.103682
2015-05-06,135.619995,136.740005,134.440002,134.860001,400200,134.616368
2015-05-05,137.699997,137.880005,134.919998,135.679993,336500,135.434879
2015-05-04,137.410004,138.490005,136.429993,137.619995,596600,137.371377
2015-05-01,133.240005,136.839996,133.240005,136.789993,334700,136.542874
2015-04-30,135.039993,135.399994,133.509995,134.130005,479700,133.887691
2015-04-29,136.470001,136.660004,134.789993,135.839996,409500,135.374995
2015-04-28,136.309998,136.990005,134.139999,136.529999,380400,136.062636
2015-04-27,138.179993,138.75,136.529999,136.619995,699200,136.152324
2015-04-24,138.00,138.110001,136.619995,138.00,436800,137.527605
2015-04-23,137.020004,138.669998,136.470001,137.979996,475500,137.507669
2015-04-22,135.610001,137.479996,134.539993,136.979996,829300,136.511092
2015-04-21,134.639999,135.520004,133.130005,134.990005,771600,134.527914
2015-04-20,133.410004,134.009995,132.210007,133.839996,428200,133.381841
