Date,Open,High,Low,Close,Volume,Adj Close
2015-10-15,55.330002,55.759998,54.82,55.66,95500,55.66
2015-10-14,55.540001,55.93,55.290001,55.360001,94500,55.360001
2015-10-13,55.439999,56.040001,55.27,55.290001,63100,55.290001
2015-10-12,55.639999,55.869999,55.259998,55.82,58000,55.82
2015-10-09,55.099998,55.810001,53.849998,55.700001,86600,55.700001
2015-10-08,54.360001,55.27,54.310001,55.099998,196100,55.099998
2015-10-07,53.959999,56.060001,53.630001,54.50,248000,54.50
2015-10-06,54.169998,54.389999,53.400002,53.599998,196800,53.599998
2015-10-05,53.310001,54.25,53.220001,54.139999,221300,54.139999
2015-10-02,51.740002,53.049999,51.529999,52.990002,131100,52.990002
2015-10-01,52.080002,52.66,51.84,52.27,217700,52.27
2015-09-30,52.00,52.330002,51.459999,52.040001,214300,52.040001
2015-09-29,51.290001,51.84,50.889999,51.310001,257800,51.310001
2015-09-28,50.860001,51.66,50.810001,51.25,261600,51.25
2015-09-25,51.380001,51.779999,50.830002,51.139999,133600,51.139999
2015-09-24,50.66,51.419998,50.32,51.049999,132400,51.049999
2015-09-23,51.799999,51.799999,50.549999,51.099998,136900,51.099998
2015-09-22,52.23,52.509998,51.790001,51.830002,93500,51.830002
2015-09-21,52.400002,53.369999,52.369999,52.889999,103400,52.889999
2015-09-18,52.799999,53.34,51.98,52.07,564700,52.07
2015-09-17,53.610001,54.209999,53.360001,53.459999,100100,53.459999
2015-09-16,52.849998,53.740002,52.490002,53.599998,113600,53.599998
2015-09-15,52.799999,53.880001,52.279999,52.900002,166300,52.900002
2015-09-14,52.049999,52.139999,51.490002,51.869999,91600,51.869999
2015-09-11,51.959999,52.240002,51.529999,52.060001,99300,52.060001
2015-09-10,52.880001,53.119999,51.919998,52.150002,107700,52.150002
2015-09-09,53.029999,54.119999,52.529999,52.689999,356000,52.689999
2015-09-08,51.849998,52.669998,51.32,52.540001,223200,52.540001
2015-09-04,51.240002,51.490002,50.959999,51.169998,121700,51.169998
2015-09-03,51.18,51.970001,51.18,51.82,81900,51.82
2015-09-02,51.290001,51.290001,50.380001,51.09,169300,51.09
2015-09-01,51.450001,51.950001,50.619999,50.75,210200,50.75
2015-08-31,52.290001,52.709999,52.02,52.360001,161300,52.360001
2015-08-28,52.369999,52.66,52.220001,52.52,140900,52.52
2015-08-27,52.209999,52.779999,51.279999,52.630001,189200,52.470002
2015-08-26,52.450001,52.450001,50.529999,51.419998,249600,51.263678
2015-08-25,53.040001,53.040001,51.310001,51.400002,302400,51.243742
2015-08-24,51.709999,52.849998,51.360001,51.50,320700,51.343436
2015-08-21,53.77,53.91,53.27,53.27,218500,53.108056
2015-08-20,54.700001,55.25,54.009998,54.119999,92100,53.95547
2015-08-19,55.369999,55.369999,54.43,55.130001,115900,54.962402
2015-08-18,55.360001,55.810001,54.91,55.610001,114200,55.440942
2015-08-17,54.950001,55.560001,54.50,55.509998,117600,55.341244
2015-08-14,53.900002,55.25,53.900002,55.16,104900,54.992309
2015-08-13,53.799999,54.290001,53.619999,54.009998,110900,53.845804
2015-08-12,53.720001,54.040001,53.369999,53.82,126800,53.656383
2015-08-11,53.950001,54.75,53.950001,54.290001,149100,54.124955
2015-08-10,53.970001,54.59,53.700001,54.459999,200400,54.294437
2015-08-07,53.990002,53.990002,53.169998,53.650002,196900,53.486901
2015-08-06,53.369999,53.740002,53.00,53.509998,158800,53.347324
2015-08-05,52.98,53.599998,52.98,53.400002,177300,53.237662
2015-08-04,52.66,53.189999,52.419998,52.830002,86400,52.669395
2015-08-03,53.43,53.43,52.279999,52.720001,106300,52.559728
2015-07-31,53.830002,54.330002,53.279999,53.470001,133200,53.307448
2015-07-30,53.09,53.75,52.869999,53.610001,117700,53.447022
2015-07-29,52.290001,53.32,52.00,53.200001,106600,53.038269
2015-07-28,51.900002,52.48,51.549999,52.360001,123800,52.200822
2015-07-27,52.25,52.25,51.25,51.720001,173100,51.562769
2015-07-24,52.360001,52.669998,51.990002,52.310001,396500,52.150975
2015-07-23,52.950001,53.060001,52.16,52.360001,173900,52.200822
2015-07-22,54.709999,54.709999,52.23,52.939999,320300,52.779057
2015-07-21,52.869999,52.970001,52.310001,52.610001,316700,52.450062
2015-07-20,53.52,53.52,52.84,52.950001,136500,52.789029
2015-07-17,53.709999,53.82,53.240002,53.419998,165100,53.257597
2015-07-16,53.25,53.799999,52.98,53.709999,188700,53.546717
2015-07-15,53.130001,53.299999,52.43,52.900002,218400,52.739182
2015-07-14,53.330002,53.619999,52.889999,53.040001,158200,52.878755
2015-07-13,53.41,53.59,53.02,53.549999,172400,53.387203
2015-07-10,52.84,53.18,52.57,53.099998,288500,52.93857
2015-07-09,53.23,53.360001,52.459999,52.630001,241400,52.470002
2015-07-08,53.110001,53.419998,52.650002,52.830002,197600,52.669395
2015-07-07,53.200001,53.50,52.759998,53.450001,122800,53.287509
2015-07-06,52.740002,53.349998,52.740002,53.209999,239300,53.048237
2015-07-02,53.150002,53.380001,52.759998,53.18,101400,53.018329
2015-07-01,53.139999,53.41,52.869999,53.169998,166400,53.008357
2015-06-30,53.549999,53.810001,52.599998,52.759998,193100,52.599604
2015-06-29,53.779999,54.290001,53.34,53.360001,123400,53.197782
2015-06-26,53.830002,54.32,53.619999,54.279999,296900,54.114983
2015-06-25,54.200001,54.279999,53.450001,53.830002,133300,53.666355
2015-06-24,54.740002,54.82,53.939999,54.200001,121300,54.035229
2015-06-23,55.470001,55.669998,54.779999,54.869999,95500,54.70319
2015-06-22,55.450001,55.939999,54.990002,55.470001,116900,55.301368
2015-06-19,54.900002,55.509998,54.509998,55.16,470800,54.992309
2015-06-18,54.360001,54.970001,54.23,54.75,106000,54.583556
2015-06-17,54.32,54.439999,53.91,54.220001,217100,54.055168
2015-06-16,54.02,54.439999,53.919998,54.139999,107200,53.97541
2015-06-15,54.27,54.759998,53.580002,54.029999,94600,53.865744
2015-06-12,55.09,55.09,54.290001,54.380001,164600,54.214682
2015-06-11,54.369999,55.27,54.16,55.25,135000,55.082036
2015-06-10,54.560001,54.560001,53.82,54.16,245400,53.995349
2015-06-09,54.48,54.52,54.060001,54.169998,130400,54.005317
2015-06-08,55.00,55.09,54.57,54.619999,170200,54.45395
2015-06-05,54.57,55.00,54.00,54.959999,146600,54.792917
2015-06-04,54.73,54.91,54.509998,54.689999,136100,54.523737
2015-06-03,54.599998,55.240002,54.509998,55.040001,152500,54.872675
2015-06-02,54.23,54.75,54.080002,54.619999,242000,54.45395
2015-06-01,54.330002,54.860001,53.959999,54.48,213600,54.314376
2015-05-29,54.630001,55.16,53.869999,54.34,180400,54.174802
2015-05-28,54.900002,55.119999,54.299999,54.849998,114800,54.68325
2015-05-27,54.560001,55.299999,54.369999,55.189999,180600,54.862702
2015-05-26,55.169998,55.369999,54.119999,54.43,172900,54.107211
2015-05-22,55.259998,55.48,54.889999,55.419998,112900,55.091337
2015-05-21,55.669998,55.669998,54.849998,55.240002,94200,54.912408
2015-05-20,56.27,56.389999,55.419998,55.650002,154400,55.319977
2015-05-19,55.91,56.369999,55.639999,56.029999,136900,55.69772
2015-05-18,55.830002,56.380001,55.57,55.990002,144500,55.657961
2015-05-15,55.209999,56.009998,55.139999,55.720001,156000,55.389561
2015-05-14,54.91,55.400002,54.639999,55.150002,178100,54.822942
2015-05-13,54.50,55.150002,54.50,54.57,191300,54.24638
2015-05-12,54.240002,54.439999,53.75,54.209999,142400,53.888514
2015-05-11,54.439999,54.73,54.27,54.48,141300,54.156913
2015-05-08,54.52,54.970001,54.200001,54.540001,170800,54.216559
2015-05-07,54.220001,54.540001,54.07,54.299999,221200,53.97798
2015-05-06,54.68,55.220001,54.07,54.349998,226700,54.027683
2015-05-05,55.290001,55.810001,54.380001,54.560001,335000,54.236441
2015-05-04,55.470001,56.02,55.09,55.290001,329400,54.962111
2015-05-01,53.950001,55.560001,53.75,55.459999,330200,55.131101
2015-04-30,53.77,55.080002,52.650002,53.869999,515900,53.55053
2015-04-29,54.099998,55.970001,52.459999,54.080002,609500,53.759288
2015-04-28,56.509998,57.040001,56.209999,56.950001,165900,56.612267
2015-04-27,56.709999,57.009998,56.27,56.599998,169700,56.26434
2015-04-24,56.43,56.59,56.189999,56.509998,127800,56.174873
2015-04-23,56.09,56.580002,56.09,56.259998,121100,55.926356
2015-04-22,56.009998,56.32,55.82,56.200001,164900,55.866714
2015-04-21,56.59,56.59,55.810001,55.990002,119500,55.657961
2015-04-20,56.439999,57.040001,56.07,56.27,131300,55.936299
