Date,Open,High,Low,Close,Volume,Adj Close
2015-10-15,159.550003,160.770004,157.559998,160.600006,393600,160.600006
2015-10-14,161.449997,162.860001,158.630005,158.949997,536900,158.949997
2015-10-13,162.850006,164.00,161.470001,161.789993,235000,161.789993
2015-10-12,161.979996,163.740005,161.460007,163.600006,252200,163.600006
2015-10-09,161.990005,163.199997,161.169998,161.889999,263400,161.889999
2015-10-08,156.539993,162.679993,156.199997,161.720001,538400,161.720001
2015-10-07,155.240005,157.449997,154.990005,157.300003,448300,157.300003
2015-10-06,155.169998,155.960007,154.100006,154.570007,302700,154.570007
2015-10-05,153.449997,156.119995,153.449997,155.179993,687300,155.179993
2015-10-02,147.630005,151.309998,146.520004,151.309998,712200,151.309998
2015-10-01,151.110001,152.330002,148.820007,149.610001,522600,149.610001
2015-09-30,150.320007,151.75,148.729996,150.940002,533100,150.940002
2015-09-29,151.539993,151.699997,147.979996,148.899994,576100,148.899994
2015-09-28,152.509995,152.990005,150.039993,150.639999,324600,150.639999
2015-09-25,153.479996,154.520004,152.809998,153.729996,382400,153.729996
2015-09-24,152.330002,154.220001,150.570007,152.369995,534900,152.369995
2015-09-23,155.580002,155.580002,153.429993,153.770004,359800,153.770004
2015-09-22,155.059998,155.559998,154.009995,155.289993,359000,155.289993
2015-09-21,156.839996,158.279999,156.039993,156.990005,327100,156.990005
2015-09-18,157.309998,158.309998,155.399994,155.580002,1630700,155.580002
2015-09-17,159.070007,161.440002,158.559998,159.149994,355400,159.149994
2015-09-16,158.720001,159.820007,158.179993,159.089996,467100,159.089996
2015-09-15,158.550003,159.520004,157.800003,158.539993,442900,158.539993
2015-09-14,157.880005,158.300003,156.910004,157.919998,382000,157.919998
2015-09-11,156.990005,158.300003,156.690002,157.860001,353400,157.860001
2015-09-10,157.419998,159.110001,156.970001,157.639999,266900,157.639999
2015-09-09,160.889999,161.940002,157.419998,157.660004,209400,157.660004
2015-09-08,157.360001,159.779999,156.699997,159.740005,292200,159.740005
2015-09-04,154.75,156.360001,153.75,154.399994,329400,154.399994
2015-09-03,155.800003,158.270004,155.610001,157.410004,402900,157.410004
2015-09-02,155.789993,156.009995,153.419998,155.419998,472300,155.419998
2015-09-01,156.990005,156.990005,153.520004,154.440002,521700,154.440002
2015-08-31,158.889999,160.990005,158.490005,159.770004,280200,159.770004
2015-08-28,159.289993,160.940002,158.740005,159.889999,304100,159.889999
2015-08-27,157.869995,160.429993,156.970001,160.050003,480600,160.050003
2015-08-26,154.940002,155.850006,150.869995,155.690002,587600,155.690002
2015-08-25,157.470001,157.660004,151.449997,151.479996,714300,151.479996
2015-08-24,152.869995,159.50,150.479996,154.259995,774900,154.259995
2015-08-21,164.539993,166.580002,160.869995,160.919998,894800,160.919998
2015-08-20,167.960007,169.070007,166.580002,166.690002,352600,166.160003
2015-08-19,169.300003,170.389999,168.119995,169.479996,318500,168.941126
2015-08-18,169.770004,170.699997,169.690002,169.990005,234500,169.449514
2015-08-17,168.080002,169.690002,166.899994,169.509995,313400,168.971029
2015-08-14,166.570007,168.199997,166.199997,168.070007,184300,167.53562
2015-08-13,164.839996,167.169998,164.839996,166.529999,269600,166.000508
2015-08-12,163.889999,165.259995,162.479996,165.110001,291800,164.585025
2015-08-11,166.229996,166.559998,164.649994,165.139999,396500,164.614928
2015-08-10,167.720001,169.059998,167.210007,167.509995,368700,166.977388
2015-08-07,165.800003,166.940002,164.830002,166.070007,319000,165.541979
2015-08-06,167.380005,168.279999,165.460007,165.880005,284700,165.352581
2015-08-05,166.820007,169.070007,166.690002,167.389999,491800,166.857774
2015-08-04,163.25,166.00,163.25,165.580002,344000,165.053532
2015-08-03,164.850006,165.279999,162.50,163.610001,302600,163.089794
2015-07-31,165.00,165.860001,164.360001,164.800003,243700,164.276013
2015-07-30,163.729996,164.820007,162.630005,164.380005,243300,163.85735
2015-07-29,161.770004,164.380005,160.789993,164.220001,346500,163.697855
2015-07-28,157.089996,161.330002,157.089996,161.130005,450700,160.617684
2015-07-27,157.889999,159.679993,156.809998,157.089996,503200,156.590521
2015-07-24,162.75,163.440002,159.369995,159.740005,448700,159.232104
2015-07-23,161.419998,164.169998,160.449997,162.070007,594700,161.554698
2015-07-22,162.25,162.779999,161.279999,162.130005,415200,161.614504
2015-07-21,163.339996,163.940002,161.429993,162.550003,340400,162.033167
2015-07-20,162.429993,164.470001,162.429993,163.970001,269200,163.44865
2015-07-17,161.389999,162.690002,160.729996,162.589996,376300,162.073033
2015-07-16,163.169998,163.860001,160.639999,161.690002,631100,161.175901
2015-07-15,163.389999,163.770004,162.369995,162.600006,187600,162.083011
2015-07-14,162.860001,164.179993,162.830002,163.350006,348500,162.830627
2015-07-13,161.809998,162.970001,161.770004,162.600006,370300,162.083011
2015-07-10,161.240005,161.820007,159.830002,160.869995,316900,160.358501
2015-07-09,162.25,162.440002,159.410004,159.449997,259300,158.943018
2015-07-08,160.210007,160.539993,159.029999,159.850006,463400,159.341755
2015-07-07,159.960007,160.880005,158.110001,160.839996,538000,160.328598
2015-07-06,159.50,160.960007,159.070007,159.919998,251100,159.411525
2015-07-02,162.110001,162.289993,159.600006,160.789993,313500,160.278753
2015-07-01,160.649994,161.619995,159.720001,161.50,322200,160.986503
2015-06-30,159.929993,161.00,158.770004,159.25,393600,158.743657
2015-06-29,161.149994,161.610001,158.289993,158.520004,287800,158.015982
2015-06-26,160.649994,162.259995,160.149994,162.190002,1163200,161.674311
2015-06-25,161.330002,161.479996,160.039993,160.470001,442100,159.959779
2015-06-24,160.449997,161.289993,160.080002,160.570007,256700,160.059467
2015-06-23,161.160004,161.740005,160.240005,160.509995,253900,159.999645
2015-06-22,160.979996,161.50,160.309998,160.889999,221700,160.378442
2015-06-19,159.880005,160.940002,159.240005,159.979996,1529400,159.471331
2015-06-18,158.520004,160.00,158.009995,159.880005,281900,159.371658
2015-06-17,158.050003,158.429993,156.789993,157.990005,186000,157.487668
2015-06-16,156.00,157.710007,155.679993,157.649994,166200,157.148738
2015-06-15,155.75,156.710007,154.820007,156.419998,197400,155.922653
2015-06-12,157.160004,157.50,156.270004,156.869995,171300,156.371219
2015-06-11,158.050003,158.490005,157.350006,157.979996,175900,157.47769
2015-06-10,155.220001,158.050003,154.809998,157.880005,201000,157.378017
2015-06-09,154.690002,155.320007,154.360001,154.729996,227800,154.238024
2015-06-08,155.779999,156.270004,154.729996,154.779999,228100,154.287868
2015-06-05,154.979996,156.199997,154.389999,155.979996,236000,155.48405
2015-06-04,155.860001,156.649994,154.839996,155.130005,190700,154.636761
2015-06-03,156.00,157.470001,156.00,156.669998,167600,156.171858
2015-06-02,154.869995,156.639999,154.190002,156.00,216700,155.50399
2015-06-01,155.539993,155.960007,154.179993,155.080002,321500,154.586917
2015-05-29,157.509995,157.509995,154.649994,155.399994,283500,154.905892
2015-05-28,157.639999,157.75,156.270004,156.809998,153700,156.311412
2015-05-27,156.649994,157.850006,155.820007,157.509995,165200,157.009184
2015-05-26,156.550003,157.050003,155.50,155.820007,253800,155.32457
2015-05-22,157.679993,157.949997,157.119995,157.389999,144500,156.88957
2015-05-21,156.119995,158.00,156.100006,157.740005,164600,157.238463
2015-05-20,157.020004,157.210007,155.929993,156.580002,282000,156.082148
2015-05-19,156.289993,157.380005,155.25,157.110001,167500,156.610461
2015-05-18,155.970001,156.860001,155.929993,156.229996,275100,155.733255
2015-05-15,157.770004,158.009995,156.619995,157.199997,254500,156.171853
2015-05-14,157.410004,158.130005,156.389999,157.589996,225300,156.559301
2015-05-13,156.119995,157.350006,155.740005,156.399994,296800,155.377082
2015-05-12,155.220001,156.059998,154.320007,155.50,238800,154.482974
2015-05-11,155.220001,155.960007,153.929993,155.399994,223000,154.383622
2015-05-08,154.850006,155.710007,154.669998,155.479996,307800,154.463101
2015-05-07,152.699997,154.070007,152.419998,153.850006,254200,152.843772
2015-05-06,151.990005,153.169998,151.619995,152.949997,378500,151.949649
2015-05-05,152.699997,153.259995,151.229996,151.369995,278900,150.379981
2015-05-04,152.289993,153.229996,152.130005,152.710007,204900,151.711229
2015-05-01,149.860001,152.110001,149.580002,151.740005,254100,150.747572
2015-04-30,149.759995,150.729996,148.979996,149.550003,357900,148.571892
2015-04-29,150.669998,151.130005,149.350006,150.429993,468600,149.446127
2015-04-28,152.770004,153.190002,151.490005,151.580002,542400,150.588614
2015-04-27,154.839996,154.979996,152.910004,153.059998,428200,152.05893
2015-04-24,153.00,154.320007,152.979996,153.929993,492300,152.923235
2015-04-23,151.029999,153.25,148.600006,152.720001,605600,151.721158
2015-04-22,148.449997,149.360001,147.029999,149.210007,379000,148.23412
2015-04-21,148.940002,148.940002,147.429993,148.449997,287300,147.479081
2015-04-20,147.089996,148.699997,146.919998,148.610001,297900,147.638038
