Date,Open,High,Low,Close,Volume,Adj Close
2015-10-15,68.43,70.959999,68.410004,69.879997,5529400,69.879997
2015-10-14,68.699997,70.50,67.330002,68.699997,15439900,68.699997
2015-10-13,62.220001,62.810001,61.490002,61.77,2742900,61.77
2015-10-12,62.34,62.849998,61.099998,62.849998,2255600,62.849998
2015-10-09,63.939999,64.349998,61.77,62.360001,3830800,62.360001
2015-10-08,62.139999,64.440002,61.689999,64.110001,5600500,64.110001
2015-10-07,61.299999,62.540001,59.720001,61.689999,4396700,61.689999
2015-10-06,59.799999,61.630001,59.490002,61.240002,5942600,61.240002
2015-10-05,59.990002,61.310001,59.380001,59.470001,4805800,59.470001
2015-10-02,56.09,59.779999,55.810001,59.580002,7044200,59.580002
2015-10-01,55.48,55.970001,53.77,55.91,6196900,55.91
2015-09-30,51.27,54.470001,51.049999,54.330002,8037000,54.330002
2015-09-29,48.849998,49.669998,48.25,49.09,3948300,49.09
2015-09-28,50.18,50.330002,48.25,48.799999,3965500,48.799999
2015-09-25,51.560001,51.919998,50.259998,50.860001,2382200,50.860001
2015-09-24,50.66,51.330002,49.66,51.009998,2092200,51.009998
2015-09-23,52.080002,52.150002,50.709999,50.990002,2261500,50.990002
2015-09-22,51.869999,52.419998,51.549999,51.82,3323400,51.82
2015-09-21,52.700001,54.18,52.599998,52.900002,3292100,52.900002
2015-09-18,53.82,53.990002,52.279999,52.689999,7370500,52.689999
2015-09-17,55.57,56.060001,54.41,54.669998,2651700,54.669998
2015-09-16,54.48,55.990002,54.43,55.790001,2802800,55.790001
2015-09-15,55.700001,57.139999,55.139999,55.720001,2927100,55.720001
2015-09-14,55.119999,55.43,54.259998,55.330002,2180100,55.330002
2015-09-11,54.200001,54.970001,53.740002,54.959999,2387000,54.959999
2015-09-10,54.23,55.18,53.830002,54.610001,2693100,54.610001
2015-09-09,56.240002,56.470001,54.389999,54.52,3744500,54.52
2015-09-08,55.150002,55.959999,54.110001,55.849998,3748900,55.849998
2015-09-04,53.200001,53.970001,52.630001,52.84,2475300,52.84
2015-09-03,54.450001,55.720001,53.900002,54.119999,3280200,54.119999
2015-09-02,53.849998,54.080002,52.849998,54.049999,2717300,54.049999
2015-09-01,52.700001,54.540001,52.59,52.810001,3447900,52.810001
2015-08-31,51.950001,55.220001,51.34,54.560001,6628700,54.560001
2015-08-28,52.200001,54.009998,51.84,52.27,3628100,52.27
2015-08-27,50.139999,52.939999,50.060001,52.849998,7278900,52.849998
2015-08-26,47.380001,49.700001,46.66,49.509998,5530900,49.509998
2015-08-25,48.849998,49.779999,46.049999,46.110001,5643500,46.110001
2015-08-24,46.740002,47.650002,44.279999,47.650002,6686700,47.650002
2015-08-21,49.400002,51.029999,48.950001,49.049999,5439100,49.049999
2015-08-20,53.16,53.360001,50.040001,50.130001,8177300,50.130001
2015-08-19,56.560001,56.779999,53.389999,53.810001,9535400,53.810001
2015-08-18,56.759998,57.360001,56.139999,56.900002,5801200,56.900002
2015-08-17,57.57,58.349998,56.939999,58.200001,2023700,58.200001
2015-08-14,57.939999,58.220001,57.299999,57.950001,2035500,57.950001
2015-08-13,59.220001,59.459999,57.73,57.860001,2765300,57.860001
2015-08-12,58.360001,59.48,57.360001,59.200001,2400800,59.200001
2015-08-11,59.740002,60.450001,58.650002,59.099998,2997600,59.099998
2015-08-10,59.669998,61.439999,59.650002,61.029999,2877200,61.029999
2015-08-07,58.759998,60.110001,58.66,59.41,1974300,59.41
2015-08-06,60.040001,60.040001,58.41,58.93,2830200,58.93
2015-08-05,59.52,60.75,59.52,59.740002,1900000,59.740002
2015-08-04,59.599998,59.880001,58.509998,59.299999,3278600,59.299999
2015-08-03,60.189999,60.32,58.849998,59.459999,2323900,59.459999
2015-07-31,60.57,60.990002,59.759998,60.290001,3204600,60.290001
2015-07-30,60.02,60.810001,59.860001,60.549999,2165100,60.549999
2015-07-29,61.200001,61.950001,59.91,60.50,3207900,60.199999
2015-07-28,61.290001,61.669998,59.619999,61.080002,4159300,60.777125
2015-07-27,61.200001,61.75,59.779999,61.16,4061900,60.856726
2015-07-24,63.990002,64.00,61.110001,61.84,5545400,61.533355
2015-07-23,61.599998,64.760002,61.509998,63.700001,23513700,63.384132
2015-07-22,54.959999,55.169998,53.759998,54.18,6987900,53.911339
2015-07-21,55.34,56.209999,55.32,55.48,2755300,55.204891
2015-07-20,56.00,56.73,54.849998,55.48,3825900,55.204891
2015-07-17,55.93,56.060001,55.00,55.389999,2781100,55.115338
2015-07-16,55.50,56.049999,55.16,56.02,3187700,55.742215
2015-07-15,55.709999,55.720001,54.549999,54.959999,2993000,54.68747
2015-07-14,55.77,56.099998,55.00,55.450001,6077900,55.175041
2015-07-13,53.860001,54.09,53.18,53.650002,4208800,53.383968
2015-07-10,54.400002,54.57,53.380001,53.529999,3243300,53.26456
2015-07-09,54.880001,55.00,53.700001,53.810001,2583900,53.543174
2015-07-08,55.400002,55.599998,53.860001,54.150002,4112300,53.881488
2015-07-07,55.360001,56.110001,53.869999,55.889999,4549700,55.612858
2015-07-06,55.610001,56.209999,55.049999,55.48,4756200,55.204891
2015-07-02,56.50,57.700001,56.349998,56.360001,4855600,56.080529
2015-07-01,58.540001,58.720001,56.259998,56.41,7645400,56.13028
2015-06-30,60.509998,60.84,57.880001,58.220001,8310200,57.931306
2015-06-29,61.23,61.889999,59.919998,60.189999,4551700,59.891535
2015-06-26,61.509998,62.66,61.459999,62.119999,6528700,61.811965
2015-06-25,63.939999,64.230003,63.139999,63.349998,2792900,63.035866
2015-06-24,64.779999,64.82,63.77,63.790001,2397100,63.473686
2015-06-23,65.260002,65.699997,64.610001,65.089996,1850200,64.767235
2015-06-22,64.529999,65.720001,64.32,65.480003,3297400,65.155308
2015-06-19,65.190002,65.580002,63.580002,63.919998,5476200,63.603039
2015-06-18,64.849998,66.040001,64.360001,65.209999,3076500,64.886643
2015-06-17,64.599998,65.339996,64.160004,64.730003,2359000,64.409027
2015-06-16,64.169998,65.040001,63.98,64.519997,2920800,64.200062
2015-06-15,64.75,64.93,63.099998,64.18,5875200,63.861752
2015-06-12,66.089996,66.589996,65.699997,66.099998,1998900,65.772229
2015-06-11,67.290001,67.779999,66.540001,66.660004,1822200,66.329457
2015-06-10,66.959999,68.150002,66.800003,67.260002,2337600,66.926481
2015-06-09,67.510002,67.68,66.00,66.809998,2055600,66.478708
2015-06-08,68.68,69.190002,67.209999,67.510002,2289700,67.175241
2015-06-05,66.93,69.360001,66.879997,68.669998,4132900,68.329485
2015-06-04,67.07,67.50,66.849998,67.099998,1981300,66.76727
2015-06-03,67.400002,68.169998,67.300003,67.510002,2970700,67.175241
2015-06-02,67.779999,67.959999,66.879997,67.07,3810100,66.73742
2015-06-01,68.959999,69.010002,68.080002,68.230003,3125800,67.891672
2015-05-29,69.919998,70.739998,68.379997,68.379997,4494400,68.040922
2015-05-28,68.650002,71.239998,68.650002,69.580002,5869300,69.234976
2015-05-27,66.599998,69.459999,66.589996,69.010002,4654900,68.667803
2015-05-26,67.300003,67.639999,66.110001,66.389999,2392300,66.060792
2015-05-22,66.879997,67.629997,66.739998,67.080002,2143000,66.747373
2015-05-21,67.150002,67.75,66.639999,67.019997,2023300,66.687665
2015-05-20,67.239998,67.980003,66.940002,67.080002,2173700,66.747373
2015-05-19,67.529999,68.879997,66.639999,67.330002,5673000,66.996133
2015-05-18,66.900002,67.93,66.690002,67.50,2041400,67.165288
2015-05-15,67.169998,67.779999,66.93,67.190002,2022500,66.856828
2015-05-14,67.730003,68.099998,66.830002,67.00,2255700,66.667768
2015-05-13,66.839996,68.050003,66.760002,67.199997,2983400,66.866773
2015-05-12,67.339996,67.470001,66.419998,66.669998,2231200,66.339402
2015-05-11,67.709999,68.239998,67.290001,67.769997,2085000,67.433946
2015-05-08,67.230003,67.949997,67.089996,67.720001,2069000,67.384199
2015-05-07,66.339996,67.050003,66.239998,66.589996,1939200,66.259797
2015-05-06,67.07,67.349998,66.209999,66.639999,1977700,66.309552
2015-05-05,67.389999,68.139999,66.669998,66.970001,2350500,66.637918
2015-05-04,68.330002,68.849998,67.150002,67.510002,2441400,67.175241
2015-05-01,67.480003,68.889999,67.07,68.470001,2347200,68.13048
2015-04-30,67.300003,67.809998,66.440002,66.940002,2352000,66.608068
2015-04-29,68.110001,68.559998,66.940002,67.839996,3884500,67.205086
2015-04-28,67.669998,69.529999,67.639999,68.690002,4213000,68.047137
2015-04-27,68.139999,68.68,67.440002,67.669998,3255800,67.036679
2015-04-24,68.980003,69.150002,67.559998,67.919998,3107400,67.284339
2015-04-23,68.059998,69.230003,67.900002,68.760002,2690100,68.116481
2015-04-22,68.209999,69.330002,67.529999,68.480003,4366000,67.839103
2015-04-21,66.870003,68.089996,66.529999,67.919998,4557200,67.284339
2015-04-20,67.230003,67.57,66.349998,66.860001,4811700,66.234262
