Date,Open,High,Low,Close,Volume,Adj Close
2015-10-16,46.02,46.25,45.93,46.220001,3477900,46.220001
2015-10-15,45.66,45.880001,45.470001,45.82,3314300,45.82
2015-10-14,45.59,45.790001,45.48,45.52,3322000,45.52
2015-10-13,45.59,45.91,45.380001,45.57,3849600,45.57
2015-10-12,44.98,45.77,44.98,45.610001,3409800,45.610001
2015-10-09,45.130001,45.189999,44.84,44.959999,2965700,44.959999
2015-10-08,44.560001,45.169998,44.549999,45.150002,3160500,45.150002
2015-10-07,44.849998,44.93,44.610001,44.759998,3413400,44.759998
2015-10-06,45.119999,45.150002,44.650002,44.790001,5102000,44.790001
2015-10-05,44.790001,45.23,44.439999,45.200001,4307800,45.200001
2015-10-02,44.459999,44.77,43.93,44.689999,5375000,44.689999
2015-10-01,44.830002,44.900002,43.900002,44.189999,5214800,44.189999
2015-09-30,44.32,44.779999,44.09,44.700001,5208500,44.700001
2015-09-29,44.080002,44.529999,44.00,44.290001,3980800,44.290001
2015-09-28,44.040001,44.560001,44.029999,44.09,4528300,44.09
2015-09-25,43.48,44.57,43.360001,44.130001,5674900,44.130001
2015-09-24,42.830002,43.560001,42.830002,43.48,5284600,43.48
2015-09-23,43.02,43.23,42.799999,42.950001,6373400,42.950001
2015-09-22,43.330002,43.610001,43.00,43.009998,6090200,43.009998
2015-09-21,43.48,43.830002,43.400002,43.77,3808700,43.77
2015-09-18,43.27,44.07,43.150002,43.43,6900300,43.43
2015-09-17,42.93,44.029999,42.860001,43.48,5258700,43.48
2015-09-16,42.740002,43.16,42.540001,42.91,3277600,42.91
2015-09-15,42.66,42.810001,42.360001,42.630001,3441900,42.630001
2015-09-14,42.720001,42.919998,42.57,42.630001,3522500,42.630001
2015-09-11,42.150002,42.709999,42.080002,42.709999,4167900,42.709999
2015-09-10,42.549999,42.73,42.150002,42.299999,4982200,42.299999
2015-09-09,42.830002,42.950001,42.389999,42.459999,6461500,42.459999
2015-09-08,42.50,42.75,42.139999,42.700001,6324900,42.700001
2015-09-04,42.220001,42.290001,41.810001,41.98,5488800,41.98
2015-09-03,42.669998,42.759998,42.419998,42.580002,3845300,42.580002
2015-09-02,42.75,42.810001,42.139999,42.52,5755400,42.52
2015-09-01,42.939999,42.950001,42.220001,42.41,6920400,42.41
2015-08-31,43.59,43.689999,42.880001,43.41,5802300,43.41
2015-08-28,43.919998,44.00,43.130001,43.740002,5292100,43.740002
2015-08-27,43.98,44.110001,43.400002,43.91,8571000,43.91
2015-08-26,43.169998,43.689999,42.830002,43.610001,10118700,43.610001
2015-08-25,44.299999,44.450001,42.490002,42.50,9612800,42.50
2015-08-24,44.029999,45.470001,43.369999,43.580002,16156900,43.580002
2015-08-21,46.080002,46.43,45.759998,45.799999,6777900,45.799999
2015-08-20,46.060001,46.84,45.880001,46.360001,5842100,46.360001
2015-08-19,45.93,46.419998,45.720001,46.310001,4719400,46.310001
2015-08-18,46.130001,46.209999,45.950001,46.07,3916400,46.07
2015-08-17,46.50,46.50,46.169998,46.299999,4835200,46.299999
2015-08-14,45.970001,46.34,45.82,46.330002,4561200,46.330002
2015-08-13,45.790001,46.32,45.68,46.16,5564300,46.16
2015-08-12,45.75,46.700001,45.75,46.57,7594900,46.027
2015-08-11,45.599998,46.299999,45.41,45.91,4382600,45.374696
2015-08-10,45.529999,45.869999,45.330002,45.459999,4345100,44.929942
2015-08-07,44.98,45.689999,44.810001,45.529999,5697400,44.999125
2015-08-06,44.700001,45.099998,44.389999,45.060001,5458200,44.534608
2015-08-05,44.790001,44.84,44.490002,44.610001,3413500,44.089854
2015-08-04,44.869999,44.869999,44.330002,44.419998,3284700,43.902067
2015-08-03,44.75,45.09,44.700001,44.959999,4255600,44.435772
2015-07-31,44.740002,45.099998,44.639999,44.73,4886400,44.208454
2015-07-30,43.459999,44.450001,43.450001,44.380001,6162100,43.862536
2015-07-29,43.400002,43.610001,43.009998,43.57,5008800,43.06198
2015-07-28,43.400002,43.669998,43.27,43.540001,4650200,43.032331
2015-07-27,43.009998,43.610001,42.939999,43.439999,3547600,42.933494
2015-07-24,42.959999,43.049999,42.66,42.880001,4456700,42.380026
2015-07-23,43.18,43.18,42.450001,42.98,5249800,42.478859
2015-07-22,43.240002,43.560001,43.18,43.25,3232800,42.745711
2015-07-21,43.279999,43.299999,42.900002,43.209999,4799300,42.706177
2015-07-20,43.470001,43.48,43.060001,43.32,3589300,42.814895
2015-07-17,43.779999,43.830002,43.50,43.509998,5229000,43.002678
2015-07-16,43.400002,44.00,43.400002,43.98,4513200,43.467199
2015-07-15,43.23,43.380001,43.009998,43.369999,2934700,42.864311
2015-07-14,43.50,43.630001,43.040001,43.209999,3663900,42.706177
2015-07-13,43.52,43.720001,43.18,43.400002,3302300,42.893964
2015-07-10,43.299999,43.66,43.150002,43.360001,6654000,42.854429
2015-07-09,44.18,44.299999,43.150002,43.27,6778200,42.765478
2015-07-08,44.080002,44.59,44.049999,44.200001,6661200,43.684635
2015-07-07,43.349998,44.470001,43.299999,44.259998,11156100,43.743933
2015-07-06,42.93,43.299999,42.799999,43.119999,4995400,42.617226
2015-07-02,42.450001,42.950001,42.419998,42.889999,4937400,42.389908
2015-07-01,42.009998,42.189999,41.84,42.18,4675600,41.688187
2015-06-30,42.099998,42.150002,41.740002,41.900002,5100000,41.411453
2015-06-29,41.91,42.57,41.889999,41.959999,6503300,41.470751
2015-06-26,41.599998,41.959999,41.400002,41.889999,4040400,41.401568
2015-06-25,41.849998,41.900002,41.57,41.610001,4179300,41.124834
2015-06-24,42.040001,42.169998,41.689999,41.700001,4542400,41.213785
2015-06-23,42.509998,42.52,41.919998,42.049999,5017600,41.559702
2015-06-22,42.77,42.900002,42.43,42.509998,3869900,42.014338
2015-06-19,43.32,43.389999,42.709999,42.73,5783000,42.231774
2015-06-18,42.900002,43.470001,42.77,43.32,5020900,42.814895
2015-06-17,42.450001,42.77,42.169998,42.689999,4189100,42.192239
2015-06-16,42.130001,42.52,41.970001,42.48,4178600,41.984689
2015-06-15,42.279999,42.310001,42.049999,42.09,3669800,41.599237
2015-06-12,42.439999,42.619999,42.259998,42.299999,3041000,41.806787
2015-06-11,42.59,42.740002,42.419998,42.59,3042600,42.093407
2015-06-10,42.759998,42.830002,42.299999,42.34,4067500,41.846322
2015-06-09,42.459999,42.700001,42.400002,42.439999,4216800,41.945154
2015-06-08,42.959999,42.959999,42.330002,42.599998,6370600,42.103288
2015-06-05,42.810001,42.900002,42.509998,42.66,7291400,42.16259
2015-06-04,42.91,43.459999,42.869999,43.18,7610500,42.676528
2015-06-03,43.310001,43.349998,42.75,43.119999,7415300,42.617226
2015-06-02,43.580002,43.68,43.009998,43.279999,6006700,42.77536
2015-06-01,43.77,43.919998,43.50,43.669998,4620300,43.160812
2015-05-29,43.509998,43.889999,43.369999,43.689999,6216400,43.180579
2015-05-28,43.700001,43.77,43.32,43.509998,4283400,43.002678
2015-05-27,43.299999,43.939999,43.18,43.73,6778900,43.220114
2015-05-26,43.119999,43.349998,42.73,43.299999,6725900,42.795127
2015-05-22,43.299999,43.330002,42.889999,43.23,4890400,42.725944
2015-05-21,43.66,43.709999,43.220001,43.380001,4894500,42.874196
2015-05-20,43.66,44.00,43.619999,43.669998,4028000,43.160812
2015-05-19,43.41,43.73,43.349998,43.669998,3759700,43.160812
2015-05-18,43.52,43.82,43.419998,43.650002,3484500,43.141049
2015-05-15,43.279999,43.830002,43.209999,43.720001,5156300,43.210232
2015-05-14,42.950001,43.400002,42.950001,43.18,4831600,42.676528
2015-05-13,43.630001,43.740002,43.27,43.380001,6066400,42.337527
2015-05-12,43.50,43.540001,43.110001,43.470001,7320700,42.425364
2015-05-11,44.150002,44.290001,43.509998,43.59,8343600,42.542479
2015-05-08,44.639999,44.720001,43.759998,44.150002,8423800,43.089023
2015-05-07,44.220001,44.560001,44.060001,44.23,5118500,43.167099
2015-05-06,44.330002,44.50,43.77,44.080002,6705400,43.020706
2015-05-05,44.810001,44.900002,44.139999,44.27,7076600,43.206138
2015-05-04,44.900002,45.330002,44.669998,44.98,4957700,43.899075
2015-05-01,44.240002,44.869999,44.240002,44.82,5969400,43.74292
2015-04-30,44.57,44.57,43.98,44.299999,8463100,43.235416
2015-04-29,44.220001,44.77,43.959999,44.650002,5460000,43.577007
2015-04-28,44.330002,44.669998,44.080002,44.66,4540700,43.586765
2015-04-27,44.98,45.049999,44.27,44.32,4099900,43.254936
2015-04-24,44.689999,45.23,44.630001,44.869999,3485600,43.791718
2015-04-23,44.470001,44.900002,44.450001,44.689999,4055900,43.616043
2015-04-22,44.59,44.759998,44.279999,44.48,4343700,43.411091
2015-04-21,44.810001,45.119999,44.310001,44.419998,4762700,43.352531
2015-04-20,44.25,45.060001,44.119999,44.759998,4797500,43.684361
