Date,Open,High,Low,Close,Volume,Adj Close
2015-10-09,194.759995,195.229996,193.550003,195.080002,873200,195.080002
2015-10-08,193.809998,195.399994,192.339996,194.949997,955600,194.949997
2015-10-07,192.429993,194.320007,191.589996,194.220001,1301700,194.220001
2015-10-06,192.070007,193.899994,190.949997,191.729996,1316600,191.729996
2015-10-05,188.399994,191.949997,188.399994,191.809998,1587900,191.809998
2015-10-02,185.339996,187.610001,183.850006,187.479996,1197900,187.479996
2015-10-01,184.679993,186.169998,183.619995,185.899994,1060300,185.899994
2015-09-30,183.630005,184.25,181.75,183.720001,1362700,183.720001
2015-09-29,180.539993,183.729996,180.169998,182.429993,1595800,182.429993
2015-09-28,182.169998,182.350006,178.740005,180.160004,950300,180.160004
2015-09-25,182.830002,184.679993,181.199997,182.789993,1053100,182.789993
2015-09-24,183.220001,184.669998,179.740005,181.229996,1540600,181.229996
2015-09-23,183.00,184.889999,182.300003,183.50,941200,183.50
2015-09-22,184.419998,185.410004,182.690002,183.240005,1120900,183.240005
2015-09-21,184.289993,186.139999,184.089996,185.789993,999900,185.789993
2015-09-18,182.690002,187.220001,182.229996,184.00,2738800,184.00
2015-09-17,183.320007,188.300003,181.970001,184.880005,1272900,184.880005
2015-09-16,180.899994,184.009995,180.770004,183.419998,950800,183.419998
2015-09-15,179.210007,181.770004,177.440002,181.080002,967900,181.080002
2015-09-14,179.529999,180.410004,177.869995,178.940002,977900,178.940002
2015-09-11,174.899994,179.190002,174.139999,179.139999,1213100,179.139999
2015-09-10,174.449997,176.630005,174.119995,175.059998,1010400,175.059998
2015-09-09,178.869995,179.029999,174.240005,174.600006,953800,174.600006
2015-09-08,177.179993,178.100006,175.740005,177.539993,1271200,177.539993
2015-09-04,175.910004,176.979996,173.789993,174.919998,1162600,174.919998
2015-09-03,177.779999,179.149994,177.070007,177.919998,1126300,177.919998
2015-09-02,177.199997,178.580002,175.580002,177.130005,1112200,177.130005
2015-09-01,176.639999,177.910004,173.089996,175.009995,1818900,175.009995
2015-08-31,184.169998,186.210007,179.009995,179.320007,3212700,179.320007
2015-08-28,185.270004,185.389999,182.00,184.320007,1432600,184.320007
2015-08-27,183.490005,186.919998,181.449997,185.729996,1456000,185.729996
2015-08-26,180.00,182.490005,177.910004,181.970001,1976800,181.970001
2015-08-25,191.690002,191.690002,176.880005,177.089996,2177000,177.089996
2015-08-24,183.770004,186.460007,181.399994,182.070007,2719200,182.070007
2015-08-21,192.240005,193.539993,189.949997,189.970001,1983800,189.970001
2015-08-20,192.389999,193.860001,191.00,192.210007,1332100,192.210007
2015-08-19,193.639999,194.350006,192.070007,193.190002,926200,193.190002
2015-08-18,193.100006,195.169998,192.779999,194.779999,1001800,194.779999
2015-08-17,191.820007,193.679993,190.50,193.539993,867200,193.539993
2015-08-14,190.690002,192.830002,189.320007,191.679993,683800,191.679993
2015-08-13,189.070007,192.029999,188.690002,190.75,792400,190.75
2015-08-12,191.169998,192.169998,189.789993,192.020004,1123900,190.470004
2015-08-11,189.160004,192.309998,188.630005,191.550003,1362500,190.003796
2015-08-10,192.75,193.199997,188.410004,189.160004,1619100,187.633089
2015-08-07,189.979996,192.210007,188.440002,191.690002,1001600,190.142666
2015-08-06,188.490005,190.289993,186.960007,189.899994,1390500,188.367106
2015-08-05,189.210007,189.800003,188.100006,188.699997,1377300,187.176796
2015-08-04,188.610001,190.470001,187.770004,188.550003,1283700,187.028013
2015-08-03,187.149994,188.720001,186.779999,188.389999,771700,186.869301
2015-07-31,188.089996,189.050003,186.639999,187.220001,1467100,185.708747
2015-07-30,185.789993,187.00,184.619995,186.139999,646900,184.637463
2015-07-29,186.490005,187.059998,185.270004,186.470001,890900,184.964801
2015-07-28,186.330002,187.460007,185.399994,186.360001,1133500,184.855688
2015-07-27,184.759995,186.940002,184.570007,185.770004,1591100,184.270454
2015-07-24,183.509995,200.229996,182.070007,184.649994,1299400,183.159485
2015-07-23,182.229996,182.399994,179.350006,181.380005,1143800,179.915891
2015-07-22,181.990005,183.100006,181.660004,182.380005,1142300,180.907819
2015-07-21,183.029999,183.320007,181.619995,181.759995,889700,180.292814
2015-07-20,183.279999,183.449997,181.690002,182.929993,663500,181.453367
2015-07-17,182.820007,183.380005,182.050003,183.059998,1020500,181.582323
2015-07-16,182.220001,183.899994,181.940002,183.429993,1140600,181.949331
2015-07-15,179.660004,181.630005,178.470001,181.410004,1234600,179.945648
2015-07-14,179.529999,180.539993,178.380005,179.990005,856600,178.537112
2015-07-13,180.039993,181.380005,178.279999,179.309998,1022700,177.862593
2015-07-10,179.190002,180.389999,178.309998,178.839996,1044400,177.396386
2015-07-09,179.160004,179.919998,177.470001,178.119995,1364100,176.682197
2015-07-08,177.279999,178.600006,176.899994,178.339996,1201700,176.900422
2015-07-07,176.449997,179.110001,176.300003,178.720001,1520100,177.277359
2015-07-06,173.860001,175.850006,173.860001,175.779999,1242100,174.361089
2015-07-02,176.020004,179.110001,174.419998,174.720001,1046800,173.309648
2015-07-01,171.869995,174.800003,171.869995,174.759995,1638600,173.349318
2015-06-30,172.330002,174.800003,171.330002,173.020004,2167300,171.623373
2015-06-29,173.710007,175.389999,170.990005,171.00,1223300,169.619675
2015-06-26,172.669998,174.419998,171.699997,173.910004,2714700,172.506189
2015-06-25,174.039993,174.429993,172.330002,172.360001,1390200,170.968697
2015-06-24,175.539993,176.490005,173.850006,173.899994,1502100,172.49626
2015-06-23,176.869995,176.970001,174.50,175.240005,898100,173.825454
2015-06-22,179.910004,180.770004,176.419998,176.529999,1562500,175.105035
2015-06-19,181.630005,183.389999,179.470001,179.479996,2610000,178.031219
2015-06-18,180.00,182.830002,179.600006,181.889999,1039000,180.421769
2015-06-17,177.320007,179.970001,176.589996,179.570007,1305300,178.120504
2015-06-16,175.929993,178.029999,175.850006,177.259995,1113100,175.829138
2015-06-15,176.369995,176.800003,175.009995,175.800003,1486100,174.380932
2015-06-12,176.869995,178.039993,176.429993,176.869995,1064400,175.442287
2015-06-11,177.050003,177.729996,176.199997,177.25,926400,175.819224
2015-06-10,175.020004,177.990005,174.720001,176.350006,1373900,174.926495
2015-06-09,175.839996,176.149994,174.210007,174.580002,1503100,173.170778
2015-06-08,176.589996,176.589996,175.330002,175.610001,1607700,174.192463
2015-06-05,177.240005,178.710007,175.429993,176.610001,1487700,175.184391
2015-06-04,178.490005,180.039993,178.00,179.029999,1256100,177.584855
2015-06-03,182.199997,182.210007,178.449997,178.929993,1113000,177.485656
2015-06-02,183.25,183.649994,181.080002,182.149994,980800,180.679665
2015-06-01,181.639999,184.080002,180.00,183.389999,1136700,181.909661
2015-05-29,184.130005,184.570007,180.759995,181.399994,2486800,179.935719
2015-05-28,183.539993,184.75,182.919998,183.820007,966800,182.336198
2015-05-27,182.979996,184.699997,181.779999,184.139999,1223500,182.653607
2015-05-26,183.440002,183.570007,181.619995,182.080002,971500,180.610238
2015-05-22,182.860001,185.070007,182.210007,183.619995,821200,182.1378
2015-05-21,184.210007,185.320007,183.050003,183.539993,1605100,182.058444
2015-05-20,185.199997,185.789993,183.509995,183.589996,1175000,182.108044
2015-05-19,183.990005,186.449997,183.220001,184.029999,1117700,182.544494
2015-05-18,184.570007,185.479996,183.779999,184.779999,916100,183.28844
2015-05-15,185.440002,186.619995,184.419998,185.610001,1262000,184.111742
2015-05-14,182.380005,185.009995,182.240005,184.759995,911700,183.268597
2015-05-13,184.289993,185.789993,180.919998,181.339996,1146500,179.876206
2015-05-12,182.710007,185.070007,181.75,184.429993,1063900,181.453372
2015-05-11,187.029999,188.080002,183.600006,184.169998,1083200,181.197574
2015-05-08,185.669998,189.259995,185.559998,187.649994,1612200,184.621404
2015-05-07,181.610001,184.699997,181.00,183.149994,1681300,180.194032
2015-05-06,180.350006,182.210007,180.190002,181.610001,2084200,178.678894
2015-05-05,183.800003,184.059998,180.100006,180.460007,2488800,177.54746
2015-05-04,184.910004,185.949997,182.929993,183.369995,1578800,180.410483
2015-05-01,181.759995,185.789993,181.759995,184.169998,1895100,181.197574
2015-04-30,182.259995,183.190002,180.550003,181.490005,2136000,178.560835
2015-04-29,185.889999,187.649994,182.610001,183.100006,1879100,180.144851
2015-04-28,189.089996,189.470001,187.50,188.25,999900,185.211727
2015-04-27,189.740005,190.630005,189.039993,189.880005,985400,186.815424
2015-04-24,189.169998,190.960007,188.399994,188.710007,890600,185.664309
2015-04-23,189.089996,190.130005,188.229996,189.059998,1106800,186.008651
2015-04-22,188.830002,190.539993,188.679993,189.110001,755200,186.057847
2015-04-21,188.50,190.929993,188.50,188.830002,853800,185.782367
2015-04-20,188.449997,189.789993,187.779999,188.600006,1048000,185.556084
2015-04-17,189.410004,190.470001,187.649994,188.259995,1165200,185.22156
2015-04-16,189.059998,191.270004,188.410004,190.100006,921400,187.031874
2015-04-15,191.490005,192.179993,189.759995,190.039993,1104200,186.97283
2015-04-14,191.169998,192.460007,190.809998,191.419998,1508800,188.330562
2015-04-13,191.649994,191.970001,190.330002,190.330002,1371900,187.258158
