Date,Open,High,Low,Close,Volume,Adj Close
2015-10-15,99.800003,101.00,99.209999,100.709999,956000,100.709999
2015-10-14,100.529999,101.040001,99.25,99.389999,1504700,99.389999
2015-10-13,100.019997,100.839996,99.889999,100.529999,1056000,100.529999
2015-10-12,100.099998,100.959999,99.559998,100.330002,822100,100.330002
2015-10-09,99.790001,100.300003,99.169998,99.720001,1264200,99.720001
2015-10-08,97.589996,99.800003,97.139999,99.660004,1161400,99.660004
2015-10-07,97.860001,98.800003,97.370003,97.790001,1119100,97.790001
2015-10-06,97.980003,98.690002,97.339996,97.669998,1837100,97.669998
2015-10-05,97.099998,98.419998,96.849998,98.360001,1079800,98.360001
2015-10-02,96.989998,96.989998,95.82,96.68,1902400,96.68
2015-10-01,96.709999,96.919998,95.489998,96.400002,1782700,96.400002
2015-09-30,94.959999,96.809998,94.699997,96.720001,1867400,96.720001
2015-09-29,94.010002,94.809998,93.860001,94.459999,1601200,94.459999
2015-09-28,93.629997,94.540001,93.400002,94.029999,1902000,94.029999
2015-09-25,92.870003,95.110001,92.870003,93.940002,1644800,93.940002
2015-09-24,91.800003,92.849998,91.510002,92.739998,1112700,92.739998
2015-09-23,92.400002,93.080002,91.529999,92.110001,1158900,92.110001
2015-09-22,93.589996,94.150002,92.690002,93.00,3013600,92.300001
2015-09-21,92.650002,93.269997,92.199997,93.059998,1295300,92.359547
2015-09-18,92.50,93.410004,92.25,92.43,2514100,91.734291
2015-09-17,91.459999,94.309998,91.050003,92.93,1359500,92.230528
2015-09-16,90.870003,91.779999,90.50,91.459999,982400,90.771591
2015-09-15,90.410004,91.00,89.870003,90.849998,1308400,90.166182
2015-09-14,90.43,91.019997,90.00,90.309998,1013200,89.630246
2015-09-11,89.900002,90.440002,89.440002,90.32,1488200,89.640172
2015-09-10,91.389999,91.650002,89.739998,90.089996,1944300,89.4119
2015-09-09,93.150002,93.32,91.279999,91.480003,1272500,90.791445
2015-09-08,93.290001,93.669998,92.620003,92.949997,1569100,92.250374
2015-09-04,92.440002,93.089996,91.830002,92.639999,2220600,91.94271
2015-09-03,92.120003,93.550003,91.75,93.389999,2616800,92.687065
2015-09-02,93.169998,93.300003,90.68,92.00,2412000,91.307528
2015-09-01,93.580002,94.089996,91.690002,92.220001,1647200,91.525873
2015-08-31,97.059998,97.139999,94.050003,94.849998,2016400,94.136074
2015-08-28,97.699997,98.139999,96.099998,97.360001,2048800,96.627184
2015-08-27,97.559998,97.940002,96.540001,97.839996,2160300,97.103567
2015-08-26,97.93,98.25,94.870003,96.93,1777300,96.20042
2015-08-25,100.040001,100.82,96.510002,96.589996,2361100,95.862976
2015-08-24,98.279999,101.099998,97.82,98.739998,2475500,97.996794
2015-08-21,103.769997,104.529999,101.949997,101.959999,1312300,101.192559
2015-08-20,104.209999,105.50,104.010002,104.300003,1210000,103.51495
2015-08-19,105.089996,105.589996,104.269997,104.900002,978200,104.110432
2015-08-18,105.839996,106.279999,105.230003,105.599998,1102300,104.805161
2015-08-17,106.150002,106.699997,105.019997,106.379997,979800,105.579288
2015-08-14,104.800003,106.290001,104.50,106.129997,786800,105.33117
2015-08-13,105.150002,105.589996,104.419998,105.080002,1023300,104.289078
2015-08-12,102.50,105.379997,102.169998,105.330002,1454800,104.537196
2015-08-11,102.32,103.949997,101.93,102.849998,870400,102.075859
2015-08-10,102.00,103.169998,101.68,102.349998,1237900,101.579623
2015-08-07,100.040001,101.940002,99.730003,101.839996,972200,101.073459
2015-08-06,100.550003,100.660004,98.93,100.239998,1400100,99.485504
2015-08-05,101.07,102.160004,100.370003,100.690002,1801800,99.932121
2015-08-04,101.860001,103.199997,99.540001,99.959999,1520900,99.207613
2015-08-03,101.959999,103.290001,101.699997,102.75,1367300,101.976614
2015-07-31,101.639999,102.599998,101.580002,101.779999,1260500,101.013913
2015-07-30,100.260002,101.339996,100.07,100.860001,700300,100.10084
2015-07-29,100.209999,100.849998,99.779999,100.589996,891400,99.832868
2015-07-28,100.370003,100.889999,99.720001,100.370003,806800,99.61453
2015-07-27,99.720001,101.120003,99.620003,100.349998,873300,99.594677
2015-07-24,99.669998,100.150002,99.470001,99.620003,745200,98.870175
2015-07-23,100.760002,101.00,99.269997,99.699997,877000,98.949568
2015-07-22,100.720001,101.389999,100.360001,100.959999,1030400,100.200086
2015-07-21,101.980003,102.339996,100.349998,100.690002,831000,99.932121
2015-07-20,102.459999,102.489998,101.580002,102.019997,757600,101.252105
2015-07-17,103.669998,103.760002,102.349998,102.400002,866200,101.62925
2015-07-16,102.519997,103.959999,102.339996,103.900002,1269600,103.117959
2015-07-15,101.900002,102.550003,101.510002,102.540001,892000,101.768195
2015-07-14,101.779999,102.379997,101.489998,101.980003,896500,101.212413
2015-07-13,101.519997,102.139999,101.129997,101.75,1286100,100.984141
2015-07-10,100.230003,101.849998,99.959999,101.099998,761200,100.339031
2015-07-09,101.699997,102.120003,100.00,100.129997,1314300,99.376331
2015-07-08,100.690002,102.029999,100.650002,101.440002,1347500,100.676476
2015-07-07,100.580002,101.709999,100.290001,101.199997,2140600,100.438277
2015-07-06,100.400002,100.959999,99.339996,99.910004,1154500,99.157994
2015-07-02,99.50,100.50,99.139999,100.379997,1288400,99.62445
2015-07-01,98.900002,99.389999,98.489998,98.839996,1296700,98.09604
2015-06-30,99.599998,99.669998,98.669998,98.940002,1432100,98.195293
2015-06-29,99.290001,100.629997,99.07,99.279999,1391400,98.532731
2015-06-26,99.410004,99.620003,98.690002,99.440002,1541900,98.69153
2015-06-25,100.57,100.709999,99.360001,99.400002,1299200,98.65183
2015-06-24,102.68,103.059998,100.980003,100.989998,1064800,99.535127
2015-06-23,103.629997,104.989998,102.260002,102.540001,712600,101.062801
2015-06-22,104.129997,104.610001,103.589996,103.82,927200,102.32436
2015-06-19,104.150002,105.199997,103.970001,103.970001,1514400,102.472201
2015-06-18,104.309998,105.290001,104.099998,104.68,1380100,103.171971
2015-06-17,103.220001,105.160004,102.849998,104.370003,2466700,102.86644
2015-06-16,102.279999,102.879997,101.599998,102.800003,714300,101.319057
2015-06-15,102.779999,103.18,102.059998,102.589996,714800,101.112076
2015-06-12,103.57,103.900002,102.82,102.860001,691000,101.378191
2015-06-11,103.989998,104.660004,103.510002,104.040001,695800,102.541192
2015-06-10,103.459999,104.050003,103.209999,103.330002,1076900,101.841421
2015-06-09,103.00,103.940002,102.57,103.050003,991500,101.565456
2015-06-08,104.309998,104.309998,102.730003,103.040001,1329900,101.555598
2015-06-05,103.43,103.93,102.389999,103.870003,1023000,102.373643
2015-06-04,103.440002,105.300003,103.389999,104.300003,1009700,102.797448
2015-06-03,106.019997,106.760002,104.260002,104.760002,870400,103.250821
2015-06-02,107.010002,107.25,105.300003,106.300003,824900,104.768636
2015-06-01,107.470001,108.360001,107.099998,107.589996,507500,106.040046
2015-05-29,107.959999,108.230003,107.339996,107.470001,914000,105.921779
2015-05-28,107.57,108.129997,106.989998,107.980003,931900,106.424434
2015-05-27,107.300003,107.669998,106.870003,107.400002,1314200,105.852788
2015-05-26,107.580002,107.860001,106.690002,107.089996,1561600,105.547249
2015-05-22,107.580002,107.870003,106.809998,107.599998,741200,106.049904
2015-05-21,108.220001,108.440002,107.339996,107.690002,825400,106.138611
2015-05-20,107.709999,108.410004,107.129997,107.75,833100,106.197744
2015-05-19,107.010002,108.089996,106.379997,107.82,651300,106.266736
2015-05-18,106.269997,107.43,106.230003,107.419998,823100,105.872497
2015-05-15,105.650002,106.889999,105.07,106.860001,1560000,105.320566
2015-05-14,104.709999,105.800003,104.709999,105.440002,899700,103.921025
2015-05-13,105.57,106.620003,103.849998,104.260002,1073200,102.758024
2015-05-12,104.459999,105.639999,103.849998,105.379997,1308100,103.861884
2015-05-11,105.440002,106.290001,104.650002,104.989998,967700,103.477503
2015-05-08,105.059998,106.18,105.059998,105.860001,1228500,104.334972
2015-05-07,103.519997,104.50,103.25,103.790001,1019300,102.294793
2015-05-06,104.330002,105.389999,102.449997,103.220001,1641100,101.733005
2015-05-05,107.080002,108.07,103.389999,104.330002,1801100,102.827015
2015-05-04,107.019997,108.830002,106.870003,107.809998,1038300,106.256878
2015-05-01,106.169998,106.889999,105.260002,106.800003,1336900,105.261433
2015-04-30,107.230003,107.489998,105.089996,106.169998,1321600,104.640504
2015-04-29,108.279999,108.580002,106.800003,107.639999,1377800,106.089328
2015-04-28,108.059998,109.080002,107.480003,108.980003,443700,107.410028
2015-04-27,110.050003,110.050003,107.989998,108.43,647000,106.867949
2015-04-24,108.43,110.309998,108.169998,109.510002,770100,107.932392
2015-04-23,107.849998,109.059998,107.480003,108.559998,831000,106.996073
2015-04-22,107.550003,108.18,106.949997,107.769997,627300,106.217453
2015-04-21,108.529999,109.18,107.139999,107.410004,945200,105.862646
2015-04-20,107.099998,109.290001,107.00,108.459999,699100,106.897515
