Date,Open,High,Low,Close,Volume,Adj Close
2015-10-09,96.959999,96.959999,95.970001,96.470001,278500,96.470001
2015-10-08,97.089996,97.25,95.720001,96.849998,267100,96.849998
2015-10-07,96.470001,97.129997,95.910004,97.129997,352000,97.129997
2015-10-06,97.910004,97.910004,96.059998,96.309998,205600,96.309998
2015-10-05,96.889999,98.110001,96.080002,97.879997,189300,97.879997
2015-10-02,94.75,96.230003,93.330002,96.199997,178400,96.199997
2015-10-01,95.150002,95.18,93.480003,95.029999,235400,95.029999
2015-09-30,94.489998,94.919998,93.790001,94.300003,210300,94.300003
2015-09-29,92.68,94.57,92.400002,94.010002,174300,94.010002
2015-09-28,93.209999,93.290001,91.800003,92.769997,222600,92.769997
2015-09-25,93.489998,94.25,92.699997,93.540001,273500,93.540001
2015-09-24,94.160004,94.699997,92.519997,93.059998,177200,93.059998
2015-09-23,93.139999,94.720001,92.580002,94.440002,211900,94.440002
2015-09-22,93.080002,93.699997,92.559998,92.910004,178800,92.910004
2015-09-21,93.129997,93.989998,92.410004,93.669998,154900,93.669998
2015-09-18,91.449997,93.43,91.449997,92.529999,363000,92.529999
2015-09-17,91.129997,93.639999,90.779999,92.339996,217400,92.339996
2015-09-16,90.580002,91.440002,90.379997,91.279999,134200,91.279999
2015-09-15,89.769997,91.010002,89.209999,90.75,117600,90.75
2015-09-14,89.980003,90.269997,89.459999,89.82,94000,89.82
2015-09-11,88.120003,89.949997,87.93,89.769997,140600,89.769997
2015-09-10,88.400002,89.419998,87.900002,88.330002,208500,88.330002
2015-09-09,90.00,90.00,88.199997,88.400002,284100,88.400002
2015-09-08,87.68,89.93,87.019997,89.449997,376300,89.449997
2015-09-04,87.00,88.080002,85.690002,86.639999,455000,86.639999
2015-09-03,89.160004,89.959999,88.489998,88.849998,538900,88.849998
2015-09-02,88.690002,89.660004,88.080002,89.209999,361400,89.209999
2015-09-01,88.519997,89.370003,87.339996,87.970001,506100,87.970001
2015-08-31,91.699997,92.940002,89.599998,89.730003,457500,89.730003
2015-08-28,91.400002,92.239998,90.779999,91.699997,514600,91.699997
2015-08-27,91.68,92.82,90.50,91.550003,642900,91.550003
2015-08-26,90.860001,91.220001,89.449997,90.639999,659900,90.639999
2015-08-25,93.379997,93.550003,89.349998,89.470001,309600,89.470001
2015-08-24,94.040001,94.169998,91.419998,91.699997,693000,91.699997
2015-08-21,97.57,98.400002,97.089996,97.230003,4878100,97.230003
2015-08-20,98.190002,99.32,97.949997,98.580002,749900,98.580002
2015-08-19,97.75,98.209999,97.50,97.760002,182100,97.760002
2015-08-18,98.199997,98.449997,97.669998,98.199997,203500,98.199997
2015-08-17,97.949997,98.50,97.089996,98.449997,85300,98.449997
2015-08-14,96.489998,98.040001,95.989998,98.040001,181700,98.040001
2015-08-13,96.860001,97.57,95.870003,96.779999,159100,96.779999
2015-08-12,95.779999,97.07,95.139999,97.019997,227300,97.019997
2015-08-11,95.459999,96.559998,95.040001,95.989998,210900,95.989998
2015-08-10,96.419998,96.419998,95.120003,95.730003,185700,95.730003
2015-08-07,94.57,96.07,94.410004,95.82,150500,95.82
2015-08-06,94.720001,95.25,93.769997,95.129997,216300,95.129997
2015-08-05,95.940002,96.010002,94.370003,94.989998,249700,94.989998
2015-08-04,96.660004,97.110001,95.379997,95.629997,152100,95.629997
2015-08-03,95.32,96.529999,95.110001,96.489998,167900,96.489998
2015-07-31,93.889999,95.360001,93.889999,95.209999,231500,95.209999
2015-07-30,92.639999,93.50,91.400002,93.400002,303900,93.400002
2015-07-29,92.300003,93.18,91.639999,92.669998,170300,92.669998
2015-07-28,92.57,93.150002,91.900002,92.470001,168600,92.470001
2015-07-27,92.760002,93.540001,92.18,92.470001,201200,92.470001
2015-07-24,92.129997,92.949997,92.110001,92.529999,127800,92.529999
2015-07-23,93.510002,93.510002,91.480003,92.449997,186900,92.449997
2015-07-22,92.260002,93.260002,92.260002,92.949997,134900,92.949997
2015-07-21,92.510002,92.860001,91.860001,92.160004,163400,92.160004
2015-07-20,92.230003,92.639999,91.510002,92.389999,120300,92.389999
2015-07-17,92.669998,92.669998,91.650002,92.290001,139500,92.290001
2015-07-16,92.300003,92.739998,91.980003,92.650002,148500,92.650002
2015-07-15,91.809998,92.370003,91.400002,92.050003,134900,92.050003
2015-07-14,92.660004,93.220001,92.120003,92.57,188000,91.720002
2015-07-13,93.290001,94.150002,92.160004,92.57,216000,91.720002
2015-07-10,92.010002,93.309998,91.82,92.879997,233100,92.027153
2015-07-09,92.00,92.449997,91.50,91.870003,278300,91.026433
2015-07-08,90.809998,92.110001,90.809998,91.75,304800,90.907532
2015-07-07,90.150002,91.650002,90.07,91.580002,280800,90.739095
2015-07-06,88.779999,89.900002,88.690002,89.830002,248200,89.005163
2015-07-02,89.400002,89.959999,88.779999,89.050003,172700,88.232327
2015-07-01,87.239998,88.760002,86.50,88.739998,205800,87.925168
2015-06-30,86.519997,87.389999,86.25,86.910004,226500,86.111977
2015-06-29,86.599998,87.410004,86.00,86.190002,323000,85.398587
2015-06-26,86.139999,87.089996,85.949997,86.690002,248800,85.893996
2015-06-25,87.080002,87.220001,85.970001,86.129997,150000,85.339133
2015-06-24,88.239998,88.919998,86.480003,86.980003,264800,86.181334
2015-06-23,89.169998,89.620003,87.980003,88.080002,183400,87.271232
2015-06-22,90.989998,90.989998,89.169998,89.370003,163300,88.549388
2015-06-19,91.089996,91.279999,89.489998,90.550003,326500,89.718553
2015-06-18,89.050003,90.669998,89.050003,90.309998,220900,89.480752
2015-06-17,88.779999,89.150002,87.720001,88.860001,173800,88.044069
2015-06-16,87.900002,88.800003,87.470001,88.75,270200,87.935078
2015-06-15,87.75,88.120003,87.190002,87.970001,170400,87.162242
2015-06-12,87.849998,88.330002,87.459999,87.849998,102200,87.043341
2015-06-11,87.68,87.989998,87.059998,87.949997,226400,87.142421
2015-06-10,86.889999,88.290001,86.459999,87.199997,182100,86.399308
2015-06-09,87.339996,87.510002,86.459999,86.720001,113800,85.92372
2015-06-08,87.800003,87.940002,87.190002,87.230003,163200,86.429039
2015-06-05,88.550003,88.779999,87.580002,87.959999,220900,87.152331
2015-06-04,89.449997,89.980003,89.010002,89.230003,159100,88.410674
2015-06-03,90.739998,90.739998,89.489998,89.730003,207600,88.906083
2015-06-02,91.269997,91.68,90.599998,90.970001,176000,90.134695
2015-06-01,91.32,92.550003,91.150002,91.910004,179300,91.066066
2015-05-29,91.389999,91.589996,90.489998,91.209999,492300,90.372489
2015-05-28,90.980003,91.860001,90.440002,91.389999,186100,90.550837
2015-05-27,90.93,91.410004,90.370003,91.279999,102900,90.441846
2015-05-26,91.040001,91.089996,90.110001,90.599998,157300,89.76809
2015-05-22,90.860001,92.209999,90.589996,91.279999,208100,90.441846
2015-05-21,91.980003,92.239998,90.919998,91.199997,312800,90.362579
2015-05-20,92.559998,92.839996,91.75,92.00,368800,91.155236
2015-05-19,91.790001,92.330002,91.080002,92.050003,273500,91.20478
2015-05-18,91.050003,92.139999,90.709999,92.029999,289300,91.18496
2015-05-15,90.300003,91.589996,90.269997,91.50,241100,90.659827
2015-05-14,88.57,89.989998,88.220001,89.870003,183100,89.044797
2015-05-13,89.370003,90.160004,87.75,88.089996,158800,87.281135
2015-05-12,88.300003,89.220001,86.900002,89.139999,184500,88.321497
2015-05-11,89.989998,90.519997,88.089996,88.349998,174200,87.53875
2015-05-08,88.870003,90.589996,88.480003,89.970001,166500,89.143877
2015-05-07,86.650002,88.209999,86.260002,87.949997,217400,87.142421
2015-05-06,86.769997,86.940002,85.949997,86.660004,167900,85.864273
2015-05-05,87.800003,88.349998,86.019997,86.339996,331800,85.547204
2015-05-04,88.190002,88.519997,87.660004,87.800003,295700,86.993805
2015-05-01,87.470001,89.089996,87.370003,87.839996,319800,87.033431
2015-04-30,87.610001,89.360001,87.300003,87.339996,409900,86.538022
2015-04-29,90.00,90.639999,88.239998,88.300003,181500,87.489213
2015-04-28,90.629997,90.959999,89.610001,90.779999,132300,89.946437
2015-04-27,91.529999,91.919998,90.230003,90.580002,207400,89.748277
2015-04-24,91.139999,91.32,90.50,91.00,491400,90.164418
2015-04-23,90.75,91.650002,90.449997,90.830002,147300,89.995981
2015-04-22,90.660004,91.690002,90.349998,91.209999,173700,90.372489
2015-04-21,90.730003,91.339996,90.260002,90.919998,205100,90.085151
2015-04-20,89.870003,90.849998,89.68,90.669998,300600,89.837447
2015-04-17,90.269997,90.580002,89.349998,89.620003,299400,88.797093
2015-04-16,90.610001,91.260002,90.279999,90.730003,285200,89.896901
2015-04-15,91.00,91.32,90.169998,90.519997,265700,89.688823
2015-04-14,91.260002,92.07,91.220001,91.559998,252100,89.976156
2015-04-13,92.00,92.370003,91.220001,91.220001,225100,89.642041
