Date,Open,High,Low,Close,Volume,Adj Close
2015-10-16,66.860001,67.07,66.18,66.900002,590700,66.900002
2015-10-15,65.410004,66.870003,65.010002,66.870003,414700,66.870003
2015-10-14,66.32,66.889999,64.940002,65.230003,378000,65.230003
2015-10-13,67.00,67.50,66.190002,66.209999,453200,66.209999
2015-10-12,66.43,67.470001,66.309998,67.18,307200,67.18
2015-10-09,67.489998,67.540001,66.32,66.639999,549500,66.639999
2015-10-08,66.489998,67.480003,65.959999,67.309998,796500,67.309998
2015-10-07,65.480003,66.660004,65.139999,66.650002,744200,66.650002
2015-10-06,66.190002,66.410004,64.870003,65.190002,680100,65.190002
2015-10-05,65.849998,66.25,65.019997,66.18,804100,66.18
2015-10-02,65.00,65.300003,63.439999,65.300003,1667000,65.300003
2015-10-01,64.940002,65.779999,63.189999,65.300003,1889100,65.300003
2015-09-30,65.029999,65.50,64.190002,64.970001,787300,64.970001
2015-09-29,64.730003,66.349998,63.720001,64.379997,1102200,64.379997
2015-09-28,66.220001,66.910004,64.129997,64.730003,1963800,64.730003
2015-09-25,67.709999,68.669998,66.760002,67.400002,5465400,67.400002
2015-09-24,62.580002,68.099998,62.209999,68.00,3920100,68.00
2015-09-23,63.220001,63.50,62.630001,62.959999,344600,62.959999
2015-09-22,63.00,63.43,62.73,63.00,327900,63.00
2015-09-21,64.309998,65.029999,63.330002,63.700001,362100,63.700001
2015-09-18,63.220001,64.239998,63.02,63.529999,831800,63.529999
2015-09-17,63.91,64.75,63.66,63.830002,468200,63.830002
2015-09-16,63.82,64.089996,63.310001,63.77,581900,63.77
2015-09-15,64.379997,64.449997,63.119999,64.099998,534200,64.099998
2015-09-14,64.699997,64.860001,64.010002,64.07,201000,64.07
2015-09-11,64.57,65.559998,64.290001,64.660004,271500,64.660004
2015-09-10,63.790001,65.199997,63.639999,64.690002,437900,64.690002
2015-09-09,65.720001,66.00,63.700001,63.849998,354700,63.849998
2015-09-08,64.510002,65.18,63.98,65.07,368500,65.07
2015-09-04,63.709999,64.260002,63.310001,63.50,462500,63.50
2015-09-03,63.630001,64.690002,63.419998,64.230003,614500,64.230003
2015-09-02,63.080002,63.799999,62.32,63.779999,410100,63.779999
2015-09-01,62.889999,63.709999,62.119999,62.310001,634900,62.310001
2015-08-31,64.629997,65.18,63.950001,64.050003,418500,64.050003
2015-08-28,64.860001,65.120003,64.290001,64.690002,359400,64.690002
2015-08-27,62.900002,65.099998,62.639999,65.050003,711700,65.050003
2015-08-26,63.110001,63.110001,61.09,62.900002,567300,62.900002
2015-08-25,63.529999,63.529999,61.860001,61.970001,657600,61.970001
2015-08-24,60.98,62.389999,60.75,61.959999,680600,61.959999
2015-08-21,63.630001,65.129997,63.00,64.32,889600,64.32
2015-08-20,67.25,67.529999,65.550003,65.57,890700,65.319999
2015-08-19,68.50,68.50,67.57,67.93,405000,67.671002
2015-08-18,69.18,69.309998,68.660004,68.889999,336100,68.62734
2015-08-17,68.379997,69.169998,67.919998,69.169998,302600,68.906272
2015-08-14,67.910004,68.760002,67.449997,68.730003,378400,68.467954
2015-08-13,68.07,68.419998,67.559998,67.790001,280100,67.531536
2015-08-12,67.129997,68.370003,66.400002,68.129997,441400,67.870236
2015-08-11,67.599998,68.080002,66.900002,67.620003,306100,67.362186
2015-08-10,67.75,68.300003,67.43,67.980003,436400,67.720814
2015-08-07,67.360001,67.559998,66.529999,67.279999,385100,67.023478
2015-08-06,69.370003,69.760002,67.489998,68.089996,524900,67.830388
2015-08-05,68.150002,69.57,68.150002,69.120003,399300,68.856467
2015-08-04,68.110001,68.760002,67.379997,67.800003,462500,67.5415
2015-08-03,69.099998,69.260002,68.019997,68.610001,382200,68.348409
2015-07-31,69.00,69.440002,68.730003,69.129997,426200,68.866423
2015-07-30,68.32,68.900002,68.300003,68.690002,420500,68.428106
2015-07-29,68.120003,68.779999,67.769997,68.610001,399000,68.348409
2015-07-28,68.220001,68.419998,67.529999,68.239998,462500,67.979817
2015-07-27,67.650002,68.139999,67.150002,67.93,614900,67.671002
2015-07-24,68.239998,68.540001,67.720001,67.779999,483600,67.521572
2015-07-23,69.419998,69.610001,68.589996,68.730003,442100,68.467954
2015-07-22,68.919998,69.480003,68.919998,69.400002,445200,69.135398
2015-07-21,68.699997,69.00,68.199997,68.860001,489200,68.597456
2015-07-20,68.150002,68.790001,68.080002,68.730003,335600,68.467954
2015-07-17,68.25,68.25,67.900002,68.209999,265300,67.949933
2015-07-16,67.980003,68.43,67.519997,68.260002,433600,67.999745
2015-07-15,67.870003,67.970001,67.440002,67.690002,544500,67.431919
2015-07-14,67.57,67.970001,67.440002,67.93,366700,67.671002
2015-07-13,66.949997,67.489998,66.629997,67.43,455700,67.172908
2015-07-10,65.889999,66.610001,65.449997,66.550003,521800,66.296266
2015-07-09,65.419998,65.589996,65.010002,65.080002,462300,64.831869
2015-07-08,64.169998,65.010002,64.169998,64.730003,859300,64.483205
2015-07-07,65.040001,65.209999,64.150002,64.639999,455800,64.393545
2015-07-06,64.139999,64.910004,63.959999,64.720001,472800,64.473241
2015-07-02,64.870003,65.050003,64.419998,64.540001,718900,64.293927
2015-07-01,64.889999,65.349998,64.449997,64.660004,1115700,64.413473
2015-06-30,65.230003,65.360001,64.169998,64.440002,477500,64.19431
2015-06-29,65.209999,65.349998,64.379997,64.480003,615500,64.234158
2015-06-26,66.330002,66.330002,65.339996,65.349998,681000,65.100837
2015-06-25,65.559998,66.260002,65.519997,66.00,597800,65.74836
2015-06-24,65.169998,65.709999,64.610001,65.559998,581800,65.310035
2015-06-23,65.059998,65.25,64.690002,64.82,364200,64.572859
2015-06-22,65.220001,65.510002,64.889999,64.949997,626500,64.70236
2015-06-19,64.540001,64.940002,64.379997,64.760002,854300,64.51309
2015-06-18,64.129997,64.809998,64.129997,64.470001,431800,64.224194
2015-06-17,64.150002,64.43,63.73,63.889999,418500,63.646404
2015-06-16,63.119999,64.00,62.84,63.830002,578700,63.586635
2015-06-15,63.259998,63.509998,62.09,63.119999,766600,62.879339
2015-06-12,63.75,63.93,63.16,63.490002,901800,63.247931
2015-06-11,64.150002,64.970001,63.889999,64.449997,738900,64.204266
2015-06-10,63.66,64.260002,63.529999,64.040001,630600,63.795834
2015-06-09,63.869999,64.099998,63.25,63.490002,478000,63.247931
2015-06-08,64.269997,64.879997,63.919998,64.010002,549900,63.765949
2015-06-05,64.260002,64.400002,63.549999,64.269997,847000,64.024952
2015-06-04,66.080002,66.440002,64.139999,64.480003,1604600,64.234158
2015-06-03,67.129997,67.309998,66.699997,66.769997,679200,66.515421
2015-06-02,67.07,67.629997,66.330002,66.889999,766200,66.634966
2015-06-01,66.68,68.029999,65.970001,67.459999,913600,67.202792
2015-05-29,66.25,67.309998,65.169998,66.830002,2238600,66.346073
2015-05-28,65.93,67.489998,65.080002,66.150002,1642100,65.670997
2015-05-27,67.400002,67.510002,64.040001,66.139999,4040700,65.661067
2015-05-26,68.940002,69.349998,68.239998,68.620003,850100,68.123112
2015-05-22,69.349998,70.169998,69.019997,69.129997,327400,68.629414
2015-05-21,70.07,70.379997,69.019997,69.639999,479500,69.135723
2015-05-20,70.489998,71.080002,69.989998,70.230003,929200,69.721455
2015-05-19,70.370003,70.529999,69.919998,70.410004,759200,69.900151
2015-05-18,69.410004,70.779999,69.199997,70.650002,587100,70.138411
2015-05-15,69.160004,69.610001,68.82,69.589996,323700,69.086082
2015-05-14,67.940002,69.120003,67.550003,69.120003,376400,68.619492
2015-05-13,67.260002,67.550003,66.629997,67.489998,351000,67.00129
2015-05-12,66.699997,67.18,66.199997,67.040001,318900,66.554552
2015-05-11,68.18,68.410004,67.410004,67.489998,425000,67.00129
2015-05-08,67.860001,68.529999,67.389999,68.129997,454900,67.636655
2015-05-07,67.00,67.980003,66.480003,67.269997,691000,66.782882
2015-05-06,67.07,67.360001,66.040001,66.489998,645100,66.008531
2015-05-05,67.50,67.860001,66.660004,67.00,526300,66.51484
2015-05-04,67.080002,68.489998,67.010002,67.959999,458600,67.467888
2015-05-01,66.620003,67.610001,66.230003,66.82,572600,66.336143
2015-04-30,67.75,67.93,66.279999,66.50,639800,66.018461
2015-04-29,69.32,69.550003,68.059998,68.099998,388800,67.606873
2015-04-28,68.690002,69.550003,67.839996,69.519997,431800,69.016589
2015-04-27,70.769997,70.919998,68.699997,68.919998,525300,68.420935
2015-04-24,70.790001,71.040001,70.300003,70.760002,228800,70.247616
2015-04-23,70.43,71.389999,70.199997,70.699997,280800,70.188045
2015-04-22,70.18,70.580002,69.57,70.43,164700,69.920003
2015-04-21,70.25,70.489998,70.019997,70.199997,287700,69.691665
2015-04-20,69.279999,69.739998,68.339996,69.699997,605100,69.195286
