Date,Open,High,Low,Close,Volume,Adj Close
2015-10-16,42.00,42.00,39.400002,40.009998,8768500,40.009998
2015-10-15,38.880001,39.52,38.599998,39.52,3445300,39.52
2015-10-14,39.220001,39.330002,38.34,38.50,3506100,38.50
2015-10-13,39.310001,39.650002,39.240002,39.310001,1676600,39.310001
2015-10-12,39.330002,39.66,39.189999,39.560001,1989000,39.560001
2015-10-09,39.830002,40.130001,39.380001,39.43,3481200,39.43
2015-10-08,39.290001,39.950001,39.23,39.849998,4051100,39.849998
2015-10-07,39.48,39.880001,39.200001,39.549999,4260500,39.549999
2015-10-06,39.110001,39.560001,38.990002,39.200001,4414100,39.200001
2015-10-05,38.669998,39.349998,38.450001,39.23,4939300,39.23
2015-10-02,37.34,38.290001,36.790001,38.290001,5329400,38.290001
2015-10-01,38.259998,38.68,38.02,38.59,5254100,38.59
2015-09-30,38.110001,38.27,37.619999,38.240002,4560800,38.240002
2015-09-29,37.369999,37.619999,37.09,37.580002,4320600,37.580002
2015-09-28,38.310001,38.43,37.209999,37.27,5465700,37.27
2015-09-25,38.400002,38.720001,38.240002,38.549999,5917700,38.549999
2015-09-24,37.50,37.779999,37.349998,37.720001,7568800,37.720001
2015-09-23,37.869999,38.119999,37.619999,38.00,4095000,38.00
2015-09-22,37.689999,37.990002,37.529999,37.880001,4242700,37.880001
2015-09-21,38.150002,38.529999,38.040001,38.32,4731600,38.32
2015-09-18,38.419998,38.580002,37.700001,37.790001,5992100,37.790001
2015-09-17,39.970001,40.34,38.860001,39.049999,4940500,39.049999
2015-09-16,40.18,40.50,39.490002,40.060001,3506400,40.060001
2015-09-15,39.810001,40.209999,39.68,40.119999,4204600,40.119999
2015-09-14,39.450001,39.84,39.220001,39.599998,3797100,39.599998
2015-09-11,39.400002,39.57,39.119999,39.509998,3307200,39.509998
2015-09-10,39.23,39.900002,39.110001,39.650002,3631100,39.650002
2015-09-09,40.459999,40.68,39.349998,39.419998,4254000,39.419998
2015-09-08,39.66,39.939999,39.369999,39.919998,3386700,39.919998
2015-09-04,38.77,39.029999,38.529999,38.810001,4439600,38.810001
2015-09-03,39.139999,39.77,38.950001,39.330002,4298000,39.330002
2015-09-02,39.150002,39.200001,38.25,38.950001,3904900,38.950001
2015-09-01,39.310001,39.509998,38.189999,38.470001,4307300,38.470001
2015-08-31,40.23,40.540001,40.07,40.369999,3235800,40.369999
2015-08-28,40.16,40.630001,40.09,40.509998,4026000,40.509998
2015-08-27,39.220001,40.50,39.220001,40.459999,6257200,40.459999
2015-08-26,38.700001,39.080002,37.799999,39.029999,4969700,38.789999
2015-08-25,39.540001,39.599998,37.610001,37.639999,6532100,37.408547
2015-08-24,37.950001,39.709999,37.470001,38.310001,8193400,38.074429
2015-08-21,41.880001,42.029999,40.700001,40.73,6065200,40.479546
2015-08-20,43.27,43.490002,42.380001,42.380001,3669200,42.119402
2015-08-19,44.07,44.200001,43.610001,43.830002,3993200,43.560486
2015-08-18,44.25,44.490002,44.040001,44.259998,2272600,43.987839
2015-08-17,43.799999,44.509998,43.669998,44.16,2981300,43.888455
2015-08-14,43.369999,44.18,43.279999,44.139999,3023700,43.868578
2015-08-13,42.990002,43.389999,42.830002,43.369999,3240000,43.103312
2015-08-12,43.599998,43.669998,42.32,42.950001,4864800,42.685896
2015-08-11,44.200001,44.349998,43.73,43.990002,2298100,43.719502
2015-08-10,44.16,44.700001,44.119999,44.689999,2722100,44.415195
2015-08-07,44.450001,44.75,43.689999,43.869999,2656000,43.600237
2015-08-06,44.720001,44.900002,44.240002,44.419998,2075700,44.146855
2015-08-05,44.439999,45.02,44.380001,44.639999,2270300,44.365503
2015-08-04,44.220001,44.669998,44.09,44.150002,3590300,43.878518
2015-08-03,44.349998,44.59,43.709999,44.009998,3661300,43.739376
2015-07-31,44.639999,44.720001,44.279999,44.34,2393000,44.067348
2015-07-30,44.34,44.779999,44.310001,44.689999,1897200,44.415195
2015-07-29,44.279999,44.549999,44.07,44.48,2640900,44.206487
2015-07-28,44.279999,44.380001,43.75,44.189999,3143100,43.918269
2015-07-27,43.98,44.200001,43.75,43.919998,3274700,43.649929
2015-07-24,44.27,44.650002,44.080002,44.310001,3390900,44.037534
2015-07-23,44.639999,45.040001,44.080002,44.34,3594800,44.067348
2015-07-22,44.740002,45.139999,44.369999,44.700001,5172900,44.425135
2015-07-21,44.75,45.32,44.639999,44.779999,3856900,44.504641
2015-07-20,44.77,44.939999,44.549999,44.66,4193900,44.38538
2015-07-17,45.779999,45.84,44.299999,44.75,3820000,44.474827
2015-07-16,45.459999,45.529999,45.060001,45.349998,4454200,45.071136
2015-07-15,44.93,45.509998,44.669998,45.259998,4019400,44.981689
2015-07-14,44.060001,44.779999,43.91,44.759998,3972500,44.484764
2015-07-13,44.330002,44.509998,44.00,44.330002,3920900,44.057412
2015-07-10,43.959999,44.110001,43.330002,43.869999,3608700,43.600237
2015-07-09,43.060001,43.43,42.990002,43.209999,3850400,42.944296
2015-07-08,42.57,42.77,42.32,42.439999,3234200,42.17903
2015-07-07,43.450001,43.529999,42.32,43.060001,4312700,42.795221
2015-07-06,42.869999,43.610001,42.869999,43.50,3935800,43.232514
2015-07-02,43.439999,43.830002,43.259998,43.540001,3099500,43.272269
2015-07-01,43.709999,43.889999,43.52,43.810001,2669900,43.540609
2015-06-30,43.220001,43.66,42.75,43.02,3512800,42.755466
2015-06-29,43.049999,43.450001,42.610001,42.630001,3605000,42.367864
2015-06-26,44.009998,44.240002,43.790001,43.869999,2752500,43.600237
2015-06-25,44.290001,44.470001,43.779999,43.810001,2611200,43.540609
2015-06-24,44.369999,44.59,44.049999,44.130001,3131600,43.858641
2015-06-23,44.529999,44.689999,44.27,44.50,2899300,44.226364
2015-06-22,44.049999,44.200001,43.880001,44.16,2380800,43.888455
2015-06-19,43.720001,43.889999,43.529999,43.59,3200400,43.32196
2015-06-18,43.900002,44.16,43.419998,43.869999,4423500,43.600237
2015-06-17,44.459999,44.580002,43.779999,43.889999,3399200,43.620115
2015-06-16,43.790001,44.439999,43.709999,44.299999,2738400,44.027594
2015-06-15,43.369999,44.169998,43.080002,43.919998,3333800,43.649929
2015-06-12,43.779999,43.91,43.419998,43.740002,1982400,43.471039
2015-06-11,44.049999,44.150002,43.740002,43.869999,2261800,43.600237
2015-06-10,43.639999,44.299999,43.529999,44.009998,2985000,43.739376
2015-06-09,42.93,43.529999,42.790001,43.41,2855600,43.143067
2015-06-08,43.110001,43.540001,42.810001,42.84,3213900,42.576572
2015-06-05,43.00,43.490002,42.82,43.02,2927000,42.755466
2015-06-04,42.68,43.00,42.330002,42.470001,2019300,42.208848
2015-06-03,42.470001,43.099998,42.470001,42.950001,3008500,42.685896
2015-06-02,41.98,42.459999,41.860001,42.34,3010400,42.079647
2015-06-01,42.849998,42.919998,41.950001,41.98,3282800,41.72186
2015-05-29,42.98,43.130001,42.580002,42.68,3475900,42.417556
2015-05-28,42.970001,43.099998,42.799999,43.009998,4520800,42.745525
2015-05-27,42.639999,43.09,42.439999,42.990002,2753100,42.725651
2015-05-26,42.849998,42.860001,42.439999,42.720001,2655400,42.218788
2015-05-22,42.880001,43.16,42.810001,42.900002,1282200,42.396676
2015-05-21,42.830002,43.110001,42.73,42.900002,1808500,42.396676
2015-05-20,43.169998,43.369999,42.689999,42.970001,3481800,42.465855
2015-05-19,42.990002,43.669998,42.93,43.619999,3018200,43.108226
2015-05-18,42.200001,42.860001,42.150002,42.779999,1798200,42.278082
2015-05-15,42.84,42.91,41.900002,42.150002,2083000,41.655476
2015-05-14,43.040001,43.150002,42.66,42.779999,2188200,42.278082
2015-05-13,42.59,43.00,42.380001,42.900002,1732500,42.396676
2015-05-12,42.490002,42.779999,42.080002,42.66,2437600,42.159491
2015-05-11,42.290001,42.799999,42.169998,42.650002,2217000,42.14961
2015-05-08,42.00,42.380001,41.700001,42.360001,1959300,41.863011
2015-05-07,41.790001,41.919998,41.48,41.740002,1895600,41.250286
2015-05-06,42.32,42.48,41.540001,41.869999,2228400,41.378758
2015-05-05,42.259998,42.860001,42.16,42.169998,4905000,41.675238
2015-05-04,41.73,42.450001,41.650002,42.450001,3910800,41.951955
2015-05-01,41.75,41.84,41.360001,41.68,2722700,41.190989
2015-04-30,41.610001,41.810001,41.259998,41.50,3975800,41.0131
2015-04-29,41.02,41.889999,41.009998,41.700001,3342400,41.210755
2015-04-28,40.68,41.169998,40.459999,41.150002,2721300,40.667208
2015-04-27,40.669998,41.209999,40.529999,40.630001,2779700,40.153309
2015-04-24,40.759998,40.830002,40.400002,40.470001,3595600,39.995186
2015-04-23,41.189999,41.27,40.860001,40.91,4628900,40.430023
2015-04-22,41.50,41.639999,41.02,41.419998,4236100,40.934037
2015-04-21,41.849998,42.110001,41.240002,41.470001,5439800,40.983454
2015-04-20,41.91,42.060001,41.52,41.77,4555100,41.279933
