Date,Open,High,Low,Close,Volume,Adj Close
2015-10-15,66.07,67.260002,66.040001,67.18,1551000,67.18
2015-10-14,66.519997,67.00,65.790001,65.879997,1803900,65.879997
2015-10-13,65.370003,68.580002,65.099998,66.489998,4028100,66.489998
2015-10-12,63.889999,65.660004,63.830002,65.389999,2664600,65.389999
2015-10-09,63.09,64.029999,62.98,63.990002,3104500,63.990002
2015-10-08,63.049999,63.450001,62.639999,63.189999,1428400,63.189999
2015-10-07,62.860001,63.360001,62.299999,63.099998,1498700,63.099998
2015-10-06,63.799999,63.919998,61.759998,62.48,2228200,62.48
2015-10-05,63.400002,64.599998,63.099998,64.00,2034900,64.00
2015-10-02,61.860001,63.91,61.009998,63.810001,2414900,63.810001
2015-10-01,63.360001,63.720001,62.470001,62.759998,2661000,62.759998
2015-09-30,63.799999,63.82,62.66,63.09,2285400,63.09
2015-09-29,63.110001,64.059998,62.400002,62.939999,1708400,62.939999
2015-09-28,64.209999,64.440002,62.360001,62.779999,2280900,62.779999
2015-09-25,66.879997,67.080002,64.400002,64.849998,1416800,64.56
2015-09-24,66.080002,66.510002,65.830002,66.379997,1560300,66.083157
2015-09-23,66.57,67.120003,66.239998,66.349998,1140300,66.053292
2015-09-22,66.489998,67.370003,66.019997,66.599998,1691200,66.302174
2015-09-21,67.800003,68.050003,66.620003,66.970001,1319000,66.670522
2015-09-18,68.029999,68.419998,67.199997,67.309998,3138900,67.008998
2015-09-17,69.480003,70.349998,68.900002,69.239998,1162000,68.930368
2015-09-16,69.059998,69.610001,68.970001,69.32,1855200,69.010012
2015-09-15,68.830002,69.110001,68.349998,69.040001,1896900,68.731265
2015-09-14,69.879997,70.260002,68.169998,68.459999,1966700,68.153857
2015-09-11,69.449997,70.080002,69.120003,69.790001,1021300,69.477911
2015-09-10,68.720001,70.019997,68.449997,69.730003,1531700,69.418182
2015-09-09,71.43,71.900002,68.43,68.589996,2593000,68.283273
2015-09-08,70.709999,71.260002,70.260002,71.239998,1205300,70.921424
2015-09-04,69.82,70.059998,68.900002,69.639999,1146400,69.328581
2015-09-03,71.389999,71.669998,70.110001,70.379997,1437000,70.065269
2015-09-02,69.57,71.089996,68.870003,71.059998,2013100,70.742229
2015-09-01,69.089996,70.480003,68.150002,68.68,1977600,68.372874
2015-08-31,72.519997,72.730003,70.75,70.809998,1330300,70.493347
2015-08-28,72.160004,72.919998,71.849998,72.620003,1679500,72.295258
2015-08-27,72.669998,73.370003,70.769997,72.43,8793400,72.106105
2015-08-26,69.480003,69.68,67.199997,69.339996,2260100,69.029919
2015-08-25,68.610001,70.00,67.360001,68.260002,4329900,67.954754
2015-08-24,65.300003,68.120003,63.950001,66.419998,3085600,66.122979
2015-08-21,69.57,69.68,68.019997,68.019997,1658100,67.715822
2015-08-20,71.470001,71.790001,70.25,70.300003,1133500,69.985633
2015-08-19,72.129997,72.730003,71.400002,72.139999,1584100,71.817401
2015-08-18,72.32,72.889999,72.199997,72.50,1672300,72.175792
2015-08-17,70.669998,72.620003,70.18,72.540001,2293100,72.215614
2015-08-14,71.120003,71.25,70.550003,70.940002,1148100,70.62277
2015-08-13,71.379997,71.529999,70.470001,71.220001,2291500,70.901517
2015-08-12,70.910004,71.419998,70.18,71.239998,1459700,70.921424
2015-08-11,71.559998,72.050003,71.190002,71.589996,1021500,71.269857
2015-08-10,71.75,72.349998,71.75,72.00,1186400,71.678028
2015-08-07,71.839996,72.110001,70.690002,71.43,1526700,71.110577
2015-08-06,73.199997,73.620003,71.769997,71.940002,1292100,71.618298
2015-08-05,73.580002,74.150002,73.129997,73.309998,1168700,72.982167
2015-08-04,73.489998,73.68,72.589996,72.760002,1462200,72.434631
2015-08-03,73.870003,74.279999,73.309998,73.400002,1811900,73.071769
2015-07-31,74.339996,74.529999,73.709999,73.82,1847500,73.489889
2015-07-30,74.139999,74.330002,73.57,73.910004,1139300,73.57949
2015-07-29,74.309998,74.519997,73.610001,74.419998,1466900,74.087204
2015-07-28,73.470001,74.25,73.199997,74.190002,1441500,73.858237
2015-07-27,73.900002,74.43,73.019997,73.18,1927900,72.852751
2015-07-24,75.110001,75.910004,73.790001,73.940002,1998600,73.609355
2015-07-23,76.050003,76.529999,75.050003,75.529999,2896800,75.192241
2015-07-22,75.650002,77.889999,75.349998,76.669998,4452500,76.327142
2015-07-21,76.830002,80.839996,75.379997,76.709999,3834900,76.366964
2015-07-20,77.099998,77.349998,76.489998,76.57,1373900,76.227591
2015-07-17,77.010002,77.230003,76.300003,77.160004,1279900,76.814957
2015-07-16,76.010002,77.260002,75.190002,77.169998,1266600,76.824906
2015-07-15,77.040001,77.089996,76.099998,76.260002,1470400,75.91898
2015-07-14,76.419998,77.309998,76.169998,76.970001,1514200,76.625804
2015-07-13,75.849998,76.550003,75.660004,76.43,1249500,76.088218
2015-07-10,75.160004,75.599998,74.790001,75.330002,977900,74.993138
2015-07-09,74.709999,75.080002,74.410004,74.540001,1842600,74.20667
2015-07-08,74.220001,74.550003,73.510002,73.690002,1597000,73.360473
2015-07-07,73.400002,74.139999,72.25,74.059998,1349500,73.728813
2015-07-06,72.370003,73.449997,72.029999,73.050003,1480400,72.723335
2015-07-02,73.720001,73.720001,72.400002,73.029999,1030200,72.70342
2015-07-01,73.739998,74.25,73.089996,73.629997,1447800,73.300736
2015-06-30,73.620003,73.809998,72.68,73.07,931000,72.743242
2015-06-29,73.610001,74.489998,72.760002,72.849998,1177900,72.524225
2015-06-26,74.580002,74.730003,74.050003,74.379997,1282600,74.047382
2015-06-25,74.550003,75.279999,74.370003,74.650002,654800,74.027474
2015-06-24,75.080002,75.220001,74.370003,74.43,994100,73.809307
2015-06-23,75.809998,75.949997,75.089996,75.300003,811000,74.672055
2015-06-22,76.050003,76.330002,75.660004,75.82,560300,75.187715
2015-06-19,75.769997,75.870003,75.519997,75.660004,1016200,75.029053
2015-06-18,74.440002,75.959999,74.18,75.839996,1548700,75.207545
2015-06-17,74.330002,74.669998,73.68,74.199997,1394000,73.581222
2015-06-16,73.889999,74.199997,73.449997,73.989998,979500,73.372974
2015-06-15,73.489998,73.889999,72.720001,73.860001,1179200,73.244061
2015-06-12,74.760002,74.860001,73.980003,74.339996,743900,73.720054
2015-06-11,74.779999,75.760002,74.550003,75.139999,1331400,74.513385
2015-06-10,73.529999,74.599998,73.349998,74.440002,895300,73.819226
2015-06-09,73.089996,73.730003,72.919998,73.389999,875700,72.777979
2015-06-08,73.769997,74.029999,73.129997,73.139999,1123000,72.530064
2015-06-05,73.349998,73.889999,72.809998,73.830002,1037500,73.214312
2015-06-04,74.029999,74.349998,73.199997,73.349998,1223000,72.738312
2015-06-03,74.379997,74.800003,74.040001,74.470001,728200,73.848975
2015-06-02,74.25,74.809998,73.629997,74.209999,991600,73.591141
2015-06-01,74.150002,75.169998,73.510002,74.389999,1739900,73.76964
2015-05-29,74.120003,74.279999,73.489998,73.75,1834900,73.134978
2015-05-28,74.290001,75.050003,73.919998,74.150002,1076900,73.531643
2015-05-27,74.199997,74.480003,73.589996,74.300003,780700,73.680394
2015-05-26,74.290001,74.379997,73.510002,73.690002,1074800,73.07548
2015-05-22,74.519997,74.650002,74.139999,74.269997,993500,73.650638
2015-05-21,74.339996,74.870003,74.139999,74.739998,883000,74.11672
2015-05-20,74.699997,75.00,74.360001,74.459999,1223000,73.839056
2015-05-19,74.730003,74.919998,74.239998,74.580002,976100,73.958058
2015-05-18,74.970001,75.230003,74.50,74.730003,1567100,74.106808
2015-05-15,74.489998,75.120003,73.730003,74.959999,2502700,74.334886
2015-05-14,72.410004,74.660004,72.00,74.489998,2395300,73.868804
2015-05-13,71.620003,72.209999,71.50,71.760002,1070300,71.161575
2015-05-12,71.949997,72.360001,71.519997,71.769997,965600,71.171486
2015-05-11,72.209999,72.830002,72.07,72.529999,1042400,71.92515
2015-05-08,72.080002,72.779999,72.040001,72.459999,1041200,71.855734
2015-05-07,71.209999,71.879997,71.099998,71.349998,1544700,70.75499
2015-05-06,71.330002,71.629997,70.599998,71.07,1446300,70.477327
2015-05-05,72.330002,72.410004,71.160004,71.330002,1438300,70.735161
2015-05-04,71.639999,73.139999,71.269997,72.589996,1922000,71.984648
2015-05-01,70.730003,71.650002,70.709999,71.470001,2078800,70.873992
2015-04-30,70.919998,71.480003,69.699997,70.050003,2166900,69.465836
2015-04-29,72.239998,72.900002,71.209999,71.669998,1821000,71.072322
2015-04-28,72.269997,72.889999,71.580002,72.580002,1840800,71.974736
2015-04-27,73.93,74.00,72.110001,72.300003,2217200,71.697073
2015-04-24,73.519997,74.199997,73.00,73.470001,3091800,72.857314
2015-04-23,74.900002,75.730003,73.769997,74.010002,4722900,73.392812
2015-04-22,70.150002,73.739998,70.089996,73.550003,7001300,72.936649
2015-04-21,68.440002,69.220001,68.199997,69.120003,2102200,68.543591
2015-04-20,68.029999,68.650002,67.879997,68.230003,1222400,67.661014
