Date,Open,High,Low,Close,Volume,Adj Close
2015-10-16,20.860001,21.030001,20.790001,20.969999,749900,20.969999
2015-10-15,20.50,20.809999,20.41,20.809999,875900,20.809999
2015-10-14,20.540001,20.639999,20.42,20.469999,933300,20.469999
2015-10-13,20.51,20.639999,20.49,20.530001,569000,20.530001
2015-10-12,20.450001,20.709999,20.450001,20.59,799100,20.59
2015-10-09,20.66,20.709999,20.379999,20.450001,861900,20.450001
2015-10-08,20.309999,20.67,20.25,20.629999,1043300,20.629999
2015-10-07,20.219999,20.459999,20.200001,20.34,1390300,20.34
2015-10-06,20.360001,20.450001,20.08,20.129999,1220500,20.129999
2015-10-05,20.110001,20.43,20.01,20.379999,1610200,20.379999
2015-10-02,19.40,20.00,19.27,20.00,1842100,20.00
2015-10-01,19.43,19.549999,19.26,19.42,1811600,19.42
2015-09-30,19.059999,19.469999,19.040001,19.41,1423600,19.41
2015-09-29,19.129999,19.27,18.969999,19.040001,1189400,19.040001
2015-09-28,19.09,19.25,18.940001,19.10,1096300,19.10
2015-09-25,19.08,19.34,19.02,19.15,1033000,19.15
2015-09-24,18.889999,19.139999,18.82,19.08,1172800,19.08
2015-09-23,18.92,19.10,18.889999,18.950001,1116900,18.950001
2015-09-22,19.16,19.280001,18.860001,18.889999,1612200,18.889999
2015-09-21,19.290001,19.50,19.219999,19.26,1269000,19.26
2015-09-18,19.08,19.40,19.059999,19.23,1821900,19.23
2015-09-17,19.07,19.530001,19.059999,19.26,1332000,19.26
2015-09-16,18.879999,19.17,18.860001,19.10,1101500,19.10
2015-09-15,18.700001,18.84,18.59,18.83,963600,18.83
2015-09-14,18.58,18.75,18.51,18.68,1107200,18.68
2015-09-11,18.68,18.68,18.389999,18.59,1738700,18.59
2015-09-10,18.77,19.07,18.719999,18.84,2152100,18.84
2015-09-09,18.639999,18.98,18.639999,18.790001,900200,18.790001
2015-09-08,18.719999,18.93,18.559999,18.84,1392800,18.84
2015-09-04,18.700001,18.780001,18.43,18.59,1266500,18.59
2015-09-03,18.959999,19.08,18.75,18.870001,1618600,18.870001
2015-09-02,19.209999,19.299999,18.809999,18.940001,1876600,18.940001
2015-09-01,19.049999,19.280001,19.00,19.08,2440700,19.08
2015-08-31,19.530001,19.620001,19.17,19.309999,2986800,19.309999
2015-08-28,18.940001,19.629999,18.93,19.629999,3422600,19.629999
2015-08-27,18.82,19.00,18.559999,18.98,1993200,18.98
2015-08-26,18.799999,18.84,18.290001,18.690001,1515500,18.690001
2015-08-25,19.27,19.27,18.49,18.50,1938000,18.50
2015-08-24,18.91,19.360001,18.48,18.950001,2964800,18.950001
2015-08-21,19.459999,19.549999,19.139999,19.299999,4751500,19.299999
2015-08-20,20.049999,20.15,19.59,19.629999,4975400,19.629999
2015-08-19,21.370001,21.379999,20.99,21.17,1457900,21.17
2015-08-18,21.82,21.889999,21.58,21.629999,657400,21.419999
2015-08-17,21.66,21.870001,21.57,21.85,740100,21.637864
2015-08-14,21.57,21.67,21.40,21.639999,944100,21.429902
2015-08-13,21.450001,21.639999,21.360001,21.43,896000,21.221942
2015-08-12,21.27,21.530001,21.27,21.51,2011000,21.301165
2015-08-11,20.91,21.370001,20.83,21.32,2078400,21.113009
2015-08-10,21.23,21.40,20.82,21.01,2780800,20.806019
2015-08-07,20.77,21.370001,20.52,21.26,2509500,21.053592
2015-08-06,21.75,21.950001,20.299999,20.799999,5418600,20.598057
2015-08-05,21.91,22.200001,21.91,22.07,1639300,21.855727
2015-08-04,22.110001,22.209999,21.809999,21.83,901400,21.618058
2015-08-03,22.17,22.280001,22.02,22.15,733500,21.934951
2015-07-31,22.02,22.290001,21.870001,22.139999,1382700,21.925047
2015-07-30,21.719999,22.02,21.68,21.84,704500,21.627961
2015-07-29,21.620001,21.84,21.57,21.82,855200,21.608155
2015-07-28,21.65,21.74,21.43,21.68,859500,21.469514
2015-07-27,21.34,21.77,21.299999,21.639999,627400,21.429902
2015-07-24,21.440001,21.52,21.35,21.41,604200,21.202135
2015-07-23,21.68,21.68,21.389999,21.42,888800,21.212038
2015-07-22,21.530001,21.77,21.530001,21.709999,726400,21.499222
2015-07-21,21.60,21.719999,21.469999,21.58,972100,21.370485
2015-07-20,21.719999,21.73,21.459999,21.60,609600,21.390291
2015-07-17,21.860001,21.959999,21.719999,21.719999,726800,21.509125
2015-07-16,21.66,21.91,21.60,21.91,569000,21.697281
2015-07-15,21.59,21.700001,21.50,21.610001,346200,21.400194
2015-07-14,21.57,21.65,21.49,21.60,573100,21.390291
2015-07-13,21.530001,21.77,21.450001,21.57,706800,21.360582
2015-07-10,21.48,21.700001,21.440001,21.50,591100,21.291262
2015-07-09,21.889999,21.99,21.450001,21.459999,1067200,21.251649
2015-07-08,21.870001,21.959999,21.610001,21.790001,985700,21.578447
2015-07-07,21.450001,22.040001,21.450001,21.99,1392900,21.776504
2015-07-06,21.280001,21.50,21.15,21.43,1257200,21.221942
2015-07-02,21.01,21.52,20.84,21.34,1134300,21.132815
2015-07-01,20.969999,21.120001,20.809999,20.889999,862700,20.687183
2015-06-30,21.18,21.27,20.879999,20.91,1028500,20.70699
2015-06-29,21.190001,21.43,21.08,21.09,834600,20.885242
2015-06-26,21.139999,21.370001,21.07,21.34,984400,21.132815
2015-06-25,21.309999,21.32,21.110001,21.16,706700,20.954562
2015-06-24,21.40,21.49,21.280001,21.290001,690000,21.083301
2015-06-23,21.58,21.60,21.360001,21.440001,566200,21.231845
2015-06-22,21.549999,21.709999,21.35,21.620001,898100,21.410097
2015-06-19,21.67,21.719999,21.459999,21.48,1157700,21.271455
2015-06-18,21.629999,21.790001,21.629999,21.66,763800,21.449708
2015-06-17,21.469999,21.77,21.40,21.60,1296300,21.390291
2015-06-16,21.190001,21.309999,21.059999,21.23,782400,21.023883
2015-06-15,21.190001,21.34,20.969999,21.18,576600,20.974369
2015-06-12,21.43,21.43,21.15,21.23,764700,21.023883
2015-06-11,21.50,21.610001,21.379999,21.450001,1071100,21.241748
2015-06-10,21.540001,21.65,21.389999,21.389999,795900,21.182329
2015-06-09,21.57,21.58,21.40,21.40,770000,21.192232
2015-06-08,21.17,21.709999,21.110001,21.50,1899200,21.291262
2015-06-05,21.540001,21.59,21.110001,21.17,1178800,20.964466
2015-06-04,21.799999,21.93,21.700001,21.73,862200,21.519028
2015-06-03,22.02,22.09,21.780001,21.799999,973800,21.588348
2015-06-02,22.709999,22.790001,22.17,22.200001,1117500,21.776506
2015-06-01,22.700001,22.92,22.67,22.76,967600,22.325823
2015-05-29,22.73,22.84,22.629999,22.700001,876500,22.266968
2015-05-28,22.719999,22.799999,22.540001,22.77,1527300,22.335632
2015-05-27,22.690001,22.75,22.59,22.719999,769800,22.286585
2015-05-26,22.639999,22.700001,22.59,22.65,759200,22.21792
2015-05-22,22.790001,22.84,22.700001,22.76,1176200,22.325823
2015-05-21,22.950001,23.040001,22.690001,22.799999,1202400,22.365059
2015-05-20,23.059999,23.139999,22.700001,22.940001,2391800,22.502389
2015-05-19,23.23,23.24,23.040001,23.049999,1514100,22.610289
2015-05-18,23.08,23.33,23.030001,23.290001,893700,22.845713
2015-05-15,22.99,23.209999,22.92,23.16,695600,22.718192
2015-05-14,22.809999,22.950001,22.73,22.940001,644100,22.502389
2015-05-13,22.92,23.01,22.66,22.719999,684700,22.286585
2015-05-12,22.90,22.93,22.66,22.85,876100,22.414106
2015-05-11,23.049999,23.190001,22.91,22.92,1016100,22.48277
2015-05-08,23.32,23.32,23.040001,23.120001,540400,22.678956
2015-05-07,22.969999,23.219999,22.940001,23.10,805700,22.659337
2015-05-06,23.280001,23.280001,22.870001,22.959999,865300,22.522006
2015-05-05,23.74,23.780001,23.129999,23.17,1156400,22.728001
2015-05-04,23.639999,23.959999,23.57,23.790001,670300,23.336175
2015-05-01,23.43,23.67,23.34,23.66,957700,23.208653
2015-04-30,23.299999,23.959999,23.280001,23.440001,2836900,22.992851
2015-04-29,24.10,24.17,23.889999,24.09,685500,23.630451
2015-04-28,24.00,24.290001,23.83,24.25,645300,23.787399
2015-04-27,24.23,24.25,23.809999,24.02,732500,23.561787
2015-04-24,24.139999,24.33,24.07,24.190001,528400,23.728544
2015-04-23,23.969999,24.16,23.92,24.120001,536600,23.659879
2015-04-22,23.99,24.10,23.83,23.950001,502900,23.493122
2015-04-21,23.959999,24.23,23.860001,23.950001,1013400,23.493122
2015-04-20,23.780001,24.10,23.76,23.90,740200,23.444075
