Date,Open,High,Low,Close,Volume,Adj Close
2015-10-15,134.490005,135.729996,134.009995,134.929993,1377800,134.929993
2015-10-14,135.160004,135.910004,133.259995,133.690002,1270000,133.690002
2015-10-13,137.309998,137.710007,134.699997,135.020004,1319300,135.020004
2015-10-12,136.949997,138.669998,136.690002,137.070007,1208300,137.070007
2015-10-09,136.800003,137.669998,136.080002,136.889999,1194700,136.889999
2015-10-08,134.509995,136.839996,133.470001,136.690002,1986700,136.690002
2015-10-07,135.399994,135.399994,131.960007,134.570007,3039400,134.570007
2015-10-06,132.110001,132.470001,130.669998,131.320007,1488900,131.320007
2015-10-05,130.00,132.529999,129.600006,132.240005,1857600,132.240005
2015-10-02,126.589996,129.210007,126.00,129.119995,1120700,129.119995
2015-10-01,125.150002,127.769997,124.57,127.699997,1532500,127.699997
2015-09-30,125.199997,125.50,123.510002,125.209999,1416300,125.209999
2015-09-29,125.790001,126.480003,122.349998,123.50,1479700,123.50
2015-09-28,129.470001,129.619995,125.209999,125.93,1311300,125.93
2015-09-25,128.779999,130.00,127.709999,129.820007,1658800,129.820007
2015-09-24,127.339996,127.830002,126.300003,127.120003,580300,127.120003
2015-09-23,127.870003,128.570007,127.440002,128.050003,606600,128.050003
2015-09-22,127.089996,128.139999,126.32,127.239998,905400,127.239998
2015-09-21,127.970001,129.339996,127.580002,128.220001,1265300,128.220001
2015-09-18,129.009995,130.50,127.349998,127.349998,3853200,127.349998
2015-09-17,131.190002,132.199997,130.130005,130.410004,1391300,130.410004
2015-09-16,129.559998,131.380005,128.869995,131.160004,1997700,131.160004
2015-09-15,128.309998,128.929993,127.639999,128.539993,1131400,128.539993
2015-09-14,127.75,128.149994,126.900002,127.900002,773600,127.900002
2015-09-11,125.809998,127.459999,125.529999,127.410004,1253600,127.410004
2015-09-10,125.879997,127.839996,125.730003,127.410004,883300,127.410004
2015-09-09,129.960007,129.990005,125.550003,125.910004,1488300,125.910004
2015-09-08,128.960007,129.169998,127.239998,129.160004,1308800,129.160004
2015-09-04,127.220001,128.300003,126.830002,127.519997,1446800,127.519997
2015-09-03,129.440002,130.289993,128.639999,129.00,1369500,129.00
2015-09-02,129.070007,129.089996,127.540001,129.00,1609200,129.00
2015-09-01,127.00,128.710007,126.550003,127.720001,2721600,127.720001
2015-08-31,127.769997,128.369995,126.760002,128.00,1582000,128.00
2015-08-28,126.489998,128.029999,126.00,127.940002,1213300,127.940002
2015-08-27,126.110001,127.82,125.019997,127.040001,1706300,127.040001
2015-08-26,121.879997,125.339996,120.120003,124.879997,3339800,124.879997
2015-08-25,123.230003,123.559998,119.470001,120.010002,1631100,120.010002
2015-08-24,115.269997,122.610001,114.489998,119.279999,2993900,119.279999
2015-08-21,127.900002,127.900002,122.849998,123.110001,1953100,123.110001
2015-08-20,128.589996,129.800003,128.289993,128.669998,1340900,128.669998
2015-08-19,129.320007,130.080002,128.059998,129.729996,1198500,129.729996
2015-08-18,128.580002,130.419998,128.580002,129.699997,1351500,129.699997
2015-08-17,127.470001,128.630005,126.980003,128.509995,961100,128.509995
2015-08-14,127.330002,128.130005,126.970001,128.009995,1160100,128.009995
2015-08-13,125.669998,128.039993,125.110001,127.529999,1886300,127.529999
2015-08-12,123.989998,125.360001,123.019997,125.25,1473000,125.25
2015-08-11,123.099998,125.18,122.739998,125.07,957200,125.07
2015-08-10,124.300003,124.980003,123.760002,123.989998,971800,123.989998
2015-08-07,123.769997,123.980003,122.809998,123.529999,865300,123.529999
2015-08-06,123.980003,124.50,123.43,124.18,1254900,123.870002
2015-08-05,121.699997,123.440002,121.260002,123.349998,837800,123.042072
2015-08-04,120.949997,121.449997,120.639999,121.239998,989400,120.937339
2015-08-03,120.610001,121.669998,120.32,121.029999,1233300,120.727864
2015-07-31,119.43,120.160004,118.919998,120.019997,1389300,119.720383
2015-07-30,117.730003,119.610001,116.559998,119.00,753700,118.702933
2015-07-29,118.029999,118.989998,117.720001,118.629997,692200,118.333854
2015-07-28,118.00,118.00,116.550003,117.739998,752400,117.446076
2015-07-27,116.010002,117.400002,115.410004,117.339996,998000,117.047073
2015-07-24,117.43,118.129997,116.32,116.43,668000,116.139349
2015-07-23,119.360001,119.580002,117.349998,117.559998,642300,117.266525
2015-07-22,116.889999,119.410004,116.489998,119.370003,1051600,119.072012
2015-07-21,117.730003,118.080002,116.459999,116.989998,477300,116.697949
2015-07-20,117.800003,118.25,117.440002,117.919998,481300,117.625627
2015-07-17,117.199997,117.989998,117.139999,117.779999,726300,117.485977
2015-07-16,117.279999,117.790001,116.75,117.540001,762200,117.246579
2015-07-15,117.660004,117.830002,116.349998,116.440002,840300,116.149326
2015-07-14,116.900002,117.800003,116.589996,117.650002,960500,117.356305
2015-07-13,116.489998,117.099998,116.209999,117.040001,692400,116.747827
2015-07-10,116.870003,117.300003,115.779999,116.040001,630200,115.750323
2015-07-09,117.389999,117.760002,115.449997,115.540001,813400,115.251571
2015-07-08,116.849998,117.18,115.650002,115.879997,914900,115.590719
2015-07-07,116.300003,117.730003,114.669998,117.50,1180000,117.206677
2015-07-06,116.139999,116.629997,115.599998,116.220001,1484300,115.929874
2015-07-02,116.879997,118.739998,116.32,117.089996,1635300,116.797697
2015-07-01,120.370003,120.540001,116.00,116.00,2579200,115.710422
2015-06-30,116.699997,117.07,115.879997,116.019997,1320100,115.730369
2015-06-29,116.629997,117.209999,115.529999,115.599998,873500,115.311419
2015-06-26,118.07,118.269997,116.910004,117.400002,1437500,117.106929
2015-06-25,118.18,118.75,117.589996,117.669998,1149400,117.376251
2015-06-24,119.410004,119.709999,117.629997,117.739998,1084700,117.446076
2015-06-23,120.169998,120.220001,119.32,119.419998,964700,119.121883
2015-06-22,120.419998,120.419998,119.290001,119.559998,1040300,119.261533
2015-06-19,119.959999,120.110001,119.099998,119.50,1260800,119.201685
2015-06-18,120.32,120.739998,119.379997,120.269997,1247200,119.969759
2015-06-17,118.230003,119.449997,118.18,119.080002,1212600,118.782735
2015-06-16,117.029999,118.540001,116.410004,117.75,1133100,117.456053
2015-06-15,119.900002,119.900002,116.57,117.029999,2333500,116.73785
2015-06-12,120.260002,120.75,119.839996,120.519997,544600,120.219135
2015-06-11,122.080002,122.129997,120.82,121.029999,681000,120.727864
2015-06-10,120.480003,121.949997,120.220001,121.75,790800,121.446068
2015-06-09,120.059998,120.489998,118.879997,120.309998,691500,120.00966
2015-06-08,119.599998,121.099998,119.029999,119.889999,943400,119.590711
2015-06-05,119.139999,119.489998,118.010002,118.870003,704400,118.57326
2015-06-04,121.169998,121.370003,119.330002,119.550003,710400,119.251563
2015-06-03,120.769997,121.410004,119.730003,121.389999,828300,121.086966
2015-06-02,119.18,120.419998,118.330002,120.019997,658100,119.720383
2015-06-01,118.790001,120.730003,118.790001,119.839996,836800,119.540832
2015-05-29,119.029999,119.190002,117.339996,117.889999,776300,117.595703
2015-05-28,118.239998,119.309998,117.910004,119.029999,502300,118.732857
2015-05-27,117.779999,118.459999,117.279999,118.239998,498600,117.944828
2015-05-26,118.139999,118.580002,117.330002,117.489998,819600,117.1967
2015-05-22,118.949997,119.260002,117.93,118.279999,551400,117.984729
2015-05-21,119.260002,119.989998,118.43,119.010002,596000,118.71291
2015-05-20,119.559998,120.480003,119.150002,119.519997,647100,119.221631
2015-05-19,119.120003,120.339996,118.889999,119.510002,944500,119.211662
2015-05-18,118.629997,119.419998,118.330002,119.010002,719100,118.71291
2015-05-15,117.720001,118.510002,117.150002,118.449997,801600,118.154303
2015-05-14,116.50,117.580002,116.190002,117.510002,1037800,117.216655
2015-05-13,115.599998,116.529999,115.120003,115.610001,771100,115.321396
2015-05-12,116.589996,116.699997,114.980003,115.68,1029800,115.391221
2015-05-11,115.919998,118.580002,115.919998,117.220001,1241700,116.927378
2015-05-08,115.849998,116.860001,115.849998,116.32,853300,116.029623
2015-05-07,114.900002,116.00,114.650002,115.309998,1285800,115.022142
2015-05-06,116.510002,116.550003,114.769997,115.080002,813200,114.792721
2015-05-05,116.779999,116.959999,115.730003,116.040001,1314400,115.441092
2015-05-04,117.080002,118.239998,116.779999,117.32,990200,116.714485
2015-05-01,116.470001,117.330002,115.849998,117.190002,1142400,116.585158
2015-04-30,116.129997,116.93,115.739998,115.940002,1314900,115.34161
2015-04-29,116.449997,116.769997,115.879997,116.260002,850800,115.659958
2015-04-28,116.00,117.919998,116.00,117.120003,812100,116.51552
2015-04-27,115.959999,116.550003,115.57,116.360001,820700,115.75944
2015-04-24,115.919998,116.199997,115.260002,115.639999,685100,115.043155
2015-04-23,115.459999,116.870003,115.25,116.00,843800,115.401298
2015-04-22,117.00,117.349998,115.900002,115.989998,967700,115.391347
2015-04-21,115.870003,118.129997,115.519997,117.290001,1016600,116.684641
2015-04-20,116.650002,117.089996,116.120003,116.459999,538100,115.858923
