Date,Open,High,Low,Close,Volume,Adj Close
2015-10-15,9.32,9.50,9.04,9.29,17295500,9.29
2015-10-14,8.85,9.47,8.82,9.28,22369400,9.28
2015-10-13,8.83,9.40,8.70,8.91,21154500,8.91
2015-10-12,9.10,9.20,8.57,8.98,20545000,8.98
2015-10-09,9.35,9.50,9.06,9.25,25056100,9.25
2015-10-08,9.69,9.69,8.84,9.16,37771900,9.16
2015-10-07,9.40,10.07,9.07,9.72,54958000,9.72
2015-10-06,8.90,9.23,8.33,8.69,36329700,8.69
2015-10-05,8.54,9.34,8.52,9.04,58109200,9.04
2015-10-02,7.03,8.36,6.80,8.27,41609300,8.27
2015-10-01,7.15,7.62,6.91,7.20,43827100,7.20
2015-09-30,6.95,7.27,6.77,7.18,36432400,7.18
2015-09-29,7.08,7.67,6.56,6.66,41436800,6.66
2015-09-28,8.23,8.36,6.76,6.97,52223800,6.97
2015-09-25,9.18,9.28,8.29,8.50,29637500,8.50
2015-09-24,9.01,9.25,8.55,9.07,42713100,9.07
2015-09-23,10.36,10.39,9.25,9.31,28686500,9.31
2015-09-22,10.92,11.05,9.86,10.37,25946400,10.37
2015-09-21,11.30,11.63,11.09,11.13,14447200,11.13
2015-09-18,11.28,11.53,11.06,11.28,20174600,11.28
2015-09-17,11.29,11.99,11.20,11.63,20938200,11.63
2015-09-16,11.20,11.83,11.20,11.50,20537300,11.50
2015-09-15,10.85,11.27,10.78,11.25,21576200,11.25
2015-09-14,11.30,11.32,10.50,10.60,21132600,10.60
2015-09-11,11.17,11.36,10.64,11.28,22714400,11.28
2015-09-10,12.02,12.41,11.04,11.26,28429400,11.26
2015-09-09,13.20,13.22,11.90,11.96,30446900,11.96
2015-09-08,12.62,12.98,12.33,12.94,26567900,12.94
2015-09-04,11.64,12.51,11.60,11.99,29668000,11.99
2015-09-03,11.06,12.25,11.01,11.94,50252600,11.94
2015-09-02,11.17,11.25,10.38,10.79,30438300,10.79
2015-09-01,10.05,11.47,9.98,10.76,51378900,10.76
2015-08-31,10.71,10.98,10.18,10.40,36560300,10.40
2015-08-28,9.90,11.01,9.89,10.30,32365300,10.30
2015-08-27,9.52,10.25,9.49,10.10,39723300,10.10
2015-08-26,9.03,9.84,8.10,9.22,80159500,9.22
2015-08-25,11.32,11.33,8.78,8.80,71619700,8.80
2015-08-24,9.80,12.02,9.04,10.73,48844000,10.73
2015-08-21,11.82,11.95,10.61,10.72,58916000,10.72
2015-08-20,13.28,13.30,12.05,12.10,36224400,12.10
2015-08-19,14.40,14.45,13.27,13.47,30904100,13.47
2015-08-18,15.50,15.87,13.99,14.50,65856800,14.50
2015-08-17,14.09,14.83,14.00,14.68,26469000,14.68
2015-08-14,15.17,15.18,14.05,14.14,29252700,14.14
2015-08-13,14.68,16.27,14.66,14.99,52491600,14.99
2015-08-12,13.44,14.84,11.78,14.25,92871400,14.25
2015-08-11,15.19,15.60,13.22,13.35,57216300,13.35
2015-08-10,15.52,16.25,14.97,15.59,40100100,15.59
2015-08-07,17.75,17.75,14.31,14.96,88744200,14.96
2015-08-06,22.77,22.83,16.83,17.08,77830500,17.08
2015-08-05,23.00,23.700001,22.219999,22.870001,20460300,22.870001
2015-08-04,22.26,22.82,21.43,22.450001,16012100,22.450001
2015-08-03,23.280001,23.299999,21.60,22.40,26220500,22.40
2015-07-31,25.00,25.07,23.110001,23.280001,38791800,23.280001
2015-07-30,25.450001,25.799999,24.860001,25.629999,14103800,25.629999
2015-07-29,25.700001,25.950001,24.200001,25.549999,23264500,25.549999
2015-07-28,26.16,26.58,25.40,25.799999,11900000,25.799999
2015-07-27,25.610001,26.309999,25.15,26.01,9196700,26.01
2015-07-24,26.309999,26.34,25.23,26.07,13288900,26.07
2015-07-23,27.98,28.32,26.26,26.299999,17835600,26.299999
2015-07-22,29.07,29.379999,27.16,27.700001,21470200,27.700001
2015-07-21,31.00,31.09,29.25,29.370001,16107200,29.370001
2015-07-20,32.509998,33.450001,31.52,31.66,14018000,31.66
2015-07-17,31.209999,31.67,30.99,31.559999,5630600,31.559999
2015-07-16,31.48,31.49,30.66,31.17,5657800,31.17
2015-07-15,31.93,32.009998,30.610001,31.08,7121000,31.08
2015-07-14,31.209999,32.040001,31.200001,31.84,9407900,31.84
2015-07-13,30.719999,31.450001,30.700001,31.129999,6896000,31.129999
2015-07-10,29.790001,30.799999,29.690001,30.41,10619100,30.41
2015-07-09,30.00,30.25,29.139999,29.219999,7421000,29.219999
2015-07-08,29.719999,30.15,29.09,29.360001,7930000,29.360001
2015-07-07,30.10,30.59,29.00,30.24,15637700,30.24
2015-07-06,29.33,29.76,28.58,28.959999,9661900,28.959999
2015-07-02,29.65,29.90,28.690001,29.83,7587200,29.83
2015-07-01,30.549999,30.690001,29.26,29.59,6787700,29.59
2015-06-30,29.99,30.17,29.290001,29.91,8460600,29.91
2015-06-29,30.129999,31.32,29.75,29.799999,9757500,29.799999
2015-06-26,31.440001,31.59,30.940001,31.389999,6173400,31.389999
2015-06-25,31.77,32.220001,31.459999,31.51,6634100,31.51
2015-06-24,31.969999,32.66,31.459999,31.68,6854100,31.68
2015-06-23,31.440001,32.349998,31.35,32.130001,11491100,32.130001
2015-06-22,31.719999,31.790001,30.940001,31.200001,7817800,31.200001
2015-06-19,31.49,31.959999,31.219999,31.49,18935500,31.49
2015-06-18,31.110001,31.799999,30.99,31.540001,7369600,31.540001
2015-06-17,31.120001,31.57,30.60,30.959999,7777300,30.959999
2015-06-16,31.00,31.309999,30.549999,30.959999,9122000,30.959999
2015-06-15,29.48,30.540001,29.10,30.27,8295700,30.27
2015-06-12,29.950001,30.17,29.34,29.66,5593600,29.66
2015-06-11,29.48,30.200001,29.27,30.15,6957200,30.15
2015-06-10,29.48,29.959999,29.08,29.450001,7110500,29.450001
2015-06-09,30.059999,30.139999,28.799999,29.35,9788800,29.35
2015-06-08,30.57,31.34,29.889999,30.01,7718600,30.01
2015-06-05,30.08,30.60,29.540001,30.50,10520800,30.50
2015-06-04,30.440001,30.75,29.93,30.139999,6823400,30.139999
2015-06-03,30.610001,31.17,30.43,30.629999,6215800,30.629999
2015-06-02,30.620001,30.93,30.129999,30.469999,6811500,30.469999
2015-06-01,30.35,30.76,29.700001,30.76,8466300,30.76
2015-05-29,31.139999,31.280001,29.860001,29.969999,22784700,29.969999
2015-05-28,30.91,31.10,30.540001,31.049999,7133000,31.049999
2015-05-27,30.309999,30.790001,30.01,30.68,7868100,30.68
2015-05-26,30.459999,30.629999,29.91,30.280001,13225200,30.280001
2015-05-22,29.52,30.870001,29.52,30.67,10867100,30.67
2015-05-21,29.27,29.610001,29.09,29.450001,6626900,29.450001
2015-05-20,29.379999,29.530001,28.99,29.25,6623300,29.25
2015-05-19,29.200001,29.25,28.540001,29.200001,6478700,29.200001
2015-05-18,28.98,29.48,28.639999,29.18,6734300,29.18
2015-05-15,28.559999,29.27,28.42,28.959999,8171900,28.959999
2015-05-14,28.82,28.950001,28.049999,28.700001,11222300,28.700001
2015-05-13,27.940001,28.610001,27.620001,28.49,26143200,28.49
2015-05-12,28.74,28.77,27.50,27.610001,26464900,27.610001
2015-05-11,28.43,28.99,28.26,28.75,7010300,28.75
2015-05-08,27.74,28.84,27.610001,28.48,15531400,28.48
2015-05-07,26.200001,28.00,25.99,27.959999,20647200,27.959999
2015-05-06,25.27,25.42,24.65,24.83,6994500,24.83
2015-05-05,25.639999,25.90,24.75,25.040001,8662800,25.040001
2015-05-04,25.799999,26.26,25.629999,25.73,6070900,25.73
2015-05-01,25.280001,26.02,25.110001,25.65,4677000,25.65
2015-04-30,25.76,26.049999,25.18,25.32,6760800,25.32
2015-04-29,25.780001,26.200001,25.379999,26.00,6694100,26.00
2015-04-28,25.82,26.33,25.209999,25.950001,7404900,25.950001
2015-04-27,26.74,26.74,25.75,25.950001,9889200,25.950001
2015-04-24,27.469999,27.49,26.50,26.610001,9671700,26.610001
2015-04-23,27.200001,27.74,27.200001,27.50,6340200,27.50
2015-04-22,26.77,27.35,26.559999,27.27,8224100,27.27
2015-04-21,27.00,27.290001,26.610001,26.709999,4562600,26.709999
2015-04-20,26.75,26.940001,26.34,26.77,4310100,26.77
