Date,Open,High,Low,Close,Volume,Adj Close
2015-10-15,98.709999,99.120003,97.610001,98.730003,1057000,98.730003
2015-10-14,100.279999,100.349998,98.199997,98.43,966000,98.43
2015-10-13,100.849998,101.650002,100.099998,100.32,604900,100.32
2015-10-12,101.57,102.00,100.910004,101.510002,610200,101.510002
2015-10-09,102.00,103.110001,101.300003,101.550003,1116500,101.550003
2015-10-08,100.059998,102.419998,99.379997,101.739998,972500,101.739998
2015-10-07,100.440002,101.489998,99.099998,100.440002,680200,100.440002
2015-10-06,99.779999,100.489998,99.279999,99.879997,678200,99.879997
2015-10-05,98.239998,99.989998,98.239998,99.790001,1129700,99.790001
2015-10-02,94.889999,97.459999,94.889999,97.459999,1400300,97.459999
2015-10-01,96.940002,97.389999,95.720001,96.620003,1149500,96.620003
2015-09-30,96.040001,97.160004,95.190002,96.980003,1400200,96.980003
2015-09-29,96.739998,97.080002,94.559998,94.900002,1373100,94.900002
2015-09-28,97.660004,97.889999,96.510002,96.660004,678200,96.660004
2015-09-25,98.889999,99.019997,97.919998,98.349998,738100,98.349998
2015-09-24,97.540001,98.419998,96.849998,98.260002,1140900,98.260002
2015-09-23,99.470001,99.610001,97.93,98.650002,898100,98.650002
2015-09-22,99.190002,99.699997,98.540001,99.120003,1148500,99.120003
2015-09-21,100.739998,101.529999,100.139999,100.709999,581800,100.709999
2015-09-18,100.080002,101.309998,99.870003,100.309998,2035600,100.309998
2015-09-17,106.779999,106.779999,100.709999,100.949997,1093200,100.949997
2015-09-16,100.93,102.209999,100.839996,101.699997,920700,101.699997
2015-09-15,99.43,101.550003,99.00,101.25,1099200,101.25
2015-09-14,99.779999,99.879997,98.669998,99.010002,732200,99.010002
2015-09-11,98.43,99.910004,98.080002,99.879997,857900,99.879997
2015-09-10,98.849998,99.599998,98.190002,98.730003,713100,98.730003
2015-09-09,101.129997,101.699997,98.93,99.089996,763800,99.089996
2015-09-08,99.690002,100.309998,98.93,100.279999,842400,100.279999
2015-09-04,97.809998,98.370003,97.25,97.790001,806800,97.790001
2015-09-03,99.110001,100.150002,98.849998,99.290001,829300,99.290001
2015-09-02,98.860001,99.099998,97.900002,99.089996,1547200,99.089996
2015-09-01,99.169998,99.660004,97.940002,98.360001,1782300,97.810002
2015-08-31,100.510002,102.330002,100.18,101.519997,1507000,100.952328
2015-08-28,100.25,100.709999,99.190002,100.50,975700,99.938035
2015-08-27,99.209999,100.959999,98.57,100.730003,1873400,100.166752
2015-08-26,96.730003,98.129997,94.849998,97.839996,2606300,97.292905
2015-08-25,99.169998,99.610001,94.580002,94.660004,2326400,94.130694
2015-08-24,96.019997,99.370003,91.190002,96.639999,2970200,96.099618
2015-08-21,103.830002,104.190002,101.059998,101.150002,2282800,100.584402
2015-08-20,105.110001,105.43,104.50,104.559998,1409000,103.97533
2015-08-19,105.489998,106.419998,104.940002,105.760002,1033700,105.168625
2015-08-18,105.790001,106.220001,105.339996,105.849998,964400,105.258118
2015-08-17,105.089996,106.00,104.480003,105.739998,649900,105.148733
2015-08-14,104.800003,105.559998,104.489998,105.410004,864100,104.820584
2015-08-13,103.709999,104.82,103.540001,104.50,890100,103.915668
2015-08-12,104.389999,105.050003,103.169998,104.690002,1141200,104.104608
2015-08-11,104.849998,105.099998,104.290001,105.019997,1182000,104.432757
2015-08-10,105.68,106.800003,105.68,105.989998,1489100,105.397335
2015-08-07,105.150002,105.360001,104.50,104.690002,1140700,104.104608
2015-08-06,105.449997,105.949997,104.75,105.199997,952100,104.611751
2015-08-05,103.839996,105.50,103.839996,105.279999,1869700,104.691306
2015-08-04,103.949997,104.419998,103.57,103.970001,1111800,103.388633
2015-08-03,104.790001,105.25,102.93,103.739998,2166400,103.159916
2015-07-31,104.559998,106.010002,104.559998,105.489998,2357100,104.90013
2015-07-30,109.610001,111.18,104.339996,104.510002,3568100,103.925615
2015-07-29,106.199997,108.669998,105.769997,108.169998,2506300,107.565145
2015-07-28,104.980003,106.779999,104.809998,106.169998,1375900,105.576328
2015-07-27,104.459999,104.900002,104.160004,104.68,1016800,104.094662
2015-07-24,106.220001,106.360001,104.699997,105.139999,959400,104.552089
2015-07-23,106.349998,107.129997,106.099998,106.349998,755300,105.755322
2015-07-22,106.68,107.129997,106.18,106.690002,911400,106.093425
2015-07-21,107.610001,107.760002,106.260002,106.790001,1102600,106.192864
2015-07-20,107.489998,108.279999,107.160004,107.900002,1033200,107.296658
2015-07-17,107.099998,107.470001,106.660004,107.349998,624200,106.749731
2015-07-16,107.889999,108.029999,107.139999,107.209999,906900,106.610514
2015-07-15,107.589996,107.720001,106.910004,107.18,657700,106.580683
2015-07-14,107.610001,107.970001,107.470001,107.589996,863300,106.988386
2015-07-13,107.599998,107.690002,107.139999,107.580002,780200,106.978448
2015-07-10,107.169998,107.169998,106.18,106.660004,829400,106.063594
2015-07-09,107.709999,107.93,105.800003,105.82,961700,105.228287
2015-07-08,107.239998,107.239998,105.739998,106.190002,1000200,105.596221
2015-07-07,107.660004,107.839996,106.07,107.650002,958200,107.048056
2015-07-06,106.75,108.129997,106.32,107.379997,737200,106.779562
2015-07-02,107.75,107.849998,107.089996,107.709999,1111000,107.107718
2015-07-01,106.699997,108.629997,106.699997,107.50,2290700,106.898893
2015-06-30,105.68,106.589996,104.830002,105.239998,1069000,104.651528
2015-06-29,105.529999,106.07,104.900002,104.989998,834800,104.402926
2015-06-26,105.879997,106.440002,105.660004,106.389999,784400,105.795099
2015-06-25,106.379997,106.730003,105.57,105.699997,778100,105.108955
2015-06-24,107.349998,107.419998,106.040001,106.360001,1034600,105.765268
2015-06-23,107.279999,107.559998,107.139999,107.330002,659000,106.729846
2015-06-22,107.480003,107.690002,106.959999,107.290001,686700,106.690068
2015-06-19,106.709999,107.190002,106.379997,106.860001,1299000,106.262473
2015-06-18,104.790001,106.830002,104.790001,106.559998,785500,105.964147
2015-06-17,106.269997,106.349998,104.870003,105.599998,1133200,105.009516
2015-06-16,105.639999,105.959999,105.269997,105.779999,1131500,105.18851
2015-06-15,105.300003,105.790001,105.07,105.690002,904500,105.099017
2015-06-12,106.589996,106.699997,106.00,106.279999,853800,105.685714
2015-06-11,106.779999,107.239998,106.300003,106.790001,1478400,106.192864
2015-06-10,104.300003,106.519997,104.230003,106.389999,1540300,105.795099
2015-06-09,103.660004,104.260002,103.379997,103.970001,861800,103.388633
2015-06-08,103.510002,104.139999,103.339996,103.639999,1115200,103.060477
2015-06-05,102.860001,103.629997,102.849998,103.50,896700,102.92126
2015-06-04,103.400002,103.650002,102.690002,103.07,1503800,102.493664
2015-06-03,103.669998,104.239998,103.410004,103.870003,1660500,103.289194
2015-06-02,102.449997,103.949997,102.389999,103.400002,1037000,102.821821
2015-06-01,102.360001,103.169998,101.940002,102.830002,947200,102.255008
2015-05-29,103.190002,103.589996,101.980003,102.440002,1134700,101.350093
2015-05-28,103.25,103.480003,102.870003,103.339996,530600,102.240512
2015-05-27,102.739998,103.660004,102.360001,103.449997,721500,102.349342
2015-05-26,103.50,103.709999,102.220001,102.410004,1155000,101.320414
2015-05-22,104.010002,104.220001,103.589996,103.599998,734100,102.497747
2015-05-21,103.57,104.099998,103.309998,103.879997,763600,102.774767
2015-05-20,104.010002,104.18,103.360001,103.690002,629500,102.586794
2015-05-19,103.379997,103.940002,103.019997,103.660004,874500,102.557114
2015-05-18,104.010002,104.019997,103.150002,103.260002,1242600,102.161369
2015-05-15,103.989998,104.470001,103.709999,104.050003,657600,102.942964
2015-05-14,104.160004,104.279999,103.849998,104.040001,1005400,102.933069
2015-05-13,103.529999,104.019997,103.199997,103.629997,708700,102.527427
2015-05-12,103.169998,103.529999,102.269997,103.43,1133100,102.329558
2015-05-11,103.279999,103.699997,102.82,103.480003,1460500,102.379029
2015-05-08,103.110001,103.739998,102.779999,103.330002,1323400,102.230623
2015-05-07,102.029999,102.75,101.379997,102.370003,1486700,101.280838
2015-05-06,101.279999,102.529999,100.889999,101.959999,1892000,100.875197
2015-05-05,100.669998,101.50,100.269997,100.739998,1477100,99.668176
2015-05-04,99.480003,100.849998,99.349998,100.550003,1265200,99.480202
2015-05-01,98.989998,99.540001,98.82,99.300003,719300,98.243502
2015-04-30,99.160004,99.580002,98.540001,98.699997,1598100,97.649879
2015-04-29,99.120003,100.059998,98.470001,99.639999,1012800,98.579881
2015-04-28,99.440002,99.739998,98.50,99.730003,1185700,98.668927
2015-04-27,99.82,100.279999,99.379997,99.709999,1196300,98.649136
2015-04-24,100.370003,100.82,99.400002,99.790001,1322400,98.728286
2015-04-23,100.309998,101.059998,99.309998,99.769997,2747300,98.708495
2015-04-22,97.080002,98.459999,96.379997,98.110001,1382300,97.06616
2015-04-21,97.480003,97.480003,96.389999,97.080002,995800,96.04712
2015-04-20,97.010002,97.50,96.690002,97.360001,669600,96.32414
