Date,Open,High,Low,Close,Volume,Adj Close
2015-10-15,12.53,13.29,12.48,13.26,13757100,13.26
2015-10-14,12.19,12.55,12.10,12.55,11403000,12.55
2015-10-13,11.88,12.64,11.79,12.16,12279200,12.16
2015-10-12,12.82,12.82,11.86,12.03,14622000,12.03
2015-10-09,13.64,13.64,12.69,12.80,16665200,12.80
2015-10-08,13.43,13.69,13.02,13.59,12589900,13.59
2015-10-07,13.45,13.90,13.09,13.48,18748500,13.48
2015-10-06,13.03,13.45,12.82,13.17,19482000,13.17
2015-10-05,12.98,13.35,12.83,13.01,19037300,13.01
2015-10-02,12.10,12.82,12.10,12.81,13922600,12.81
2015-10-01,12.88,13.25,12.32,12.38,10999800,12.38
2015-09-30,12.34,12.71,12.19,12.69,9279500,12.69
2015-09-29,12.17,12.38,11.84,12.17,15574500,12.17
2015-09-28,12.81,12.95,12.08,12.11,9844800,12.11
2015-09-25,13.37,13.47,12.80,12.99,7886000,12.99
2015-09-24,13.18,13.50,12.79,13.27,14427900,13.27
2015-09-23,14.24,14.27,13.27,13.31,9667100,13.31
2015-09-22,14.20,14.44,13.98,14.17,8729500,14.17
2015-09-21,14.63,14.68,14.14,14.39,8439000,14.39
2015-09-18,15.11,15.19,14.29,14.49,15041500,14.49
2015-09-17,16.10,16.209999,15.37,15.41,8813500,15.41
2015-09-16,15.52,16.16,15.44,16.120001,9003000,16.120001
2015-09-15,15.19,15.64,15.16,15.40,15065200,15.40
2015-09-14,15.35,15.35,15.03,15.14,7751100,15.14
2015-09-11,15.15,15.41,14.98,15.41,9945600,15.41
2015-09-10,15.10,15.40,14.91,15.33,10935200,15.33
2015-09-09,15.57,15.99,14.91,14.94,9545900,14.94
2015-09-08,15.78,15.79,15.18,15.47,7792700,15.47
2015-09-04,15.14,15.47,14.95,15.36,9114100,15.36
2015-09-03,15.73,15.93,15.04,15.41,16971000,15.41
2015-09-02,15.97,16.030001,15.10,15.67,11391300,15.67
2015-09-01,15.64,16.129999,15.51,15.73,14342100,15.73
2015-08-31,15.68,16.52,15.14,16.24,15920500,16.24
2015-08-28,15.48,16.57,15.45,16.00,18275900,16.00
2015-08-27,15.27,15.74,14.97,15.53,16303300,15.53
2015-08-26,15.21,15.22,14.68,15.08,10999200,15.08
2015-08-25,15.89,16.00,14.77,14.78,16610300,14.78
2015-08-24,15.10,16.299999,14.96,15.24,14971900,15.24
2015-08-21,16.440001,16.76,16.280001,16.40,6972300,16.40
2015-08-20,17.25,17.35,16.58,16.59,6572800,16.59
2015-08-19,17.49,17.67,16.950001,17.299999,6954600,17.299999
2015-08-18,17.43,17.77,17.309999,17.629999,4845100,17.629999
2015-08-17,17.059999,17.59,16.959999,17.52,6106100,17.52
2015-08-14,17.77,18.09,17.18,17.219999,7641800,17.219999
2015-08-13,18.209999,18.33,17.629999,17.700001,8063900,17.700001
2015-08-12,18.15,19.08,18.059999,18.49,11741800,18.49
2015-08-11,18.26,18.26,17.48,18.110001,7387300,18.110001
2015-08-10,17.09,18.41,16.92,18.26,9537600,18.26
2015-08-07,17.299999,17.82,16.780001,16.90,5843400,16.90
2015-08-06,16.58,17.610001,16.200001,17.450001,8769300,17.450001
2015-08-05,17.629999,17.85,16.51,16.57,9377500,16.57
2015-08-04,18.01,18.01,16.98,17.18,10739700,17.18
2015-08-03,18.290001,18.50,17.530001,17.610001,8971700,17.610001
2015-07-31,18.83,19.08,18.57,18.60,7927300,18.60
2015-07-30,19.17,19.559999,18.92,19.059999,7901500,19.059999
2015-07-29,19.52,19.52,18.77,19.27,9924400,19.27
2015-07-28,18.379999,20.07,17.60,19.57,19205300,19.57
2015-07-27,18.25,18.950001,18.16,18.33,10874800,18.33
2015-07-24,19.639999,19.67,18.50,18.549999,12515600,18.549999
2015-07-23,19.889999,20.049999,19.459999,19.75,16454900,19.75
2015-07-22,20.18,20.74,19.889999,19.940001,9213600,19.940001
2015-07-21,20.129999,20.73,20.10,20.43,9384600,20.43
2015-07-20,20.860001,20.860001,19.73,19.809999,8339000,19.809999
2015-07-17,21.83,21.879999,21.030001,21.059999,11299400,21.059999
2015-07-16,21.93,22.200001,21.799999,21.92,7094200,21.92
2015-07-15,22.08,22.700001,21.799999,21.82,9672300,21.82
2015-07-14,21.459999,22.26,21.41,22.129999,7715000,22.129999
2015-07-13,20.959999,21.60,20.90,21.540001,6478300,21.540001
2015-07-10,21.540001,21.690001,20.889999,20.92,4785200,20.92
2015-07-09,21.540001,21.83,21.280001,21.33,7207900,21.33
2015-07-08,21.860001,22.15,20.889999,21.01,5150100,21.01
2015-07-07,21.58,22.110001,21.040001,22.07,6482600,22.07
2015-07-06,21.719999,22.02,21.379999,21.709999,5961700,21.709999
2015-07-02,22.09,22.67,22.01,22.17,3296800,22.17
2015-07-01,22.73,22.84,21.940001,22.040001,4745300,22.040001
2015-06-30,22.83,22.879999,22.559999,22.73,6077200,22.73
2015-06-29,23.309999,23.43,22.40,22.49,7680300,22.49
2015-06-26,23.290001,23.34,23.00,23.32,6447300,23.32
2015-06-25,24.040001,24.040001,23.34,23.370001,4829400,23.370001
2015-06-24,24.200001,24.459999,23.85,23.969999,4595700,23.969999
2015-06-23,24.16,24.620001,23.969999,24.32,8407200,24.32
2015-06-22,23.52,24.219999,23.219999,24.030001,10519200,24.030001
2015-06-19,22.98,23.42,22.98,23.35,10396200,23.35
2015-06-18,23.549999,23.780001,23.00,23.23,8690500,23.23
2015-06-17,23.93,24.07,23.08,23.41,9725800,23.41
2015-06-16,23.040001,23.709999,22.85,23.690001,10047100,23.690001
2015-06-15,22.92,23.25,22.73,23.02,6839500,23.02
2015-06-12,23.66,23.709999,22.950001,23.01,5822300,23.01
2015-06-11,24.379999,24.40,23.82,23.84,5411200,23.84
2015-06-10,24.91,24.959999,24.00,24.34,7777000,24.34
2015-06-09,24.77,25.459999,24.540001,24.559999,6254800,24.559999
2015-06-08,24.49,24.76,24.049999,24.450001,5137800,24.450001
2015-06-05,24.370001,24.90,24.17,24.370001,5793300,24.370001
2015-06-04,24.639999,24.959999,24.299999,24.540001,7208900,24.540001
2015-06-03,25.25,25.440001,24.889999,24.950001,6035700,24.950001
2015-06-02,25.389999,25.66,24.959999,25.17,7234800,25.17
2015-06-01,25.67,25.879999,25.27,25.469999,5770300,25.469999
2015-05-29,25.75,25.879999,25.50,25.77,7396800,25.77
2015-05-28,26.49,26.57,25.42,25.68,9626200,25.68
2015-05-27,26.389999,26.73,26.07,26.66,6200400,26.66
2015-05-26,26.83,27.030001,26.280001,26.41,5651600,26.41
2015-05-22,27.059999,27.60,26.91,27.219999,4887900,27.219999
2015-05-21,27.209999,27.51,26.879999,27.33,4742600,27.33
2015-05-20,26.75,26.969999,26.24,26.91,7951500,26.91
2015-05-19,27.15,27.32,26.41,26.780001,7601800,26.780001
2015-05-18,27.719999,27.879999,27.120001,27.51,6596400,27.51
2015-05-15,27.98,28.049999,27.50,27.74,5544500,27.74
2015-05-14,28.219999,28.48,27.75,28.10,8387000,28.10
2015-05-13,29.24,29.309999,28.01,28.17,9898800,28.17
2015-05-12,28.76,29.610001,28.67,29.25,8635700,29.25
2015-05-11,28.84,28.98,28.08,28.700001,7242300,28.700001
2015-05-08,27.84,29.25,27.200001,28.940001,13765200,28.940001
2015-05-07,28.049999,28.09,27.120001,27.34,8425900,27.34
2015-05-06,28.59,28.700001,27.940001,28.040001,5892900,28.040001
2015-05-05,29.07,29.290001,28.10,28.15,8496900,28.15
2015-05-04,28.799999,29.139999,28.559999,28.879999,8002100,28.879999
2015-05-01,27.91,29.200001,27.860001,28.780001,13324000,28.780001
2015-04-30,27.01,28.549999,26.51,28.030001,11225100,28.030001
2015-04-29,26.440001,27.08,26.290001,26.84,5468700,26.84
2015-04-28,25.940001,26.75,25.92,26.66,6188800,26.66
2015-04-27,25.58,26.07,25.58,25.940001,6230900,25.940001
2015-04-24,26.49,26.90,25.219999,25.780001,9653300,25.780001
2015-04-23,26.280001,27.09,26.27,26.41,7719100,26.41
2015-04-22,26.16,26.66,26.09,26.42,6377800,26.42
2015-04-21,27.09,27.15,25.959999,26.09,10202700,26.09
2015-04-20,26.940001,27.25,26.639999,26.950001,8753800,26.950001
