Date,Open,High,Low,Close,Volume,Adj Close
2015-10-16,99.309998,100.059998,98.300003,100.029999,1248800,100.029999
2015-10-15,97.400002,98.760002,96.529999,98.690002,1206200,98.690002
2015-10-14,97.599998,98.379997,96.68,96.900002,1267200,96.900002
2015-10-13,98.25,99.050003,97.440002,97.57,871500,97.57
2015-10-12,97.510002,98.739998,97.379997,98.510002,789100,98.510002
2015-10-09,97.18,98.459999,96.900002,97.75,1453800,97.75
2015-10-08,95.82,97.360001,95.449997,97.349998,1299200,97.349998
2015-10-07,95.339996,96.029999,94.50,96.00,1038100,96.00
2015-10-06,96.629997,96.779999,94.25,94.919998,1445400,94.919998
2015-10-05,95.889999,97.419998,95.889999,96.889999,1457100,96.889999
2015-10-02,94.120003,96.459999,93.529999,96.459999,1590000,96.459999
2015-10-01,94.50,94.970001,93.650002,94.910004,1782700,94.910004
2015-09-30,94.290001,94.849998,92.870003,94.099998,1684300,94.099998
2015-09-29,92.889999,94.160004,92.440002,93.230003,1653300,93.230003
2015-09-28,95.459999,96.010002,91.730003,92.400002,2584800,92.400002
2015-09-25,98.970001,99.449997,96.300003,96.900002,1564500,96.555002
2015-09-24,97.959999,98.400002,97.400002,98.220001,1714200,97.870302
2015-09-23,98.25,98.879997,97.860001,98.589996,1332100,98.23898
2015-09-22,98.410004,98.900002,97.720001,98.559998,1295000,98.209088
2015-09-21,100.019997,100.699997,98.809998,99.610001,1229300,99.255353
2015-09-18,99.529999,100.160004,99.050003,99.220001,4146000,98.866742
2015-09-17,100.589996,102.220001,100.18,100.559998,1683900,100.201967
2015-09-16,99.669998,100.849998,99.559998,100.599998,1218200,100.241826
2015-09-15,98.980003,100.120003,98.760002,99.849998,945800,99.494496
2015-09-14,99.650002,99.949997,98.360001,98.760002,1159000,98.408381
2015-09-11,97.830002,99.760002,97.580002,99.650002,2048900,99.295211
2015-09-10,97.269997,98.889999,96.949997,98.300003,1735700,97.950019
2015-09-09,99.440002,99.519997,97.080002,97.290001,1611900,96.943613
2015-09-08,96.839996,98.629997,96.839996,98.57,1893100,98.219055
2015-09-04,95.709999,96.260002,94.519997,95.339996,1444000,95.000551
2015-09-03,97.50,97.870003,96.389999,96.68,1661000,96.335784
2015-09-02,96.660004,97.029999,95.610001,96.900002,1430700,96.555002
2015-09-01,96.489998,97.129997,94.839996,95.459999,2028700,95.120127
2015-08-31,99.480003,100.349998,98.400002,98.650002,1812000,98.298772
2015-08-28,100.330002,100.800003,99.089996,99.690002,2478300,99.33507
2015-08-27,100.099998,101.300003,99.459999,101.080002,2286700,100.72012
2015-08-26,97.790001,98.839996,95.660004,98.809998,2182700,98.458198
2015-08-25,98.349998,98.43,95.389999,95.489998,2489400,95.150019
2015-08-24,95.139999,96.43,91.809998,95.610001,2560800,95.269594
2015-08-21,101.610001,101.790001,99.339996,99.370003,1783600,99.016209
2015-08-20,103.550003,103.919998,102.50,102.519997,1027000,102.154988
2015-08-19,103.879997,105.339996,102.949997,104.529999,1163600,104.157834
2015-08-18,103.93,104.449997,103.730003,104.309998,684900,103.938616
2015-08-17,103.269997,104.239998,102.599998,104.139999,786700,103.769223
2015-08-14,102.82,103.739998,102.660004,103.639999,831300,103.271003
2015-08-13,102.900002,103.839996,102.209999,102.970001,1533900,102.603391
2015-08-12,101.879997,103.309998,100.949997,103.129997,1934400,102.762817
2015-08-11,101.300003,101.949997,100.800003,101.82,1115800,101.457483
2015-08-10,101.720001,102.50,101.529999,102.190002,722500,101.826169
2015-08-07,101.32,101.400002,99.879997,100.940002,1092500,100.580619
2015-08-06,102.970001,103.480003,101.029999,101.32,1159400,100.959264
2015-08-05,102.239998,103.360001,102.00,103.120003,1440700,102.752858
2015-08-04,101.809998,102.419998,101.269997,101.480003,913600,101.118698
2015-08-03,102.309998,102.699997,100.93,101.510002,970900,101.14859
2015-07-31,101.919998,102.800003,101.589996,102.269997,1242800,101.905878
2015-07-30,101.82,102.019997,101.309998,101.839996,673000,101.477409
2015-07-29,102.059998,102.300003,101.370003,101.980003,1222800,101.616917
2015-07-28,100.57,101.75,99.980003,101.610001,1113900,101.248232
2015-07-27,100.839996,101.190002,99.690002,100.019997,2172900,99.663889
2015-07-24,100.050003,103.989998,99.830002,100.970001,3012400,100.610511
2015-07-23,98.959999,98.959999,98.010002,98.25,1612100,97.900194
2015-07-22,98.889999,99.209999,98.07,98.540001,1348400,98.189163
2015-07-21,98.459999,99.239998,98.220001,99.059998,1220900,98.707308
2015-07-20,98.269997,98.660004,98.050003,98.379997,625400,98.029729
2015-07-17,97.870003,98.239998,97.459999,98.209999,867300,97.860336
2015-07-16,98.290001,98.330002,97.400002,98.169998,1110000,97.820477
2015-07-15,98.279999,98.300003,97.440002,97.510002,1064700,97.162831
2015-07-14,97.769997,98.50,97.449997,98.260002,783900,97.910161
2015-07-13,97.00,97.690002,96.910004,97.629997,745500,97.282399
2015-07-10,96.699997,96.910004,95.809998,96.370003,1193600,96.02689
2015-07-09,96.75,96.870003,95.639999,95.660004,949300,95.319419
2015-07-08,96.449997,96.519997,95.400002,95.419998,907000,95.080268
2015-07-07,96.379997,96.989998,95.050003,96.900002,1012100,96.555002
2015-07-06,94.919998,96.050003,94.769997,95.989998,852200,95.648239
2015-07-02,96.25,96.290001,95.25,95.760002,641300,95.419062
2015-07-01,96.230003,96.43,95.440002,96.07,782800,95.727956
2015-06-30,96.300003,96.480003,95.349998,95.57,980800,95.229736
2015-06-29,96.660004,97.330002,95.279999,95.360001,1153400,95.020484
2015-06-26,96.480003,97.940002,96.309998,97.339996,1492800,96.99343
2015-06-25,96.889999,97.18,96.290001,96.449997,860000,95.762829
2015-06-24,96.410004,97.269997,96.129997,96.720001,1393500,96.03091
2015-06-23,97.300003,97.669998,96.480003,96.620003,957900,95.931624
2015-06-22,97.50,97.900002,97.230003,97.400002,604700,96.706065
2015-06-19,97.059998,97.300003,96.709999,96.879997,1135400,96.189766
2015-06-18,95.410004,97.330002,95.370003,97.150002,1081600,96.457846
2015-06-17,95.339996,95.50,94.57,95.099998,686100,94.422449
2015-06-16,94.57,95.309998,94.370003,95.160004,719900,94.482026
2015-06-15,95.050003,95.169998,93.900002,94.669998,1187600,93.995512
2015-06-12,96.110001,96.489998,95.529999,95.669998,629200,94.988387
2015-06-11,96.120003,96.849998,95.870003,96.540001,798500,95.852192
2015-06-10,94.50,96.110001,94.160004,96.010002,1194400,95.325969
2015-06-09,94.470001,94.739998,93.949997,94.160004,757100,93.489151
2015-06-08,94.959999,95.459999,94.599998,94.620003,610600,93.945873
2015-06-05,95.040001,95.379997,94.489998,95.199997,783000,94.521735
2015-06-04,95.769997,95.970001,94.730003,95.040001,968000,94.362879
2015-06-03,96.449997,96.449997,95.610001,96.040001,605000,95.355754
2015-06-02,95.75,96.639999,95.139999,96.110001,776900,95.425255
2015-06-01,96.669998,96.839996,95.440002,96.120003,831400,95.435186
2015-05-29,96.150002,97.120003,95.730003,96.129997,1330000,95.445109
2015-05-28,96.459999,96.940002,95.830002,96.239998,862600,95.554326
2015-05-27,96.00,96.790001,95.550003,96.589996,889500,95.901831
2015-05-26,96.370003,96.370003,95.300003,95.529999,1164400,94.849385
2015-05-22,96.190002,96.709999,95.790001,96.440002,1267900,95.752906
2015-05-21,96.650002,96.839996,96.129997,96.400002,744300,95.71319
2015-05-20,96.669998,97.57,96.669998,96.779999,983800,96.09048
2015-05-19,96.480003,96.959999,96.160004,96.68,1025800,95.991194
2015-05-18,95.690002,96.889999,95.529999,96.589996,995700,95.901831
2015-05-15,95.230003,95.68,95.00,95.510002,1260900,94.829531
2015-05-14,93.660004,95.339996,93.339996,95.260002,1319700,94.581312
2015-05-13,93.150002,93.809998,92.709999,92.910004,821400,92.248057
2015-05-12,93.980003,94.139999,93.040001,93.080002,1098300,92.416844
2015-05-11,94.589996,94.879997,94.199997,94.360001,741500,93.687723
2015-05-08,93.769997,94.800003,93.489998,94.559998,1258400,93.886295
2015-05-07,92.370003,93.279999,92.370003,92.610001,801500,91.950191
2015-05-06,93.370003,93.470001,92.129997,92.559998,984900,91.900544
2015-05-05,93.209999,93.550003,92.470001,92.900002,1028700,92.238126
2015-05-04,93.650002,94.150002,93.459999,93.629997,1044600,92.962921
2015-05-01,92.809998,93.449997,92.480003,93.400002,1275700,92.734564
2015-04-30,93.599998,93.989998,91.779999,92.239998,1923500,91.582825
2015-04-29,94.949997,94.949997,93.18,94.32,1260000,93.648007
2015-04-28,94.620003,95.410004,93.550003,95.099998,1619100,94.422449
2015-04-27,97.440002,97.440002,94.50,94.629997,1840500,93.955796
2015-04-24,96.769997,97.160004,96.470001,96.900002,1284500,96.209628
2015-04-23,96.449997,97.419998,96.199997,97.18,1620100,96.487631
2015-04-22,95.00,97.300003,95.00,96.449997,2463600,95.762829
2015-04-21,94.00,94.809998,93.730003,94.709999,1959400,94.035228
2015-04-20,93.00,93.540001,92.730003,93.349998,1345300,92.684917
