Date,Open,High,Low,Close,Volume,Adj Close
2015-10-09,86.690002,88.300003,85.300003,86.57,614100,86.57
2015-10-08,83.07,87.849998,83.07,87.160004,782700,87.160004
2015-10-07,83.480003,84.330002,81.709999,83.730003,532900,83.730003
2015-10-06,81.779999,83.540001,81.779999,82.889999,659900,82.889999
2015-10-05,80.830002,82.639999,79.699997,82.18,542500,82.18
2015-10-02,79.739998,80.330002,77.199997,79.709999,907600,79.709999
2015-10-01,82.599998,83.330002,78.330002,80.410004,2332100,80.410004
2015-09-30,65.730003,82.919998,65.529999,82.459999,6658800,82.459999
2015-09-29,63.82,65.370003,63.48,64.769997,707600,64.769997
2015-09-28,65.370003,66.019997,62.68,63.82,765300,63.82
2015-09-25,67.25,68.150002,65.290001,66.040001,830300,66.040001
2015-09-24,68.169998,68.32,64.800003,66.089996,1623300,66.089996
2015-09-23,70.860001,71.139999,68.300003,68.760002,751000,68.760002
2015-09-22,72.029999,72.059998,70.050003,70.529999,484600,70.529999
2015-09-21,73.209999,74.480003,72.330002,72.559998,463900,72.559998
2015-09-18,73.68,74.75,72.059998,72.519997,773400,72.519997
2015-09-17,75.68,76.00,74.370003,74.550003,587200,74.550003
2015-09-16,75.379997,75.769997,73.669998,75.550003,515500,75.550003
2015-09-15,74.419998,75.230003,74.129997,74.989998,614200,74.989998
2015-09-14,72.209999,74.839996,72.209999,74.25,767800,74.25
2015-09-11,71.889999,72.489998,69.860001,71.739998,497800,71.739998
2015-09-10,71.300003,73.07,71.18,72.330002,696000,72.330002
2015-09-09,74.18,74.339996,71.300003,71.730003,501300,71.730003
2015-09-08,70.279999,73.699997,69.540001,73.580002,856800,73.580002
2015-09-04,68.699997,70.739998,68.699997,68.989998,499800,68.989998
2015-09-03,70.019997,71.279999,69.269997,69.669998,418900,69.669998
2015-09-02,69.830002,69.940002,68.580002,69.599998,543600,69.599998
2015-09-01,68.839996,70.470001,67.919998,68.720001,829200,68.720001
2015-08-31,70.809998,71.849998,69.959999,70.089996,566300,70.089996
2015-08-28,70.879997,71.949997,70.480003,71.010002,414300,71.010002
2015-08-27,70.470001,71.879997,70.050003,71.110001,761700,71.110001
2015-08-26,69.550003,69.910004,67.75,69.650002,837500,69.650002
2015-08-25,70.57,71.00,67.660004,67.919998,725500,67.919998
2015-08-24,64.510002,70.610001,61.419998,67.760002,1304300,67.760002
2015-08-21,67.639999,71.080002,67.260002,70.00,1304800,70.00
2015-08-20,70.809998,71.360001,68.779999,68.870003,895600,68.870003
2015-08-19,71.309998,72.080002,70.07,71.139999,806900,71.139999
2015-08-18,73.370003,73.459999,71.050003,71.32,597300,71.32
2015-08-17,72.029999,73.510002,71.389999,73.209999,521900,73.209999
2015-08-14,73.099998,73.099998,71.120003,72.57,712100,72.57
2015-08-13,74.190002,75.279999,73.00,73.18,730700,73.18
2015-08-12,72.510002,74.82,71.349998,74.32,898400,74.32
2015-08-11,75.75,76.870003,72.959999,73.57,727600,73.57
2015-08-10,76.410004,77.419998,76.239998,77.029999,520900,77.029999
2015-08-07,74.620003,76.150002,73.970001,75.610001,728000,75.610001
2015-08-06,76.199997,76.660004,73.029999,75.00,967400,75.00
2015-08-05,77.099998,78.379997,76.339996,76.519997,968300,76.519997
2015-08-04,79.860001,79.860001,74.940002,76.669998,1558800,76.669998
2015-08-03,78.75,80.239998,77.599998,79.720001,1476200,79.720001
2015-07-31,76.199997,79.529999,73.160004,79.379997,3732900,79.379997
2015-07-30,79.519997,79.900002,78.269997,79.269997,1583400,79.269997
2015-07-29,81.940002,81.980003,79.089996,79.839996,1417500,79.839996
2015-07-28,81.410004,81.959999,78.620003,81.459999,842800,81.459999
2015-07-27,79.190002,82.190002,76.169998,81.290001,1335600,81.290001
2015-07-24,80.650002,81.970001,79.129997,80.059998,1049500,80.059998
2015-07-23,80.839996,82.330002,79.870003,80.739998,983300,80.739998
2015-07-22,83.800003,83.800003,77.43,79.849998,1663100,79.849998
2015-07-21,83.50,85.43,82.730003,84.760002,769300,84.760002
2015-07-20,85.660004,85.660004,81.57,83.279999,6675800,83.279999
2015-07-17,85.300003,85.489998,83.809998,85.089996,600800,85.089996
2015-07-16,85.099998,85.800003,82.839996,85.07,1093200,85.07
2015-07-15,86.580002,87.339996,84.139999,84.440002,702200,84.440002
2015-07-14,84.779999,86.309998,84.209999,85.540001,640300,85.540001
2015-07-13,84.959999,85.690002,83.410004,84.029999,567200,84.029999
2015-07-10,83.50,84.769997,82.980003,84.269997,742700,84.269997
2015-07-09,83.559998,85.00,81.480003,82.220001,1525900,82.220001
2015-07-08,82.830002,83.360001,81.239998,82.169998,786200,82.169998
2015-07-07,83.230003,83.379997,79.760002,82.900002,1111800,82.900002
2015-07-06,84.949997,85.260002,82.419998,82.93,984300,82.93
2015-07-02,84.160004,86.779999,83.589996,85.910004,1098600,85.910004
2015-07-01,87.339996,87.879997,82.889999,83.559998,1412700,83.559998
2015-06-30,86.339996,87.269997,86.040001,86.739998,1034100,86.739998
2015-06-29,85.550003,89.900002,84.32,85.169998,1846900,85.169998
2015-06-26,89.68,89.760002,86.230003,86.32,1428700,86.32
2015-06-25,90.989998,91.370003,88.849998,89.82,1025900,89.82
2015-06-24,93.410004,93.449997,89.709999,90.980003,1103900,90.980003
2015-06-23,93.889999,94.07,91.760002,93.370003,1102000,93.370003
2015-06-22,96.669998,97.25,91.07,93.559998,2234700,93.559998
2015-06-19,100.989998,100.989998,97.209999,98.360001,923300,98.360001
2015-06-18,100.480003,102.50,100.199997,101.480003,669900,101.480003
2015-06-17,101.339996,101.720001,100.150002,100.18,368200,100.18
2015-06-16,101.00,101.419998,99.849998,100.699997,491600,100.699997
2015-06-15,97.339996,101.089996,96.449997,100.519997,833500,100.519997
2015-06-12,96.080002,98.470001,95.980003,98.129997,537100,98.129997
2015-06-11,99.279999,99.889999,96.769997,97.419998,681800,97.419998
2015-06-10,98.00,100.610001,97.769997,98.989998,594400,98.989998
2015-06-09,98.599998,98.970001,95.650002,97.650002,998300,97.650002
2015-06-08,100.660004,101.330002,97.769997,98.970001,489600,98.970001
2015-06-05,98.790001,100.510002,98.019997,100.400002,378600,100.400002
2015-06-04,100.260002,100.870003,98.400002,98.760002,526100,98.760002
2015-06-03,100.169998,101.529999,99.25,100.550003,600900,100.550003
2015-06-02,99.75,100.330002,98.839996,99.50,489500,99.50
2015-06-01,100.480003,100.93,99.489998,99.919998,561000,99.919998
2015-05-29,99.50,100.57,98.860001,99.639999,809200,99.639999
2015-05-28,100.00,101.139999,97.580002,99.400002,1410800,99.400002
2015-05-27,95.599998,99.489998,94.669998,99.110001,1056600,99.110001
2015-05-26,96.970001,96.989998,94.300003,95.190002,968100,95.190002
2015-05-22,94.989998,97.57,94.510002,96.449997,1182500,96.449997
2015-05-21,92.910004,94.550003,92.360001,94.309998,689600,94.309998
2015-05-20,93.019997,93.389999,92.110001,92.529999,499800,92.529999
2015-05-19,94.639999,94.849998,92.379997,92.860001,688200,92.860001
2015-05-18,90.089996,94.620003,90.089996,94.370003,1468500,94.370003
2015-05-15,89.980003,90.290001,88.779999,90.230003,596000,90.230003
2015-05-14,88.449997,89.769997,87.660004,89.68,545900,89.68
2015-05-13,88.330002,88.800003,87.57,87.900002,342300,87.900002
2015-05-12,87.690002,88.190002,86.830002,87.910004,576500,87.910004
2015-05-11,86.540001,89.989998,86.419998,88.660004,996300,88.660004
2015-05-08,86.550003,87.32,85.699997,86.110001,470900,86.110001
2015-05-07,85.349998,86.370003,85.199997,85.650002,396400,85.650002
2015-05-06,84.610001,85.489998,83.940002,85.290001,481700,85.290001
2015-05-05,86.00,86.129997,83.940002,84.339996,495600,84.339996
2015-05-04,86.160004,86.559998,84.089996,86.300003,630100,86.300003
2015-05-01,85.120003,86.419998,84.309998,86.18,355900,86.18
2015-04-30,86.360001,86.529999,84.349998,84.720001,630900,84.720001
2015-04-29,86.440002,87.57,86.019997,86.699997,715400,86.699997
2015-04-28,85.050003,87.279999,84.669998,86.57,710800,86.57
2015-04-27,85.639999,86.029999,84.440002,85.129997,907000,85.129997
2015-04-24,85.900002,87.209999,82.93,85.690002,2051400,85.690002
2015-04-23,88.870003,89.589996,88.410004,89.040001,831200,89.040001
2015-04-22,90.519997,90.760002,89.169998,89.540001,856700,89.540001
2015-04-21,89.889999,91.230003,89.330002,90.599998,1097000,90.599998
2015-04-20,88.379997,89.900002,87.760002,89.489998,719400,89.489998
2015-04-17,88.660004,88.809998,86.910004,88.260002,457700,88.260002
2015-04-16,89.599998,89.980003,88.639999,89.089996,831100,89.089996
2015-04-15,88.209999,89.959999,86.510002,89.589996,668600,89.589996
2015-04-14,87.480003,88.50,86.470001,88.230003,584200,88.230003
2015-04-13,87.50,88.379997,87.029999,87.540001,508800,87.540001
