Date,Open,High,Low,Close,Volume,Adj Close
2015-10-09,41.00,41.07,40.73,40.93,4577800,40.93
2015-10-08,40.509998,40.959999,40.279999,40.950001,4650300,40.950001
2015-10-07,40.139999,40.560001,40.029999,40.560001,4868700,40.560001
2015-10-06,40.139999,40.259998,39.799999,40.080002,6592000,40.080002
2015-10-05,39.599998,40.23,39.470001,40.209999,7932800,40.209999
2015-10-02,38.360001,39.41,38.34,39.400002,4801600,39.400002
2015-10-01,38.720001,38.900002,38.41,38.610001,5004000,38.610001
2015-09-30,39.029999,39.23,38.73,38.970001,4875600,38.970001
2015-09-29,38.880001,39.139999,38.720001,38.93,5080100,38.629999
2015-09-28,39.639999,39.84,38.709999,38.720001,6512900,38.421618
2015-09-25,39.889999,40.200001,39.41,39.73,7571400,39.423834
2015-09-24,39.32,39.810001,39.209999,39.709999,7543500,39.403987
2015-09-23,39.439999,39.490002,39.189999,39.450001,4591500,39.145993
2015-09-22,39.52,39.630001,39.240002,39.349998,5134900,39.046761
2015-09-21,39.509998,39.939999,39.41,39.849998,4925600,39.542908
2015-09-18,38.98,39.73,38.98,39.48,12607400,39.17576
2015-09-17,39.599998,39.860001,39.240002,39.509998,6160000,39.205528
2015-09-16,39.509998,39.59,39.099998,39.529999,7832100,39.225374
2015-09-15,39.970001,40.029999,39.029999,39.459999,8726000,39.155914
2015-09-14,39.830002,39.93,39.50,39.880001,4038100,39.572679
2015-09-11,39.470001,39.970001,39.169998,39.950001,5034200,39.642139
2015-09-10,39.52,39.73,39.220001,39.369999,7886700,39.066607
2015-09-09,40.27,40.310001,39.529999,39.599998,3918200,39.294834
2015-09-08,40.169998,40.169998,39.77,40.07,6046400,39.761214
2015-09-04,39.560001,39.740002,39.32,39.57,4840700,39.265067
2015-09-03,39.689999,40.119999,39.689999,39.91,5137000,39.602447
2015-09-02,39.360001,39.77,39.16,39.77,4627200,39.463526
2015-09-01,39.389999,39.389999,38.860001,39.080002,9320700,38.778845
2015-08-31,39.919998,39.990002,39.580002,39.869999,7574700,39.562754
2015-08-28,40.25,40.419998,39.740002,39.91,5344200,39.602447
2015-08-27,40.200001,40.529999,39.610001,40.299999,5485000,39.989441
2015-08-26,39.799999,40.040001,39.119999,39.950001,8679300,39.642139
2015-08-25,39.98,40.189999,39.040001,39.040001,9560900,38.739152
2015-08-24,38.740002,39.830002,38.119999,39.259998,13531300,38.957454
2015-08-21,40.48,40.68,39.669998,39.700001,7892600,39.394066
2015-08-20,40.75,41.02,40.52,40.549999,6354800,40.237514
2015-08-19,41.099998,41.150002,40.689999,40.959999,6957500,40.644355
2015-08-18,41.139999,41.34,41.02,41.150002,6704900,40.832893
2015-08-17,40.810001,41.369999,40.700001,41.150002,11117400,40.832893
2015-08-14,38.52,41.869999,38.419998,41.380001,30108300,41.06112
2015-08-13,38.689999,38.790001,38.240002,38.52,7792200,38.223159
2015-08-12,37.860001,38.77,37.650002,38.630001,8207700,38.332312
2015-08-11,37.419998,38.119999,37.380001,37.970001,9812300,37.677398
2015-08-10,37.189999,37.950001,36.91,37.59,14246200,37.300325
2015-08-07,35.759998,36.939999,35.73,36.93,11239700,36.645412
2015-08-06,36.599998,36.610001,35.970001,36.25,11785500,35.970652
2015-08-05,36.630001,36.860001,36.549999,36.759998,6263900,36.47672
2015-08-04,36.279999,36.470001,36.00,36.450001,8687200,36.169111
2015-08-03,36.02,36.360001,35.889999,36.27,2464100,35.990498
2015-07-31,36.23,36.50,36.139999,36.310001,3099200,36.030191
2015-07-30,36.099998,36.119999,35.919998,36.060001,3172500,35.782117
2015-07-29,36.07,36.34,35.990002,36.25,2742700,35.970652
2015-07-28,35.84,36.049999,35.619999,36.02,3925400,35.742424
2015-07-27,35.889999,35.889999,35.549999,35.779999,4181500,35.504272
2015-07-24,36.139999,36.139999,35.889999,36.00,3058800,35.722578
2015-07-23,36.200001,36.330002,36.07,36.139999,3469900,35.861499
2015-07-22,36.290001,36.41,36.139999,36.220001,3357600,35.940884
2015-07-21,36.25,36.419998,36.139999,36.299999,4290800,36.020265
2015-07-20,36.32,36.32,36.029999,36.27,2839500,35.990498
2015-07-17,36.09,36.360001,35.959999,36.349998,3565700,36.069879
2015-07-16,36.110001,36.220001,35.98,36.139999,2213000,35.861499
2015-07-15,36.18,36.310001,35.970001,36.029999,2385400,35.752346
2015-07-14,36.110001,36.23,36.009998,36.169998,2633400,35.891266
2015-07-13,36.16,36.32,36.07,36.119999,2975400,35.841652
2015-07-10,36.259998,36.32,36.009998,36.049999,2521100,35.772192
2015-07-09,36.41,36.470001,36.00,36.00,4578500,35.722578
2015-07-08,35.849998,36.220001,35.700001,36.049999,5114100,35.772192
2015-07-07,35.68,36.139999,35.450001,36.029999,4365700,35.752346
2015-07-06,35.700001,35.919998,35.50,35.68,8391000,35.405044
2015-07-02,36.00,36.09,35.740002,35.919998,5430200,35.643193
2015-07-01,35.900002,36.169998,35.77,35.990002,11503100,35.712657
2015-06-30,37.25,37.27,35.970001,36.099998,16803700,35.821806
2015-06-29,38.419998,38.419998,37.419998,37.540001,11969300,36.953024
2015-06-26,38.209999,38.43,38.099998,38.369999,10551300,37.770045
2015-06-25,38.700001,38.709999,38.060001,38.299999,9127700,37.701139
2015-06-24,37.209999,38.990002,37.130001,38.75,15418800,38.144104
2015-06-23,37.59,37.610001,37.450001,37.59,1965500,37.002242
2015-06-22,37.50,37.66,37.43,37.599998,2041700,37.012084
2015-06-19,37.290001,37.580002,37.27,37.380001,3980200,36.795526
2015-06-18,37.419998,37.700001,37.360001,37.400002,3026000,36.815214
2015-06-17,37.25,37.369999,37.00,37.310001,3743800,36.726621
2015-06-16,37.009998,37.290001,37.009998,37.25,2199600,36.667558
2015-06-15,36.709999,37.080002,36.68,37.009998,3488900,36.431309
2015-06-12,37.130001,37.189999,36.919998,36.919998,5712200,36.342716
2015-06-11,37.25,37.459999,37.119999,37.130001,6312100,36.549435
2015-06-10,37.23,37.439999,37.18,37.23,3804900,36.64787
2015-06-09,37.599998,37.599998,37.080002,37.099998,3119600,36.519902
2015-06-08,37.049999,37.189999,37.00,37.060001,2749200,36.48053
2015-06-05,37.439999,37.470001,37.029999,37.09,5086200,36.51006
2015-06-04,37.57,37.610001,37.349998,37.52,6661500,36.933337
2015-06-03,37.459999,37.599998,37.16,37.57,3835300,36.982554
2015-06-02,37.220001,37.41,37.040001,37.299999,3209500,36.716775
2015-06-01,37.209999,37.419998,37.07,37.23,4107900,36.64787
2015-05-29,37.240002,37.310001,37.099998,37.16,4846300,36.578965
2015-05-28,37.540001,37.57,37.209999,37.25,2315900,36.667558
2015-05-27,37.48,37.610001,37.310001,37.549999,1610100,36.962866
2015-05-26,37.580002,37.720001,37.389999,37.48,2623100,36.893961
2015-05-22,37.990002,38.029999,37.669998,37.669998,1985100,37.080989
2015-05-21,38.02,38.240002,37.790001,38.099998,2262700,37.504266
2015-05-20,38.310001,38.349998,37.93,38.07,2864600,37.474736
2015-05-19,38.209999,38.48,37.950001,38.299999,6950000,37.701139
2015-05-18,37.279999,37.580002,37.16,37.490002,2639400,36.903807
2015-05-15,37.360001,37.48,37.259998,37.27,3141100,36.687246
2015-05-14,37.00,37.48,36.919998,37.43,3854900,36.844744
2015-05-13,36.619999,36.939999,36.610001,36.849998,3188200,36.273811
2015-05-12,36.360001,36.700001,36.310001,36.610001,2430000,36.037566
2015-05-11,36.52,36.709999,36.369999,36.490002,2177900,35.919443
2015-05-08,36.59,36.709999,36.509998,36.610001,2663400,36.037566
2015-05-07,35.970001,36.560001,35.860001,36.369999,3509300,35.801317
2015-05-06,36.16,36.240002,35.84,35.970001,5775700,35.407573
2015-05-05,36.50,36.52,36.02,36.119999,8045900,35.555226
2015-05-04,36.799999,37.450001,36.599998,36.669998,5410400,36.096625
2015-05-01,37.119999,37.240002,36.849998,37.16,3928200,36.578965
2015-04-30,37.380001,37.459999,36.849998,37.029999,4295200,36.450997
2015-04-29,37.59,37.709999,37.380001,37.43,2383500,36.844744
2015-04-28,37.73,37.91,37.52,37.720001,1672500,37.13021
2015-04-27,37.93,38.130001,37.73,37.77,2814600,37.179428
2015-04-24,37.950001,38.07,37.740002,37.93,2925200,37.336926
2015-04-23,37.599998,38.099998,37.509998,37.950001,3361100,37.356614
2015-04-22,37.619999,37.73,37.32,37.630001,3977200,37.041617
2015-04-21,37.330002,37.700001,37.279999,37.599998,2353200,37.012084
2015-04-20,37.470001,37.84,37.279999,37.299999,2862300,36.716775
2015-04-17,37.080002,37.419998,37.009998,37.330002,3618700,36.746309
2015-04-16,37.50,37.650002,37.169998,37.32,2812700,36.736463
2015-04-15,37.810001,38.00,37.630001,37.66,1683300,37.071147
2015-04-14,37.630001,37.830002,37.529999,37.799999,2013500,37.208957
2015-04-13,38.110001,38.169998,37.57,37.610001,4033700,37.02193
