Date,Open,High,Low,Close,Volume,Adj Close
2015-10-16,88.029999,88.410004,87.309998,88.300003,2705500,88.300003
2015-10-15,86.410004,87.949997,86.029999,87.760002,3568400,87.760002
2015-10-14,86.800003,86.980003,85.419998,86.00,3169600,86.00
2015-10-13,86.739998,89.00,85.720001,86.580002,14425300,86.580002
2015-10-12,82.50,82.870003,78.169998,78.75,5787400,78.75
2015-10-09,81.919998,82.419998,81.370003,81.610001,3782600,81.610001
2015-10-08,81.980003,82.68,80.129997,82.00,3744500,82.00
2015-10-07,81.50,82.269997,79.459999,82.209999,4049200,82.209999
2015-10-06,82.230003,82.839996,80.949997,80.989998,4273200,80.989998
2015-10-05,84.400002,85.050003,83.849998,84.260002,2663800,84.260002
2015-10-02,82.459999,83.860001,81.989998,83.839996,2252200,83.839996
2015-10-01,83.019997,83.82,82.559998,83.239998,2268900,83.239998
2015-09-30,83.040001,83.870003,81.790001,83.019997,2516700,83.019997
2015-09-29,82.580002,83.349998,80.160004,82.00,5460000,82.00
2015-09-28,82.50,84.57,82.010002,82.389999,4958100,82.389999
2015-09-25,81.699997,82.830002,81.629997,82.300003,2111400,82.300003
2015-09-24,82.239998,82.650002,80.800003,81.110001,3216000,81.110001
2015-09-23,82.949997,83.459999,82.610001,82.790001,3019100,82.790001
2015-09-22,82.809998,83.410004,81.300003,82.889999,3324000,82.889999
2015-09-21,85.760002,85.790001,83.389999,83.669998,3932100,83.669998
2015-09-18,81.519997,84.519997,81.519997,84.379997,7121600,84.379997
2015-09-17,82.800003,83.75,81.699997,82.599998,6844400,82.599998
2015-09-16,80.699997,83.300003,80.300003,82.980003,20375500,82.980003
2015-09-15,69.419998,72.709999,68.830002,72.639999,3828300,72.639999
2015-09-14,69.349998,69.550003,68.849998,69.089996,1346900,69.089996
2015-09-11,68.970001,69.379997,68.279999,69.349998,1507400,69.349998
2015-09-10,68.489998,69.75,68.050003,69.260002,1544900,69.260002
2015-09-09,69.800003,69.910004,68.269997,68.440002,1443400,68.440002
2015-09-08,68.25,69.410004,68.019997,69.290001,2051300,69.290001
2015-09-04,66.459999,67.949997,66.059998,67.269997,1596200,67.269997
2015-09-03,66.870003,67.93,66.720001,66.959999,1588800,66.959999
2015-09-02,66.959999,67.169998,65.769997,66.800003,1347200,66.800003
2015-09-01,66.830002,67.32,66.010002,66.300003,1823300,66.300003
2015-08-31,67.050003,68.779999,67.029999,68.089996,1802000,68.089996
2015-08-28,66.830002,67.389999,66.650002,67.139999,1147300,67.139999
2015-08-27,67.029999,68.050003,66.139999,67.099998,1594400,67.099998
2015-08-26,66.50,66.800003,64.620003,66.68,2204800,66.68
2015-08-25,68.029999,68.18,65.139999,65.190002,2697800,65.190002
2015-08-24,66.519997,68.00,63.91,66.480003,5034500,66.480003
2015-08-21,71.43,71.639999,69.980003,69.980003,2143900,69.980003
2015-08-20,72.769997,72.839996,71.980003,71.989998,1615800,71.989998
2015-08-19,72.959999,73.75,72.449997,73.400002,1709500,73.400002
2015-08-18,73.160004,74.330002,73.120003,73.269997,1556600,73.269997
2015-08-17,71.269997,73.260002,71.059998,73.230003,1580300,73.230003
2015-08-14,71.519997,71.82,70.849998,71.629997,670400,71.629997
2015-08-13,72.169998,72.410004,71.480003,71.620003,829600,71.620003
2015-08-12,71.959999,72.419998,71.690002,72.230003,1114900,72.230003
2015-08-11,72.160004,72.879997,71.830002,72.519997,1555600,72.519997
2015-08-10,73.43,73.639999,72.489998,72.75,1243800,72.75
2015-08-07,73.489998,73.489998,72.389999,72.989998,1677700,72.989998
2015-08-06,72.300003,74.099998,71.82,73.760002,3842000,73.760002
2015-08-05,69.889999,70.699997,69.760002,70.410004,3451100,70.410004
2015-08-04,70.209999,70.25,69.470001,69.589996,1699600,69.589996
2015-08-03,71.110001,71.349998,69.669998,70.18,1653500,70.18
2015-07-31,70.199997,71.209999,69.879997,71.139999,1478000,71.139999
2015-07-30,69.57,70.169998,69.07,70.07,1197600,70.07
2015-07-29,69.589996,70.199997,69.099998,70.040001,2291600,70.040001
2015-07-28,69.639999,69.709999,68.629997,69.309998,1337100,68.899997
2015-07-27,69.519997,69.709999,68.57,69.540001,1404100,69.12864
2015-07-24,70.860001,71.010002,69.68,70.00,715800,69.585918
2015-07-23,71.260002,71.260002,70.699997,70.82,1164800,70.401067
2015-07-22,71.269997,71.940002,71.169998,71.360001,739700,70.937873
2015-07-21,71.739998,72.339996,71.050003,71.32,686400,70.898109
2015-07-20,71.599998,72.050003,71.440002,71.720001,828900,71.295744
2015-07-17,71.800003,72.18,71.339996,71.650002,1913200,71.226159
2015-07-16,72.199997,72.379997,71.919998,72.18,784200,71.753022
2015-07-15,71.769997,72.080002,71.18,71.68,1075000,71.25598
2015-07-14,72.220001,72.220001,71.400002,71.639999,1111800,71.216216
2015-07-13,71.400002,72.379997,71.129997,72.169998,1679500,71.743079
2015-07-10,72.029999,72.290001,70.809998,71.089996,912900,70.669466
2015-07-09,71.169998,71.709999,70.660004,71.190002,1999100,70.768881
2015-07-08,70.300003,71.169998,69.790001,70.089996,1869600,69.675382
2015-07-07,69.389999,70.349998,68.50,70.160004,1320000,69.744975
2015-07-06,69.400002,69.57,69.00,69.419998,1705700,69.009347
2015-07-02,70.040001,70.370003,69.510002,70.059998,1053900,69.64556
2015-07-01,70.360001,70.959999,70.129997,70.25,1181400,69.834439
2015-06-30,71.25,71.470001,69.690002,69.809998,1575900,69.397039
2015-06-29,71.559998,71.75,70.550003,70.589996,1254300,70.172424
2015-06-26,72.599998,73.07,72.209999,72.290001,992300,71.862372
2015-06-25,72.529999,72.800003,72.080002,72.169998,1497900,71.743079
2015-06-24,72.129997,73.889999,72.129997,72.57,2284700,72.140715
2015-06-23,72.709999,73.589996,72.220001,72.230003,2154500,71.802729
2015-06-22,73.769997,74.150002,73.610001,73.849998,1125500,73.413142
2015-06-19,73.43,73.660004,73.019997,73.18,1394300,72.747107
2015-06-18,73.410004,74.120003,73.010002,73.720001,1168800,73.283913
2015-06-17,72.50,73.110001,72.239998,72.970001,1177400,72.53835
2015-06-16,71.459999,72.720001,70.900002,72.510002,1440100,72.081072
2015-06-15,72.410004,72.650002,71.279999,71.400002,2043400,70.977637
2015-06-12,72.50,72.830002,72.349998,72.769997,909500,72.339528
2015-06-11,72.809998,72.839996,72.43,72.720001,912300,72.289829
2015-06-10,72.809998,73.129997,72.50,72.650002,1118700,72.220243
2015-06-09,72.949997,73.120003,71.989998,72.459999,1424000,72.031365
2015-06-08,72.639999,73.959999,72.230003,72.839996,1812500,72.409114
2015-06-05,74.709999,75.120003,71.620003,72.610001,5433600,72.180479
2015-06-04,74.32,75.110001,74.199997,74.860001,2078600,74.417169
2015-06-03,74.150002,74.839996,73.900002,74.760002,1305300,74.317762
2015-06-02,72.809998,74.279999,72.669998,74.019997,1715900,73.582134
2015-06-01,73.32,73.849998,72.830002,73.080002,1455100,72.6477
2015-05-29,74.190002,74.400002,73.260002,73.379997,1377700,72.945921
2015-05-28,73.959999,74.769997,73.839996,74.540001,1755000,74.099062
2015-05-27,73.290001,73.57,72.940002,72.970001,1534400,72.53835
2015-05-26,74.080002,74.32,73.529999,73.650002,1275100,72.806753
2015-05-22,74.889999,75.230003,74.050003,74.239998,1299900,73.389995
2015-05-21,75.360001,75.720001,74.93,75.07,1159100,74.210493
2015-05-20,75.830002,76.190002,75.50,75.550003,1463900,74.685001
2015-05-19,75.879997,76.300003,75.43,75.690002,1928600,74.823398
2015-05-18,74.830002,75.769997,74.620003,75.610001,1213900,74.744312
2015-05-15,75.059998,75.190002,74.769997,75.00,1175100,74.141295
2015-05-14,75.190002,75.559998,74.739998,75.050003,1872000,74.190726
2015-05-13,73.970001,74.919998,73.769997,74.620003,2083000,73.765649
2015-05-12,74.50,74.550003,73.510002,73.980003,1216000,73.132977
2015-05-11,74.349998,75.489998,74.110001,74.93,2533800,74.072097
2015-05-08,74.610001,75.00,73.459999,74.550003,1987500,73.69645
2015-05-07,73.169998,75.080002,71.50,74.019997,4365900,73.172512
2015-05-06,73.50,74.00,72.910004,73.519997,1715900,72.678237
2015-05-05,73.50,73.68,72.730003,72.919998,1753900,72.085108
2015-05-04,74.099998,74.260002,73.470001,73.650002,906900,72.806753
2015-05-01,73.589996,74.139999,73.169998,74.040001,1053600,73.192288
2015-04-30,74.050003,74.480003,73.330002,73.510002,991000,72.668357
2015-04-29,74.160004,74.690002,73.639999,74.07,1288600,73.221943
2015-04-28,74.239998,75.279999,73.949997,74.699997,1223800,73.844727
2015-04-27,75.410004,75.419998,74.559998,74.599998,1188000,73.745874
2015-04-24,75.480003,75.510002,74.540001,75.129997,966800,74.269804
2015-04-23,75.440002,75.690002,75.029999,75.120003,872200,74.259924
2015-04-22,75.93,76.209999,75.169998,75.529999,1068400,74.665226
2015-04-21,76.00,76.57,75.709999,75.93,1117400,75.060648
2015-04-20,77.269997,77.589996,75.760002,75.980003,1968800,75.110078
