Date,Open,High,Low,Close,Volume,Adj Close
2015-10-16,25.17,25.17,25.15,25.17,4800,25.17
2015-10-15,24.85,25.200001,24.85,25.190001,2500,25.190001
2015-10-14,24.90,25.00,24.90,24.950001,8800,24.950001
2015-10-13,25.00,25.23,24.969999,24.99,18500,24.99
2015-10-12,24.98,24.98,24.969999,24.969999,700,24.969999
2015-10-09,24.969999,25.190001,24.950001,25.00,33000,25.00
2015-10-08,24.969999,24.969999,24.91,24.950001,5600,24.950001
2015-10-07,24.809999,24.940001,24.73,24.940001,1900,24.940001
2015-10-06,24.719999,24.959999,24.719999,24.959999,5500,24.959999
2015-10-05,24.91,24.93,24.780001,24.799999,11100,24.799999
2015-10-02,24.93,24.93,24.709999,24.75,2300,24.75
2015-10-01,24.82,24.82,24.82,24.82,300,24.82
2015-09-30,24.92,24.92,24.75,24.860001,7000,24.860001
2015-09-29,24.83,24.83,24.65,24.65,600,24.65
2015-09-28,24.700001,24.790001,24.700001,24.790001,3400,24.790001
2015-09-25,24.799999,24.889999,24.799999,24.879999,2400,24.879999
2015-09-24,24.76,24.93,24.58,24.629999,4900,24.629999
2015-09-23,24.66,24.66,24.50,24.620001,20600,24.620001
2015-09-22,24.610001,24.629999,24.50,24.50,4000,24.50
2015-09-21,24.889999,24.889999,24.610001,24.77,4000,24.77
2015-09-18,24.68,24.889999,24.68,24.889999,128500,24.889999
2015-09-17,24.65,24.85,24.610001,24.780001,5200,24.780001
2015-09-16,24.549999,24.700001,24.549999,24.700001,2100,24.700001
2015-09-15,24.50,24.60,24.450001,24.60,3300,24.60
2015-09-14,24.530001,24.60,24.530001,24.60,600,24.60
2015-09-11,24.50,24.620001,24.42,24.610001,7100,24.610001
2015-09-10,24.959999,24.959999,24.85,24.860001,4300,24.469001
2015-09-09,25.030001,25.030001,24.959999,25.00,2200,24.606799
2015-09-08,25.00,25.00,24.90,24.90,31300,24.508371
2015-09-04,25.00,25.00,24.950001,24.98,5300,24.587113
2015-09-03,24.950001,25.00,24.91,24.91,1500,24.518214
2015-09-02,24.950001,24.950001,24.799999,24.889999,135900,24.498528
2015-09-01,24.780001,24.889999,24.780001,24.889999,600,24.498528
2015-08-31,25.120001,25.120001,24.780001,24.780001,8100,24.390259
2015-08-28,25.10,25.15,25.00,25.08,19500,24.68554
2015-08-27,25.459999,25.50,25.299999,25.299999,1600,24.902079
2015-08-26,25.459999,25.459999,25.10,25.120001,4300,24.724912
2015-08-25,25.41,25.50,25.25,25.25,16400,24.852867
2015-08-24,25.33,25.33,24.91,25.17,22000,24.774125
2015-08-21,25.35,25.35,25.35,25.35,000,24.951294
2015-08-20,25.309999,25.370001,25.299999,25.35,83600,24.951294
2015-08-19,25.43,25.43,25.379999,25.41,2000,25.01035
2015-08-18,25.469999,25.469999,25.25,25.25,38700,24.852867
2015-08-17,25.549999,25.639999,25.32,25.42,4500,25.020193
2015-08-14,25.51,25.51,25.50,25.50,1400,25.098935
2015-08-13,25.700001,25.700001,25.65,25.65,3400,25.246575
2015-08-12,25.60,25.73,25.60,25.68,2800,25.276104
2015-08-11,25.60,25.60,25.60,25.60,2000,25.197362
2015-08-10,25.50,25.68,25.469999,25.52,2300,25.11862
2015-08-07,25.41,25.41,25.35,25.41,13400,25.01035
2015-08-06,25.41,25.60,25.35,25.35,5800,24.951294
2015-08-05,25.299999,25.74,25.25,25.48,16900,25.079249
2015-08-04,25.35,25.35,25.25,25.309999,16100,24.911922
2015-08-03,25.27,25.299999,25.25,25.299999,16000,24.902079
2015-07-31,25.200001,25.309999,25.200001,25.309999,30500,24.911922
2015-07-30,25.26,25.42,25.25,25.42,17000,25.020193
2015-07-29,25.219999,25.43,25.219999,25.34,2200,24.941451
2015-07-28,25.26,25.32,25.120001,25.309999,110400,24.911922
2015-07-27,25.379999,25.379999,25.379999,25.379999,200,24.980821
2015-07-24,25.17,25.280001,25.17,25.280001,1300,24.882395
2015-07-23,25.219999,25.35,25.219999,25.25,4900,24.852867
2015-07-22,25.299999,25.299999,25.299999,25.299999,200,24.902079
2015-07-21,25.309999,25.35,25.219999,25.35,5200,24.951294
2015-07-20,25.209999,25.719999,25.209999,25.540001,3600,25.138306
2015-07-17,25.450001,25.60,25.40,25.60,28600,25.197362
2015-07-16,25.440001,25.549999,25.440001,25.51,3700,25.108778
2015-07-15,25.32,25.440001,25.32,25.379999,900,24.980821
2015-07-14,25.25,25.40,25.24,25.40,2500,25.000507
2015-07-13,25.25,25.299999,25.200001,25.200001,1800,24.803654
2015-07-10,25.26,25.290001,25.129999,25.129999,700,24.734753
2015-07-09,25.15,25.200001,25.120001,25.200001,3600,24.803654
2015-07-08,25.120001,25.379999,25.059999,25.219999,2800,24.823338
2015-07-07,25.129999,25.18,25.129999,25.139999,3300,24.744596
2015-07-06,25.15,25.15,25.08,25.129999,1000,24.734753
2015-07-02,25.440001,25.440001,25.129999,25.129999,2200,24.734753
2015-07-01,25.34,25.35,25.299999,25.32,1100,24.921765
2015-06-30,25.43,25.43,25.309999,25.309999,1400,24.911922
2015-06-29,25.049999,25.110001,25.049999,25.10,2500,24.705226
2015-06-26,25.129999,25.24,25.129999,25.15,3100,24.754439
2015-06-25,25.209999,25.34,25.200001,25.24,37100,24.843024
2015-06-24,25.15,25.370001,25.15,25.209999,2200,24.813495
2015-06-23,25.450001,25.48,25.25,25.290001,9200,24.892238
2015-06-22,25.370001,25.379999,25.290001,25.35,2900,24.951294
2015-06-19,25.34,25.440001,25.26,25.40,11300,25.000507
2015-06-18,25.280001,25.309999,25.25,25.309999,75100,24.911922
2015-06-17,25.219999,25.219999,25.18,25.219999,5100,24.823338
2015-06-16,25.32,25.33,25.25,25.25,1500,24.852867
2015-06-15,25.25,25.299999,25.25,25.299999,14200,24.902079
2015-06-12,25.35,25.35,25.35,25.35,100,24.951294
2015-06-11,25.26,25.26,25.25,25.25,900,24.852867
2015-06-10,25.450001,25.65,25.450001,25.65,15600,24.861724
2015-06-09,25.51,25.60,25.51,25.60,900,24.813262
2015-06-08,25.60,25.73,25.60,25.65,16800,24.861724
2015-06-05,25.50,25.73,25.50,25.700001,6400,24.910189
2015-06-04,25.370001,25.50,25.370001,25.50,1000,24.716335
2015-06-03,25.700001,25.700001,25.459999,25.51,6900,24.726028
2015-06-02,25.33,25.65,25.33,25.43,3700,24.648486
2015-06-01,25.780001,25.780001,25.549999,25.549999,3400,24.764797
2015-05-29,25.34,25.41,25.34,25.41,29600,24.6291
2015-05-28,25.68,25.68,25.379999,25.51,6300,24.726028
2015-05-27,25.450001,25.67,25.40,25.60,12000,24.813262
2015-05-26,25.299999,25.49,25.17,25.49,13500,24.706642
2015-05-22,25.299999,25.299999,25.299999,25.299999,000,24.52248
2015-05-21,25.059999,25.40,25.059999,25.299999,10200,24.52248
2015-05-20,25.389999,25.389999,25.190001,25.25,3800,24.474018
2015-05-19,25.25,25.450001,25.200001,25.450001,3000,24.667872
2015-05-18,25.48,25.48,25.309999,25.42,11400,24.638793
2015-05-15,25.49,25.50,25.35,25.40,11900,24.619407
2015-05-14,25.02,25.559999,25.02,25.49,5900,24.706642
2015-05-13,25.120001,25.379999,25.049999,25.35,8000,24.570945
2015-05-12,24.879999,25.10,24.879999,25.040001,23800,24.270472
2015-05-11,24.950001,25.07,24.90,24.98,4700,24.212315
2015-05-08,24.940001,25.23,24.940001,25.049999,8300,24.280163
2015-05-07,24.629999,24.90,24.629999,24.889999,5000,24.125081
2015-05-06,25.00,25.00,24.610001,24.610001,9100,23.853687
2015-05-05,25.469999,25.469999,25.049999,25.08,23600,24.309242
2015-05-04,25.33,25.40,25.110001,25.110001,2300,24.338321
2015-05-01,25.379999,25.42,25.02,25.02,5700,24.251086
2015-04-30,25.299999,25.620001,25.299999,25.540001,2400,24.755106
2015-04-29,25.66,25.68,25.52,25.530001,4700,24.745413
2015-04-28,25.610001,25.65,25.440001,25.530001,8300,24.745413
2015-04-27,25.49,25.540001,25.459999,25.540001,3300,24.755106
2015-04-24,25.40,25.49,25.40,25.459999,3800,24.677563
2015-04-23,25.450001,25.450001,25.200001,25.42,25000,24.638793
2015-04-22,25.360001,25.360001,25.360001,25.360001,1800,24.580638
2015-04-21,25.40,25.40,25.40,25.40,000,24.619407
2015-04-20,25.280001,25.40,25.280001,25.40,2200,24.619407
