Date,Open,High,Low,Close,Volume,Adj Close
2015-10-09,86.970001,88.150002,86.519997,87.230003,391000,87.230003
2015-10-08,86.010002,87.239998,85.309998,86.550003,380200,86.550003
2015-10-07,86.709999,87.849998,86.00,86.019997,302400,86.019997
2015-10-06,88.07,90.760002,86.260002,86.410004,567900,86.410004
2015-10-05,88.00,90.559998,87.870003,89.849998,598000,89.849998
2015-10-02,88.18,90.43,88.040001,90.25,261400,90.25
2015-10-01,90.199997,90.68,88.75,89.589996,178900,89.589996
2015-09-30,90.690002,90.800003,89.790001,90.300003,490600,90.300003
2015-09-29,90.529999,90.690002,88.919998,89.860001,185700,89.860001
2015-09-28,91.75,92.110001,90.32,90.470001,171900,90.470001
2015-09-25,92.519997,92.550003,91.360001,91.879997,138400,91.879997
2015-09-24,92.129997,92.379997,91.129997,92.139999,214500,92.139999
2015-09-23,93.550003,93.720001,92.290001,92.639999,118300,92.639999
2015-09-22,93.110001,93.580002,92.449997,93.349998,154400,93.349998
2015-09-21,94.139999,95.230003,93.519997,94.349998,132000,94.349998
2015-09-18,95.230003,95.699997,93.50,93.720001,276000,93.720001
2015-09-17,97.589996,97.699997,95.860001,96.309998,269200,96.309998
2015-09-16,97.010002,97.790001,96.980003,97.459999,123200,97.459999
2015-09-15,96.410004,97.349998,96.019997,97.230003,126500,97.230003
2015-09-14,97.639999,97.839996,96.220001,96.279999,113600,96.279999
2015-09-11,97.389999,98.120003,96.800003,98.019997,93000,98.019997
2015-09-10,97.470001,98.910004,97.339996,97.779999,106800,97.779999
2015-09-09,99.239998,99.580002,97.540001,97.699997,199700,97.699997
2015-09-08,97.07,98.739998,96.93,98.57,116600,98.57
2015-09-04,94.68,96.379997,94.68,95.75,165800,95.75
2015-09-03,95.650002,96.730003,95.459999,95.809998,126100,95.809998
2015-09-02,95.300003,96.400002,93.900002,95.550003,257800,95.550003
2015-09-01,96.610001,96.699997,94.239998,94.360001,187800,94.360001
2015-08-31,98.220001,99.00,97.160004,97.910004,144700,97.910004
2015-08-28,98.43,99.330002,97.959999,98.610001,168800,98.610001
2015-08-27,97.120003,99.349998,96.510002,98.910004,175200,98.910004
2015-08-26,95.860001,96.870003,93.82,96.32,257300,96.32
2015-08-25,98.330002,98.379997,93.910004,94.199997,257500,94.199997
2015-08-24,96.949997,97.290001,95.010002,95.410004,289600,95.410004
2015-08-21,99.360001,100.720001,98.120003,99.349998,186000,99.349998
2015-08-20,102.900002,103.900002,100.860001,101.040001,119100,101.040001
2015-08-19,103.720001,104.660004,103.080002,103.860001,122800,103.860001
2015-08-18,104.660004,104.940002,104.110001,104.540001,104900,104.540001
2015-08-17,103.809998,105.059998,102.910004,105.059998,153900,105.059998
2015-08-14,102.75,104.400002,102.260002,104.25,74600,104.25
2015-08-13,103.110001,103.739998,102.32,102.949997,97700,102.949997
2015-08-12,103.330002,103.50,101.589996,103.080002,121100,103.080002
2015-08-11,104.580002,104.970001,103.150002,104.040001,93600,104.040001
2015-08-10,104.290001,105.980003,104.230003,105.599998,133900,105.599998
2015-08-07,102.779999,103.459999,101.830002,103.300003,110200,103.300003
2015-08-06,103.919998,104.050003,102.449997,103.43,115900,103.43
2015-08-05,103.559998,104.550003,102.889999,103.739998,124100,103.739998
2015-08-04,102.349998,103.610001,102.139999,102.900002,144300,102.900002
2015-08-03,103.470001,103.519997,101.989998,102.629997,160600,102.629997
2015-07-31,104.160004,104.370003,103.300003,103.669998,185100,103.669998
2015-07-30,103.989998,104.900002,102.889999,103.699997,163400,103.699997
2015-07-29,103.669998,105.660004,103.330002,104.989998,102000,104.989998
2015-07-28,102.980003,104.18,101.639999,103.669998,133600,103.669998
2015-07-27,103.690002,103.910004,102.410004,102.669998,118400,102.669998
2015-07-24,105.410004,105.709999,104.129997,104.209999,135500,104.209999
2015-07-23,104.949997,107.120003,104.949997,105.769997,183700,105.769997
2015-07-22,104.699997,105.610001,104.07,104.720001,394800,104.720001
2015-07-21,107.910004,108.419998,104.339996,105.43,349900,105.43
2015-07-20,110.120003,110.120003,108.440002,108.550003,182000,108.550003
2015-07-17,110.160004,110.93,109.050003,109.669998,152600,109.669998
2015-07-16,111.150002,111.809998,110.379997,110.50,123200,110.50
2015-07-15,111.639999,111.639999,110.120003,110.339996,159900,110.339996
2015-07-14,110.00,111.599998,109.790001,111.480003,251200,111.480003
2015-07-13,108.839996,109.870003,108.82,109.660004,153800,109.660004
2015-07-10,107.970001,108.220001,107.389999,108.050003,143300,108.050003
2015-07-09,107.029999,107.809998,106.669998,106.769997,376000,106.769997
2015-07-08,105.730003,106.580002,105.150002,106.160004,208300,106.160004
2015-07-07,108.010002,108.709999,105.510002,106.849998,414400,106.849998
2015-07-06,106.389999,108.00,106.300003,107.739998,246900,107.739998
2015-07-02,106.93,107.379997,106.389999,107.00,299800,107.00
2015-07-01,106.360001,107.239998,105.599998,106.550003,153900,106.550003
2015-06-30,106.669998,106.910004,105.080002,105.510002,210800,105.510002
2015-06-29,106.510002,107.290001,105.910004,105.989998,252200,105.989998
2015-06-26,107.419998,107.510002,106.650002,107.18,267900,107.18
2015-06-25,107.32,107.50,106.940002,107.150002,126900,107.150002
2015-06-24,107.43,107.43,106.690002,107.029999,149600,107.029999
2015-06-23,107.50,107.580002,106.730003,107.459999,162200,107.459999
2015-06-22,107.790001,108.160004,106.650002,107.50,232500,107.50
2015-06-19,107.870003,107.870003,107.160004,107.269997,179400,107.269997
2015-06-18,106.57,108.300003,106.260002,107.769997,158900,107.769997
2015-06-17,106.580002,107.040001,105.830002,106.220001,105100,106.220001
2015-06-16,105.220001,106.699997,105.220001,106.379997,156700,106.379997
2015-06-15,105.50,106.010002,105.00,105.550003,209900,105.550003
2015-06-12,106.43,107.139999,105.720001,106.040001,257200,106.040001
2015-06-11,105.18,106.699997,105.18,106.699997,174100,106.699997
2015-06-10,104.300003,106.120003,103.900002,105.190002,226600,105.190002
2015-06-09,103.660004,104.400002,103.360001,103.879997,357500,103.879997
2015-06-08,102.809998,104.040001,102.580002,103.50,173500,103.50
2015-06-05,101.75,103.370003,101.529999,103.029999,256200,103.029999
2015-06-04,102.919998,103.599998,100.889999,101.480003,204900,101.480003
2015-06-03,102.43,104.209999,102.360001,103.529999,198900,103.529999
2015-06-02,101.18,102.989998,100.910004,102.330002,143700,102.330002
2015-06-01,101.790001,102.480003,101.019997,101.919998,122900,101.919998
2015-05-29,102.169998,102.889999,100.290001,101.330002,135100,101.330002
2015-05-28,102.209999,103.110001,101.010002,102.389999,212900,102.389999
2015-05-27,102.510002,102.910004,101.18,102.739998,152200,102.739998
2015-05-26,102.57,103.059998,101.279999,101.980003,129000,101.980003
2015-05-22,104.300003,104.519997,102.779999,103.139999,120200,103.139999
2015-05-21,104.239998,104.879997,103.660004,104.209999,103800,104.209999
2015-05-20,104.379997,104.790001,103.690002,104.470001,143300,104.470001
2015-05-19,105.00,105.00,103.730003,104.029999,176200,104.029999
2015-05-18,104.559998,105.25,103.919998,104.760002,186700,104.760002
2015-05-15,105.309998,105.830002,104.470001,104.800003,207200,104.800003
2015-05-14,104.00,105.290001,104.00,105.080002,186000,105.080002
2015-05-13,103.230003,103.980003,102.879997,103.489998,124600,103.489998
2015-05-12,102.199997,103.470001,101.050003,103.209999,204000,103.209999
2015-05-11,102.559998,103.279999,102.379997,102.610001,162600,102.610001
2015-05-08,102.730003,103.510002,101.720001,102.900002,298300,102.900002
2015-05-07,101.769997,101.879997,101.089996,101.589996,251200,101.589996
2015-05-06,101.650002,102.07,100.419998,101.900002,239100,101.900002
2015-05-05,102.50,103.010002,100.599998,101.610001,255300,101.610001
2015-05-04,102.32,103.059998,102.099998,102.50,290200,102.50
2015-05-01,104.959999,105.050003,101.57,102.389999,326900,102.389999
2015-04-30,105.690002,108.610001,104.269997,104.970001,325100,104.970001
2015-04-29,108.120003,108.599998,107.610001,108.220001,194400,108.220001
2015-04-28,108.589996,108.669998,107.690002,108.239998,245000,108.239998
2015-04-27,108.540001,109.139999,107.730003,108.589996,228000,108.589996
2015-04-24,109.160004,109.160004,108.129997,108.389999,147200,108.389999
2015-04-23,109.190002,109.980003,108.959999,109.150002,142400,109.150002
2015-04-22,109.059998,109.720001,108.449997,109.690002,106100,109.690002
2015-04-21,109.440002,109.440002,108.730003,109.209999,141600,109.209999
2015-04-20,107.989998,109.18,107.989998,108.779999,120700,108.779999
2015-04-17,108.089996,108.339996,106.730003,107.269997,207100,107.269997
2015-04-16,109.150002,109.610001,108.580002,108.769997,237400,108.769997
2015-04-15,109.199997,110.080002,108.779999,109.389999,167600,109.389999
2015-04-14,108.489998,109.599998,108.050003,108.980003,190500,108.980003
2015-04-13,108.739998,109.660004,108.18,108.529999,219300,108.529999
