Date,Open,High,Low,Close,Volume,Adj Close
2015-10-16,26.950001,26.98,26.860001,26.940001,1717200,26.940001
2015-10-15,26.790001,26.99,26.66,26.870001,2831100,26.870001
2015-10-14,26.73,26.790001,26.68,26.790001,2309000,26.790001
2015-10-13,26.66,26.809999,26.66,26.719999,2348000,26.719999
2015-10-12,26.530001,26.74,26.50,26.709999,1495100,26.709999
2015-10-09,26.76,26.790001,26.360001,26.41,3647600,26.41
2015-10-08,26.700001,26.799999,26.700001,26.780001,2057800,26.780001
2015-10-07,26.60,26.76,26.540001,26.73,2641600,26.73
2015-10-06,26.60,26.66,26.440001,26.57,1705600,26.57
2015-10-05,26.719999,26.719999,26.50,26.66,1633100,26.66
2015-10-02,26.360001,26.559999,26.17,26.549999,1876800,26.549999
2015-10-01,26.309999,26.41,26.08,26.309999,2815400,26.309999
2015-09-30,26.25,26.370001,26.209999,26.26,2198100,26.26
2015-09-29,26.35,26.48,26.15,26.25,1975400,26.25
2015-09-28,26.48,26.52,26.209999,26.35,1832400,26.35
2015-09-25,26.68,26.719999,26.459999,26.49,1831300,26.49
2015-09-24,26.540001,26.700001,26.50,26.68,1612300,26.68
2015-09-23,26.629999,26.67,26.559999,26.610001,1501600,26.610001
2015-09-22,26.620001,26.75,26.59,26.629999,2882500,26.629999
2015-09-21,26.620001,26.85,26.60,26.719999,2829500,26.719999
2015-09-18,26.620001,26.870001,26.57,26.60,4342700,26.60
2015-09-17,26.620001,26.799999,26.57,26.719999,3581200,26.719999
2015-09-16,26.65,26.799999,26.549999,26.700001,2206700,26.700001
2015-09-15,26.700001,26.74,26.610001,26.67,2208900,26.67
2015-09-14,26.629999,26.799999,26.57,26.76,2962700,26.76
2015-09-11,26.50,26.709999,26.360001,26.700001,3734100,26.700001
2015-09-10,26.41,26.799999,26.379999,26.610001,12199400,26.610001
2015-09-09,26.17,26.59,26.129999,26.49,21030100,26.49
2015-09-08,21.07,26.360001,21.07,26.34,30655100,26.34
2015-09-04,20.860001,21.200001,20.67,21.07,3200900,21.07
2015-09-03,20.889999,21.309999,20.76,21.059999,2221400,21.059999
2015-09-02,20.959999,20.959999,20.68,20.870001,2509800,20.870001
2015-09-01,20.629999,21.059999,20.57,20.82,3784300,20.82
2015-08-31,21.17,21.18,20.709999,21.07,1483000,21.07
2015-08-28,21.280001,21.43,21.049999,21.23,1260200,21.23
2015-08-27,21.15,21.299999,20.84,21.27,2561100,21.27
2015-08-26,21.07,21.24,20.75,21.049999,4343000,21.049999
2015-08-25,21.290001,21.309999,20.790001,20.790001,3732200,20.790001
2015-08-24,20.889999,21.559999,20.51,20.940001,3288100,20.940001
2015-08-21,21.540001,21.889999,21.34,21.68,2756200,21.68
2015-08-20,21.75,21.940001,21.57,21.66,2835800,21.66
2015-08-19,21.92,21.950001,21.73,21.91,3340800,21.91
2015-08-18,22.07,22.139999,21.77,22.00,3845800,22.00
2015-08-17,22.379999,22.450001,22.09,22.139999,2745900,22.139999
2015-08-14,22.190001,22.40,22.059999,22.379999,1100500,22.379999
2015-08-13,22.040001,22.40,21.809999,22.26,1575800,22.26
2015-08-12,21.709999,22.190001,21.67,22.120001,2272600,22.120001
2015-08-11,21.98,22.27,21.870001,21.99,2067400,21.765
2015-08-10,22.15,22.24,21.84,21.969999,1922700,21.745204
2015-08-07,21.889999,22.360001,21.709999,22.139999,1758800,21.913465
2015-08-06,21.85,21.98,21.57,21.93,1319800,21.705614
2015-08-05,21.860001,22.049999,21.809999,21.85,1442400,21.626433
2015-08-04,21.91,22.01,21.68,21.77,1800100,21.547252
2015-08-03,22.15,22.309999,21.82,21.940001,2559900,21.715512
2015-07-31,21.780001,22.24,21.780001,22.120001,3465700,21.893671
2015-07-30,21.65,21.860001,21.309999,21.74,1742200,21.517558
2015-07-29,21.51,21.84,21.290001,21.67,3302800,21.448275
2015-07-28,21.34,21.57,21.200001,21.559999,2703600,21.339399
2015-07-27,21.18,21.549999,21.09,21.360001,2053300,21.141447
2015-07-24,21.25,21.40,20.98,21.18,3513200,20.963288
2015-07-23,21.200001,21.60,20.92,21.32,3548900,21.101855
2015-07-22,21.15,21.280001,21.02,21.27,1949500,21.052368
2015-07-21,21.450001,21.52,20.93,21.16,2900500,20.943493
2015-07-20,21.25,21.610001,21.120001,21.49,4110000,21.270116
2015-07-17,20.889999,21.50,20.799999,21.280001,11476200,21.062266
2015-07-16,18.559999,22.02,18.459999,21.48,15104200,21.260218
2015-07-15,18.530001,18.59,18.370001,18.58,1306800,18.389891
2015-07-14,18.48,18.58,18.43,18.52,1385500,18.330505
2015-07-13,18.50,18.559999,18.379999,18.49,1123200,18.300812
2015-07-10,18.34,18.59,18.299999,18.440001,984200,18.251324
2015-07-09,18.610001,18.67,18.280001,18.32,1383700,18.132551
2015-07-08,18.559999,18.68,18.49,18.57,2273900,18.379993
2015-07-07,18.18,18.68,18.18,18.620001,2070300,18.429483
2015-07-06,18.059999,18.18,17.950001,18.15,1585300,17.96429
2015-07-02,17.889999,18.120001,17.790001,18.10,1504600,17.914803
2015-07-01,17.719999,17.790001,17.610001,17.790001,1345000,17.607975
2015-06-30,17.82,17.85,17.60,17.66,1528900,17.479304
2015-06-29,17.82,18.02,17.709999,17.73,1199700,17.548588
2015-06-26,17.709999,17.85,17.610001,17.85,1103600,17.667361
2015-06-25,17.84,17.85,17.719999,17.719999,962300,17.53869
2015-06-24,17.950001,18.040001,17.809999,17.83,1553500,17.647565
2015-06-23,18.190001,18.280001,17.940001,17.969999,1511800,17.786132
2015-06-22,18.35,18.370001,18.200001,18.219999,1550100,18.033574
2015-06-19,18.299999,18.370001,18.17,18.290001,2678400,18.102859
2015-06-18,17.99,18.34,17.98,18.27,2283600,18.083063
2015-06-17,17.82,18.02,17.76,17.969999,1558700,17.786132
2015-06-16,17.75,17.84,17.66,17.83,1556700,17.647565
2015-06-15,17.799999,17.889999,17.700001,17.790001,1745700,17.607975
2015-06-12,17.889999,17.93,17.77,17.799999,1264000,17.617871
2015-06-11,17.959999,18.059999,17.85,17.969999,2414200,17.786132
2015-06-10,17.889999,17.959999,17.809999,17.870001,2007200,17.687157
2015-06-09,17.790001,17.879999,17.75,17.790001,1477600,17.607975
2015-06-08,17.870001,17.879999,17.75,17.799999,1279300,17.617871
2015-06-05,18.030001,18.07,17.860001,17.870001,1874500,17.687157
2015-06-04,18.24,18.370001,18.18,18.219999,1471400,18.033574
2015-06-03,18.530001,18.610001,18.190001,18.25,2189300,18.063268
2015-06-02,18.75,18.780001,18.469999,18.559999,1735800,18.370095
2015-06-01,18.860001,18.969999,18.82,18.82,1746700,18.627435
2015-05-29,18.889999,18.940001,18.74,18.85,2098600,18.657129
2015-05-28,18.91,18.98,18.780001,18.90,1921000,18.706616
2015-05-27,18.91,19.01,18.860001,18.93,1454000,18.73631
2015-05-26,19.030001,19.049999,18.790001,18.889999,2168000,18.696719
2015-05-22,19.139999,19.219999,18.91,19.10,2504200,18.904571
2015-05-21,18.969999,19.120001,18.85,19.08,1991900,18.884775
2015-05-20,18.93,19.10,18.860001,18.950001,1627100,18.756106
2015-05-19,18.82,18.940001,18.75,18.91,1962500,18.716514
2015-05-18,18.700001,19.040001,18.700001,18.92,2887900,18.726412
2015-05-15,18.49,18.870001,18.43,18.77,6737700,18.577947
2015-05-14,18.25,18.49,18.24,18.440001,2510300,18.251324
2015-05-13,18.42,18.50,18.139999,18.219999,1863800,18.033574
2015-05-12,18.34,18.41,18.209999,18.35,1630300,18.162245
2015-05-11,18.48,18.719999,18.40,18.42,2232800,18.231528
2015-05-08,18.889999,19.02,18.629999,18.690001,2277600,18.276068
2015-05-07,18.629999,18.76,18.559999,18.709999,2193300,18.295623
2015-05-06,18.77,18.84,18.370001,18.559999,2231600,18.148946
2015-05-05,19.10,19.129999,18.620001,18.76,2786100,18.344517
2015-05-04,19.02,19.27,18.969999,19.15,2912000,18.725879
2015-05-01,18.959999,19.07,18.77,19.01,2131100,18.58898
2015-04-30,19.139999,19.17,18.77,18.950001,2846400,18.530309
2015-04-29,19.40,19.49,19.059999,19.200001,2738600,18.774773
2015-04-28,19.290001,19.540001,19.200001,19.540001,1639200,19.107243
2015-04-27,19.73,19.76,19.27,19.34,2147000,18.911671
2015-04-24,19.540001,19.85,19.459999,19.66,1619000,19.224584
2015-04-23,19.40,19.629999,19.35,19.549999,1759900,19.11702
2015-04-22,19.48,19.52,19.27,19.40,1420100,18.970342
2015-04-21,19.68,19.799999,19.32,19.40,1418100,18.970342
2015-04-20,19.41,19.82,19.309999,19.620001,1326700,19.185471
