Date,Open,High,Low,Close,Volume,Adj Close
2015-10-15,18.73,18.860001,18.389999,18.50,2401700,18.50
2015-10-14,18.18,18.959999,18.110001,18.60,2978500,18.60
2015-10-13,18.34,18.40,18.129999,18.17,2267400,18.17
2015-10-12,18.75,18.76,18.50,18.540001,1429400,18.540001
2015-10-09,19.09,19.18,18.60,18.68,2317300,18.68
2015-10-08,18.90,19.23,18.83,19.09,1760000,19.09
2015-10-07,19.040001,19.27,18.790001,19.02,1694400,19.02
2015-10-06,19.190001,19.190001,18.67,18.85,2051600,18.85
2015-10-05,18.40,18.73,18.23,18.700001,1891700,18.700001
2015-10-02,17.50,18.219999,17.50,18.219999,1721500,18.219999
2015-10-01,18.00,18.02,17.43,17.799999,1936900,17.799999
2015-09-30,17.32,18.059999,17.32,18.01,2796500,18.01
2015-09-29,16.91,17.190001,16.889999,17.129999,1549000,17.129999
2015-09-28,17.139999,17.26,16.940001,16.959999,1984800,16.959999
2015-09-25,17.540001,17.610001,17.219999,17.32,1098900,17.32
2015-09-24,17.110001,17.50,16.85,17.35,2225900,17.35
2015-09-23,17.52,17.75,17.33,17.33,1328100,17.33
2015-09-22,17.73,17.82,17.469999,17.540001,1990400,17.540001
2015-09-21,18.440001,18.889999,17.99,18.030001,2438600,18.030001
2015-09-18,18.540001,18.790001,18.33,18.43,2811100,18.43
2015-09-17,18.870001,19.17,18.799999,18.860001,2075800,18.860001
2015-09-16,18.98,19.389999,18.90,19.309999,2941600,19.309999
2015-09-15,18.309999,19.059999,18.139999,18.969999,3614900,18.969999
2015-09-14,17.92,17.99,17.709999,17.93,1166000,17.93
2015-09-11,18.33,18.33,17.67,17.889999,1279000,17.889999
2015-09-10,17.77,18.139999,17.700001,17.889999,1877500,17.889999
2015-09-09,18.209999,18.40,17.709999,17.77,1561400,17.77
2015-09-08,18.02,18.18,17.90,18.110001,1611000,18.110001
2015-09-04,17.690001,17.93,17.60,17.620001,1062600,17.620001
2015-09-03,17.98,18.18,17.870001,18.01,1452200,18.01
2015-09-02,17.809999,17.84,17.51,17.809999,1688300,17.809999
2015-09-01,17.58,17.91,17.43,17.559999,2360800,17.50
2015-08-31,18.01,18.309999,17.93,18.040001,1429800,17.978361
2015-08-28,17.879999,18.129999,17.77,18.02,1587800,17.958429
2015-08-27,17.860001,18.01,17.49,17.99,2962500,17.928531
2015-08-26,17.139999,17.58,16.959999,17.51,2558900,17.450171
2015-08-25,17.459999,17.67,16.77,16.780001,3187700,16.722666
2015-08-24,16.190001,17.440001,16.059999,16.790001,3258300,16.732632
2015-08-21,17.49,17.82,17.26,17.26,2207400,17.201026
2015-08-20,18.08,18.139999,17.73,17.75,2123800,17.689351
2015-08-19,19.23,19.23,18.129999,18.25,2595300,18.187643
2015-08-18,18.780001,18.82,18.42,18.450001,1733900,18.38696
2015-08-17,18.50,18.860001,18.48,18.75,2201700,18.685934
2015-08-14,18.50,18.75,18.360001,18.65,1442000,18.586276
2015-08-13,17.35,19.139999,17.190001,18.57,1316500,18.506549
2015-08-12,18.49,18.98,18.450001,18.870001,1491400,18.805525
2015-08-11,19.040001,19.23,18.83,18.92,1906900,18.855354
2015-08-10,19.10,19.35,19.08,19.290001,1730200,19.22409
2015-08-07,18.83,18.950001,18.690001,18.93,2250800,18.86532
2015-08-06,18.959999,18.99,18.52,18.90,2386400,18.835421
2015-08-05,18.870001,19.23,18.77,18.950001,1707500,18.885252
2015-08-04,18.82,18.940001,18.51,18.700001,2393700,18.636106
2015-08-03,19.190001,19.309999,18.790001,18.82,3234800,18.755695
2015-07-31,19.24,19.42,19.139999,19.26,2826600,19.194192
2015-07-30,19.559999,20.00,18.709999,19.190001,7581400,19.124431
2015-07-29,18.49,18.73,18.35,18.610001,3385500,18.546413
2015-07-28,18.33,18.709999,18.18,18.559999,2131500,18.496583
2015-07-27,18.23,18.459999,18.08,18.290001,1453800,18.227507
2015-07-24,18.799999,18.889999,18.309999,18.360001,1755100,18.297267
2015-07-23,18.76,19.07,18.719999,18.82,1765800,18.755695
2015-07-22,18.719999,18.719999,18.450001,18.60,2296500,18.536447
2015-07-21,18.889999,19.15,18.889999,18.99,2071700,18.925114
2015-07-20,19.24,19.280001,18.92,18.93,1173100,18.86532
2015-07-17,19.290001,19.35,19.09,19.209999,1716200,19.144362
2015-07-16,19.67,19.67,18.950001,19.290001,2733100,19.22409
2015-07-15,19.530001,19.530001,19.16,19.26,1937100,19.194192
2015-07-14,19.60,19.66,19.41,19.530001,1500000,19.46327
2015-07-13,19.52,19.610001,19.24,19.530001,1540900,19.46327
2015-07-10,19.299999,19.49,19.219999,19.34,1974100,19.273919
2015-07-09,19.43,19.50,19.02,19.129999,2831400,19.064635
2015-07-08,19.120001,19.24,18.90,19.040001,3181300,18.974944
2015-07-07,19.379999,19.43,18.780001,19.360001,2634600,19.293851
2015-07-06,19.23,19.49,19.200001,19.379999,2387800,19.313781
2015-07-02,19.440001,19.49,19.32,19.43,1284500,19.363611
2015-07-01,19.530001,19.67,19.190001,19.35,1710900,19.283885
2015-06-30,19.440001,19.440001,19.110001,19.290001,2427100,19.22409
2015-06-29,19.41,19.68,19.219999,19.24,2642600,19.17426
2015-06-26,19.950001,20.07,19.639999,19.709999,3678400,19.642653
2015-06-25,20.23,20.26,19.99,20.07,1864400,20.001424
2015-06-24,20.280001,20.49,20.040001,20.129999,2355200,20.061218
2015-06-23,20.709999,20.74,20.450001,20.49,1876900,20.419989
2015-06-22,20.450001,20.85,20.450001,20.620001,1997000,20.549546
2015-06-19,21.07,21.139999,20.700001,20.76,4522600,20.689067
2015-06-18,20.93,21.219999,20.93,21.07,2040200,20.998007
2015-06-17,20.93,21.059999,20.799999,20.91,2234800,20.838554
2015-06-16,20.790001,20.99,20.73,20.84,1803700,20.768793
2015-06-15,20.76,20.879999,20.370001,20.83,2260500,20.758827
2015-06-12,21.209999,21.219999,21.00,21.02,2207500,20.948179
2015-06-11,21.15,21.219999,20.98,21.209999,1765400,21.137528
2015-06-10,21.00,21.16,20.809999,21.129999,1404600,21.057801
2015-06-09,20.799999,20.950001,20.629999,20.85,1234600,20.778759
2015-06-08,21.08,21.120001,20.73,20.83,1509500,20.758827
2015-06-05,20.67,21.18,20.629999,21.16,1807200,21.0877
2015-06-04,20.92,20.98,20.610001,20.75,1809800,20.679101
2015-06-03,21.059999,21.26,20.93,21.059999,1551900,20.988041
2015-06-02,21.07,21.10,20.790001,20.940001,1530900,20.868452
2015-06-01,21.27,21.299999,20.93,21.209999,2098600,21.137528
2015-05-29,21.09,21.33,20.940001,21.15,3702700,21.077734
2015-05-28,21.120001,21.280001,21.059999,21.190001,1981000,21.057802
2015-05-27,20.629999,21.200001,20.60,21.15,2188100,21.018051
2015-05-26,20.66,20.690001,20.33,20.559999,1363800,20.431732
2015-05-22,20.74,20.84,20.639999,20.709999,1240100,20.580796
2015-05-21,20.66,20.860001,20.559999,20.799999,1145600,20.670234
2015-05-20,20.719999,20.85,20.559999,20.690001,1512200,20.560922
2015-05-19,20.75,20.82,20.60,20.709999,1336700,20.580796
2015-05-18,20.66,20.84,20.559999,20.719999,1810200,20.590733
2015-05-15,20.82,20.889999,20.58,20.629999,1663400,20.501295
2015-05-14,20.48,20.790001,20.27,20.719999,2561500,20.590733
2015-05-13,20.84,20.91,20.290001,20.42,1963400,20.292606
2015-05-12,20.549999,20.74,20.370001,20.450001,1911100,20.322419
2015-05-11,20.469999,20.700001,20.360001,20.68,1672600,20.550984
2015-05-08,20.15,20.709999,20.15,20.51,2422600,20.382045
2015-05-07,20.00,20.139999,19.870001,20.049999,2272200,19.924913
2015-05-06,19.98,20.030001,19.719999,19.91,1825000,19.785787
2015-05-05,20.200001,20.26,19.719999,19.82,2498600,19.696349
2015-05-04,20.35,20.50,20.209999,20.280001,3200600,20.15348
2015-05-01,19.52,20.50,19.51,20.299999,8231900,20.173354
2015-04-30,18.41,18.459999,18.200001,18.25,2906800,18.136144
2015-04-29,18.440001,18.68,18.35,18.530001,2224000,18.414398
2015-04-28,18.049999,18.629999,18.030001,18.57,3538800,18.454147
2015-04-27,18.379999,18.540001,18.040001,18.120001,4210200,18.006956
2015-04-24,18.780001,18.780001,18.299999,18.389999,3090800,18.27527
2015-04-23,18.620001,18.809999,18.459999,18.73,1489400,18.613149
2015-04-22,18.469999,18.799999,18.360001,18.74,1487300,18.623087
2015-04-21,18.719999,18.75,18.42,18.459999,2510600,18.344833
2015-04-20,18.41,18.700001,18.370001,18.540001,3367200,18.424335
