Date,Open,High,Low,Close,Volume,Adj Close
2015-10-15,18.73,18.77,18.18,18.540001,2031400,18.540001
2015-10-14,19.75,19.799999,19.35,19.50,1254200,19.50
2015-10-13,20.129999,20.360001,19.690001,19.719999,802900,19.719999
2015-10-12,20.57,20.57,20.07,20.32,963300,20.32
2015-10-09,20.60,20.959999,20.40,20.57,1253300,20.57
2015-10-08,19.799999,20.67,19.530001,20.559999,1758900,20.559999
2015-10-07,19.83,20.35,19.360001,19.57,1582600,19.57
2015-10-06,19.440001,20.01,19.33,19.57,1378500,19.57
2015-10-05,18.67,19.43,18.549999,19.309999,1448400,19.309999
2015-10-02,17.43,18.309999,17.290001,18.280001,1363900,18.280001
2015-10-01,18.110001,18.309999,17.58,17.67,1598300,17.67
2015-09-30,17.93,18.10,17.57,17.940001,2056100,17.940001
2015-09-29,17.040001,17.700001,16.889999,17.67,1990400,17.67
2015-09-28,16.860001,17.25,16.540001,17.02,1749700,17.02
2015-09-25,17.059999,17.299999,16.629999,17.16,2441000,17.16
2015-09-24,17.370001,17.40,16.639999,16.83,3521700,16.83
2015-09-23,18.51,18.51,17.690001,17.799999,1220100,17.799999
2015-09-22,18.68,18.780001,18.07,18.23,1869800,18.23
2015-09-21,19.57,19.57,18.879999,18.93,1457800,18.93
2015-09-18,19.60,20.00,19.440001,19.469999,2742600,19.469999
2015-09-17,19.02,20.26,18.879999,19.870001,3408900,19.870001
2015-09-16,20.719999,20.90,20.540001,20.700001,2159600,20.700001
2015-09-15,20.440001,20.74,20.299999,20.58,2295800,20.58
2015-09-14,20.66,20.690001,20.33,20.360001,1062300,20.360001
2015-09-11,20.90,20.92,20.50,20.67,1689300,20.67
2015-09-10,21.40,21.549999,20.85,21.01,1310300,21.01
2015-09-09,21.68,22.02,21.309999,21.360001,1711600,21.360001
2015-09-08,21.969999,22.23,21.719999,21.950001,1815100,21.950001
2015-09-04,21.629999,21.83,21.26,21.60,1030700,21.60
2015-09-03,22.469999,22.530001,21.73,21.99,1899300,21.99
2015-09-02,22.82,22.860001,22.290001,22.459999,1635800,22.459999
2015-09-01,22.690001,22.98,22.23,22.360001,1415900,22.360001
2015-08-31,22.76,23.82,22.32,23.33,1891500,23.33
2015-08-28,22.73,23.360001,22.440001,22.92,1636900,22.92
2015-08-27,22.43,23.459999,22.280001,22.91,3416900,22.91
2015-08-26,21.620001,22.23,21.24,22.08,2717700,22.08
2015-08-25,21.48,21.969999,20.959999,20.959999,3240700,20.959999
2015-08-24,20.01,22.02,19.83,21.030001,3189000,21.030001
2015-08-21,22.93,23.01,22.07,22.07,2546600,22.07
2015-08-20,23.940001,24.18,23.17,23.18,1860600,23.18
2015-08-19,24.780001,24.83,23.969999,24.200001,2054900,24.200001
2015-08-18,25.040001,25.32,24.809999,24.83,2167100,24.83
2015-08-17,25.75,25.75,25.190001,25.23,1761000,25.23
2015-08-14,25.389999,26.09,25.309999,25.77,2146700,25.77
2015-08-13,26.24,26.57,25.190001,25.51,2955400,25.51
2015-08-12,26.780001,27.110001,26.33,26.379999,5052900,26.379999
2015-08-11,26.620001,27.030001,25.440001,26.780001,16582000,26.780001
2015-08-10,21.07,21.969999,20.940001,21.83,2639900,21.83
2015-08-07,21.16,21.65,20.790001,20.84,1948000,20.84
2015-08-06,21.09,21.549999,20.92,21.25,2174200,21.25
2015-08-05,21.610001,21.940001,21.209999,21.299999,1744300,21.239999
2015-08-04,21.49,21.629999,21.10,21.280001,1712100,21.220057
2015-08-03,21.709999,22.10,21.139999,21.43,2864800,21.369634
2015-07-31,22.50,22.780001,21.870001,22.16,2608000,22.097577
2015-07-30,20.58,22.48,20.50,22.42,5215700,22.356845
2015-07-29,21.360001,22.58,21.299999,22.040001,3735000,21.977916
2015-07-28,21.309999,22.57,20.76,21.459999,3833700,21.399548
2015-07-27,20.379999,20.950001,20.10,20.690001,2936300,20.631719
2015-07-24,21.93,22.00,21.48,21.49,2153600,21.429464
2015-07-23,21.860001,22.540001,21.299999,22.049999,3557500,21.987886
2015-07-22,22.559999,22.709999,22.389999,22.57,1793000,22.506422
2015-07-21,22.540001,23.24,22.40,22.790001,1478500,22.725803
2015-07-20,22.860001,22.92,22.389999,22.58,1413700,22.516394
2015-07-17,23.030001,23.17,22.59,22.860001,919900,22.795606
2015-07-16,23.549999,23.549999,23.02,23.190001,743100,23.124676
2015-07-15,23.559999,23.57,22.91,23.059999,1505900,22.995041
2015-07-14,23.08,23.629999,23.01,23.559999,1172900,23.493633
2015-07-13,22.49,23.26,22.33,23.18,1457100,23.114704
2015-07-10,22.59,22.719999,22.209999,22.33,1412900,22.267098
2015-07-09,22.91,23.02,22.33,22.360001,1353500,22.297014
2015-07-08,22.950001,23.049999,22.059999,22.42,1836700,22.356845
2015-07-07,22.74,23.200001,22.290001,23.18,2537400,23.114704
2015-07-06,22.629999,23.33,22.530001,22.780001,1577000,22.715831
2015-07-02,23.01,23.73,22.77,23.110001,2702600,23.044902
2015-07-01,23.42,23.469999,22.50,22.549999,2364300,22.486478
2015-06-30,23.49,23.610001,23.08,23.25,1568500,23.184507
2015-06-29,23.549999,23.73,23.08,23.190001,1673500,23.124676
2015-06-26,23.799999,24.190001,23.74,23.83,2152800,23.762873
2015-06-25,24.41,24.66,23.73,23.780001,1527000,23.713014
2015-06-24,24.620001,25.09,24.440001,24.59,1490200,24.520732
2015-06-23,24.280001,24.83,24.17,24.73,1568700,24.660337
2015-06-22,24.35,24.60,24.110001,24.33,1226900,24.261464
2015-06-19,23.59,24.35,23.59,24.110001,2685100,24.042085
2015-06-18,23.790001,23.809999,23.25,23.59,1523900,23.523549
2015-06-17,23.059999,23.709999,23.059999,23.65,2789900,23.58338
2015-06-16,23.959999,24.049999,22.25,23.66,3833100,23.593352
2015-06-15,24.50,24.52,24.110001,24.40,1480600,24.331267
2015-06-12,24.93,25.24,24.76,24.879999,1305300,24.809914
2015-06-11,25.190001,25.35,24.889999,25.120001,900400,25.04924
2015-06-10,25.15,25.52,25.00,25.209999,2134800,25.138985
2015-06-09,24.85,25.290001,24.66,24.75,1983800,24.680281
2015-06-08,25.00,25.08,24.360001,24.68,1552700,24.610479
2015-06-05,24.74,25.290001,24.620001,25.139999,1169200,25.009352
2015-06-04,24.870001,25.10,24.66,24.959999,2223600,24.830287
2015-06-03,25.27,25.43,24.860001,25.10,1652600,24.96956
2015-06-02,24.959999,25.68,24.73,25.23,2451900,25.098884
2015-06-01,24.780001,25.129999,24.290001,24.969999,2090900,24.840235
2015-05-29,25.99,26.01,24.59,24.73,5041400,24.601482
2015-05-28,27.620001,27.709999,25.83,26.01,6329100,25.874831
2015-05-27,28.24,28.780001,27.889999,28.129999,1444200,27.983813
2015-05-26,28.440001,28.440001,27.84,28.129999,1604500,27.983813
2015-05-22,28.83,29.049999,28.540001,28.73,1079500,28.580695
2015-05-21,28.549999,29.32,28.469999,28.85,1837400,28.700072
2015-05-20,28.01,28.51,27.709999,28.469999,1934000,28.322046
2015-05-19,28.32,28.450001,27.52,27.889999,1530400,27.74506
2015-05-18,28.26,28.48,28.00,28.43,1789800,28.282255
2015-05-15,28.66,28.77,27.84,28.33,2433400,28.182774
2015-05-14,28.629999,29.18,28.540001,28.76,1964500,28.61054
2015-05-13,28.190001,28.58,28.059999,28.389999,1850800,28.242462
2015-05-12,28.129999,28.25,27.49,27.959999,1617300,27.814696
2015-05-11,28.110001,28.65,28.040001,28.24,1625800,28.093242
2015-05-08,28.110001,28.209999,27.60,28.030001,1513100,27.884334
2015-05-07,27.950001,28.059999,27.51,27.68,1882400,27.536153
2015-05-06,28.15,28.15,27.59,28.120001,2534900,27.973867
2015-05-05,27.91,28.709999,27.629999,27.85,2170200,27.705269
2015-05-04,28.040001,28.290001,27.75,27.879999,2158600,27.735112
2015-05-01,27.639999,28.18,27.25,27.90,3221400,27.755009
2015-04-30,26.75,27.48,25.43,27.459999,8302500,27.317295
2015-04-29,27.780001,28.85,27.629999,28.26,2957000,28.113138
2015-04-28,27.84,28.09,27.110001,27.92,2339500,27.774905
2015-04-27,26.799999,27.639999,26.799999,27.57,1896300,27.426724
2015-04-24,26.950001,27.02,26.48,26.68,1740000,26.541349
2015-04-23,26.700001,27.26,26.50,26.93,1185800,26.79005
2015-04-22,26.58,27.00,26.34,26.59,1543800,26.451817
2015-04-21,27.620001,27.709999,26.540001,26.74,1530800,26.601037
2015-04-20,27.41,27.780001,27.40,27.530001,1544300,27.386933
