Date,Open,High,Low,Close,Volume,Adj Close
2015-10-15,125.18,125.699997,124.330002,124.879997,298200,124.879997
2015-10-14,125.449997,126.459999,124.690002,124.919998,92600,124.919998
2015-10-13,125.860001,127.389999,125.220001,125.419998,95400,125.419998
2015-10-12,125.790001,126.720001,125.029999,126.620003,70200,126.620003
2015-10-09,125.610001,125.980003,125.019997,125.790001,204000,125.790001
2015-10-08,124.419998,125.529999,124.019997,125.150002,290500,125.150002
2015-10-07,123.910004,125.400002,122.68,124.93,319400,124.93
2015-10-06,128.149994,128.149994,122.139999,123.239998,494600,123.239998
2015-10-05,128.100006,129.929993,127.50,128.190002,473200,128.190002
2015-10-02,123.07,127.410004,122.849998,127.379997,296100,127.379997
2015-10-01,124.18,124.889999,122.489998,124.480003,243500,124.480003
2015-09-30,125.260002,125.940002,123.040001,124.209999,476900,124.209999
2015-09-29,124.739998,125.699997,123.050003,123.75,375000,123.75
2015-09-28,129.229996,129.229996,123.849998,124.93,429800,124.93
2015-09-25,131.839996,132.570007,129.139999,129.929993,415400,129.929993
2015-09-24,131.899994,132.410004,130.210007,130.850006,318700,130.850006
2015-09-23,133.699997,134.119995,132.350006,132.929993,499100,132.929993
2015-09-22,133.75,134.559998,132.399994,133.270004,288400,133.270004
2015-09-21,137.449997,138.289993,134.820007,135.119995,383600,135.119995
2015-09-18,136.690002,137.75,136.270004,136.699997,399800,136.699997
2015-09-17,138.380005,139.089996,137.509995,138.009995,191300,138.009995
2015-09-16,137.539993,138.410004,136.880005,138.080002,151000,138.080002
2015-09-15,136.630005,138.240005,136.259995,137.649994,186300,137.649994
2015-09-14,137.649994,137.649994,135.800003,136.279999,250700,136.279999
2015-09-11,134.050003,137.679993,134.00,137.649994,220700,137.649994
2015-09-10,133.330002,134.839996,132.110001,134.440002,313800,134.440002
2015-09-09,132.889999,133.570007,132.490005,132.779999,412000,132.779999
2015-09-08,130.270004,132.570007,129.880005,132.210007,330700,132.210007
2015-09-04,127.639999,129.460007,127.639999,128.919998,248000,128.919998
2015-09-03,128.800003,129.649994,128.380005,129.169998,202100,129.169998
2015-09-02,127.559998,128.149994,126.580002,128.100006,249300,128.100006
2015-09-01,129.179993,129.289993,125.849998,126.550003,251100,126.550003
2015-08-31,131.940002,132.699997,130.580002,130.800003,192700,130.800003
2015-08-28,132.910004,133.270004,131.539993,132.490005,124800,132.490005
2015-08-27,129.520004,133.339996,128.399994,133.100006,341900,133.100006
2015-08-26,127.629997,128.089996,124.57,127.82,213500,127.82
2015-08-25,126.010002,128.429993,125.510002,125.599998,252300,125.599998
2015-08-24,122.809998,126.970001,122.129997,125.32,398700,125.32
2015-08-21,130.309998,131.300003,127.760002,127.849998,304000,127.849998
2015-08-20,133.470001,134.149994,131.270004,131.330002,172000,131.330002
2015-08-19,134.630005,135.630005,133.309998,134.619995,258200,134.619995
2015-08-18,135.020004,136.020004,135.009995,135.190002,249700,135.190002
2015-08-17,133.130005,135.039993,131.850006,135.039993,193900,135.039993
2015-08-14,132.330002,133.869995,132.009995,133.820007,136600,133.820007
2015-08-13,131.789993,132.770004,131.639999,132.169998,99600,132.169998
2015-08-12,131.479996,132.759995,130.270004,132.029999,148800,132.029999
2015-08-11,133.50,133.889999,131.550003,132.550003,207700,132.210001
2015-08-10,134.440002,135.130005,133.990005,134.410004,190000,134.06523
2015-08-07,133.389999,134.229996,132.279999,134.229996,291600,133.885684
2015-08-06,133.559998,134.729996,133.190002,133.729996,213300,133.386967
2015-08-05,133.699997,134.50,132.830002,133.970001,178500,133.626357
2015-08-04,133.229996,134.080002,132.529999,133.050003,102000,132.708718
2015-08-03,134.139999,135.130005,132.520004,133.229996,186600,132.888249
2015-07-31,134.509995,135.009995,133.270004,133.990005,384000,133.64631
2015-07-30,139.00,139.00,133.330002,133.399994,479200,133.057811
2015-07-29,138.850006,140.50,138.270004,140.259995,337800,139.900216
2015-07-28,137.699997,138.880005,136.789993,138.779999,288000,138.424016
2015-07-27,137.380005,138.179993,136.940002,137.550003,205700,137.197175
2015-07-24,138.240005,138.979996,137.779999,137.970001,282000,137.616096
2015-07-23,138.850006,139.490005,138.100006,138.520004,196600,138.164689
2015-07-22,137.50,139.190002,137.50,138.669998,252700,138.314298
2015-07-21,137.520004,138.240005,137.300003,137.929993,203500,137.57619
2015-07-20,136.919998,137.710007,135.949997,137.360001,236900,137.00766
2015-07-17,136.660004,136.960007,135.539993,136.850006,277900,136.498974
2015-07-16,137.720001,137.720001,136.270004,136.479996,218500,136.129913
2015-07-15,137.610001,137.990005,136.470001,136.910004,434100,136.558818
2015-07-14,137.960007,138.860001,137.380005,137.869995,241400,137.516347
2015-07-13,136.559998,138.259995,136.460007,138.160004,159500,137.805611
2015-07-10,136.009995,136.169998,134.869995,135.949997,144200,135.601274
2015-07-09,135.960007,136.639999,134.399994,134.479996,158700,134.135043
2015-07-08,136.169998,137.429993,133.869995,134.949997,602800,134.603839
2015-07-07,138.110001,138.110001,135.50,136.899994,385900,136.548834
2015-07-06,135.419998,137.919998,135.419998,137.580002,504700,137.227097
2015-07-02,136.320007,136.479996,135.00,135.860001,294900,135.511508
2015-07-01,136.029999,136.50,135.460007,136.279999,370000,135.930429
2015-06-30,136.100006,136.880005,134.800003,135.449997,187500,135.102556
2015-06-29,135.740005,136.940002,134.929993,135.100006,291400,134.753463
2015-06-26,134.979996,137.289993,134.50,136.759995,487000,136.409193
2015-06-25,135.399994,135.720001,134.029999,134.570007,268400,134.224824
2015-06-24,135.820007,136.910004,134.360001,134.910004,330200,134.563948
2015-06-23,135.50,136.809998,135.190002,135.979996,267900,135.631195
2015-06-22,135.020004,135.789993,134.589996,135.669998,255000,135.321993
2015-06-19,133.639999,134.660004,133.220001,134.389999,341300,134.045277
2015-06-18,132.869995,133.490005,132.350006,133.259995,241400,132.918171
2015-06-17,132.00,132.850006,131.259995,132.449997,191600,132.110251
2015-06-16,131.240005,131.820007,130.570007,131.580002,234400,131.242488
2015-06-15,130.380005,131.089996,129.110001,130.990005,177500,130.654005
2015-06-12,131.399994,131.479996,130.070007,130.910004,191200,130.574208
2015-06-11,132.00,133.119995,131.289993,131.740005,201100,131.402081
2015-06-10,131.490005,132.139999,131.139999,131.710007,305400,131.372159
2015-06-09,130.899994,131.389999,129.880005,131.100006,320800,130.763723
2015-06-08,130.869995,132.139999,130.270004,130.699997,290700,130.36474
2015-06-05,129.509995,132.00,128.75,131.199997,871100,130.863458
2015-06-04,129.080002,129.610001,128.660004,129.539993,348100,129.207712
2015-06-03,129.25,129.679993,128.800003,129.089996,252200,128.758869
2015-06-02,129.119995,129.259995,128.130005,129.020004,143000,128.689057
2015-06-01,128.75,129.820007,127.68,129.380005,210700,129.048134
2015-05-29,128.339996,129.559998,128.00,128.740005,229600,128.409776
2015-05-28,128.800003,129.679993,128.089996,128.800003,311500,128.46962
2015-05-27,127.980003,129.199997,127.300003,129.00,178600,128.669104
2015-05-26,129.089996,129.789993,127.18,127.449997,278400,127.123077
2015-05-22,129.800003,130.25,128.889999,129.720001,244300,129.387258
2015-05-21,127.75,129.070007,127.120003,128.910004,260100,128.579338
2015-05-20,127.610001,128.649994,127.230003,127.669998,282200,127.342514
2015-05-19,128.979996,129.460007,127.580002,128.00,314500,127.671669
2015-05-18,127.970001,129.100006,127.860001,128.639999,224700,128.310027
2015-05-15,128.929993,129.169998,128.070007,128.380005,694000,128.050699
2015-05-14,127.260002,129.529999,126.459999,129.270004,771200,128.938416
2015-05-13,126.150002,127.099998,125.260002,126.599998,504200,126.275259
2015-05-12,124.269997,126.790001,123.82,126.129997,562100,125.806463
2015-05-11,124.00,125.449997,124.00,125.269997,279100,124.609539
2015-05-08,123.870003,124.50,123.089996,124.300003,547800,123.64466
2015-05-07,122.349998,123.650002,121.849998,122.779999,393300,122.13267
2015-05-06,123.449997,123.449997,121.970001,122.709999,316500,122.063039
2015-05-05,123.830002,124.989998,122.650002,123.040001,420500,122.391301
2015-05-04,122.559998,124.629997,122.50,124.610001,342400,123.953023
2015-05-01,123.269997,124.110001,121.370003,122.610001,291800,121.963568
2015-04-30,121.75,124.459999,121.75,122.959999,405800,122.311721
2015-04-29,123.169998,123.529999,120.870003,121.93,331700,121.287153
2015-04-28,122.940002,123.760002,121.400002,123.300003,223500,122.649932
2015-04-27,124.949997,125.00,122.50,123.279999,354400,122.630033
2015-04-24,124.25,125.379997,123.099998,124.980003,498700,124.321075
2015-04-23,122.910004,124.779999,122.739998,123.830002,308900,123.177137
2015-04-22,122.540001,123.139999,121.769997,123.019997,135600,122.371402
2015-04-21,122.110001,122.790001,121.199997,122.75,332700,122.102829
2015-04-20,120.239998,121.739998,120.239998,121.519997,179000,120.879311
