Date,Open,High,Low,Close,Volume,Adj Close
2015-10-15,25.15,25.57,24.93,25.559999,2064300,25.559999
2015-10-14,25.370001,25.57,24.92,25.030001,1687100,25.030001
2015-10-13,25.379999,25.690001,25.139999,25.35,808300,25.35
2015-10-12,26.18,26.290001,25.50,25.530001,1685600,25.530001
2015-10-09,26.43,26.52,25.90,26.200001,1916000,26.200001
2015-10-08,25.59,26.76,25.41,26.43,3314300,26.43
2015-10-07,24.02,25.60,23.950001,25.59,2912700,25.59
2015-10-06,23.799999,24.24,23.66,23.90,1492200,23.90
2015-10-05,23.33,24.02,23.33,23.91,1843000,23.91
2015-10-02,21.92,23.110001,21.299999,23.09,1201800,23.09
2015-10-01,22.459999,22.68,22.16,22.610001,1268400,22.610001
2015-09-30,22.10,22.639999,22.040001,22.389999,2060100,22.389999
2015-09-29,22.299999,22.35,21.629999,21.85,1879000,21.85
2015-09-28,22.73,22.77,22.24,22.24,1680800,22.24
2015-09-25,23.049999,23.24,22.66,22.799999,1055800,22.799999
2015-09-24,22.74,22.93,22.450001,22.85,1011800,22.85
2015-09-23,23.23,23.35,22.68,22.90,1061900,22.90
2015-09-22,23.27,23.33,22.809999,23.24,2054300,23.24
2015-09-21,23.35,23.82,23.190001,23.58,1699300,23.58
2015-09-18,23.629999,23.879999,23.07,23.219999,3476600,23.219999
2015-09-17,23.83,24.360001,23.77,23.92,1078500,23.92
2015-09-16,23.379999,23.91,23.280001,23.82,1102100,23.82
2015-09-15,23.059999,23.620001,22.969999,23.50,1603000,23.50
2015-09-14,23.15,23.190001,22.74,22.969999,1707100,22.969999
2015-09-11,22.93,23.200001,22.780001,23.17,1014700,23.17
2015-09-10,23.219999,23.530001,22.799999,23.200001,1472300,23.200001
2015-09-09,23.809999,23.969999,23.16,23.219999,1697100,23.219999
2015-09-08,23.75,23.92,23.40,23.559999,3435800,23.559999
2015-09-04,23.059999,23.18,22.75,22.93,2140800,22.93
2015-09-03,23.139999,23.75,23.139999,23.41,1714200,23.41
2015-09-02,23.379999,23.620001,22.799999,23.110001,2306100,23.110001
2015-09-01,22.98,23.530001,22.940001,23.219999,2907500,23.079999
2015-08-31,24.02,24.459999,23.73,23.790001,2542200,23.646564
2015-08-28,23.42,24.309999,23.42,24.16,2730700,24.014332
2015-08-27,23.42,23.790001,23.00,23.440001,3158600,23.298674
2015-08-26,22.530001,23.370001,22.23,23.23,3158000,23.089939
2015-08-25,23.610001,23.610001,22.42,22.42,3625300,22.284823
2015-08-24,22.059999,25.389999,22.059999,23.35,4283900,23.209216
2015-08-21,24.23,24.74,23.91,23.940001,3173900,23.795659
2015-08-20,24.65,24.77,24.129999,24.50,2609900,24.352282
2015-08-19,25.16,25.25,24.690001,24.99,2000200,24.839327
2015-08-18,24.879999,25.51,24.780001,25.379999,2389400,25.226975
2015-08-17,25.190001,25.809999,25.049999,25.780001,2219700,25.624565
2015-08-14,25.49,25.690001,24.92,25.440001,2454400,25.286615
2015-08-13,26.040001,26.639999,25.530001,25.60,1690100,25.44565
2015-08-12,25.85,26.389999,25.18,26.09,3352900,25.932696
2015-08-11,26.879999,27.02,25.969999,26.02,2014700,25.863118
2015-08-10,26.799999,27.360001,26.60,27.040001,2071800,26.876968
2015-08-07,26.200001,26.879999,26.200001,26.58,1798000,26.419741
2015-08-06,27.59,27.59,26.16,26.379999,4475700,26.220946
2015-08-05,29.00,29.120001,27.379999,27.450001,2776900,27.284496
2015-08-04,28.469999,28.690001,27.91,27.940001,2184000,27.771542
2015-08-03,29.40,29.469999,28.959999,29.02,1621500,28.84503
2015-07-31,29.120001,29.43,28.959999,29.129999,1447900,28.954365
2015-07-30,29.049999,29.17,28.84,28.950001,1056100,28.775452
2015-07-29,28.719999,29.379999,28.719999,29.209999,2382400,29.033883
2015-07-28,28.799999,29.120001,28.49,28.66,1592500,28.4872
2015-07-27,29.389999,29.389999,28.690001,28.74,1562800,28.566717
2015-07-24,29.51,29.809999,29.40,29.540001,1954700,29.361895
2015-07-23,29.93,30.049999,29.379999,29.43,2657300,29.252558
2015-07-22,29.91,30.24,29.58,29.809999,4740300,29.630266
2015-07-21,32.450001,32.93,30.030001,30.049999,3932900,29.868819
2015-07-20,32.119999,32.27,31.950001,32.189999,1876400,31.995915
2015-07-17,32.450001,32.599998,31.85,32.189999,1348700,31.995915
2015-07-16,32.389999,32.720001,32.389999,32.560001,1878500,32.363687
2015-07-15,32.060001,32.75,31.870001,32.490002,2904100,32.294109
2015-07-14,32.029999,32.220001,31.940001,32.110001,2547700,31.9164
2015-07-13,31.66,32.139999,31.66,31.950001,1719800,31.757364
2015-07-10,31.50,31.57,31.25,31.370001,1548100,31.180861
2015-07-09,30.32,31.16,30.32,31.10,2773300,30.912489
2015-07-08,31.09,31.290001,30.18,30.309999,2993900,30.127251
2015-07-07,30.65,31.540001,30.040001,31.52,3467100,31.329957
2015-07-06,31.209999,31.780001,30.33,30.610001,3865200,30.425443
2015-07-02,33.099998,33.400002,31.66,31.75,2971700,31.558569
2015-07-01,32.25,33.310001,32.220001,32.970001,2897300,32.771215
2015-06-30,31.940001,32.07,31.17,32.07,4037700,31.87664
2015-06-29,30.940001,31.950001,29.40,31.629999,4051900,31.439292
2015-06-26,37.09,37.330002,36.779999,37.16,2863100,36.935951
2015-06-25,37.18,37.259998,36.900002,36.900002,2532400,36.67752
2015-06-24,37.82,37.98,36.860001,37.009998,2768300,36.786854
2015-06-23,38.099998,38.48,37.740002,37.959999,2666200,37.731127
2015-06-22,37.869999,38.32,37.669998,38.009998,2501500,37.780824
2015-06-19,37.23,37.740002,37.16,37.610001,3295700,37.383238
2015-06-18,37.00,37.48,37.00,37.299999,1834000,37.075106
2015-06-17,36.779999,37.00,36.700001,36.919998,1443600,36.697396
2015-06-16,36.150002,36.650002,36.049999,36.619999,1729700,36.399206
2015-06-15,35.810001,36.200001,35.41,36.200001,2363700,35.98174
2015-06-12,35.669998,36.27,35.419998,36.189999,2156400,35.971798
2015-06-11,35.700001,35.849998,35.450001,35.790001,1527000,35.574212
2015-06-10,35.43,35.810001,35.279999,35.689999,1110300,35.474813
2015-06-09,35.709999,35.799999,34.950001,35.310001,1503200,35.097107
2015-06-08,36.029999,36.049999,35.639999,35.689999,1521800,35.474813
2015-06-05,36.119999,36.25,35.66,36.09,1540400,35.872402
2015-06-04,36.57,36.759998,36.080002,36.099998,2099300,35.88234
2015-06-03,36.220001,36.860001,36.02,36.73,1940300,36.508543
2015-06-02,36.209999,36.52,35.990002,36.360001,1444000,35.941982
2015-06-01,35.91,36.48,35.66,36.27,2326100,35.853016
2015-05-29,36.00,36.23,35.669998,35.790001,7828500,35.378535
2015-05-28,36.310001,36.560001,35.650002,36.029999,1589100,35.615774
2015-05-27,35.970001,36.490002,35.919998,36.450001,1428000,36.030947
2015-05-26,35.93,36.099998,35.740002,35.959999,2355500,35.546579
2015-05-22,35.959999,36.209999,35.740002,35.93,1065700,35.516925
2015-05-21,36.400002,36.639999,35.75,35.990002,2180900,35.576237
2015-05-20,36.049999,36.689999,35.790001,36.630001,2143300,36.208878
2015-05-19,35.82,36.099998,35.630001,36.029999,1345100,35.615774
2015-05-18,35.66,35.849998,35.400002,35.790001,1488400,35.378535
2015-05-15,35.669998,35.869999,35.299999,35.73,1475200,35.319224
2015-05-14,35.049999,35.630001,35.029999,35.59,1542800,35.180834
2015-05-13,34.75,35.18,34.650002,34.84,1919700,34.439456
2015-05-12,35.00,35.189999,34.689999,34.720001,1542100,34.320837
2015-05-11,34.849998,35.50,34.849998,35.139999,2389600,34.736007
2015-05-08,34.869999,35.16,34.75,34.939999,1242300,34.538305
2015-05-07,34.290001,34.580002,34.23,34.459999,1741000,34.063824
2015-05-06,34.540001,34.669998,34.150002,34.27,1630100,33.87601
2015-05-05,34.860001,35.16,34.459999,34.490002,1652400,34.093482
2015-05-04,34.939999,35.220001,34.830002,35.029999,1115600,34.627271
2015-05-01,34.48,34.869999,34.080002,34.77,1768300,34.370261
2015-04-30,34.369999,34.889999,34.27,34.32,2418000,33.925434
2015-04-29,35.09,35.099998,34.299999,34.400002,2131200,34.004516
2015-04-28,34.77,35.220001,34.619999,35.209999,1447300,34.805202
2015-04-27,35.91,35.93,34.82,34.869999,1424800,34.46911
2015-04-24,35.50,35.740002,35.099998,35.73,1757100,35.319224
2015-04-23,35.029999,35.77,35.029999,35.490002,1870600,35.081985
2015-04-22,36.00,36.00,34.75,35.169998,2642000,34.765661
2015-04-21,35.849998,36.119999,34.950001,36.00,2539400,35.58612
2015-04-20,35.060001,35.25,34.950001,35.139999,1901100,34.736007
