Date,Open,High,Low,Close,Volume,Adj Close
2015-10-16,80.849998,81.309998,80.400002,80.610001,184600,80.610001
2015-10-15,79.720001,80.540001,79.290001,80.510002,108000,80.510002
2015-10-14,80.160004,80.510002,79.139999,79.279999,151400,79.279999
2015-10-13,80.230003,81.129997,79.620003,80.050003,141700,80.050003
2015-10-12,79.290001,80.669998,79.239998,80.459999,130500,80.459999
2015-10-09,79.919998,80.489998,79.139999,79.199997,366000,79.199997
2015-10-08,79.300003,79.940002,79.18,79.839996,326000,79.839996
2015-10-07,79.169998,79.800003,79.00,79.440002,343500,79.440002
2015-10-06,78.849998,79.389999,78.620003,79.169998,451800,79.169998
2015-10-05,78.199997,79.269997,78.199997,79.089996,232500,79.089996
2015-10-02,76.190002,77.830002,76.00,77.830002,307000,77.830002
2015-10-01,77.720001,78.260002,76.290001,77.400002,313700,77.400002
2015-09-30,78.230003,78.739998,77.489998,77.699997,372900,77.699997
2015-09-29,77.349998,77.690002,76.919998,77.610001,236300,77.610001
2015-09-28,78.489998,78.980003,77.209999,77.279999,290700,77.279999
2015-09-25,79.760002,79.93,78.720001,78.959999,273400,78.959999
2015-09-24,79.150002,79.629997,79.059998,79.18,246300,79.18
2015-09-23,79.040001,79.809998,78.940002,79.529999,374700,79.529999
2015-09-22,78.650002,79.309998,78.580002,79.010002,205900,79.010002
2015-09-21,79.00,79.980003,79.00,79.260002,308400,79.260002
2015-09-18,78.800003,79.139999,78.339996,78.43,621100,78.43
2015-09-17,80.360001,80.699997,79.699997,79.870003,386100,79.870003
2015-09-16,81.50,81.50,79.709999,80.209999,720800,80.209999
2015-09-15,81.019997,81.900002,80.629997,81.769997,148500,81.769997
2015-09-14,80.629997,81.290001,80.129997,80.82,143300,80.82
2015-09-11,79.459999,80.540001,79.279999,80.529999,195500,80.529999
2015-09-10,80.059998,80.629997,79.57,79.889999,238400,79.889999
2015-09-09,80.699997,80.709999,79.589996,79.739998,253000,79.739998
2015-09-08,78.589996,80.400002,78.440002,80.330002,237000,79.920002
2015-09-04,77.330002,78.129997,76.800003,77.839996,269300,77.442705
2015-09-03,77.970001,78.800003,77.959999,78.290001,178500,77.890413
2015-09-02,77.860001,78.510002,77.230003,77.690002,326000,77.293477
2015-09-01,77.57,78.260002,76.910004,77.00,406000,76.606996
2015-08-31,78.209999,79.199997,77.779999,78.900002,457800,78.4973
2015-08-28,78.239998,78.919998,77.860001,78.309998,186000,77.910308
2015-08-27,78.269997,79.010002,77.790001,78.540001,295000,78.139137
2015-08-26,77.040001,77.919998,76.129997,77.620003,250700,77.223834
2015-08-25,77.860001,78.110001,75.699997,75.739998,251100,75.353425
2015-08-24,75.800003,77.739998,75.489998,76.389999,377800,76.000109
2015-08-21,81.059998,81.220001,79.690002,79.699997,277400,79.293212
2015-08-20,81.900002,82.440002,81.459999,81.480003,254900,81.064134
2015-08-19,82.389999,83.279999,81.849998,82.629997,204200,82.208258
2015-08-18,82.540001,82.860001,81.559998,82.82,145200,82.397291
2015-08-17,81.669998,82.690002,81.459999,82.599998,166500,82.178413
2015-08-14,80.879997,82.099998,80.860001,82.099998,140300,81.680965
2015-08-13,80.400002,81.389999,80.379997,80.970001,280500,80.556735
2015-08-12,80.919998,81.050003,79.68,80.489998,270800,80.079181
2015-08-11,80.940002,82.169998,80.769997,81.059998,357100,80.646272
2015-08-10,81.809998,82.300003,81.580002,81.68,183200,81.26311
2015-08-07,80.82,81.480003,80.550003,81.480003,139500,81.064134
2015-08-06,81.720001,82.059998,80.449997,80.93,125700,80.516938
2015-08-05,81.860001,82.050003,81.330002,81.519997,152000,81.103923
2015-08-04,82.190002,82.239998,81.25,81.620003,174400,81.203419
2015-08-03,80.980003,82.220001,80.849998,82.080002,261200,81.66107
2015-07-31,81.120003,81.989998,80.459999,80.849998,406100,80.437344
2015-07-30,81.00,81.410004,78.949997,81.330002,282000,80.914898
2015-07-29,78.300003,79.389999,78.040001,79.290001,398600,78.885309
2015-07-28,78.519997,79.019997,77.769997,78.040001,212800,77.641689
2015-07-27,78.339996,78.790001,78.230003,78.370003,131500,77.970007
2015-07-24,78.330002,79.129997,77.830002,79.010002,340300,78.606739
2015-07-23,78.650002,78.730003,77.900002,78.25,159700,77.850616
2015-07-22,78.660004,79.230003,78.300003,78.529999,136300,78.129186
2015-07-21,78.790001,79.480003,78.330002,78.809998,197500,78.407756
2015-07-20,78.75,79.260002,78.470001,79.010002,192500,78.606739
2015-07-17,78.75,78.760002,78.290001,78.75,123800,78.348064
2015-07-16,79.160004,79.160004,78.599998,78.75,150800,78.348064
2015-07-15,78.470001,78.970001,77.849998,78.970001,191300,78.566943
2015-07-14,78.269997,78.809998,78.040001,78.440002,164400,78.039649
2015-07-13,77.940002,78.449997,77.489998,77.760002,130700,77.363119
2015-07-10,77.099998,77.699997,76.559998,77.540001,130500,77.144241
2015-07-09,77.339996,77.610001,75.910004,76.309998,166900,75.920515
2015-07-08,77.00,77.059998,76.110001,76.559998,272400,76.169239
2015-07-07,77.410004,77.410004,76.540001,77.220001,309200,76.825875
2015-07-06,74.93,77.639999,74.760002,77.440002,512300,77.044753
2015-07-02,75.529999,75.699997,75.080002,75.440002,133300,75.054961
2015-07-01,74.839996,75.830002,74.830002,75.389999,229000,75.005213
2015-06-30,73.82,74.559998,73.559998,74.029999,252900,73.652154
2015-06-29,73.860001,74.139999,73.050003,73.059998,233700,72.687103
2015-06-26,74.440002,74.879997,74.300003,74.57,309200,74.189398
2015-06-25,74.769997,74.769997,73.970001,74.230003,135500,73.851137
2015-06-24,74.669998,74.790001,74.209999,74.449997,115900,74.070008
2015-06-23,74.459999,74.900002,74.199997,74.870003,202800,74.48787
2015-06-22,73.910004,74.50,72.690002,74.260002,167300,73.880983
2015-06-19,74.419998,74.720001,73.809998,73.980003,174600,73.602413
2015-06-18,74.07,74.449997,73.779999,74.209999,226400,73.831235
2015-06-17,73.940002,74.32,73.550003,73.790001,226800,73.413381
2015-06-16,72.480003,73.910004,72.269997,73.559998,192600,73.184551
2015-06-15,72.040001,72.690002,71.720001,72.690002,109800,72.318997
2015-06-12,71.519997,72.900002,71.519997,72.739998,104100,72.368737
2015-06-11,72.169998,73.269997,72.169998,73.260002,140900,72.886087
2015-06-10,71.940002,72.150002,71.010002,72.050003,242500,71.682264
2015-06-09,71.68,71.980003,71.470001,71.720001,138100,70.94604
2015-06-08,72.040001,72.470001,71.720001,71.800003,139200,71.025179
2015-06-05,72.339996,72.339996,71.870003,72.18,157100,71.401076
2015-06-04,72.330002,72.57,71.720001,72.089996,149800,71.312043
2015-06-03,71.879997,73.089996,71.75,72.849998,201100,72.063843
2015-06-02,71.190002,71.910004,70.980003,71.800003,146900,71.025179
2015-06-01,71.470001,71.870003,71.059998,71.349998,120300,70.580031
2015-05-29,71.50,71.769997,70.919998,71.18,280500,70.411867
2015-05-28,70.870003,71.589996,70.870003,71.489998,145600,70.718519
2015-05-27,70.510002,71.580002,70.290001,71.349998,166900,70.580031
2015-05-26,70.879997,70.879997,70.120003,70.510002,178600,69.749099
2015-05-22,71.220001,71.610001,71.029999,71.190002,94000,70.421761
2015-05-21,71.510002,71.809998,70.980003,71.50,176200,70.728413
2015-05-20,71.300003,71.980003,71.25,71.669998,117100,70.896577
2015-05-19,71.410004,71.410004,70.889999,71.360001,204100,70.589925
2015-05-18,69.889999,71.43,69.879997,71.419998,277800,70.649275
2015-05-15,71.010002,71.07,69.949997,70.019997,164000,69.264381
2015-05-14,70.379997,70.949997,70.040001,70.93,168000,70.164565
2015-05-13,70.389999,70.610001,70.010002,70.18,118500,69.422658
2015-05-12,70.639999,70.690002,70.019997,70.300003,169800,69.541366
2015-05-11,70.940002,71.18,70.550003,71.139999,182500,70.372298
2015-05-08,71.599998,71.599998,70.870003,71.07,103500,70.303053
2015-05-07,70.559998,71.040001,70.400002,70.800003,167900,70.03597
2015-05-06,70.870003,70.870003,69.739998,70.730003,176700,69.966726
2015-05-05,72.209999,72.209999,70.00,70.589996,217500,69.82823
2015-05-04,73.300003,73.300003,71.68,71.709999,356600,70.936146
2015-05-01,69.269997,73.080002,68.75,72.800003,568400,72.014388
2015-04-30,69.669998,70.190002,68.550003,68.57,231000,67.830032
2015-04-29,69.910004,70.470001,69.769997,69.980003,121100,69.22482
2015-04-28,68.940002,70.389999,68.940002,70.220001,117600,69.462228
2015-04-27,70.330002,70.480003,68.949997,69.089996,299800,68.344417
2015-04-24,70.599998,70.599998,70.279999,70.330002,127200,69.571041
2015-04-23,70.360001,71.050003,70.059998,70.599998,121400,69.838124
2015-04-22,69.989998,70.400002,69.550003,70.379997,176400,69.620497
2015-04-21,70.860001,71.129997,70.150002,70.25,133000,69.491903
2015-04-20,70.589996,71.260002,70.589996,70.720001,136500,69.956832
