Date,Open,High,Low,Close,Volume,Adj Close
2015-10-15,53.700001,54.470001,53.240002,53.939999,351900,53.939999
2015-10-14,54.529999,54.810001,53.560001,53.630001,311200,53.630001
2015-10-13,55.279999,55.66,54.639999,54.650002,299700,54.350002
2015-10-12,55.400002,55.57,54.98,55.48,311600,55.175444
2015-10-09,55.50,55.669998,55.259998,55.369999,293900,55.066047
2015-10-08,54.380001,55.48,54.130001,55.380001,345000,55.075994
2015-10-07,53.509998,54.599998,53.060001,54.310001,354300,54.011868
2015-10-06,53.189999,53.689999,52.990002,53.09,386600,52.798564
2015-10-05,52.830002,53.41,52.439999,53.189999,617800,52.898014
2015-10-02,51.66,52.50,51.360001,52.490002,510900,52.201859
2015-10-01,51.959999,52.049999,51.099998,51.709999,544900,51.426139
2015-09-30,52.900002,52.900002,51.740002,51.799999,717000,51.515645
2015-09-29,51.450001,51.84,50.43,51.32,853500,51.03828
2015-09-28,51.290001,51.540001,50.419998,50.68,564000,50.401794
2015-09-25,52.00,52.310001,51.16,51.639999,559100,51.356523
2015-09-24,50.790001,51.619999,50.349998,51.34,914900,51.058171
2015-09-23,51.32,51.720001,50.509998,51.080002,644300,50.7996
2015-09-22,50.290001,52.860001,50.119999,51.32,1729800,51.03828
2015-09-21,54.369999,55.240002,53.959999,54.560001,961400,54.260496
2015-09-18,54.810001,54.93,53.93,54.040001,594700,53.74335
2015-09-17,56.049999,56.619999,55.369999,55.709999,401300,55.404181
2015-09-16,55.540001,56.27,55.23,56.02,426400,55.71248
2015-09-15,54.669998,55.560001,54.169998,55.389999,585700,55.085938
2015-09-14,54.529999,54.799999,54.200001,54.32,240100,54.021812
2015-09-11,54.380001,54.380001,53.689999,54.119999,310100,53.822909
2015-09-10,54.77,55.080002,54.209999,54.490002,286900,54.190881
2015-09-09,55.369999,55.57,54.490002,54.619999,232900,54.320164
2015-09-08,54.610001,55.049999,54.259998,55.00,249100,54.698079
2015-09-04,53.950001,54.599998,53.529999,53.810001,255200,53.514613
2015-09-03,54.040001,54.950001,54.00,54.68,336700,54.379836
2015-09-02,54.049999,54.049999,52.98,53.639999,429600,53.345544
2015-09-01,53.669998,54.580002,53.130001,53.299999,529700,53.007411
2015-08-31,54.099998,55.299999,54.029999,54.580002,482200,54.280387
2015-08-28,53.369999,54.369999,53.369999,54.23,242900,53.932306
2015-08-27,53.75,54.16,52.650002,53.709999,381500,53.41516
2015-08-26,52.990002,53.509998,51.799999,53.369999,304000,53.077026
2015-08-25,53.009998,53.34,51.779999,51.82,414000,51.535535
2015-08-24,51.139999,54.00,50.73,52.099998,514800,51.813997
2015-08-21,54.93,55.080002,53.720001,54.07,300700,53.773184
2015-08-20,56.18,56.41,55.299999,55.380001,237000,55.075994
2015-08-19,57.18,57.18,56.540001,56.77,271300,56.458363
2015-08-18,57.00,57.349998,56.75,57.25,236700,56.935728
2015-08-17,55.91,57.099998,55.650002,57.099998,206900,56.78655
2015-08-14,56.02,56.439999,55.77,56.139999,162800,55.831821
2015-08-13,55.299999,56.16,54.91,55.950001,168500,55.642865
2015-08-12,55.349998,55.669998,54.240002,55.27,284100,54.966598
2015-08-11,56.200001,56.27,55.560001,55.950001,221900,55.642865
2015-08-10,56.209999,56.84,55.93,56.77,321000,56.458363
2015-08-07,55.540001,56.060001,55.41,56.00,235000,55.69259
2015-08-06,56.259998,56.259998,55.150002,55.639999,202200,55.334565
2015-08-05,55.389999,56.52,55.380001,56.200001,275900,55.891493
2015-08-04,55.619999,55.950001,55.240002,55.369999,227700,55.066047
2015-08-03,55.860001,55.889999,55.259998,55.68,237000,55.374347
2015-07-31,55.779999,56.130001,55.299999,55.880001,266600,55.57325
2015-07-30,54.959999,55.700001,54.57,55.599998,227400,55.294784
2015-07-29,54.400002,55.23,54.400002,55.139999,224500,54.83731
2015-07-28,54.060001,54.560001,53.599998,54.490002,221600,54.190881
2015-07-27,54.529999,54.619999,53.740002,53.880001,297100,53.584228
2015-07-24,55.400002,55.59,54.75,54.84,366800,54.538958
2015-07-23,55.389999,56.34,55.310001,55.43,396300,55.125719
2015-07-22,54.459999,55.790001,54.130001,55.380001,338300,55.075994
2015-07-21,54.66,55.080002,54.52,54.580002,350800,54.280387
2015-07-20,55.119999,55.220001,54.650002,54.73,197000,54.429561
2015-07-17,55.50,55.50,54.860001,55.16,212000,54.857201
2015-07-16,55.959999,55.959999,55.27,55.41,356400,55.105828
2015-07-15,56.080002,56.330002,55.650002,55.73,268700,55.424071
2015-07-14,56.259998,56.419998,55.900002,56.099998,330600,55.792039
2015-07-13,56.279999,56.68,55.959999,56.380001,410700,56.070505
2015-07-10,56.099998,56.099998,55.509998,55.860001,354300,55.553359
2015-07-09,56.080002,56.080002,55.049999,55.34,447100,55.036213
2015-07-08,55.950001,56.529999,55.169998,55.330002,383000,55.02627
2015-07-07,56.59,56.59,55.689999,56.450001,499900,56.14012
2015-07-06,55.66,56.299999,55.57,56.200001,1164600,55.891493
2015-07-02,56.389999,56.860001,55.939999,56.060001,494900,55.752262
2015-07-01,56.779999,56.880001,56.169998,56.59,569900,56.279351
2015-06-30,57.240002,57.240002,55.889999,56.279999,629000,55.971051
2015-06-29,57.470001,57.470001,56.59,56.759998,529900,56.448416
2015-06-26,57.98,58.110001,57.740002,58.009998,466500,57.691554
2015-06-25,57.950001,58.299999,57.240002,57.82,466700,57.502599
2015-06-24,58.060001,58.490002,57.380001,57.459999,248900,57.144574
2015-06-23,58.119999,58.41,57.869999,58.279999,420100,57.691554
2015-06-22,58.50,58.50,57.59,58.00,695600,57.414383
2015-06-19,57.990002,58.419998,57.689999,57.990002,547000,57.404485
2015-06-18,57.830002,58.57,57.669998,58.169998,487200,57.582665
2015-06-17,57.810001,58.060001,57.400002,57.740002,411200,57.15701
2015-06-16,57.650002,57.82,57.330002,57.790001,395000,57.206504
2015-06-15,58.099998,58.32,57.27,57.50,616000,56.919431
2015-06-12,58.080002,58.709999,57.959999,58.630001,320600,58.038023
2015-06-11,57.77,58.540001,57.77,58.220001,528700,57.632163
2015-06-10,58.060001,58.240002,57.59,57.75,548900,57.166907
2015-06-09,57.990002,58.209999,57.529999,57.59,538100,57.008523
2015-06-08,57.41,58.32,56.700001,58.009998,975400,57.42428
2015-06-05,58.82,59.00,57.310001,57.59,1649000,57.008523
2015-06-04,62.049999,62.459999,61.110001,61.450001,405500,60.829549
2015-06-03,61.849998,62.419998,61.509998,62.34,411300,61.710563
2015-06-02,61.139999,62.099998,61.080002,61.790001,323000,61.166117
2015-06-01,61.220001,61.98,61.049999,61.470001,461100,60.849348
2015-05-29,62.049999,62.099998,60.990002,61.09,448600,60.473184
2015-05-28,62.41,62.450001,61.509998,62.080002,304500,61.453189
2015-05-27,61.959999,62.450001,61.43,62.389999,204400,61.760057
2015-05-26,62.900002,62.970001,60.779999,61.759998,314400,61.136417
2015-05-22,62.389999,63.040001,62.25,62.68,214100,62.04713
2015-05-21,62.349998,63.139999,62.330002,62.610001,189700,61.977837
2015-05-20,62.900002,63.080002,62.369999,62.439999,356800,61.809551
2015-05-19,62.32,62.41,61.77,61.919998,262000,61.294801
2015-05-18,61.209999,62.110001,60.990002,62.110001,337300,61.482885
2015-05-15,61.380001,61.50,60.939999,61.290001,249400,60.671165
2015-05-14,61.00,61.41,60.459999,61.27,281200,60.651367
2015-05-13,60.959999,61.18,60.389999,60.740002,211200,60.126719
2015-05-12,60.169998,60.990002,59.669998,60.639999,240200,60.027727
2015-05-11,59.900002,60.549999,59.639999,60.360001,324800,59.750555
2015-05-08,60.650002,60.810001,59.830002,59.98,469800,59.374391
2015-05-07,59.59,60.389999,59.150002,59.990002,345500,59.384292
2015-05-06,59.73,59.849998,59.029999,59.59,335300,58.988329
2015-05-05,60.57,60.860001,59.290001,59.75,450500,59.146713
2015-05-04,61.529999,62.41,60.73,60.75,359500,60.136616
2015-05-01,60.669998,61.310001,60.369999,61.080002,289500,60.463286
2015-04-30,61.00,61.419998,60.099998,60.169998,343200,59.562471
2015-04-29,61.709999,62.599998,61.040001,61.330002,385000,60.710762
2015-04-28,61.200001,61.43,60.790001,61.32,227100,60.700861
2015-04-27,61.509998,61.880001,61.16,61.360001,247900,60.740458
2015-04-24,61.57,61.91,60.740002,61.369999,234400,60.750355
2015-04-23,61.349998,61.700001,61.240002,61.349998,276100,60.730557
2015-04-22,62.139999,62.23,61.43,61.66,291100,61.037428
2015-04-21,62.630001,62.630001,61.970001,62.18,293200,61.552178
2015-04-20,61.77,62.389999,61.099998,62.32,311000,61.690764
