Date,Open,High,Low,Close,Volume,Adj Close
2015-10-15,82.910004,83.480003,81.779999,82.779999,242700,82.779999
2015-10-14,83.110001,83.580002,82.209999,82.419998,277300,82.419998
2015-10-13,83.440002,84.309998,83.010002,83.07,174200,83.07
2015-10-12,83.980003,84.510002,83.190002,83.830002,290000,83.830002
2015-10-09,82.879997,84.459999,82.739998,84.080002,455100,84.080002
2015-10-08,82.040001,83.110001,81.400002,82.809998,256600,82.809998
2015-10-07,80.900002,82.099998,80.290001,81.959999,453100,81.959999
2015-10-06,81.760002,82.050003,80.169998,80.529999,468900,80.529999
2015-10-05,81.099998,83.489998,80.669998,82.139999,360200,82.139999
2015-10-02,77.949997,81.209999,77.230003,80.860001,780100,80.860001
2015-10-01,77.599998,78.419998,76.25,76.540001,475500,76.540001
2015-09-30,78.389999,79.419998,77.260002,77.790001,502700,77.790001
2015-09-29,80.459999,82.139999,76.50,77.989998,972200,77.989998
2015-09-28,82.300003,82.599998,80.18,80.279999,384500,80.279999
2015-09-25,81.900002,84.099998,81.480003,82.410004,502900,82.410004
2015-09-24,81.389999,81.940002,80.519997,81.410004,246400,81.410004
2015-09-23,81.760002,82.389999,81.209999,81.919998,246600,81.919998
2015-09-22,81.190002,81.769997,80.809998,81.639999,414200,81.639999
2015-09-21,81.110001,81.790001,80.559998,81.730003,560800,81.730003
2015-09-18,80.75,81.779999,80.279999,80.50,920700,80.50
2015-09-17,81.43,82.43,81.150002,81.540001,257600,81.540001
2015-09-16,81.040001,81.739998,80.910004,81.379997,269800,81.379997
2015-09-15,81.220001,81.870003,80.830002,81.239998,177000,81.239998
2015-09-14,81.800003,81.93,80.879997,81.209999,149700,81.209999
2015-09-11,80.809998,81.779999,80.730003,81.75,228000,81.75
2015-09-10,81.059998,81.860001,80.489998,81.230003,383600,81.230003
2015-09-09,83.099998,83.290001,80.760002,81.019997,497500,81.019997
2015-09-08,83.650002,83.75,81.459999,82.580002,451800,82.580002
2015-09-04,81.059998,83.120003,80.50,82.650002,480800,82.650002
2015-09-03,79.959999,82.269997,79.620003,81.980003,578600,81.980003
2015-09-02,78.25,80.120003,77.519997,80.099998,572500,80.099998
2015-09-01,78.290001,79.330002,77.160004,77.809998,400500,77.809998
2015-08-31,79.620003,80.010002,78.739998,79.370003,364400,79.370003
2015-08-28,79.169998,80.800003,78.830002,79.459999,343500,79.459999
2015-08-27,78.980003,80.309998,78.550003,79.68,423900,79.68
2015-08-26,76.50,78.889999,75.230003,78.459999,773400,78.459999
2015-08-25,77.160004,77.209999,74.839996,74.889999,509800,74.889999
2015-08-24,74.00,75.709999,72.629997,75.709999,722700,75.709999
2015-08-21,74.910004,76.300003,74.400002,75.620003,544400,75.620003
2015-08-20,76.989998,77.370003,76.080002,76.150002,531900,76.150002
2015-08-19,77.169998,78.300003,76.629997,77.50,514600,77.50
2015-08-18,77.519997,77.82,77.010002,77.300003,495900,77.300003
2015-08-17,77.730003,78.379997,76.699997,77.580002,468100,77.580002
2015-08-14,76.230003,78.260002,76.080002,77.709999,450600,77.709999
2015-08-13,77.440002,77.959999,76.239998,76.510002,564800,76.510002
2015-08-12,78.629997,78.800003,76.830002,77.139999,684900,77.139999
2015-08-11,80.00,80.519997,78.82,79.239998,832100,79.239998
2015-08-10,80.25,81.230003,79.690002,80.360001,756400,80.360001
2015-08-07,78.669998,80.669998,77.900002,79.559998,770600,79.559998
2015-08-06,80.199997,82.860001,76.660004,78.519997,1531700,78.519997
2015-08-05,81.919998,82.480003,81.389999,81.980003,589000,81.980003
2015-08-04,82.610001,82.620003,81.620003,81.82,440000,81.82
2015-08-03,82.099998,82.889999,81.529999,82.690002,289200,82.690002
2015-07-31,82.279999,82.620003,81.589996,81.959999,296400,81.959999
2015-07-30,80.690002,82.519997,80.269997,81.870003,266100,81.870003
2015-07-29,80.470001,81.620003,80.370003,80.980003,361100,80.980003
2015-07-28,80.75,81.209999,78.93,80.389999,399100,80.389999
2015-07-27,80.32,81.129997,79.610001,80.410004,310000,80.410004
2015-07-24,80.669998,81.75,80.269997,80.440002,334100,80.440002
2015-07-23,83.050003,83.050003,80.800003,80.940002,223300,80.940002
2015-07-22,80.309998,82.809998,80.239998,82.68,415800,82.68
2015-07-21,81.029999,81.470001,80.010002,80.129997,256200,80.129997
2015-07-20,81.660004,82.00,80.660004,80.959999,238700,80.959999
2015-07-17,81.360001,81.910004,80.980003,81.57,327800,81.57
2015-07-16,81.169998,82.139999,81.010002,81.550003,409200,81.550003
2015-07-15,80.959999,81.050003,79.709999,80.589996,503800,80.589996
2015-07-14,80.809998,81.510002,80.639999,81.449997,292100,81.449997
2015-07-13,80.75,81.769997,80.519997,81.150002,570500,81.150002
2015-07-10,80.809998,81.040001,80.00,80.660004,530700,80.660004
2015-07-09,79.970001,80.089996,79.300003,79.650002,478400,79.650002
2015-07-08,78.82,79.370003,78.629997,79.099998,267100,79.099998
2015-07-07,78.980003,79.599998,77.75,79.599998,382400,79.599998
2015-07-06,80.019997,80.470001,78.32,79.099998,460800,79.099998
2015-07-02,81.599998,82.050003,79.25,80.580002,573600,80.580002
2015-07-01,81.129997,81.879997,79.779999,81.440002,876600,81.440002
2015-06-30,78.00,82.279999,77.059998,81.029999,1887300,81.029999
2015-06-29,75.639999,76.760002,73.940002,74.139999,534100,74.139999
2015-06-26,78.290001,78.440002,76.169998,76.300003,871700,76.300003
2015-06-25,79.139999,79.360001,77.57,77.849998,411600,77.849998
2015-06-24,78.199997,80.790001,77.699997,78.989998,999900,78.989998
2015-06-23,76.190002,78.370003,75.75,78.150002,913600,78.150002
2015-06-22,75.599998,76.239998,75.540001,76.050003,432700,76.050003
2015-06-19,73.709999,75.970001,73.150002,75.529999,1618800,75.529999
2015-06-18,71.900002,72.50,71.809998,72.010002,318400,72.010002
2015-06-17,71.510002,72.019997,70.93,71.669998,369300,71.669998
2015-06-16,70.120003,71.959999,70.120003,71.510002,318700,71.510002
2015-06-15,69.360001,70.290001,69.010002,70.019997,338600,70.019997
2015-06-12,69.510002,70.440002,69.300003,69.889999,140900,69.889999
2015-06-11,69.800003,69.970001,69.470001,69.849998,205500,69.849998
2015-06-10,69.660004,70.589996,69.349998,69.790001,238600,69.790001
2015-06-09,69.860001,70.68,69.419998,69.440002,206400,69.440002
2015-06-08,69.910004,70.290001,69.529999,69.989998,284400,69.989998
2015-06-05,70.160004,70.190002,69.120003,69.860001,240800,69.860001
2015-06-04,70.720001,71.169998,69.940002,70.059998,226300,70.059998
2015-06-03,70.839996,71.470001,70.309998,71.120003,242000,71.120003
2015-06-02,70.839996,71.349998,70.260002,70.480003,260000,70.480003
2015-06-01,71.440002,72.040001,70.730003,71.190002,317600,71.190002
2015-05-29,71.029999,71.699997,70.150002,71.330002,582200,71.330002
2015-05-28,71.080002,71.129997,70.489998,70.709999,225800,70.709999
2015-05-27,70.360001,71.160004,70.230003,71.050003,304800,71.050003
2015-05-26,69.93,70.650002,69.790001,70.349998,424200,70.349998
2015-05-22,70.860001,70.970001,69.529999,70.050003,510400,70.050003
2015-05-21,72.190002,72.459999,70.290001,70.75,702700,70.75
2015-05-20,72.410004,72.660004,72.139999,72.190002,247200,72.190002
2015-05-19,72.400002,72.68,71.760002,72.190002,350300,72.190002
2015-05-18,71.910004,72.660004,71.910004,72.099998,315900,72.099998
2015-05-15,72.440002,72.879997,71.650002,71.989998,534800,71.989998
2015-05-14,72.639999,73.300003,71.910004,72.489998,619800,72.489998
2015-05-13,72.25,73.080002,72.00,72.470001,369000,72.470001
2015-05-12,72.599998,73.07,71.889999,72.290001,519700,72.290001
2015-05-11,73.169998,74.00,72.480003,72.720001,454000,72.720001
2015-05-08,71.650002,75.870003,71.650002,73.550003,1114700,73.550003
2015-05-07,74.389999,74.650002,70.110001,72.830002,2791500,72.830002
2015-05-06,81.949997,82.25,81.169998,82.089996,332900,82.089996
2015-05-05,82.550003,83.019997,80.900002,81.620003,252700,81.620003
2015-05-04,82.139999,83.290001,82.139999,82.470001,277800,82.470001
2015-05-01,81.349998,82.459999,81.239998,82.129997,269700,82.129997
2015-04-30,82.870003,83.550003,81.129997,81.260002,312100,81.260002
2015-04-29,84.860001,85.419998,83.279999,83.43,289500,83.43
2015-04-28,83.889999,85.699997,83.889999,84.940002,262100,84.940002
2015-04-27,85.489998,85.489998,83.269997,83.919998,278300,83.919998
2015-04-24,85.129997,85.589996,83.739998,85.059998,188600,85.059998
2015-04-23,84.599998,85.440002,84.32,84.870003,169700,84.870003
2015-04-22,84.809998,85.269997,83.779999,85.010002,275500,85.010002
2015-04-21,86.50,86.699997,84.510002,84.800003,441100,84.800003
2015-04-20,86.529999,87.709999,85.510002,86.330002,336700,86.330002
