Date,Open,High,Low,Close,Volume,Adj Close
2015-10-16,18.83,18.91,18.610001,18.870001,575600,18.870001
2015-10-15,19.129999,19.219999,18.200001,18.809999,1857800,18.809999
2015-10-14,19.40,19.559999,18.969999,19.110001,459800,19.110001
2015-10-13,19.49,19.929001,19.35,19.35,545400,19.35
2015-10-12,19.92,20.01,19.50,19.629999,431600,19.629999
2015-10-09,19.59,19.93,19.33,19.879999,711300,19.879999
2015-10-08,19.02,19.690001,18.98,19.59,658100,19.59
2015-10-07,19.10,19.290001,18.50,19.01,1069400,19.01
2015-10-06,18.860001,19.26,18.82,19.01,538400,19.01
2015-10-05,18.440001,18.940001,18.440001,18.90,796100,18.90
2015-10-02,17.98,18.209999,17.58,18.209999,928000,18.209999
2015-10-01,19.02,19.139999,17.75,18.23,986100,18.23
2015-09-30,18.82,19.17,18.690001,19.049999,1012200,19.049999
2015-09-29,18.280001,18.59,18.209999,18.549999,509500,18.549999
2015-09-28,18.379999,18.66,18.18,18.309999,545200,18.309999
2015-09-25,18.68,18.84,18.42,18.459999,444000,18.459999
2015-09-24,18.75,18.879999,18.299999,18.549999,626700,18.549999
2015-09-23,19.27,19.530001,18.77,18.799999,545300,18.799999
2015-09-22,19.280001,19.440001,19.09,19.190001,630300,19.190001
2015-09-21,19.790001,20.01,19.365,19.440001,675000,19.440001
2015-09-18,19.879999,20.219999,19.639999,19.690001,951900,19.690001
2015-09-17,19.85,20.379999,19.719999,20.08,656500,20.08
2015-09-16,19.950001,19.997999,19.76,19.91,418900,19.91
2015-09-15,19.58,19.950001,19.309999,19.889999,638800,19.889999
2015-09-14,19.469999,19.52,19.325001,19.42,456600,19.42
2015-09-11,19.040001,19.629999,18.98,19.40,973900,19.40
2015-09-10,19.120001,19.389999,18.940001,19.16,800100,19.16
2015-09-09,19.549999,19.59,18.905001,18.950001,580100,18.950001
2015-09-08,19.790001,19.790001,19.24,19.32,1061700,19.32
2015-09-04,19.51,19.65,19.215,19.299999,471100,19.299999
2015-09-03,20.01,20.389999,19.790001,19.799999,649100,19.799999
2015-09-02,19.98,20.02,19.620001,19.91,648800,19.91
2015-09-01,20.32,20.540001,19.68,19.790001,1469000,19.790001
2015-08-31,20.51,20.83,20.25,20.77,712900,20.77
2015-08-28,20.379999,20.75,20.360001,20.66,448200,20.66
2015-08-27,20.040001,20.43,19.879999,20.40,817000,20.40
2015-08-26,19.91,20.18,19.27,20.07,974100,19.879999
2015-08-25,20.030001,20.030001,19.139999,19.440001,978200,19.255964
2015-08-24,19.389999,20.26,19.01,19.50,1001200,19.315396
2015-08-21,20.530001,20.83,20.038,20.450001,914500,20.256403
2015-08-20,21.639999,21.68,20.825001,20.950001,888600,20.751669
2015-08-19,21.709999,22.120001,21.530001,22.02,711600,21.81154
2015-08-18,21.889999,21.950001,21.68,21.92,591200,21.712486
2015-08-17,21.540001,21.889999,21.48,21.879999,409900,21.672864
2015-08-14,21.450001,21.73,21.334999,21.690001,695300,21.484664
2015-08-13,21.67,21.76,21.389999,21.52,445900,21.316273
2015-08-12,21.68,21.959999,21.290001,21.620001,695700,21.415327
2015-08-11,21.790001,21.959999,21.620001,21.889999,749600,21.682769
2015-08-10,21.450001,21.982,21.40,21.959999,681000,21.752106
2015-08-07,21.059999,21.610001,21.02,21.33,622600,21.128071
2015-08-06,21.76,21.76,20.084999,21.110001,1787600,20.910155
2015-08-05,22.299999,22.450001,21.559999,21.620001,793000,21.415327
2015-08-04,22.76,23.27,21.99,22.43,1999400,22.217658
2015-08-03,22.370001,22.450001,21.690001,21.860001,1003800,21.653054
2015-07-31,22.33,22.51,22.219999,22.32,810300,22.108699
2015-07-30,22.16,22.332001,21.959999,22.23,376800,22.019551
2015-07-29,22.280001,22.42,22.16,22.27,414300,22.059173
2015-07-28,22.280001,22.469999,21.940001,22.27,752700,22.059173
2015-07-27,22.129999,22.26,21.889999,22.190001,449600,21.97993
2015-07-24,22.459999,22.610001,22.23,22.26,511900,22.049267
2015-07-23,22.99,23.004999,22.48,22.51,472300,22.296901
2015-07-22,22.66,23.110001,22.66,22.950001,567300,22.732736
2015-07-21,23.26,23.389999,22.709999,22.73,446900,22.514817
2015-07-20,23.549999,23.610001,23.26,23.309999,310000,23.089326
2015-07-17,23.889999,23.99,23.43,23.549999,510200,23.327054
2015-07-16,23.74,24.030001,23.690001,23.84,791600,23.61431
2015-07-15,23.58,23.68,23.360001,23.60,637600,23.376582
2015-07-14,23.360001,23.58,23.299999,23.51,585100,23.287434
2015-07-13,23.40,23.540001,23.299999,23.459999,739000,23.237906
2015-07-10,23.07,23.365,22.879999,23.24,1093800,23.019989
2015-07-09,22.809999,22.879999,22.540001,22.68,645700,22.465291
2015-07-08,22.91,23.02,22.40,22.530001,973800,22.316712
2015-07-07,22.92,23.08,22.51,22.99,920800,22.772356
2015-07-06,22.93,23.200001,22.73,22.780001,608300,22.564345
2015-07-02,23.459999,23.52,23.049999,23.16,462800,22.940747
2015-07-01,23.209999,23.33,23.105,23.25,749800,23.029895
2015-06-30,23.16,23.23,22.629999,23.01,1180200,22.792167
2015-06-29,23.83,23.950001,22.98,23.00,649200,22.782262
2015-06-26,23.74,24.26,23.66,24.049999,2618400,23.822321
2015-06-25,23.690001,23.799999,23.469999,23.629999,1199100,23.406297
2015-06-24,23.610001,23.700001,23.52,23.60,542000,23.376582
2015-06-23,23.67,23.809999,23.629999,23.67,562500,23.445919
2015-06-22,23.68,23.74,23.50,23.67,617300,23.445919
2015-06-19,23.610001,23.620001,23.379999,23.540001,1439200,23.31715
2015-06-18,23.610001,23.639999,23.440001,23.51,1197800,23.287434
2015-06-17,23.48,23.700001,23.41,23.49,825900,23.267623
2015-06-16,23.360001,23.379999,23.26,23.379999,1536300,23.158663
2015-06-15,23.27,23.450001,23.10,23.35,1071400,23.128949
2015-06-12,23.51,23.549999,23.379999,23.450001,868200,23.228002
2015-06-11,23.389999,23.575001,23.25,23.540001,2123500,23.31715
2015-06-10,23.48,23.50,23.33,23.35,1052800,23.128949
2015-06-09,23.50,23.639999,23.290001,23.360001,1438000,23.138854
2015-06-08,23.58,23.639999,23.395,23.50,1112700,23.277528
2015-06-05,23.700001,23.700001,23.35,23.620001,1286100,23.396393
2015-06-04,23.620001,23.690001,23.450001,23.530001,854900,23.307245
2015-06-03,22.98,23.629999,22.785,23.620001,1013300,23.396393
2015-06-02,22.629999,23.049999,22.379999,22.950001,1261400,22.732736
2015-06-01,22.60,22.77,22.25,22.57,639900,22.356332
2015-05-29,22.690001,22.83,22.309999,22.51,853100,22.296901
2015-05-28,22.33,22.809999,22.280001,22.74,585500,22.524723
2015-05-27,21.879999,22.42,21.780001,22.389999,1102200,22.178036
2015-05-26,22.25,22.34,21.549999,21.92,1280200,21.524285
2015-05-22,22.540001,22.57,22.25,22.33,376100,21.926883
2015-05-21,22.860001,22.92,22.155001,22.540001,656900,22.133093
2015-05-20,22.57,23.01,22.48,22.950001,1010800,22.535691
2015-05-19,22.33,22.66,22.23,22.48,861200,22.074175
2015-05-18,22.139999,22.370001,22.10,22.280001,928900,21.877787
2015-05-15,22.00,22.32,21.91,22.110001,2033900,21.710855
2015-05-14,21.98,22.110001,21.780001,21.90,996900,21.504646
2015-05-13,22.02,22.07,21.50,21.77,554600,21.376993
2015-05-12,22.200001,22.25,21.73,22.00,721600,21.602841
2015-05-11,22.60,22.799999,22.219999,22.23,673800,21.828688
2015-05-08,21.549999,22.690001,21.440001,22.620001,2565000,22.211649
2015-05-07,22.440001,22.440001,20.969999,21.34,2226500,20.954756
2015-05-06,21.549999,21.98,21.24,21.379999,2004500,20.994033
2015-05-05,22.07,22.24,21.33,21.41,1996500,21.023492
2015-05-04,22.50,22.75,22.139999,22.17,880500,21.769772
2015-05-01,22.90,22.98,22.34,22.48,1270100,22.074175
2015-04-30,22.83,23.07,22.690001,22.83,962000,22.417857
2015-04-29,22.969999,23.17,22.84,22.940001,631400,22.525872
2015-04-28,22.389999,23.02,22.25,23.00,546000,22.584788
2015-04-27,22.58,22.73,22.27,22.40,840600,21.995619
2015-04-24,22.879999,22.940001,22.43,22.559999,627400,22.152731
2015-04-23,22.549999,23.065001,22.48,22.91,429400,22.496413
2015-04-22,22.530001,22.73,22.389999,22.639999,409000,22.231286
2015-04-21,22.84,22.955999,22.52,22.57,406800,22.16255
2015-04-20,22.790001,22.809999,22.42,22.799999,591200,22.388398
