Date,Open,High,Low,Close,Volume,Adj Close
2015-10-16,72.080002,72.900002,71.739998,72.43,2672400,72.43
2015-10-15,71.860001,71.980003,70.540001,71.730003,3541600,71.730003
2015-10-14,72.830002,73.449997,71.410004,71.769997,2944200,71.769997
2015-10-13,73.410004,73.800003,72.529999,72.739998,2219300,72.739998
2015-10-12,73.00,73.940002,72.889999,73.580002,2435700,73.580002
2015-10-09,72.050003,72.910004,71.589996,72.779999,2363200,72.779999
2015-10-08,71.589996,72.739998,71.349998,72.230003,2381200,72.230003
2015-10-07,71.239998,72.00,70.839996,71.900002,3990200,71.900002
2015-10-06,71.830002,72.050003,70.449997,70.769997,2321100,70.769997
2015-10-05,71.790001,71.989998,70.330002,71.529999,3776000,71.529999
2015-10-02,69.940002,71.379997,69.290001,71.379997,2926400,71.379997
2015-10-01,71.419998,71.629997,69.879997,70.800003,3196500,70.800003
2015-09-30,70.099998,71.540001,69.620003,71.419998,4649400,71.419998
2015-09-29,69.00,69.610001,68.529999,69.480003,3617400,69.480003
2015-09-28,70.580002,70.93,69.00,69.089996,2334600,69.089996
2015-09-25,71.800003,71.900002,70.449997,70.959999,2598600,70.959999
2015-09-24,70.400002,71.540001,70.370003,71.230003,2043100,71.230003
2015-09-23,71.150002,71.580002,70.870003,71.160004,1746100,71.160004
2015-09-22,71.300003,71.449997,70.550003,71.220001,3135200,71.220001
2015-09-21,71.699997,72.300003,71.459999,71.970001,2016400,71.970001
2015-09-18,71.860001,72.260002,71.110001,71.360001,4842900,71.360001
2015-09-17,72.400002,73.489998,72.059998,72.540001,4695900,72.540001
2015-09-16,70.919998,71.660004,70.32,71.57,2861700,71.57
2015-09-15,71.260002,71.370003,70.529999,70.970001,3164200,70.970001
2015-09-14,71.75,71.959999,71.019997,71.209999,2025600,71.209999
2015-09-11,71.18,71.839996,70.830002,71.800003,2293700,71.800003
2015-09-10,70.830002,71.93,70.809998,71.489998,2320400,71.489998
2015-09-09,72.57,72.889999,70.879997,71.059998,2277500,71.059998
2015-09-08,71.900002,72.389999,70.949997,72.339996,2896600,72.339996
2015-09-04,70.529999,71.18,70.290001,70.760002,2218500,70.760002
2015-09-03,71.00,72.18,70.690002,71.440002,3027000,71.440002
2015-09-02,70.410004,70.860001,69.639999,70.839996,3047900,70.839996
2015-09-01,69.050003,70.309998,69.00,69.389999,3485900,69.389999
2015-08-31,70.610001,71.029999,70.040001,70.32,2724000,70.32
2015-08-28,71.07,71.699997,70.330002,70.720001,4476100,70.720001
2015-08-27,71.300003,71.629997,70.029999,71.440002,3357500,71.440002
2015-08-26,70.339996,70.860001,68.400002,70.809998,5118200,70.809998
2015-08-25,71.199997,71.309998,68.790001,68.849998,5187400,68.849998
2015-08-24,67.580002,71.720001,67.25,69.43,6820300,69.43
2015-08-21,73.510002,73.980003,71.470001,71.550003,5065300,71.550003
2015-08-20,74.139999,75.260002,74.00,74.330002,3681600,74.330002
2015-08-19,75.18,76.00,74.010002,74.870003,6846700,74.870003
2015-08-18,74.779999,76.93,74.75,76.779999,9608500,76.779999
2015-08-17,70.519997,71.839996,70.160004,71.610001,4440900,71.610001
2015-08-14,70.510002,70.709999,70.040001,70.599998,2436300,70.599998
2015-08-13,70.00,71.300003,69.610001,70.57,3481500,70.57
2015-08-12,69.639999,70.32,68.599998,70.07,2879300,70.07
2015-08-11,69.639999,70.199997,69.529999,69.970001,2009100,69.970001
2015-08-10,70.050003,70.519997,69.959999,70.169998,2026300,69.959997
2015-08-07,69.57,69.690002,68.889999,69.629997,1745700,69.421612
2015-08-06,70.080002,70.360001,68.940002,69.489998,2173500,69.282032
2015-08-05,69.940002,70.589996,69.889999,70.18,1286800,69.969969
2015-08-04,69.32,69.830002,69.230003,69.559998,1664600,69.351822
2015-08-03,70.00,70.279999,69.019997,69.360001,2798700,69.152424
2015-07-31,69.839996,69.980003,69.510002,69.82,2866700,69.611046
2015-07-30,69.349998,69.68,68.900002,69.620003,2940000,69.411648
2015-07-29,68.019997,69.550003,67.879997,69.459999,3820400,69.252123
2015-07-28,67.639999,67.989998,67.040001,67.860001,1685000,67.656913
2015-07-27,67.400002,67.629997,67.040001,67.339996,1796300,67.138465
2015-07-24,68.400002,68.410004,67.360001,67.440002,1932400,67.238171
2015-07-23,68.809998,68.849998,68.18,68.239998,1482300,68.035773
2015-07-22,68.57,69.160004,68.400002,68.610001,2049100,68.404668
2015-07-21,68.910004,69.230003,68.440002,68.529999,2177900,68.324906
2015-07-20,68.949997,69.220001,68.699997,69.099998,1688800,68.8932
2015-07-17,69.260002,69.300003,68.610001,68.739998,2001000,68.534276
2015-07-16,69.00,69.57,68.620003,69.370003,2109000,69.162396
2015-07-15,69.089996,69.120003,68.589996,68.720001,2394100,68.514339
2015-07-14,69.160004,69.300003,68.599998,69.129997,2033000,68.923109
2015-07-13,68.690002,69.190002,68.349998,69.160004,2295200,68.953025
2015-07-10,68.480003,68.480003,67.690002,68.129997,2345400,67.926101
2015-07-09,68.18,68.269997,67.669998,67.669998,2515900,67.467479
2015-07-08,67.760002,68.18,67.379997,67.389999,2159700,67.188318
2015-07-07,67.120003,68.300003,66.940002,68.220001,3088700,68.015836
2015-07-06,66.169998,67.379997,66.019997,66.910004,3428700,66.709759
2015-07-02,67.309998,67.760002,66.650002,66.800003,2148700,66.600087
2015-07-01,66.50,67.470001,66.220001,67.419998,2784900,67.218227
2015-06-30,66.730003,66.790001,65.900002,66.169998,3178800,65.971968
2015-06-29,67.470001,67.760002,66.010002,66.080002,3358000,65.882241
2015-06-26,67.330002,68.239998,67.330002,68.019997,2985400,67.81643
2015-06-25,67.709999,67.879997,67.260002,67.290001,2616400,67.088619
2015-06-24,67.660004,67.919998,67.559998,67.580002,2848200,67.377752
2015-06-23,66.75,67.57,66.559998,67.510002,2215400,67.307962
2015-06-22,67.019997,67.150002,66.470001,66.540001,1525600,66.340863
2015-06-19,66.889999,67.260002,66.559998,66.629997,3020400,66.43059
2015-06-18,65.949997,67.199997,65.709999,67.160004,3238600,66.959011
2015-06-17,65.50,65.93,65.209999,65.709999,1774600,65.513346
2015-06-16,65.00,65.50,64.830002,65.360001,1993400,65.164395
2015-06-15,64.860001,65.18,64.720001,65.07,2312100,64.875262
2015-06-12,65.410004,65.650002,65.160004,65.370003,1542700,65.174367
2015-06-11,65.849998,66.160004,65.449997,65.529999,2048900,65.333884
2015-06-10,65.059998,65.620003,64.900002,65.519997,2315400,65.323912
2015-06-09,65.230003,65.400002,64.519997,64.699997,2404000,64.506366
2015-06-08,65.410004,65.739998,65.239998,65.260002,1691200,65.064695
2015-06-05,65.550003,65.970001,65.330002,65.629997,2271400,65.433583
2015-06-04,64.650002,66.199997,64.650002,65.610001,2486700,65.413646
2015-06-03,65.209999,66.199997,64.93,66.019997,2582300,65.822415
2015-06-02,65.040001,65.50,64.690002,64.889999,2564300,64.6958
2015-06-01,64.379997,65.449997,64.300003,65.089996,3117500,64.895198
2015-05-29,65.980003,65.980003,64.379997,64.379997,6400000,64.187324
2015-05-28,66.510002,66.559998,65.889999,65.970001,1925300,65.77257
2015-05-27,66.449997,66.68,66.010002,66.50,2315400,66.300982
2015-05-26,66.910004,67.110001,65.980003,66.169998,3301500,65.971968
2015-05-22,67.660004,68.290001,67.129997,67.160004,2730000,66.959011
2015-05-21,68.220001,68.25,67.720001,67.870003,3180000,67.666885
2015-05-20,69.25,69.43,68.00,68.459999,4255800,68.255115
2015-05-19,69.919998,70.519997,69.099998,69.190002,6789200,68.982934
2015-05-18,66.129997,67.339996,66.129997,67.260002,3233600,67.05871
2015-05-15,65.779999,66.059998,65.349998,65.949997,2759200,65.752625
2015-05-14,66.160004,66.230003,65.230003,65.660004,3250700,65.4635
2015-05-13,66.540001,66.739998,65.629997,65.870003,2946200,65.67287
2015-05-12,66.480003,66.639999,65.830002,66.389999,2410100,66.191311
2015-05-11,67.360001,67.510002,66.709999,66.839996,2537500,66.430591
2015-05-08,66.589996,67.540001,66.559998,67.32,2967800,66.907654
2015-05-07,65.959999,66.300003,65.629997,66.190002,2531100,65.784579
2015-05-06,65.690002,65.889999,65.419998,65.839996,3489400,65.436716
2015-05-05,65.220001,65.790001,65.150002,65.629997,3414300,65.228004
2015-05-04,65.599998,65.879997,65.449997,65.540001,3466300,65.138558
2015-05-01,64.849998,65.669998,64.620003,65.550003,4184700,65.148499
2015-04-30,63.970001,65.080002,63.91,64.540001,4164800,64.144684
2015-04-29,64.779999,64.809998,63.66,64.230003,3316700,63.836585
2015-04-28,65.459999,65.459999,64.559998,64.919998,2832800,64.522353
2015-04-27,66.260002,66.360001,65.279999,65.309998,3167200,64.909964
2015-04-24,66.360001,66.489998,66.07,66.290001,2327600,65.883965
2015-04-23,66.300003,66.599998,66.080002,66.330002,2517400,65.92372
2015-04-22,66.25,66.599998,65.790001,66.410004,3325600,66.003232
2015-04-21,66.150002,66.610001,66.07,66.290001,3332200,65.883965
2015-04-20,65.25,66.269997,65.110001,65.970001,6323400,65.565925
