Date,Open,High,Low,Close,Volume,Adj Close
2015-10-15,29.799999,30.33,29.51,30.33,664500,30.33
2015-10-14,29.84,30.15,29.51,29.90,764600,29.90
2015-10-13,30.09,30.629999,29.77,29.879999,958700,29.879999
2015-10-12,31.049999,31.07,30.33,30.389999,547500,30.389999
2015-10-09,31.120001,31.48,30.780001,30.99,1122200,30.99
2015-10-08,29.790001,31.129999,29.790001,31.00,1068700,31.00
2015-10-07,29.93,30.709999,29.639999,29.84,1087200,29.84
2015-10-06,29.60,30.049999,29.58,29.77,794600,29.77
2015-10-05,28.440001,29.68,28.440001,29.52,856000,29.52
2015-10-02,27.09,28.24,26.84,28.219999,1089000,28.219999
2015-10-01,27.540001,27.809999,27.15,27.459999,883700,27.459999
2015-09-30,27.110001,27.52,26.950001,27.49,1120900,27.49
2015-09-29,26.52,26.98,26.33,26.92,1326800,26.92
2015-09-28,26.90,27.00,26.309999,26.459999,2277000,26.459999
2015-09-25,27.49,27.559999,27.059999,27.10,798500,27.10
2015-09-24,27.809999,27.860001,27.219999,27.309999,1637300,27.309999
2015-09-23,28.48,28.65,28.07,28.10,877000,28.10
2015-09-22,28.540001,28.90,28.26,28.48,773400,28.48
2015-09-21,29.190001,29.57,28.870001,28.91,881800,28.91
2015-09-18,29.50,29.57,28.90,29.02,1573900,29.02
2015-09-17,29.90,30.110001,29.690001,29.889999,1243400,29.889999
2015-09-16,29.91,30.25,29.76,30.07,804200,30.07
2015-09-15,29.280001,29.870001,29.16,29.75,665600,29.75
2015-09-14,30.24,30.24,29.16,29.17,1046500,29.17
2015-09-11,30.17,30.43,30.049999,30.389999,264200,30.389999
2015-09-10,30.48,30.700001,30.200001,30.360001,469100,30.360001
2015-09-09,31.309999,31.469999,30.450001,30.51,618800,30.51
2015-09-08,30.809999,31.110001,30.65,31.059999,430300,31.059999
2015-09-04,30.57,30.809999,30.309999,30.32,773600,30.32
2015-09-03,30.66,31.24,30.57,30.879999,545900,30.879999
2015-09-02,30.780001,30.870001,30.33,30.700001,518600,30.700001
2015-09-01,31.049999,31.440001,30.33,30.440001,733100,30.440001
2015-08-31,31.209999,31.90,31.139999,31.75,708600,31.75
2015-08-28,30.68,31.41,30.68,31.35,599800,31.35
2015-08-27,30.370001,30.889999,30.110001,30.76,1394500,30.76
2015-08-26,29.98,30.059999,29.309999,29.969999,930400,29.969999
2015-08-25,30.799999,30.879999,29.360001,29.40,1072400,29.40
2015-08-24,29.68,31.209999,28.42,29.969999,1253600,29.969999
2015-08-21,31.719999,31.84,31.219999,31.219999,781100,31.219999
2015-08-20,32.369999,32.57,31.98,31.99,832700,31.99
2015-08-19,32.810001,33.07,32.290001,32.779999,680000,32.519999
2015-08-18,33.169998,33.299999,32.849998,32.959999,610700,32.698572
2015-08-17,32.740002,33.240002,32.540001,33.209999,435600,32.946589
2015-08-14,32.799999,33.110001,32.73,32.959999,349800,32.698572
2015-08-13,32.740002,32.93,32.669998,32.77,381900,32.51008
2015-08-12,32.459999,32.970001,32.189999,32.950001,589600,32.688653
2015-08-11,33.130001,33.259998,32.740002,32.779999,477500,32.519999
2015-08-10,33.049999,33.700001,32.880001,33.610001,731800,33.343418
2015-08-07,32.860001,33.279999,32.630001,32.709999,502600,32.450555
2015-08-06,32.950001,33.310001,32.84,32.950001,629200,32.688653
2015-08-05,33.029999,33.369999,32.82,32.950001,809700,32.688653
2015-08-04,32.630001,33.16,32.50,32.740002,847900,32.480319
2015-08-03,33.380001,33.439999,32.490002,32.619999,843100,32.361269
2015-07-31,33.389999,33.59,33.009998,33.380001,1056500,33.115243
2015-07-30,31.059999,33.549999,31.059999,33.490002,1134100,33.224371
2015-07-29,31.98,33.279999,31.959999,33.049999,1464300,32.787858
2015-07-28,31.65,31.98,31.40,31.98,1086300,31.726345
2015-07-27,31.450001,31.780001,31.360001,31.540001,619400,31.289837
2015-07-24,32.689999,32.689999,31.73,31.879999,694100,31.627138
2015-07-23,33.119999,33.32,32.610001,32.66,680200,32.400952
2015-07-22,33.73,33.790001,33.18,33.220001,513500,32.956512
2015-07-21,34.060001,34.349998,33.709999,33.869999,587800,33.601354
2015-07-20,34.299999,34.41,34.049999,34.130001,477400,33.859294
2015-07-17,34.75,34.900002,34.299999,34.32,457700,34.047785
2015-07-16,35.049999,35.169998,34.669998,34.830002,575500,34.553742
2015-07-15,35.110001,35.110001,34.41,34.75,1153200,34.474375
2015-07-14,35.220001,35.540001,35.099998,35.360001,679500,35.079537
2015-07-13,35.07,35.380001,34.919998,35.34,697700,35.059696
2015-07-10,35.080002,35.130001,34.77,34.830002,630100,34.553742
2015-07-09,35.799999,35.889999,34.740002,34.740002,1049000,34.464456
2015-07-08,35.700001,35.810001,35.25,35.360001,884400,35.079537
2015-07-07,35.650002,36.00,35.310001,35.98,721000,35.694619
2015-07-06,35.919998,36.049999,35.470001,35.650002,416200,35.367238
2015-07-02,36.700001,36.82,36.060001,36.240002,385200,35.952559
2015-07-01,36.799999,36.950001,36.450001,36.650002,552100,36.359307
2015-06-30,36.889999,36.93,36.349998,36.57,748900,36.279939
2015-06-29,37.00,37.00,36.240002,36.299999,707600,36.01208
2015-06-26,37.029999,37.490002,36.970001,37.310001,857600,37.014072
2015-06-25,37.509998,37.580002,36.889999,36.98,503900,36.686687
2015-06-24,37.68,37.700001,37.470001,37.50,423900,37.202563
2015-06-23,37.82,37.93,37.549999,37.689999,859600,37.391055
2015-06-22,38.18,38.18,37.849998,37.970001,456300,37.668836
2015-06-19,38.330002,38.43,37.779999,37.779999,1177800,37.480341
2015-06-18,38.610001,38.73,38.310001,38.349998,543600,38.04582
2015-06-17,38.549999,38.740002,38.259998,38.529999,787300,38.224392
2015-06-16,38.580002,38.709999,38.23,38.48,600600,38.17479
2015-06-15,38.68,38.790001,38.470001,38.650002,838300,38.343443
2015-06-12,39.040001,39.150002,38.77,38.93,384600,38.621221
2015-06-11,39.299999,39.43,39.060001,39.200001,426000,38.88908
2015-06-10,39.139999,39.43,38.889999,39.27,471900,38.958525
2015-06-09,38.990002,39.189999,38.77,38.82,579000,38.512093
2015-06-08,39.07,39.099998,38.889999,38.900002,437100,38.59146
2015-06-05,38.98,39.110001,38.779999,39.099998,423300,38.789871
2015-06-04,39.389999,39.450001,38.82,39.049999,473800,38.740268
2015-06-03,39.77,40.040001,39.380001,39.610001,725100,39.295828
2015-06-02,39.240002,39.880001,38.990002,39.599998,600800,39.285905
2015-06-01,39.279999,39.439999,38.810001,39.299999,518200,38.988285
2015-05-29,39.799999,39.799999,39.07,39.099998,1111500,38.789871
2015-05-28,40.41,40.490002,39.529999,39.93,624200,39.61329
2015-05-27,40.32,40.639999,40.040001,40.540001,894000,40.218452
2015-05-26,40.34,40.59,39.93,40.169998,605900,39.851384
2015-05-22,40.619999,40.849998,40.450001,40.57,442900,40.248213
2015-05-21,40.540001,40.860001,40.450001,40.619999,704400,40.297815
2015-05-20,40.66,40.830002,40.490002,40.580002,598700,40.258135
2015-05-19,40.759998,40.889999,39.990002,40.549999,689400,40.228371
2015-05-18,40.48,40.889999,40.290001,40.860001,697600,40.535913
2015-05-15,40.709999,40.860001,40.169998,40.610001,481000,40.287896
2015-05-14,40.50,40.869999,40.389999,40.77,934800,40.446627
2015-05-13,40.470001,40.66,40.23,40.490002,1195500,39.910911
2015-05-12,40.32,40.470001,40.060001,40.209999,598700,39.634913
2015-05-11,40.09,40.50,39.860001,40.380001,732100,39.802483
2015-05-08,39.82,40.209999,39.779999,39.82,465200,39.250491
2015-05-07,39.57,39.91,39.380001,39.41,1017600,38.846355
2015-05-06,39.400002,39.709999,39.400002,39.619999,784700,39.053351
2015-05-05,39.849998,40.290001,39.099998,39.259998,799100,38.698499
2015-05-04,39.439999,40.009998,39.240002,39.790001,880100,39.220921
2015-05-01,39.00,40.00,39.00,39.360001,1416500,38.797071
2015-04-30,39.400002,40.509998,38.990002,39.290001,2380700,38.728072
2015-04-29,40.599998,41.23,40.369999,40.919998,1152500,40.334757
2015-04-28,40.360001,40.919998,40.200001,40.889999,744400,40.305188
2015-04-27,40.23,40.720001,40.200001,40.540001,832800,39.960195
2015-04-24,40.400002,40.450001,39.98,40.169998,723300,39.595484
2015-04-23,40.169998,40.59,40.029999,40.369999,922600,39.792624
2015-04-22,40.110001,40.419998,39.950001,40.279999,1030300,39.703911
2015-04-21,40.720001,40.810001,40.00,40.080002,1304500,39.506775
2015-04-20,40.540001,40.98,40.540001,40.599998,737400,40.019334
