Date,Open,High,Low,Close,Volume,Adj Close
2015-10-09,10.60,11.12,10.542,10.78,3002000,10.78
2015-10-08,10.60,12.085,10.45,10.68,4345700,10.68
2015-10-07,10.25,10.93,10.226,10.48,2324800,10.48
2015-10-06,10.46,10.655,10.12,10.15,1556700,10.15
2015-10-05,10.43,10.635,10.30,10.56,1565400,10.56
2015-10-02,9.94,10.25,9.71,10.25,1134600,10.25
2015-10-01,10.08,10.25,10.02,10.06,1667400,10.06
2015-09-30,9.98,10.25,9.87,10.10,1531000,10.10
2015-09-29,10.12,10.30,9.83,9.88,1045600,9.88
2015-09-28,10.64,10.64,10.02,10.07,1161200,10.07
2015-09-25,10.28,10.57,10.11,10.19,1724600,10.19
2015-09-24,10.50,10.62,9.98,10.19,1788900,10.19
2015-09-23,10.86,10.97,10.44,10.62,1262400,10.62
2015-09-22,11.87,11.93,10.64,10.78,2458100,10.78
2015-09-21,12.40,12.59,11.92,11.97,1951800,11.97
2015-09-18,13.04,13.05,12.13,12.25,4289900,12.25
2015-09-17,12.87,13.235,12.85,13.19,1051100,13.19
2015-09-16,12.75,12.935,12.67,12.91,1095200,12.91
2015-09-15,12.77,12.87,12.63,12.75,1077600,12.75
2015-09-14,12.77,12.78,12.10,12.64,2176200,12.64
2015-09-11,13.63,13.63,12.73,12.77,2181400,12.77
2015-09-10,13.69,13.88,13.61,13.75,1014600,13.75
2015-09-09,13.81,13.97,13.59,13.61,845100,13.61
2015-09-08,13.34,13.90,13.34,13.75,1046500,13.75
2015-09-04,13.64,13.83,13.317,13.54,1354700,13.54
2015-09-03,13.61,14.03,13.50,13.83,1191400,13.83
2015-09-02,13.72,13.73,13.17,13.63,1233900,13.63
2015-09-01,13.94,14.23,13.45,13.58,1557500,13.58
2015-08-31,14.71,14.71,13.93,14.25,1030300,14.25
2015-08-28,14.07,14.77,13.98,14.73,1625100,14.73
2015-08-27,14.01,14.19,13.79,14.06,1856100,14.06
2015-08-26,14.16,14.16,13.54,13.97,740600,13.97
2015-08-25,14.89,14.89,13.86,13.91,825700,13.91
2015-08-24,13.58,15.02,13.22,14.46,1961000,14.46
2015-08-21,14.01,15.35,14.00,15.17,1074200,15.17
2015-08-20,15.85,16.09,15.38,15.41,1073000,15.41
2015-08-19,15.60,16.110001,15.37,15.99,1074500,15.99
2015-08-18,15.73,15.89,15.40,15.79,608700,15.79
2015-08-17,15.87,16.219999,15.65,15.91,764000,15.91
2015-08-14,15.26,15.96,15.26,15.95,1021700,15.95
2015-08-13,15.06,15.69,14.91,15.57,1633900,15.57
2015-08-12,14.47,15.12,14.21,15.10,1341500,15.10
2015-08-11,14.70,15.192,14.23,14.52,1922900,14.52
2015-08-10,14.43,14.64,14.14,14.60,1614500,14.60
2015-08-07,15.13,15.13,14.38,14.48,1199200,14.48
2015-08-06,15.31,15.31,14.78,14.97,1168300,14.97
2015-08-05,15.00,15.55,14.97,15.33,1145100,15.33
2015-08-04,15.52,15.85,15.15,15.27,1404800,15.27
2015-08-03,15.69,15.865,15.43,15.48,756700,15.48
2015-07-31,15.79,16.10,15.67,15.73,1006800,15.73
2015-07-30,15.13,15.87,15.10,15.77,787900,15.77
2015-07-29,15.19,15.80,13.048,15.41,1811800,15.41
2015-07-28,14.90,15.40,14.61,15.36,3214600,15.36
2015-07-27,15.11,15.155,14.45,14.72,2060300,14.72
2015-07-24,15.91,15.93,15.16,15.25,1501700,15.25
2015-07-23,16.60,16.60,15.95,15.99,2392000,15.99
2015-07-22,16.85,17.139999,16.799999,16.82,848300,16.82
2015-07-21,17.17,17.40,16.299999,16.950001,1885800,16.950001
2015-07-20,17.559999,17.75,17.120001,17.309999,2166200,17.309999
2015-07-17,17.49,17.610001,17.129999,17.51,873000,17.51
2015-07-16,17.68,17.75,17.219999,17.49,763200,17.49
2015-07-15,17.59,17.82,17.299999,17.370001,800600,17.370001
2015-07-14,17.41,18.02,17.40,17.719999,1632800,17.719999
2015-07-13,17.200001,17.690001,17.15,17.58,1201400,17.58
2015-07-10,17.10,17.35,16.85,17.26,2947600,17.26
2015-07-09,17.15,17.360001,16.92,17.040001,2596400,17.040001
2015-07-08,16.870001,17.27,16.860001,17.01,2424600,17.01
2015-07-07,17.33,17.48,16.799999,17.24,1822900,17.24
2015-07-06,16.92,17.559999,16.91,17.309999,2814600,17.309999
2015-07-02,17.25,17.459999,16.90,16.950001,958600,16.950001
2015-07-01,17.290001,17.66,17.16,17.219999,2185500,17.219999
2015-06-30,17.58,17.68,16.870001,17.16,2803300,17.16
2015-06-29,17.50,18.50,17.00,17.40,2981500,17.40
2015-06-26,18.76,19.059999,17.860001,18.110001,8041800,18.110001
2015-06-25,19.48,19.719999,18.77,18.799999,1384900,18.799999
2015-06-24,19.709999,20.040001,19.49,19.52,2774300,19.52
2015-06-23,19.50,19.799999,19.48,19.75,1327200,19.75
2015-06-22,19.59,20.25,19.530001,19.799999,2286700,19.799999
2015-06-19,19.629999,20.030001,19.49,19.59,2865100,19.59
2015-06-18,18.790001,19.93,18.77,19.620001,2818900,19.620001
2015-06-17,19.469999,19.50,19.00,19.030001,1913800,19.030001
2015-06-16,18.620001,19.450001,18.620001,19.200001,3932900,19.200001
2015-06-15,18.01,18.709999,17.950001,18.59,2817900,18.59
2015-06-12,18.360001,18.51,17.959999,18.129999,3705900,18.129999
2015-06-11,19.08,19.135,18.549999,18.639999,4429300,18.639999
2015-06-10,19.370001,19.410999,18.83,19.09,7954600,19.09
2015-06-09,18.799999,18.889999,18.209999,18.52,5815100,18.52
2015-06-08,19.00,19.16,18.799999,19.00,2864800,19.00
2015-06-05,19.139999,19.719999,18.83,19.25,3518100,19.25
2015-06-04,18.60,19.389999,18.549999,19.299999,5364800,19.299999
2015-06-03,18.90,19.58,18.530001,19.07,7753500,19.07
2015-06-02,18.74,18.905001,18.10,18.76,10027600,18.76
2015-06-01,20.09,20.50,19.559999,20.059999,11727400,20.059999
2015-05-29,19.780001,20.99,19.780001,20.32,663600,20.32
2015-05-28,20.33,20.75,19.959999,20.00,366200,20.00
2015-05-27,20.450001,20.90,20.309999,20.43,640700,20.43
2015-05-26,21.370001,22.01,20.16,20.440001,561900,20.440001
2015-05-22,21.799999,22.389999,21.10,21.23,287700,21.23
2015-05-21,24.90,24.90,22.00,22.299999,596200,22.299999
2015-05-20,23.50,24.440001,23.00,23.48,990100,23.48
2015-05-19,20.90,24.049999,20.50,22.75,1061700,22.75
2015-05-18,27.00,27.00,19.85,20.75,793600,20.75
