Date,Open,High,Low,Close,Volume,Adj Close
2015-10-15,57.099998,57.540001,56.50,57.540001,754300,57.540001
2015-10-14,57.360001,58.459999,56.650002,56.689999,759800,56.689999
2015-10-13,57.82,58.060001,57.349998,57.41,383800,57.41
2015-10-12,57.900002,58.130001,57.799999,58.049999,364400,58.049999
2015-10-09,57.939999,58.189999,57.630001,57.900002,500000,57.900002
2015-10-08,57.50,58.040001,57.43,57.900002,651100,57.900002
2015-10-07,57.360001,57.790001,57.07,57.639999,585500,57.639999
2015-10-06,57.169998,57.490002,56.860001,57.049999,734200,57.049999
2015-10-05,56.830002,57.50,56.68,57.279999,665200,57.279999
2015-10-02,55.009998,56.509998,55.009998,56.509998,919000,56.509998
2015-10-01,56.50,56.68,55.91,56.400002,899700,56.400002
2015-09-30,57.150002,57.330002,56.189999,56.400002,1137400,56.400002
2015-09-29,56.419998,56.790001,56.139999,56.669998,615000,56.534998
2015-09-28,57.009998,57.080002,56.139999,56.240002,527500,56.106026
2015-09-25,57.490002,57.790001,57.110001,57.389999,602700,57.253284
2015-09-24,56.66,57.00,56.27,56.849998,517700,56.714569
2015-09-23,56.77,57.150002,56.619999,56.889999,529800,56.754475
2015-09-22,56.77,56.990002,56.41,56.740002,479000,56.604835
2015-09-21,56.900002,57.700001,56.830002,57.509998,743900,57.372997
2015-09-18,57.009998,57.259998,56.419998,56.66,2821000,56.525023
2015-09-17,58.580002,58.779999,57.650002,57.75,749100,57.612427
2015-09-16,58.240002,58.669998,58.119999,58.560001,586300,58.420499
2015-09-15,57.41,58.32,57.41,58.25,563700,58.111236
2015-09-14,57.650002,57.650002,57.209999,57.349998,407400,57.213378
2015-09-11,56.950001,57.639999,56.709999,57.619999,443400,57.482735
2015-09-10,56.889999,57.630001,56.759998,57.200001,660500,57.063738
2015-09-09,58.459999,58.669998,57.009998,57.130001,641200,56.993905
2015-09-08,57.849998,57.900002,57.02,57.790001,991500,57.652332
2015-09-04,56.98,57.389999,56.599998,56.900002,853300,56.764453
2015-09-03,57.57,58.200001,57.25,57.68,354800,57.542594
2015-09-02,57.299999,57.450001,56.68,57.43,477000,57.293189
2015-09-01,57.310001,57.810001,56.459999,56.669998,734800,56.534998
2015-08-31,58.59,58.849998,58.310001,58.459999,773400,58.320735
2015-08-28,58.580002,59.700001,58.43,58.919998,801100,58.779638
2015-08-27,58.369999,59.220001,57.849998,58.82,1021600,58.679878
2015-08-26,57.00,57.790001,56.380001,57.549999,1191500,57.412903
2015-08-25,57.689999,57.799999,55.59,55.619999,1359700,55.4875
2015-08-24,56.389999,58.23,55.990002,56.43,1800400,56.295572
2015-08-21,60.610001,60.77,59.34,59.349998,906200,59.208614
2015-08-20,62.16,62.189999,61.119999,61.130001,638500,60.984376
2015-08-19,62.369999,62.740002,61.849998,62.52,543700,62.371064
2015-08-18,62.700001,62.880001,62.450001,62.630001,480100,62.480803
2015-08-17,62.209999,62.709999,61.580002,62.709999,482500,62.56061
2015-08-14,62.200001,62.73,62.099998,62.50,614600,62.351111
2015-08-13,61.98,62.720001,60.959999,62.200001,1090600,62.051827
2015-08-12,62.41,62.610001,61.540001,62.470001,460000,62.321184
2015-08-11,62.740002,63.259998,62.66,62.860001,526200,62.710254
2015-08-10,62.419998,63.209999,62.419998,63.119999,573700,62.969633
2015-08-07,62.029999,62.360001,61.450001,61.970001,713100,61.822375
2015-08-06,62.740002,62.869999,61.869999,62.18,537500,62.031874
2015-08-05,62.66,62.950001,62.439999,62.689999,477100,62.540657
2015-08-04,62.400002,62.630001,62.189999,62.34,500900,62.191493
2015-08-03,61.709999,62.459999,61.560001,62.32,754000,62.17154
2015-07-31,61.799999,62.18,61.029999,61.610001,803700,61.463232
2015-07-30,61.41,61.98,61.02,61.790001,758800,61.642804
2015-07-29,59.869999,61.580002,59.709999,61.470001,946000,61.323566
2015-07-28,59.540001,60.18,55.619999,59.869999,1226800,59.727375
2015-07-27,61.720001,61.919998,60.970001,61.209999,731400,61.064183
2015-07-24,60.73,62.66,60.299999,62.16,1644000,62.011921
2015-07-23,60.560001,60.740002,59.91,60.040001,475300,59.896972
2015-07-22,60.330002,60.700001,60.330002,60.52,399800,60.375829
2015-07-21,60.43,60.84,60.16,60.330002,455600,60.186283
2015-07-20,60.41,60.540001,60.18,60.380001,451300,60.236163
2015-07-17,60.830002,61.009998,60.25,60.32,578100,60.176304
2015-07-16,60.669998,60.950001,60.41,60.93,536800,60.784852
2015-07-15,59.540001,60.279999,59.279999,60.200001,693500,60.056591
2015-07-14,58.990002,59.459999,58.93,59.439999,404700,59.2984
2015-07-13,59.150002,59.330002,58.860001,59.130001,642700,58.98914
2015-07-10,58.23,58.880001,58.060001,58.75,539300,58.610045
2015-07-09,58.189999,58.23,57.709999,57.77,472100,57.63238
2015-07-08,58.139999,58.380001,57.419998,57.529999,607600,57.39295
2015-07-07,58.450001,58.77,57.830002,58.75,548400,58.610045
2015-07-06,58.189999,58.720001,58.009998,58.57,652000,58.430473
2015-07-02,58.900002,59.189999,58.490002,58.82,558700,58.679878
2015-07-01,59.099998,59.389999,58.700001,58.91,625500,58.769663
2015-06-30,58.490002,58.50,57.849998,58.220001,932600,58.081308
2015-06-29,58.220001,58.75,57.810001,57.830002,738100,57.557559
2015-06-26,58.919998,59.169998,58.740002,59.150002,852800,58.87134
2015-06-25,58.970001,59.060001,58.580002,58.689999,479200,58.413505
2015-06-24,58.91,59.16,58.68,58.709999,385100,58.433411
2015-06-23,59.18,59.34,58.82,59.060001,692400,58.781764
2015-06-22,59.169998,59.220001,58.82,59.029999,575900,58.751903
2015-06-19,58.709999,58.889999,58.529999,58.709999,1259600,58.433411
2015-06-18,58.549999,59.00,58.43,58.939999,566600,58.662327
2015-06-17,58.509998,58.740002,58.349998,58.43,595600,58.154731
2015-06-16,57.860001,58.459999,57.849998,58.27,430200,57.995485
2015-06-15,57.66,58.16,57.529999,57.91,977700,57.637181
2015-06-12,58.330002,58.360001,57.93,58.189999,991600,57.91586
2015-06-11,58.080002,58.419998,57.900002,58.34,1873300,58.065155
2015-06-10,57.860001,58.400002,57.560001,58.00,919100,57.726757
2015-06-09,57.240002,57.689999,57.139999,57.540001,663900,57.268925
2015-06-08,57.439999,57.799999,57.27,57.27,602800,57.000196
2015-06-05,57.650002,57.990002,57.240002,57.52,686400,57.249018
2015-06-04,57.290001,57.529999,57.110001,57.27,533400,57.000196
2015-06-03,57.57,57.82,57.349998,57.59,800700,57.318688
2015-06-02,56.900002,57.41,56.779999,57.220001,515200,56.950433
2015-06-01,57.34,57.34,56.830002,56.939999,427000,56.671749
2015-05-29,57.43,57.43,56.77,57.07,559300,56.801138
2015-05-28,57.34,57.439999,57.080002,57.439999,372600,57.169394
2015-05-27,56.98,57.490002,56.900002,57.369999,368400,57.099724
2015-05-26,57.580002,57.740002,56.91,56.990002,466100,56.721517
2015-05-22,57.779999,58.16,57.650002,57.68,516500,57.408265
2015-05-21,57.82,58.099998,57.689999,57.869999,615100,57.597368
2015-05-20,57.68,58.029999,57.290001,57.939999,700700,57.667038
2015-05-19,57.130001,57.720001,56.990002,57.66,815800,57.388358
2015-05-18,56.509998,57.060001,56.41,56.950001,979300,56.681704
2015-05-15,56.790001,56.939999,56.389999,56.450001,785700,56.18406
2015-05-14,56.849998,56.939999,56.549999,56.75,887900,56.482646
2015-05-13,56.75,56.93,56.57,56.599998,793800,56.333351
2015-05-12,57.02,57.16,56.580002,56.669998,968000,56.403021
2015-05-11,57.220001,57.490002,57.169998,57.18,497900,56.91062
2015-05-08,57.310001,57.439999,57.09,57.200001,537000,56.930526
2015-05-07,56.810001,57.290001,56.529999,56.98,471100,56.711562
2015-05-06,56.84,57.099998,56.48,56.84,634100,56.572222
2015-05-05,56.68,57.00,56.41,56.580002,590100,56.313448
2015-05-04,56.43,56.900002,56.27,56.799999,450900,56.532409
2015-05-01,56.43,56.75,55.889999,56.380001,781000,56.11439
2015-04-30,56.240002,56.830002,56.049999,56.110001,785600,55.845661
2015-04-29,55.970001,56.799999,55.93,56.509998,550400,56.243775
2015-04-28,55.77,56.310001,55.619999,56.27,375700,56.004907
2015-04-27,56.209999,56.50,55.77,55.869999,658400,55.60679
2015-04-24,56.220001,56.330002,55.84,56.09,536900,55.825755
2015-04-23,56.220001,56.57,55.700001,56.200001,861800,55.935237
2015-04-22,56.189999,56.419998,55.73,56.380001,806000,56.11439
2015-04-21,55.50,56.59,55.50,56.099998,752700,55.835706
2015-04-20,56.82,56.880001,56.490002,56.66,521900,56.393069
