Date,Open,High,Low,Close,Volume,Adj Close
2015-10-09,36.950001,37.259998,36.630001,36.869999,2169400,36.869999
2015-10-08,36.459999,37.02,36.369999,36.889999,1956400,36.889999
2015-10-07,35.84,36.580002,35.639999,36.57,2741600,36.57
2015-10-06,36.02,36.290001,35.490002,35.580002,2206200,35.580002
2015-10-05,35.450001,36.259998,35.349998,36.169998,2778200,36.169998
2015-10-02,33.91,34.849998,33.470001,34.849998,2262100,34.849998
2015-10-01,34.25,34.619999,33.84,34.360001,2263100,34.360001
2015-09-30,34.459999,34.68,33.75,34.240002,2843300,34.240002
2015-09-29,34.59,34.84,33.709999,34.02,2847500,34.02
2015-09-28,35.959999,36.040001,33.959999,34.43,2563100,34.43
2015-09-25,36.169998,36.689999,35.84,36.049999,2056400,36.049999
2015-09-24,35.189999,35.73,34.98,35.619999,3387600,35.619999
2015-09-23,35.75,36.279999,35.470001,35.610001,2200600,35.610001
2015-09-22,35.939999,36.09,35.07,35.580002,3089500,35.580002
2015-09-21,36.919998,37.490002,36.189999,36.400002,2415800,36.400002
2015-09-18,37.25,37.549999,36.529999,36.639999,4639600,36.639999
2015-09-17,37.389999,38.450001,37.209999,37.75,3046300,37.75
2015-09-16,37.209999,37.439999,36.790001,37.349998,2288700,37.349998
2015-09-15,37.349998,37.459999,37.00,37.380001,1413100,37.380001
2015-09-14,37.540001,37.68,37.00,37.23,1600900,37.23
2015-09-11,37.330002,37.619999,37.009998,37.540001,2239200,37.540001
2015-09-10,36.790001,37.099998,36.029999,36.98,2308800,36.98
2015-09-09,38.240002,38.349998,37.259998,37.34,1764000,37.34
2015-09-08,37.299999,37.950001,37.16,37.919998,1323800,37.919998
2015-09-04,37.130001,37.32,36.57,36.77,1656100,36.77
2015-09-03,37.450001,37.939999,37.32,37.599998,1564800,37.599998
2015-09-02,36.450001,37.240002,35.970001,37.200001,2692800,37.200001
2015-09-01,36.02,36.720001,35.860001,36.07,1889900,36.07
2015-08-31,36.529999,37.32,36.279999,36.970001,2778000,36.970001
2015-08-28,36.919998,37.09,36.27,36.639999,2863000,36.639999
2015-08-27,36.52,37.16,35.720001,36.919998,4075600,36.919998
2015-08-26,35.91,36.200001,34.490002,35.98,8149200,35.98
2015-08-25,38.549999,38.549999,34.93,35.080002,10569600,35.080002
2015-08-24,37.93,39.25,36.380001,38.060001,5358900,38.060001
2015-08-21,40.349998,40.48,39.57,39.950001,2367400,39.950001
2015-08-20,41.27,41.59,40.700001,40.75,1738000,40.75
2015-08-19,41.720001,42.189999,41.349998,41.68,2984400,41.68
2015-08-18,41.16,42.09,41.00,41.880001,3752700,41.880001
2015-08-17,39.709999,40.830002,39.580002,40.75,2198400,40.75
2015-08-14,39.98,40.00,39.279999,39.84,1396500,39.84
2015-08-13,39.25,40.380001,39.099998,40.040001,2343800,40.040001
2015-08-12,39.02,39.27,38.32,39.220001,2271400,39.220001
2015-08-11,38.400002,38.900002,38.119999,38.810001,1974000,38.810001
2015-08-10,37.91,38.709999,37.91,38.48,1822400,38.48
2015-08-07,37.400002,37.630001,37.200001,37.619999,1932900,37.619999
2015-08-06,37.529999,37.700001,36.93,37.400002,2109800,37.400002
2015-08-05,38.330002,38.48,37.299999,37.419998,1965200,37.419998
2015-08-04,38.450001,38.50,37.93,38.130001,1156300,38.130001
2015-08-03,38.889999,38.98,38.240002,38.48,2072700,38.48
2015-07-31,39.119999,39.419998,38.59,38.919998,1871500,38.919998
2015-07-30,38.560001,38.950001,38.25,38.889999,1261600,38.889999
2015-07-29,38.389999,38.880001,37.900002,38.68,1533300,38.68
2015-07-28,38.119999,38.880001,37.540001,38.380001,2068900,38.380001
2015-07-27,37.540001,38.23,37.540001,37.849998,2174500,37.849998
2015-07-24,38.48,38.490002,37.439999,37.77,2325700,37.77
2015-07-23,38.869999,38.970001,38.150002,38.43,1505700,38.43
2015-07-22,37.759998,39.110001,37.709999,38.77,2341400,38.77
2015-07-21,37.91,38.23,37.689999,37.810001,1027500,37.810001
2015-07-20,38.27,38.470001,37.669998,37.869999,1181200,37.869999
2015-07-17,38.439999,38.599998,38.060001,38.310001,1114700,38.310001
2015-07-16,38.869999,38.93,38.200001,38.41,2245200,38.41
2015-07-15,39.400002,39.400002,38.599998,38.779999,1790400,38.779999
2015-07-14,39.240002,39.59,38.990002,39.400002,1090200,39.400002
2015-07-13,39.049999,39.25,38.830002,39.25,1168600,39.25
2015-07-10,38.75,39.00,38.549999,38.869999,1065800,38.869999
2015-07-09,38.709999,38.900002,38.470001,38.490002,1235100,38.490002
2015-07-08,38.830002,39.080002,38.119999,38.259998,2028600,38.259998
2015-07-07,38.299999,39.119999,38.080002,39.07,2372700,39.07
2015-07-06,38.130001,39.130001,37.970001,38.349998,2382300,38.349998
2015-07-02,38.66,38.950001,38.09,38.439999,2530300,38.439999
2015-07-01,38.41,38.509998,37.73,38.50,2141100,38.50
2015-06-30,38.009998,38.360001,37.720001,38.189999,3269200,38.189999
2015-06-29,37.970001,38.48,37.549999,37.669998,1892700,37.669998
2015-06-26,38.43,38.619999,37.860001,38.389999,2364400,38.389999
2015-06-25,38.369999,38.580002,38.169998,38.310001,1489400,38.310001
2015-06-24,38.700001,38.869999,38.150002,38.220001,2056700,38.220001
2015-06-23,37.950001,38.34,37.720001,37.91,2849700,37.91
2015-06-22,37.869999,38.07,37.669998,37.869999,1698800,37.869999
2015-06-19,37.299999,38.130001,37.240002,37.709999,2334000,37.709999
2015-06-18,37.009998,37.43,36.939999,37.119999,1384300,37.119999
2015-06-17,36.93,37.09,36.419998,36.93,1507300,36.93
2015-06-16,37.23,37.23,36.810001,36.939999,1694000,36.939999
2015-06-15,37.259998,37.880001,37.080002,37.189999,2428500,37.189999
2015-06-12,37.299999,37.439999,37.110001,37.290001,1815500,37.290001
2015-06-11,37.299999,37.830002,37.139999,37.330002,2795300,37.330002
2015-06-10,36.450001,36.98,36.259998,36.810001,1666800,36.810001
2015-06-09,36.060001,36.299999,35.799999,36.209999,1695000,36.209999
2015-06-08,36.41,36.619999,36.009998,36.139999,1469800,36.139999
2015-06-05,36.169998,36.509998,35.990002,36.48,1803900,36.48
2015-06-04,36.490002,36.77,36.189999,36.310001,1491300,36.310001
2015-06-03,36.32,36.919998,36.009998,36.720001,2430000,36.720001
2015-06-02,36.380001,36.599998,36.16,36.32,1630500,36.32
2015-06-01,36.299999,36.77,36.290001,36.549999,2003500,36.549999
2015-05-29,36.349998,36.73,36.150002,36.169998,2535500,36.169998
2015-05-28,36.00,36.790001,35.860001,36.459999,3447200,36.459999
2015-05-27,37.040001,37.130001,35.630001,36.16,7528800,36.16
2015-05-26,37.73,37.810001,36.959999,36.990002,4078300,36.990002
2015-05-22,37.700001,37.900002,37.509998,37.689999,2195000,37.689999
2015-05-21,38.02,38.080002,37.630001,37.75,2243400,37.75
2015-05-20,38.009998,38.360001,37.41,38.040001,2549900,38.040001
2015-05-19,38.34,38.959999,37.799999,37.900002,3469600,37.900002
2015-05-18,37.73,38.060001,37.349998,37.900002,2365900,37.900002
2015-05-15,36.349998,37.650002,36.349998,37.389999,3241200,37.389999
2015-05-14,36.630001,36.869999,36.32,36.720001,1974900,36.720001
2015-05-13,36.57,36.93,36.07,36.349998,3126900,36.349998
2015-05-12,36.220001,36.77,35.849998,36.580002,1838700,36.580002
2015-05-11,36.549999,36.68,36.18,36.34,1262300,36.34
2015-05-08,36.830002,37.110001,36.540001,36.59,1632500,36.59
2015-05-07,35.720001,36.549999,35.650002,36.330002,2626300,36.330002
2015-05-06,35.630001,35.75,35.029999,35.709999,2252600,35.709999
2015-05-05,35.790001,36.060001,35.279999,35.540001,1967600,35.540001
2015-05-04,35.970001,36.18,35.610001,35.77,3521600,35.77
2015-05-01,35.619999,36.040001,35.459999,35.810001,2329500,35.810001
2015-04-30,35.990002,36.110001,35.450001,35.540001,2224800,35.540001
2015-04-29,36.490002,36.709999,35.709999,36.150002,3021300,36.150002
2015-04-28,36.580002,36.990002,36.330002,36.830002,1716900,36.830002
2015-04-27,37.049999,37.18,36.610001,36.709999,2436400,36.709999
2015-04-24,36.27,36.93,36.130001,36.799999,3262100,36.799999
2015-04-23,37.360001,37.41,36.029999,36.049999,5705200,36.049999
2015-04-22,38.779999,38.970001,37.490002,37.619999,3443400,37.619999
2015-04-21,38.220001,39.009998,38.150002,38.779999,3346000,38.779999
2015-04-20,38.52,38.650002,37.830002,38.080002,2536100,38.080002
2015-04-17,38.470001,38.490002,37.880001,38.349998,3683300,38.349998
2015-04-16,39.77,39.77,38.66,38.759998,3561400,38.759998
2015-04-15,39.75,40.16,39.619999,39.990002,1957300,39.990002
2015-04-14,39.450001,39.779999,39.040001,39.68,1468200,39.68
2015-04-13,39.709999,39.759998,39.200001,39.279999,1829200,39.279999
