Date,Open,High,Low,Close,Volume,Adj Close
2015-10-09,75.989998,77.580002,75.639999,77.110001,513100,77.110001
2015-10-08,73.629997,75.989998,73.559998,75.860001,557300,75.860001
2015-10-07,74.559998,74.690002,73.199997,73.919998,971400,73.919998
2015-10-06,74.660004,75.669998,73.260002,73.839996,432700,73.839996
2015-10-05,73.730003,75.00,73.650002,74.57,628000,74.57
2015-10-02,72.32,73.410004,70.790001,73.379997,747400,73.379997
2015-10-01,71.540001,73.599998,71.300003,73.400002,778100,73.400002
2015-09-30,71.650002,72.589996,70.940002,71.43,865700,71.43
2015-09-29,71.989998,74.120003,70.120003,70.849998,912400,70.849998
2015-09-28,75.599998,75.919998,71.669998,71.82,840100,71.82
2015-09-25,76.629997,76.949997,75.580002,75.980003,945500,75.980003
2015-09-24,75.559998,76.18,75.209999,75.699997,762600,75.699997
2015-09-23,76.43,76.690002,75.269997,76.040001,598400,76.040001
2015-09-22,75.830002,76.610001,74.510002,76.050003,553400,76.050003
2015-09-21,77.209999,78.629997,76.339996,76.849998,576700,76.849998
2015-09-18,77.470001,78.699997,76.360001,76.779999,1179200,76.779999
2015-09-17,77.089996,79.75,76.599998,78.529999,672900,78.529999
2015-09-16,77.18,77.580002,76.389999,76.949997,504900,76.949997
2015-09-15,76.540001,77.370003,75.540001,77.029999,446900,77.029999
2015-09-14,76.610001,76.870003,74.629997,76.099998,489400,76.099998
2015-09-11,77.209999,78.00,76.00,76.870003,1060400,76.870003
2015-09-10,78.199997,80.18,78.07,78.639999,662000,78.639999
2015-09-09,79.739998,80.389999,78.269997,78.440002,933100,78.440002
2015-09-08,73.279999,78.769997,72.650002,78.480003,1699500,78.480003
2015-09-04,72.019997,72.699997,71.32,71.75,278100,71.75
2015-09-03,72.82,73.870003,72.580002,73.110001,473700,73.110001
2015-09-02,71.639999,72.580002,70.900002,72.529999,398500,72.529999
2015-09-01,71.599998,72.470001,70.699997,71.040001,634800,71.040001
2015-08-31,73.339996,73.830002,72.529999,73.019997,452300,73.019997
2015-08-28,73.620003,74.389999,72.919998,73.470001,441200,73.470001
2015-08-27,73.610001,74.440002,72.269997,73.809998,575000,73.809998
2015-08-26,71.830002,73.199997,70.550003,72.900002,531200,72.900002
2015-08-25,73.059998,73.220001,70.309998,70.32,608400,70.32
2015-08-24,68.220001,73.440002,62.84,71.25,1093300,71.25
2015-08-21,75.279999,76.160004,74.440002,74.510002,588300,74.510002
2015-08-20,77.389999,77.889999,75.790001,75.860001,326900,75.860001
2015-08-19,77.82,78.459999,77.139999,78.040001,294200,78.040001
2015-08-18,78.50,78.790001,77.830002,78.129997,446100,78.129997
2015-08-17,77.489998,78.779999,77.18,78.169998,546400,78.169998
2015-08-14,77.470001,78.00,76.720001,77.769997,285200,77.769997
2015-08-13,76.059998,77.889999,75.889999,77.489998,388300,77.489998
2015-08-12,75.300003,76.650002,74.300003,76.199997,539300,76.199997
2015-08-11,76.339996,76.440002,75.400002,75.940002,460900,75.940002
2015-08-10,76.900002,77.839996,76.519997,76.830002,511900,76.830002
2015-08-07,76.389999,76.709999,76.00,76.610001,621400,76.610001
2015-08-06,76.519997,76.970001,75.760002,76.489998,610700,76.489998
2015-08-05,76.910004,77.360001,76.25,76.529999,564500,76.529999
2015-08-04,75.830002,77.169998,75.25,76.480003,715300,76.480003
2015-08-03,75.959999,76.699997,75.019997,75.870003,699600,75.870003
2015-07-31,73.639999,77.93,73.510002,75.550003,2333800,75.550003
2015-07-30,70.739998,71.989998,70.610001,71.349998,763700,71.349998
2015-07-29,70.779999,71.419998,69.889999,71.150002,564800,71.150002
2015-07-28,68.610001,70.300003,68.120003,70.230003,765900,70.230003
2015-07-27,68.260002,68.75,67.389999,68.440002,540900,68.440002
2015-07-24,68.739998,69.150002,67.730003,67.93,1054200,67.93
2015-07-23,70.00,70.00,68.309998,68.489998,681200,68.489998
2015-07-22,69.620003,70.190002,69.620003,69.919998,407100,69.919998
2015-07-21,69.639999,70.459999,69.339996,69.720001,305600,69.720001
2015-07-20,70.139999,70.199997,69.510002,69.68,375500,69.68
2015-07-17,70.879997,71.43,69.339996,69.970001,465200,69.970001
2015-07-16,71.489998,71.489998,70.699997,71.169998,862100,71.169998
2015-07-15,70.949997,71.400002,70.489998,70.970001,727400,70.970001
2015-07-14,70.32,71.040001,70.32,71.010002,645500,71.010002
2015-07-13,70.300003,70.650002,69.970001,70.400002,471400,70.400002
2015-07-10,69.230003,70.050003,69.110001,69.889999,386400,69.889999
2015-07-09,68.459999,69.349998,68.029999,68.589996,603600,68.589996
2015-07-08,67.269997,67.940002,66.989998,67.50,507600,67.50
2015-07-07,68.089996,68.519997,66.660004,67.949997,760800,67.949997
2015-07-06,67.330002,68.690002,67.120003,67.860001,713400,67.860001
2015-07-02,68.260002,68.589996,67.349998,67.699997,715100,67.699997
2015-07-01,67.18,68.050003,66.620003,67.599998,1298700,67.599998
2015-06-30,66.00,66.260002,65.080002,65.900002,1479000,65.900002
2015-06-29,66.709999,66.949997,65.220001,65.279999,644500,65.279999
2015-06-26,66.309998,67.360001,65.839996,67.18,690900,67.18
2015-06-25,65.559998,66.410004,65.230003,66.110001,688500,66.110001
2015-06-24,66.00,66.330002,65.330002,65.410004,424100,65.410004
2015-06-23,65.830002,66.040001,65.43,65.93,433000,65.93
2015-06-22,64.949997,66.019997,64.720001,65.669998,498600,65.669998
2015-06-19,64.879997,65.190002,64.300003,64.440002,775000,64.440002
2015-06-18,65.150002,65.650002,64.790001,64.879997,579000,64.879997
2015-06-17,65.089996,65.57,64.68,65.050003,718700,65.050003
2015-06-16,63.970001,65.00,63.490002,64.879997,813400,64.879997
2015-06-15,64.00,64.480003,63.27,64.089996,680900,64.089996
2015-06-12,63.080002,64.510002,62.900002,64.379997,643100,64.379997
2015-06-11,63.77,64.519997,63.290001,63.610001,606500,63.610001
2015-06-10,62.98,63.830002,62.830002,63.75,532700,63.75
2015-06-09,62.610001,62.790001,61.880001,62.68,454800,62.68
2015-06-08,62.43,62.990002,62.189999,62.610001,580600,62.610001
2015-06-05,62.00,62.639999,61.310001,62.57,345500,62.57
2015-06-04,62.009998,62.470001,61.639999,62.009998,439400,62.009998
2015-06-03,60.459999,62.259998,60.389999,62.240002,667100,62.240002
2015-06-02,60.48,60.68,60.040001,60.349998,348700,60.349998
2015-06-01,59.75,61.389999,59.630001,60.57,949300,60.57
2015-05-29,59.560001,60.389999,59.139999,59.59,684700,59.59
2015-05-28,59.529999,60.049999,59.32,59.470001,786400,59.470001
2015-05-27,58.950001,59.869999,58.669998,59.779999,429100,59.779999
2015-05-26,59.779999,60.119999,58.77,59.00,393900,59.00
2015-05-22,60.209999,60.52,59.720001,59.93,344300,59.93
2015-05-21,60.66,61.139999,60.09,60.290001,442000,60.290001
2015-05-20,61.41,61.450001,60.150002,60.779999,503600,60.779999
2015-05-19,61.790001,62.73,61.310001,61.419998,805200,61.419998
2015-05-18,60.150002,60.880001,60.049999,60.810001,696000,60.810001
2015-05-15,59.490002,60.169998,59.16,60.119999,533800,60.119999
2015-05-14,59.599998,59.790001,58.75,59.50,910200,59.50
2015-05-13,59.00,59.450001,57.900002,59.349998,738300,59.349998
2015-05-12,59.23,59.650002,58.139999,59.029999,1280200,59.029999
2015-05-11,61.810001,62.849998,59.549999,59.82,1747300,59.82
2015-05-08,60.700001,62.849998,60.57,62.00,1744800,62.00
2015-05-07,59.549999,60.419998,59.169998,60.060001,379100,60.060001
2015-05-06,60.549999,60.669998,58.889999,59.509998,577100,59.509998
2015-05-05,60.689999,62.349998,60.220001,60.259998,874600,60.259998
2015-05-04,61.529999,61.669998,60.75,61.029999,702400,61.029999
2015-05-01,61.369999,61.650002,60.799999,61.349998,785200,61.349998
2015-04-30,61.799999,62.720001,60.799999,60.91,1161300,60.91
2015-04-29,61.09,62.34,60.610001,61.380001,1381100,61.380001
2015-04-28,59.799999,60.709999,58.82,60.299999,1133000,60.299999
2015-04-27,60.68,61.060001,59.759998,60.040001,883000,60.040001
2015-04-24,61.049999,61.099998,60.200001,60.939999,610600,60.939999
2015-04-23,59.16,61.23,58.73,61.080002,1260600,61.080002
2015-04-22,58.630001,59.279999,58.009998,59.09,1559300,59.09
2015-04-21,57.509998,58.119999,57.099998,57.880001,606300,57.880001
2015-04-20,57.52,57.52,56.75,57.240002,407900,57.240002
2015-04-17,57.389999,57.389999,56.43,57.119999,360000,57.119999
2015-04-16,58.860001,58.860001,57.02,57.669998,591100,57.669998
2015-04-15,58.130001,58.91,58.130001,58.799999,636400,58.799999
2015-04-14,58.00,58.52,57.509998,58.080002,433100,58.080002
2015-04-13,58.00,58.419998,57.860001,57.98,741300,57.98
