Date,Open,High,Low,Close,Volume,Adj Close
2015-10-16,17.75,17.75,17.370001,17.700001,1404300,17.700001
2015-10-15,17.700001,17.84,17.370001,17.709999,2160100,17.709999
2015-10-14,17.15,17.83,17.08,17.77,2107700,17.77
2015-10-13,17.18,17.540001,17.059999,17.120001,933600,17.120001
2015-10-12,17.809999,17.809999,17.16,17.290001,718400,17.290001
2015-10-09,17.41,17.75,17.35,17.450001,859800,17.450001
2015-10-08,17.200001,17.610001,17.17,17.50,1197000,17.50
2015-10-07,17.17,17.41,16.99,17.26,1526000,17.26
2015-10-06,16.98,17.24,16.84,17.02,1583900,17.02
2015-10-05,16.42,17.129999,16.40,17.01,2188300,17.01
2015-10-02,16.059999,16.52,15.97,16.389999,2007000,16.389999
2015-10-01,16.15,16.549999,16.129999,16.23,2571500,16.23
2015-09-30,16.57,16.780001,16.200001,16.42,2890600,16.42
2015-09-29,16.00,16.35,15.90,16.34,2508700,16.34
2015-09-28,16.110001,16.16,15.92,16.120001,2223200,16.120001
2015-09-25,16.34,16.43,16.08,16.18,1764300,16.18
2015-09-24,16.309999,16.440001,16.059999,16.370001,1942200,16.370001
2015-09-23,16.719999,16.809999,16.42,16.540001,1423200,16.540001
2015-09-22,16.790001,16.860001,16.559999,16.77,2159400,16.77
2015-09-21,17.16,17.42,16.92,16.98,2097600,16.98
2015-09-18,17.530001,17.639999,17.27,17.290001,4085500,17.290001
2015-09-17,18.18,18.24,17.73,17.75,2068000,17.75
2015-09-16,17.33,18.049999,17.32,17.889999,2672500,17.889999
2015-09-15,17.360001,17.48,17.02,17.41,3998400,17.41
2015-09-14,18.040001,18.10,17.34,17.370001,1698300,17.370001
2015-09-11,18.16,18.16,17.52,17.719999,2082600,17.719999
2015-09-10,18.51,18.51,17.790001,17.84,3140000,17.84
2015-09-09,18.790001,18.809999,18.110001,18.16,1953500,18.16
2015-09-08,18.549999,18.809999,18.27,18.620001,2764100,18.620001
2015-09-04,18.370001,18.700001,18.219999,18.26,2517700,18.26
2015-09-03,18.950001,19.01,18.459999,18.57,2973800,18.57
2015-09-02,18.59,18.870001,18.120001,18.549999,3482900,18.549999
2015-09-01,18.459999,18.68,17.90,18.01,3095100,18.01
2015-08-31,18.68,19.16,18.559999,18.90,1803200,18.90
2015-08-28,18.559999,18.99,18.530001,18.82,1952100,18.82
2015-08-27,18.459999,18.68,18.309999,18.59,2462200,18.59
2015-08-26,18.219999,18.26,17.709999,18.200001,3409400,18.200001
2015-08-25,18.65,19.040001,17.84,17.84,3128900,17.84
2015-08-24,17.469999,18.879999,16.99,18.02,4634700,18.02
2015-08-21,19.360001,19.389999,18.780001,18.780001,2470800,18.780001
2015-08-20,19.83,19.940001,19.49,19.49,2184500,19.49
2015-08-19,20.200001,20.24,19.809999,19.959999,2516900,19.959999
2015-08-18,20.10,20.24,19.83,19.98,2224300,19.98
2015-08-17,19.959999,20.25,19.73,20.24,1942300,20.24
2015-08-14,19.780001,20.209999,19.780001,19.99,1263800,19.99
2015-08-13,18.799999,19.969999,18.719999,19.870001,1818500,19.870001
2015-08-12,19.75,19.780001,19.25,19.51,2202000,19.51
2015-08-11,20.01,20.24,19.83,19.91,1577100,19.91
2015-08-10,19.83,20.379999,19.59,20.24,1835400,20.24
2015-08-07,19.469999,19.799999,19.440001,19.700001,3182100,19.700001
2015-08-06,19.18,19.59,19.01,19.52,4044500,19.52
2015-08-05,19.75,20.41,19.049999,19.18,7426900,19.18
2015-08-04,22.790001,23.15,22.629999,22.85,1050700,22.85
2015-08-03,23.08,23.209999,22.700001,22.83,1046400,22.83
2015-07-31,23.34,23.35,23.059999,23.10,948200,23.10
2015-07-30,22.790001,23.41,22.709999,23.309999,1188300,23.309999
2015-07-29,22.75,23.139999,22.639999,22.870001,1441800,22.870001
2015-07-28,22.799999,22.879999,22.49,22.790001,1304300,22.790001
2015-07-27,22.959999,22.959999,22.59,22.65,1078000,22.65
2015-07-24,23.610001,23.719999,23.08,23.10,1089600,23.10
2015-07-23,23.58,23.84,23.50,23.73,926300,23.73
2015-07-22,23.41,23.940001,23.32,23.610001,728900,23.610001
2015-07-21,23.85,23.91,23.59,23.639999,1075100,23.639999
2015-07-20,23.59,23.91,23.540001,23.889999,1247900,23.889999
2015-07-17,23.620001,23.709999,23.43,23.59,1021100,23.59
2015-07-16,23.610001,23.76,23.459999,23.540001,938200,23.540001
2015-07-15,23.790001,23.889999,23.459999,23.549999,882300,23.549999
2015-07-14,23.610001,23.82,23.48,23.75,937000,23.75
2015-07-13,23.139999,23.639999,23.120001,23.610001,1024500,23.610001
2015-07-10,23.08,23.24,22.870001,23.059999,890300,23.059999
2015-07-09,23.370001,23.48,22.91,22.91,1381000,22.91
2015-07-08,23.18,23.280001,22.99,23.16,1628200,23.16
2015-07-07,23.469999,23.530001,22.950001,23.389999,1506000,23.389999
2015-07-06,23.40,23.82,23.280001,23.530001,1647800,23.530001
2015-07-02,23.809999,24.469999,23.469999,23.620001,1629500,23.620001
2015-07-01,23.59,23.639999,23.10,23.469999,3144300,23.469999
2015-06-30,23.200001,23.48,23.030001,23.459999,2557300,23.459999
2015-06-29,23.26,23.49,22.93,23.01,1857500,23.01
2015-06-26,23.35,23.59,23.219999,23.48,5400100,23.48
2015-06-25,23.450001,23.49,23.18,23.33,1317800,23.33
2015-06-24,23.59,23.690001,23.33,23.43,1543200,23.43
2015-06-23,23.68,23.809999,23.49,23.66,1164400,23.66
2015-06-22,23.76,23.76,23.469999,23.639999,1185500,23.639999
2015-06-19,23.540001,23.60,23.33,23.58,2325200,23.58
2015-06-18,22.959999,23.52,22.790001,23.49,2284700,23.49
2015-06-17,23.040001,23.27,22.709999,22.92,1851300,22.92
2015-06-16,22.719999,23.18,22.50,23.01,3824700,23.01
2015-06-15,22.84,22.889999,22.280001,22.790001,1491400,22.790001
2015-06-12,22.98,23.120001,22.85,22.959999,1198200,22.959999
2015-06-11,23.27,23.27,22.969999,23.10,1907200,23.10
2015-06-10,23.10,23.299999,22.99,23.17,1336800,23.17
2015-06-09,23.16,23.309999,22.99,23.01,692300,23.01
2015-06-08,23.190001,23.33,22.51,23.17,1226800,23.17
2015-06-05,23.200001,23.379999,22.959999,23.24,1028200,23.24
2015-06-04,23.690001,23.83,23.190001,23.190001,1399800,23.190001
2015-06-03,23.60,23.93,23.60,23.84,1931000,23.84
2015-06-02,23.370001,23.709999,23.370001,23.60,1785700,23.60
2015-06-01,23.48,23.629999,23.280001,23.450001,1886500,23.450001
2015-05-29,23.799999,23.799999,23.360001,23.440001,3910900,23.440001
2015-05-28,23.85,24.040001,23.559999,23.83,1944300,23.83
2015-05-27,23.91,24.02,23.68,23.85,1589200,23.85
2015-05-26,24.16,24.40,23.780001,23.82,1312300,23.82
2015-05-22,24.10,24.370001,24.01,24.25,1043100,24.25
2015-05-21,24.26,24.459999,24.02,24.10,1614400,24.10
2015-05-20,24.40,24.50,24.18,24.26,2381400,24.26
2015-05-19,24.82,24.860001,24.24,24.42,2342900,24.42
2015-05-18,24.85,25.02,24.610001,24.790001,1411500,24.790001
2015-05-15,25.200001,25.33,24.870001,24.91,1257800,24.91
2015-05-14,24.84,25.209999,24.76,25.18,1786000,25.18
2015-05-13,25.030001,25.26,24.77,24.790001,1495100,24.790001
2015-05-12,25.48,25.48,25.00,25.040001,983500,25.040001
2015-05-11,25.52,25.719999,25.34,25.50,984000,25.50
2015-05-08,25.57,25.82,25.459999,25.49,1043100,25.49
2015-05-07,25.129999,25.41,25.129999,25.290001,2055000,25.290001
2015-05-06,25.49,25.559999,25.139999,25.34,1692900,25.34
2015-05-05,25.49,25.889999,25.32,25.389999,1513300,25.389999
2015-05-04,26.190001,26.25,25.540001,25.620001,1842900,25.620001
2015-05-01,24.77,26.360001,24.52,26.26,3680200,26.26
2015-04-30,25.469999,25.870001,25.10,25.43,1735900,25.43
2015-04-29,24.91,25.879999,24.90,25.58,1174600,25.58
2015-04-28,25.799999,25.799999,24.93,25.110001,1409200,25.110001
2015-04-27,25.42,25.82,25.32,25.799999,1531000,25.799999
2015-04-24,25.82,25.969999,25.33,25.379999,501600,25.379999
2015-04-23,25.559999,25.809999,25.370001,25.719999,522300,25.719999
2015-04-22,25.549999,25.809999,25.309999,25.73,621900,25.73
2015-04-21,25.67,25.700001,25.209999,25.58,660300,25.58
2015-04-20,25.190001,25.639999,25.190001,25.52,639700,25.52
