Date,Open,High,Low,Close,Volume,Adj Close
2015-10-15,23.389999,23.83,23.209999,23.82,425300,23.82
2015-10-14,23.91,23.940001,23.16,23.25,340400,23.25
2015-10-13,23.85,24.10,23.74,23.90,480100,23.90
2015-10-12,23.620001,23.959999,23.41,23.93,347000,23.93
2015-10-09,23.85,23.969999,23.459999,23.58,404400,23.58
2015-10-08,23.469999,23.83,23.34,23.82,413100,23.82
2015-10-07,23.469999,23.57,23.200001,23.559999,581400,23.559999
2015-10-06,23.15,23.290001,22.940001,23.07,425900,23.07
2015-10-05,22.879999,23.25,22.66,23.23,331200,23.23
2015-10-02,22.74,22.879999,21.98,22.629999,542700,22.629999
2015-10-01,23.15,23.24,22.790001,23.110001,369500,23.110001
2015-09-30,23.139999,23.24,22.879999,23.17,550500,23.17
2015-09-29,22.82,23.09,22.77,22.93,372200,22.93
2015-09-28,22.959999,23.09,22.790001,22.799999,418100,22.799999
2015-09-25,23.00,23.309999,22.99,23.040001,375900,23.040001
2015-09-24,22.530001,22.969999,22.530001,22.879999,361600,22.879999
2015-09-23,22.76,22.950001,22.59,22.76,267100,22.76
2015-09-22,22.59,22.91,22.530001,22.690001,285100,22.690001
2015-09-21,22.68,23.00,22.58,22.860001,306400,22.860001
2015-09-18,22.42,22.639999,22.27,22.49,861600,22.49
2015-09-17,23.41,23.700001,22.700001,22.82,416100,22.82
2015-09-16,23.360001,23.42,23.120001,23.389999,281400,23.389999
2015-09-15,23.10,23.51,22.969999,23.370001,270000,23.370001
2015-09-14,23.08,23.309999,22.959999,23.08,362700,23.08
2015-09-11,22.90,23.16,22.870001,23.049999,243500,23.049999
2015-09-10,22.82,23.370001,22.82,23.10,406300,23.10
2015-09-09,23.200001,23.299999,22.92,22.950001,342400,22.950001
2015-09-08,22.91,23.10,22.58,22.99,342500,22.99
2015-09-04,22.33,22.59,22.33,22.50,441300,22.50
2015-09-03,22.379999,22.73,22.299999,22.559999,520600,22.559999
2015-09-02,22.549999,22.610001,22.120001,22.43,920500,22.43
2015-09-01,22.58,22.74,22.10,22.18,551100,22.18
2015-08-31,22.610001,23.07,22.549999,23.030001,367200,23.030001
2015-08-28,22.549999,22.959999,22.549999,22.799999,451800,22.799999
2015-08-27,22.83,23.23,22.73,23.01,593500,22.780001
2015-08-26,22.40,22.68,22.030001,22.620001,478800,22.393899
2015-08-25,22.74,22.74,21.950001,21.950001,889600,21.730596
2015-08-24,22.60,22.629999,22.139999,22.209999,872400,21.987996
2015-08-21,22.85,23.48,22.780001,23.09,538100,22.859201
2015-08-20,23.41,23.50,23.17,23.24,433700,23.007701
2015-08-19,23.889999,24.02,23.629999,23.67,269600,23.433403
2015-08-18,24.07,24.209999,23.84,24.02,217400,23.779905
2015-08-17,23.85,24.25,23.610001,24.08,229200,23.839305
2015-08-14,23.74,24.049999,23.629999,24.040001,210300,23.799706
2015-08-13,23.75,23.98,23.57,23.73,257400,23.492803
2015-08-12,23.91,24.00,23.35,23.65,456700,23.413603
2015-08-11,24.219999,24.48,23.969999,24.15,246700,23.908605
2015-08-10,24.280001,24.58,24.18,24.530001,298300,24.284808
2015-08-07,24.200001,24.459999,23.790001,24.059999,319200,23.819504
2015-08-06,24.59,24.73,24.18,24.299999,256800,24.057105
2015-08-05,24.459999,24.83,24.27,24.49,387700,24.245207
2015-08-04,24.25,24.469999,24.17,24.379999,328400,24.136305
2015-08-03,24.09,24.190001,23.84,24.17,360700,23.928405
2015-07-31,24.049999,24.129999,23.76,24.040001,452400,23.799706
2015-07-30,23.790001,24.09,23.74,24.059999,354000,23.819504
2015-07-29,24.219999,24.370001,23.73,23.98,434000,23.740304
2015-07-28,24.120001,24.120001,23.67,23.99,485900,23.750204
2015-07-27,23.870001,24.139999,23.75,23.969999,301600,23.730404
2015-07-24,24.299999,24.42,24.120001,24.120001,326800,23.878906
2015-07-23,25.01,25.15,24.42,24.43,305600,24.185807
2015-07-22,24.559999,25.040001,24.559999,24.889999,276100,24.641208
2015-07-21,24.809999,25.139999,24.559999,24.60,264800,24.354108
2015-07-20,24.809999,24.90,24.629999,24.780001,449700,24.532309
2015-07-17,25.15,25.16,24.57,24.76,354400,24.512508
2015-07-16,25.25,25.43,25.07,25.139999,380500,24.888709
2015-07-15,25.209999,25.440001,24.84,25.139999,497100,24.888709
2015-07-14,24.92,25.08,24.83,25.02,442500,24.76991
2015-07-13,25.15,25.299999,24.85,25.059999,509400,24.809509
2015-07-10,24.99,25.030001,24.559999,24.969999,345400,24.720408
2015-07-09,24.73,24.780001,24.43,24.629999,368500,24.383807
2015-07-08,24.129999,24.40,24.09,24.370001,517400,24.126407
2015-07-07,24.790001,24.799999,24.16,24.440001,457400,24.195707
2015-07-06,24.52,24.879999,24.290001,24.879999,592100,24.631308
2015-07-02,25.08,25.08,24.620001,24.719999,468000,24.472907
2015-07-01,25.459999,25.459999,25.059999,25.219999,507900,24.967909
2015-06-30,25.209999,25.35,24.83,24.98,641200,24.730308
2015-06-29,25.32,25.43,24.82,24.90,601800,24.651108
2015-06-26,25.370001,25.549999,25.200001,25.50,958000,25.245111
2015-06-25,25.389999,25.549999,25.08,25.23,575100,24.97781
2015-06-24,25.50,25.549999,25.23,25.23,496700,24.97781
2015-06-23,25.370001,25.52,25.27,25.52,430400,25.264912
2015-06-22,25.190001,25.299999,24.940001,25.200001,482000,24.948111
2015-06-19,25.08,25.10,24.74,24.950001,1060000,24.70061
2015-06-18,24.84,25.18,24.530001,25.07,462500,24.819409
2015-06-17,25.40,25.440001,24.68,24.75,585200,24.502608
2015-06-16,25.110001,25.43,24.93,25.34,408900,25.086711
2015-06-15,25.16,25.33,24.76,25.209999,534200,24.958009
2015-06-12,25.280001,25.49,25.10,25.219999,192800,24.967909
2015-06-11,25.23,25.379999,24.969999,25.360001,412000,25.106511
2015-06-10,25.00,25.50,24.98,25.27,365200,25.017411
2015-06-09,24.82,25.09,24.620001,24.940001,352600,24.690709
2015-06-08,24.809999,24.879999,24.65,24.76,276200,24.512508
2015-06-05,24.360001,24.799999,24.35,24.790001,323200,24.542209
2015-06-04,24.440001,24.49,24.110001,24.24,230100,23.997705
2015-06-03,24.18,24.60,24.139999,24.549999,403000,24.304606
2015-06-02,23.85,24.25,23.68,24.049999,272800,23.809604
2015-06-01,24.00,24.08,23.58,23.92,327600,23.680904
2015-05-29,24.08,24.08,23.68,23.85,294100,23.611604
2015-05-28,24.08,24.309999,23.90,24.139999,250500,23.898705
2015-05-27,24.190001,24.41,24.02,24.34,283900,23.869005
2015-05-26,24.139999,24.16,23.870001,24.129999,333600,23.663068
2015-05-22,24.469999,24.49,24.200001,24.32,196600,23.849392
2015-05-21,24.49,24.549999,24.290001,24.450001,158000,23.976877
2015-05-20,24.629999,24.629999,24.32,24.48,160900,24.006296
2015-05-19,24.440001,24.66,24.360001,24.639999,251100,24.163199
2015-05-18,23.959999,24.40,23.879999,24.35,307000,23.878812
2015-05-15,24.25,24.35,23.799999,23.950001,251800,23.486553
2015-05-14,24.360001,24.50,24.190001,24.33,296900,23.859199
2015-05-13,24.26,24.33,23.959999,24.309999,259100,23.839585
2015-05-12,24.030001,24.309999,23.76,24.26,311600,23.790554
2015-05-11,23.99,24.18,23.870001,24.09,346500,23.623843
2015-05-08,24.07,24.07,23.65,24.00,315800,23.535584
2015-05-07,24.00,24.030001,23.73,23.879999,288000,23.417906
2015-05-06,23.91,24.09,23.639999,24.059999,341900,23.594423
2015-05-05,23.83,24.049999,23.73,23.799999,383400,23.339454
2015-05-04,23.57,24.110001,23.57,23.940001,399300,23.476746
2015-05-01,23.92,24.049999,23.459999,23.57,327500,23.113905
2015-04-30,23.959999,24.26,23.719999,23.799999,737300,23.339454
2015-04-29,24.360001,24.60,23.93,24.02,480900,23.555198
2015-04-28,23.59,24.00,23.50,23.98,325500,23.515971
2015-04-27,23.700001,24.040001,23.27,23.559999,508100,23.104098
2015-04-24,24.01,24.01,23.58,23.66,320500,23.202164
2015-04-23,24.02,24.10,23.780001,24.02,291400,23.555198
2015-04-22,23.969999,24.200001,23.629999,24.10,298200,23.63365
2015-04-21,24.17,24.25,23.82,23.90,301200,23.437519
2015-04-20,23.870001,24.15,23.719999,24.030001,191300,23.565005
