Date,Open,High,Low,Close,Volume,Adj Close
2015-10-15,103.620003,104.959999,103.220001,104.959999,1628800,104.959999
2015-10-14,103.220001,103.730003,102.690002,102.769997,1937100,102.769997
2015-10-13,103.220001,103.989998,103.00,103.309998,1280700,103.309998
2015-10-12,102.660004,104.00,102.650002,103.720001,964600,103.720001
2015-10-09,103.370003,103.75,102.629997,102.940002,1287200,102.940002
2015-10-08,101.669998,103.209999,101.559998,103.089996,1211500,103.089996
2015-10-07,101.519997,102.459999,101.279999,102.169998,1328100,102.169998
2015-10-06,101.540001,101.610001,100.900002,101.07,1313400,101.07
2015-10-05,100.730003,101.910004,100.480003,101.860001,1846700,101.860001
2015-10-02,97.550003,100.029999,97.18,100.029999,2398800,100.029999
2015-10-01,99.849998,99.970001,97.18,98.339996,2972900,98.339996
2015-09-30,100.349998,100.360001,99.279999,99.529999,2548700,99.529999
2015-09-29,99.209999,99.610001,98.209999,99.470001,2127600,99.470001
2015-09-28,99.400002,100.260002,98.769997,99.080002,2845200,99.080002
2015-09-25,99.599998,100.610001,98.480003,99.910004,1933800,99.910004
2015-09-24,98.639999,99.230003,98.32,98.860001,2347400,98.860001
2015-09-23,99.00,99.650002,98.480003,99.080002,1914200,99.080002
2015-09-22,99.260002,99.650002,98.68,98.980003,2308700,98.980003
2015-09-21,100.440002,101.43,100.120003,100.519997,2095200,100.519997
2015-09-18,99.830002,100.910004,99.440002,99.660004,4950100,99.660004
2015-09-17,101.940002,103.129997,101.25,101.660004,1759900,101.660004
2015-09-16,100.760002,102.080002,100.50,101.910004,2034100,101.910004
2015-09-15,99.519997,101.150002,99.18,100.860001,1694300,100.860001
2015-09-14,99.57,99.839996,98.760002,99.279999,1601800,99.279999
2015-09-11,98.43,99.519997,98.18,99.489998,1375300,99.489998
2015-09-10,98.160004,99.75,98.07,99.089996,1628100,99.089996
2015-09-09,100.25,100.470001,98.300003,98.480003,1590800,98.480003
2015-09-08,98.940002,99.690002,98.50,99.650002,2104700,99.650002
2015-09-04,97.959999,98.599998,97.290001,97.760002,1923200,97.150002
2015-09-03,99.169998,100.110001,99.010002,99.370003,2382800,98.749957
2015-09-02,98.349998,98.93,97.879997,98.93,1642700,98.3127
2015-09-01,97.709999,98.550003,97.209999,97.489998,2542000,96.881683
2015-08-31,99.739998,100.25,99.32,99.550003,1931200,98.928834
2015-08-28,101.00,101.220001,99.800003,100.43,1678300,99.80334
2015-08-27,101.089996,101.720001,99.790001,101.400002,2711100,100.767289
2015-08-26,100.07,100.290001,97.589996,100.00,2602300,99.376023
2015-08-25,100.470001,100.82,97.639999,97.75,2932300,97.140062
2015-08-24,97.989998,101.410004,95.209999,98.779999,5527100,98.163634
2015-08-21,106.190002,106.190002,102.860001,102.93,2293700,102.287741
2015-08-20,106.190002,106.629997,105.660004,105.699997,1556800,105.040453
2015-08-19,107.279999,108.050003,106.470001,107.220001,1386900,106.550973
2015-08-18,107.669998,107.980003,106.790001,107.82,889700,107.147227
2015-08-17,107.129997,107.889999,106.489998,107.709999,1213200,107.037913
2015-08-14,106.919998,107.879997,106.75,107.709999,1488300,107.037913
2015-08-13,105.260002,107.699997,104.559998,106.949997,3227600,106.282653
2015-08-12,105.050003,105.629997,104.050003,105.43,1708800,104.772141
2015-08-11,105.00,105.989998,104.989998,105.889999,1515100,105.22927
2015-08-10,106.089996,106.610001,105.580002,105.82,1916300,105.159707
2015-08-07,105.260002,105.580002,104.760002,105.480003,1507300,104.821832
2015-08-06,106.230003,106.300003,104.919998,105.459999,1497000,104.801953
2015-08-05,107.110001,107.470001,105.830002,106.080002,2829200,105.418087
2015-08-04,106.510002,107.110001,106.25,106.629997,2118400,105.96465
2015-08-03,106.389999,106.940002,105.989998,106.940002,1497800,106.272721
2015-07-31,106.830002,107.089996,106.019997,106.120003,1758500,105.457838
2015-07-30,106.199997,106.650002,105.919998,106.50,1103900,105.835464
2015-07-29,105.959999,106.599998,105.709999,106.43,1805600,105.765901
2015-07-28,106.00,106.099998,105.18,105.940002,1903200,105.278961
2015-07-27,104.160004,105.980003,104.050003,105.589996,2239500,104.931139
2015-07-24,105.169998,105.550003,104.949997,105.269997,1605000,104.613136
2015-07-23,105.389999,105.589996,104.879997,105.300003,1568700,104.642955
2015-07-22,104.669998,105.860001,104.489998,105.300003,2119200,104.642955
2015-07-21,103.970001,104.730003,102.120003,104.480003,3389500,103.828072
2015-07-20,102.910004,103.080002,102.519997,102.610001,1756600,101.969738
2015-07-17,103.169998,103.400002,102.699997,102.940002,1449000,102.29768
2015-07-16,103.349998,103.709999,103.010002,103.290001,2020100,102.645495
2015-07-15,101.989998,102.580002,101.989998,102.419998,1737800,101.780921
2015-07-14,101.980003,102.589996,101.919998,102.379997,1211400,101.741169
2015-07-13,101.900002,102.43,101.830002,102.330002,2174900,101.691486
2015-07-10,101.309998,101.349998,100.68,101.00,1225300,100.369783
2015-07-09,100.379997,100.989998,99.870003,100.07,3101500,99.445586
2015-07-08,99.139999,99.470001,98.620003,98.760002,2352200,98.143762
2015-07-07,98.989998,100.150002,98.300003,100.029999,2716300,99.405834
2015-07-06,98.419998,99.120003,98.239998,98.940002,1756000,98.322639
2015-07-02,99.489998,100.459999,99.080002,99.230003,1996200,98.610831
2015-07-01,99.650002,100.440002,98.540001,99.300003,3447000,98.680394
2015-06-30,96.690002,97.110001,95.860001,96.660004,2752000,96.056867
2015-06-29,97.099998,97.470001,96.099998,96.139999,1818600,95.540108
2015-06-26,98.18,98.559998,97.720001,97.919998,2061600,97.309
2015-06-25,98.370003,98.809998,97.739998,97.809998,1403800,97.199685
2015-06-24,99.790001,99.940002,98.779999,98.779999,1402500,98.163634
2015-06-23,100.339996,100.599998,99.470001,100.00,1105200,99.376023
2015-06-22,100.410004,100.540001,99.809998,100.040001,1263000,99.415774
2015-06-19,101.160004,101.349998,99.269997,99.449997,3014900,98.829452
2015-06-18,100.089996,101.699997,100.089996,101.470001,2196500,100.836852
2015-06-17,99.839996,100.18,99.07,99.779999,1225900,99.157394
2015-06-16,98.389999,99.769997,98.389999,99.489998,1436200,98.869203
2015-06-15,98.769997,99.339996,98.220001,98.790001,1458000,98.173574
2015-06-12,99.639999,99.910004,98.940002,99.470001,1426100,98.849331
2015-06-11,99.07,100.300003,99.010002,100.129997,1709200,99.505209
2015-06-10,98.040001,99.919998,98.040001,99.18,1891500,98.56114
2015-06-09,98.010002,98.440002,97.540001,97.800003,1883500,97.189753
2015-06-08,98.900002,99.089996,97.730003,97.760002,2447700,97.150002
2015-06-05,100.559998,100.889999,99.279999,99.309998,1804100,98.084132
2015-06-04,100.110001,101.230003,99.970001,100.209999,1637800,98.973025
2015-06-03,100.809998,101.389999,100.290001,101.010002,1828500,99.763152
2015-06-02,100.769997,101.00,100.220001,100.330002,2445800,99.091546
2015-06-01,101.589996,101.870003,100.949997,101.010002,1350800,99.763152
2015-05-29,102.269997,102.279999,101.029999,101.120003,2046200,99.871795
2015-05-28,101.970001,102.220001,101.650002,102.150002,1215700,100.88908
2015-05-27,102.00,102.489998,101.400002,102.339996,1288500,101.076729
2015-05-26,102.459999,102.699997,101.459999,101.599998,1545600,100.345866
2015-05-22,103.050003,103.370003,102.709999,102.730003,1565200,101.461922
2015-05-21,103.620003,103.800003,103.040001,103.089996,1777100,101.817472
2015-05-20,103.919998,104.120003,103.519997,103.699997,1824100,102.419942
2015-05-19,103.599998,103.910004,103.309998,103.660004,1667400,102.380443
2015-05-18,102.699997,103.410004,102.699997,103.169998,1382600,101.896486
2015-05-15,102.709999,103.169998,102.50,102.68,1627500,101.412536
2015-05-14,102.709999,102.940002,102.400002,102.75,1641600,101.481672
2015-05-13,101.919998,102.470001,101.400002,101.970001,1699300,100.711301
2015-05-12,101.529999,102.150002,101.129997,101.669998,2083100,100.415002
2015-05-11,102.389999,103.080002,101.480003,102.220001,5003600,100.958216
2015-05-08,103.400002,104.089996,103.269997,103.730003,1423400,102.449578
2015-05-07,101.43,102.809998,101.25,102.580002,1744400,101.313772
2015-05-06,102.139999,102.529999,100.959999,101.769997,1778800,100.513766
2015-05-05,101.720001,102.779999,101.709999,102.050003,1720400,100.790316
2015-05-04,102.18,102.68,102.120003,102.169998,1528900,100.90883
2015-05-01,101.849998,102.209999,101.489998,102.120003,1803800,100.859451
2015-04-30,102.669998,103.010002,100.760002,101.110001,3058100,99.861917
2015-04-29,103.190002,103.580002,102.209999,102.849998,2177200,101.580436
2015-04-28,103.099998,104.309998,102.730003,103.68,2038700,102.400193
2015-04-27,105.129997,105.400002,103.040001,103.330002,2486900,102.054514
2015-04-24,103.389999,104.230003,102.699997,103.949997,2222700,102.666856
2015-04-23,101.349998,103.989998,101.349998,103.480003,3115100,102.202664
2015-04-22,101.839996,102.190002,100.830002,102.019997,4271800,100.76068
2015-04-21,104.660004,105.25,101.559998,101.879997,5704600,100.622409
2015-04-20,106.139999,107.029999,105.839996,106.139999,2667700,104.829826
