Date,Open,High,Low,Close,Volume,Adj Close
2015-10-15,99.879997,103.580002,99.330002,103.510002,2036000,103.510002
2015-10-14,100.190002,100.470001,98.339996,98.989998,2144700,98.989998
2015-10-13,103.230003,104.040001,99.959999,100.07,2027600,100.07
2015-10-12,103.529999,104.610001,102.730003,103.629997,1484900,103.629997
2015-10-09,104.110001,104.889999,100.910004,103.400002,2546300,103.400002
2015-10-08,102.809998,104.980003,102.139999,104.410004,2548000,104.410004
2015-10-07,103.669998,104.309998,100.169998,102.970001,3508900,102.970001
2015-10-06,104.550003,105.00,101.370003,103.099998,3594800,103.099998
2015-10-05,102.690002,105.540001,101.93,104.849998,2830300,104.849998
2015-10-02,99.309998,101.610001,97.860001,101.540001,2334300,101.540001
2015-10-01,97.040001,100.540001,95.370003,100.290001,3088200,100.290001
2015-09-30,99.43,100.559998,96.199997,97.239998,4165500,97.239998
2015-09-29,98.879997,100.879997,97.389999,98.330002,2069300,98.330002
2015-09-28,100.57,103.040001,96.309998,98.379997,3210600,98.379997
2015-09-25,100.879997,103.050003,99.739998,101.529999,2660300,101.529999
2015-09-24,98.660004,100.93,97.339996,100.400002,3058500,100.400002
2015-09-23,94.790001,99.260002,94.75,98.980003,4375200,98.980003
2015-09-22,92.610001,95.050003,92.080002,94.360001,2050300,94.360001
2015-09-21,93.239998,96.00,92.660004,93.68,2483200,93.68
2015-09-18,92.339996,95.139999,92.339996,93.050003,2981000,93.050003
2015-09-17,92.940002,95.290001,92.470001,93.879997,2638500,93.879997
2015-09-16,94.339996,94.620003,91.470001,92.830002,3121100,92.830002
2015-09-15,93.449997,94.669998,92.010002,94.110001,2396900,94.110001
2015-09-14,95.209999,96.169998,93.110001,93.209999,2852200,93.209999
2015-09-11,96.00,96.610001,93.800003,95.580002,4168100,95.580002
2015-09-10,97.120003,98.599998,96.480003,96.800003,2452200,96.800003
2015-09-09,96.540001,98.82,96.059998,96.290001,2193600,96.290001
2015-09-08,93.459999,96.139999,92.669998,95.980003,2230900,95.980003
2015-09-04,91.540001,93.720001,90.989998,92.019997,1697500,92.019997
2015-09-03,92.419998,94.940002,92.339996,92.860001,2748500,92.860001
2015-09-02,91.160004,92.559998,89.75,92.459999,2657000,92.459999
2015-09-01,89.669998,91.589996,88.900002,89.720001,2953100,89.720001
2015-08-31,92.970001,94.980003,91.970001,92.010002,2779800,92.010002
2015-08-28,90.669998,94.050003,90.660004,93.459999,2731700,93.459999
2015-08-27,93.290001,94.220001,88.910004,90.639999,3802300,90.639999
2015-08-26,89.279999,91.93,87.400002,91.760002,2877200,91.760002
2015-08-25,92.400002,93.00,88.50,88.68,3034300,88.180001
2015-08-24,86.989998,91.290001,86.32,89.970001,3826900,89.462729
2015-08-21,100.160004,100.239998,93.449997,93.610001,4784200,93.082205
2015-08-20,104.00,105.110001,101.839996,101.959999,1691800,101.385124
2015-08-19,105.489998,106.339996,104.129997,104.949997,1860800,104.358263
2015-08-18,103.870003,105.82,103.709999,105.650002,1446100,105.054321
2015-08-17,101.279999,104.25,100.779999,104.25,2019500,103.662213
2015-08-14,102.860001,103.879997,101.349998,102.080002,2714000,101.50445
2015-08-13,109.279999,110.739998,102.800003,104.410004,4705800,103.821315
2015-08-12,109.00,109.940002,106.860001,109.379997,2121900,108.763286
2015-08-11,106.519997,109.620003,105.190002,109.43,2197400,108.813008
2015-08-10,102.989998,107.949997,102.43,107.360001,3498000,106.754679
2015-08-07,100.93,102.699997,99.459999,102.029999,2243100,101.454729
2015-08-06,98.120003,102.25,95.629997,101.269997,4544500,100.699012
2015-08-05,97.309998,98.589996,96.849998,98.120003,2498800,97.566778
2015-08-04,97.019997,97.629997,95.629997,96.82,1627500,96.274105
2015-08-03,97.099998,98.25,96.220001,96.830002,1870900,96.284051
2015-07-31,96.400002,98.470001,96.150002,97.339996,1389700,96.79117
2015-07-30,97.400002,97.669998,94.559998,96.230003,3143600,95.687435
2015-07-29,97.599998,98.400002,96.50,97.760002,1998500,97.208808
2015-07-28,97.25,98.839996,96.330002,97.779999,1531600,97.228692
2015-07-27,97.900002,98.739998,96.239998,97.110001,1950000,96.562471
2015-07-24,99.00,99.889999,98.309998,98.940002,1400800,98.382155
2015-07-23,99.720001,100.480003,98.279999,98.440002,1368500,97.884974
2015-07-22,99.269997,100.75,97.410004,99.760002,2322600,99.197531
2015-07-21,99.599998,100.489998,97.339996,98.830002,2466100,98.272774
2015-07-20,102.139999,102.139999,99.360001,99.589996,2533000,99.028484
2015-07-17,102.860001,103.940002,101.029999,102.139999,1939800,101.564109
2015-07-16,97.720001,104.440002,97.720001,102.790001,3183500,102.210446
2015-07-15,98.419998,99.400002,97.559998,97.709999,2020800,97.159086
2015-07-14,100.019997,102.239998,98.410004,98.739998,3519200,98.183278
2015-07-13,99.449997,101.25,98.870003,99.959999,3282100,99.3964
2015-07-10,94.110001,98.900002,93.889999,98.400002,3831300,97.845199
2015-07-09,92.68,94.07,91.690002,93.410004,3402300,92.883335
2015-07-08,91.910004,92.989998,91.040001,91.690002,2438800,91.173032
2015-07-07,91.489998,93.230003,89.93,92.699997,3534100,92.177332
2015-07-06,90.589996,92.110001,90.449997,91.510002,3160700,90.994047
2015-07-02,88.519997,91.650002,87.830002,91.209999,3906000,90.695735
2015-07-01,84.970001,89.089996,83.75,88.540001,4304500,88.040791
2015-06-30,84.75,86.489998,84.019997,84.410004,2488800,83.93408
2015-06-29,84.50,85.540001,83.809998,83.830002,1597200,83.357348
2015-06-26,85.440002,87.040001,85.440002,85.720001,2507700,85.236691
2015-06-25,85.690002,86.239998,85.25,85.650002,1191900,85.167086
2015-06-24,86.940002,87.209999,85.489998,85.790001,1762500,85.306296
2015-06-23,85.739998,87.779999,85.739998,87.330002,1736700,86.837614
2015-06-22,85.230003,85.82,84.610001,85.629997,1422700,85.147195
2015-06-19,84.900002,86.690002,84.900002,85.089996,1968300,84.610238
2015-06-18,83.580002,85.400002,83.50,85.25,2070900,84.76934
2015-06-17,84.040001,84.900002,82.949997,83.580002,1098200,83.108758
2015-06-16,83.419998,83.739998,82.980003,83.370003,805900,82.899943
2015-06-15,83.279999,83.779999,82.900002,83.139999,1087500,82.671236
2015-06-12,83.68,84.059998,83.290001,83.550003,879700,83.078928
2015-06-11,84.199997,85.370003,83.849998,84.290001,1342200,83.814754
2015-06-10,82.82,84.550003,82.82,84.279999,1495700,83.804808
2015-06-09,84.290001,84.290001,82.82,83.019997,1182600,82.55191
2015-06-08,83.830002,85.379997,83.269997,83.779999,1293000,83.307627
2015-06-05,83.209999,84.720001,83.150002,84.199997,1612500,83.725257
2015-06-04,84.00,84.910004,83.199997,83.370003,1951100,82.899943
2015-06-03,85.480003,85.989998,84.239998,84.730003,1773200,84.252275
2015-06-02,87.739998,87.870003,85.440002,85.839996,2163800,85.35601
2015-06-01,89.029999,89.550003,87.43,87.639999,1891400,87.145864
2015-05-29,89.540001,91.470001,87.75,88.50,2583100,88.001016
2015-05-28,88.309998,89.660004,87.93,89.019997,1615200,88.51808
2015-05-27,89.129997,89.889999,87.790001,88.400002,1835000,87.901581
2015-05-26,89.489998,90.07,88.300003,88.769997,1336800,87.846884
2015-05-22,90.00,91.440002,89.730003,90.089996,1183300,89.153157
2015-05-21,90.349998,90.989998,89.849998,90.489998,1181400,89.548999
2015-05-20,91.220001,92.129997,90.029999,90.639999,1754600,89.697441
2015-05-19,92.470001,92.730003,91.010002,91.209999,2034400,90.261513
2015-05-18,91.389999,93.139999,90.370003,92.790001,1549600,91.825085
2015-05-15,91.889999,92.82,90.550003,91.360001,3149700,90.409955
2015-05-14,89.160004,92.230003,88.800003,91.93,2421700,90.974027
2015-05-13,88.690002,89.57,87.910004,88.800003,1973800,87.876579
2015-05-12,88.129997,89.400002,87.129997,88.169998,2846000,87.253125
2015-05-11,90.519997,90.989998,86.879997,88.239998,2922600,87.322397
2015-05-08,88.940002,90.970001,87.760002,90.480003,3107800,89.539109
2015-05-07,88.699997,89.169998,87.529999,88.82,3425400,87.896367
2015-05-06,89.50,89.660004,88.040001,88.82,1587000,87.896367
2015-05-05,89.160004,90.190002,88.610001,89.290001,2080100,88.361481
2015-05-04,89.940002,90.00,88.129997,89.330002,1817200,88.401066
2015-05-01,85.910004,90.290001,85.68,89.910004,2068000,88.975036
2015-04-30,86.93,87.470001,85.00,85.830002,2807500,84.937462
2015-04-29,88.190002,88.639999,86.269997,86.800003,2287500,85.897376
2015-04-28,88.720001,89.129997,87.830002,88.510002,1789200,87.589593
2015-04-27,89.57,89.629997,88.150002,88.989998,2107400,88.064598
2015-04-24,86.879997,90.779999,86.879997,89.629997,3464400,88.697942
2015-04-23,87.220001,87.510002,84.309998,86.50,5490400,85.600493
2015-04-22,86.309998,89.769997,85.279999,89.529999,3357100,88.598983
2015-04-21,83.610001,86.190002,83.360001,85.879997,1907200,84.986938
2015-04-20,84.849998,85.220001,83.389999,83.620003,1944000,82.750445
