Date,Open,High,Low,Close,Volume,Adj Close
2015-10-15,48.349998,48.700001,48.200001,48.439999,1642900,48.439999
2015-10-14,48.709999,48.860001,47.990002,48.02,1564600,48.02
2015-10-13,48.84,49.220001,48.650002,48.669998,1366800,48.669998
2015-10-12,48.32,49.18,48.200001,48.970001,1430700,48.970001
2015-10-09,47.740002,48.580002,47.700001,48.200001,1422800,48.200001
2015-10-08,47.029999,47.700001,46.830002,47.650002,1190600,47.650002
2015-10-07,46.82,47.25,46.619999,47.07,1457600,47.07
2015-10-06,46.549999,46.790001,46.23,46.360001,1358900,46.360001
2015-10-05,46.57,46.990002,46.299999,46.59,1425300,46.59
2015-10-02,44.950001,46.23,43.91,46.209999,1186700,46.209999
2015-10-01,45.59,46.00,45.009998,45.82,1684000,45.82
2015-09-30,45.43,45.759998,44.889999,45.43,1849700,45.43
2015-09-29,44.950001,45.23,44.560001,44.900002,1800300,44.900002
2015-09-28,46.189999,46.380001,44.75,44.77,1457800,44.77
2015-09-25,47.209999,47.290001,46.200001,46.52,1934900,46.52
2015-09-24,46.259998,46.82,45.950001,46.75,1253200,46.75
2015-09-23,46.759998,46.990002,46.43,46.75,931900,46.75
2015-09-22,46.57,46.720001,46.259998,46.650002,1142000,46.650002
2015-09-21,46.740002,47.389999,46.459999,47.150002,1406600,47.150002
2015-09-18,46.869999,47.099998,46.310001,46.310001,5353500,46.310001
2015-09-17,47.619999,48.080002,47.349998,47.48,853300,47.48
2015-09-16,47.439999,47.669998,47.16,47.610001,1465200,47.610001
2015-09-15,46.810001,47.59,46.73,47.490002,929900,47.490002
2015-09-14,46.700001,46.93,46.50,46.700001,865000,46.599999
2015-09-11,46.009998,46.700001,45.869999,46.66,647800,46.560084
2015-09-10,45.73,46.549999,45.529999,46.25,679300,46.150962
2015-09-09,46.810001,46.91,45.68,45.799999,1167300,45.701925
2015-09-08,45.66,46.349998,45.450001,46.279999,1208000,46.180897
2015-09-04,45.049999,45.279999,44.619999,44.880001,773900,44.783897
2015-09-03,45.310001,45.860001,45.119999,45.619999,943000,45.52231
2015-09-02,44.830002,45.23,44.470001,45.23,726500,45.133146
2015-09-01,44.700001,45.099998,44.07,44.34,1311900,44.245052
2015-08-31,46.18,46.299999,45.799999,45.830002,1068300,45.731863
2015-08-28,45.779999,46.380001,45.52,46.360001,910200,46.260727
2015-08-27,45.330002,46.040001,44.889999,46.02,1930000,45.921455
2015-08-26,43.66,44.77,42.990002,44.709999,1440600,44.614259
2015-08-25,44.560001,44.560001,42.59,42.630001,2058800,42.538715
2015-08-24,43.490002,44.279999,42.540001,43.380001,2302100,43.287109
2015-08-21,47.02,47.150002,45.630001,45.669998,1169400,45.572202
2015-08-20,48.029999,48.150002,47.459999,47.470001,743900,47.368351
2015-08-19,48.50,48.650002,48.049999,48.32,1335300,48.216529
2015-08-18,48.310001,48.669998,48.09,48.639999,760500,48.535844
2015-08-17,48.00,48.41,47.66,48.23,732600,48.126722
2015-08-14,47.470001,48.220001,47.380001,48.139999,780600,48.036914
2015-08-13,47.310001,47.709999,47.23,47.470001,499100,47.368351
2015-08-12,46.759998,47.369999,46.439999,47.259998,892500,47.158798
2015-08-11,47.00,47.209999,46.68,47.07,872600,46.969206
2015-08-10,47.25,47.68,47.189999,47.360001,1001900,47.258586
2015-08-07,46.720001,46.959999,46.400002,46.950001,1122100,46.849464
2015-08-06,47.549999,47.689999,46.580002,46.720001,793800,46.619957
2015-08-05,47.25,47.709999,47.099998,47.540001,1407800,47.438201
2015-08-04,46.50,47.200001,46.50,47.07,1258400,46.969206
2015-08-03,46.290001,46.560001,45.93,46.540001,1372300,46.440342
2015-07-31,46.360001,46.43,45.98,46.220001,1268200,46.121028
2015-07-30,46.18,46.48,45.439999,46.240002,1613600,46.140985
2015-07-29,45.41,47.77,45.139999,46.830002,3339000,46.729722
2015-07-28,44.299999,45.060001,43.91,44.779999,1378200,44.684109
2015-07-27,44.43,44.549999,43.759998,43.939999,1357700,43.845907
2015-07-24,44.549999,44.759998,44.25,44.720001,1207300,44.62424
2015-07-23,45.040001,45.099998,44.27,44.509998,1462000,44.414687
2015-07-22,45.119999,45.470001,44.799999,44.959999,1419800,44.863724
2015-07-21,44.650002,45.34,44.59,45.279999,2508300,45.183038
2015-07-20,44.07,44.740002,43.900002,44.720001,1321000,44.62424
2015-07-17,43.849998,43.990002,43.529999,43.970001,884300,43.875846
2015-07-16,43.43,43.900002,43.209999,43.849998,843200,43.7561
2015-07-15,43.150002,43.25,42.93,43.189999,629200,43.097513
2015-07-14,42.669998,43.220001,42.48,43.119999,651300,43.027664
2015-07-13,42.50,42.779999,42.389999,42.700001,612700,42.608565
2015-07-10,42.18,42.450001,41.950001,42.34,659700,42.249335
2015-07-09,42.09,42.119999,41.66,41.740002,764700,41.650621
2015-07-08,41.82,41.959999,41.419998,41.52,721700,41.431091
2015-07-07,42.169998,42.220001,41.580002,42.16,1001900,42.06972
2015-07-06,41.529999,42.18,41.52,42.049999,621600,41.959955
2015-07-02,42.099998,42.099998,41.709999,41.950001,672000,41.860171
2015-07-01,42.080002,42.200001,41.880001,42.02,974800,41.930021
2015-06-30,42.07,42.080002,41.57,41.77,1296700,41.680556
2015-06-29,42.380001,42.57,41.630001,41.75,1867700,41.660598
2015-06-26,42.540001,42.759998,42.400002,42.720001,1706700,42.628522
2015-06-25,42.41,42.630001,42.299999,42.50,531800,42.408992
2015-06-24,42.43,42.57,42.189999,42.349998,907500,42.259312
2015-06-23,42.77,42.869999,42.439999,42.529999,702400,42.438927
2015-06-22,42.650002,43.00,42.490002,42.689999,620200,42.598584
2015-06-19,42.43,42.669998,42.23,42.330002,1095700,42.239358
2015-06-18,41.810001,42.490002,41.810001,42.439999,781900,42.349119
2015-06-17,41.82,42.00,41.52,41.75,627700,41.660598
2015-06-16,41.07,41.810001,40.970001,41.75,828900,41.660598
2015-06-15,41.18,41.290001,40.849998,41.16,722700,40.972077
2015-06-12,41.66,41.880001,41.529999,41.599998,592000,41.410067
2015-06-11,41.869999,41.959999,41.599998,41.860001,647300,41.668882
2015-06-10,41.09,41.950001,40.91,41.740002,888400,41.549431
2015-06-09,40.93,41.09,40.709999,40.880001,849200,40.693357
2015-06-08,41.369999,41.400002,40.889999,40.959999,387900,40.77299
2015-06-05,41.07,41.470001,40.799999,41.439999,713700,41.250798
2015-06-04,41.34,41.41,40.98,41.07,562400,40.882488
2015-06-03,41.369999,41.700001,41.310001,41.59,520800,41.400115
2015-06-02,41.080002,41.360001,40.700001,41.299999,514200,41.111438
2015-06-01,41.32,41.50,40.700001,41.18,839100,40.991987
2015-05-29,41.240002,41.290001,40.799999,41.200001,1014200,41.011896
2015-05-28,41.310001,41.380001,40.830002,41.23,693600,41.041758
2015-05-27,40.830002,41.48,40.77,41.330002,754000,41.141303
2015-05-26,41.349998,41.450001,40.599998,40.779999,1371600,40.593811
2015-05-22,41.779999,41.82,41.419998,41.50,608000,41.310525
2015-05-21,41.82,41.950001,41.599998,41.68,456200,41.489704
2015-05-20,42.150002,42.16,41.610001,41.84,845100,41.648973
2015-05-19,41.869999,42.080002,41.700001,41.919998,543500,41.728606
2015-05-18,41.369999,41.970001,41.209999,41.91,683200,41.718653
2015-05-15,41.389999,41.580002,41.139999,41.400002,894100,41.210983
2015-05-14,41.279999,41.34,40.919998,41.330002,730700,41.141303
2015-05-13,41.099998,41.389999,40.950001,41.00,644800,40.812808
2015-05-12,40.77,41.169998,40.52,41.080002,702800,40.892445
2015-05-11,41.02,41.419998,40.970001,40.98,565400,40.792899
2015-05-08,41.02,41.470001,40.970001,41.110001,791100,40.922306
2015-05-07,40.580002,40.73,40.369999,40.66,854600,40.47436
2015-05-06,40.369999,40.669998,40.209999,40.549999,1189600,40.364862
2015-05-05,40.23,40.490002,40.02,40.209999,1104600,40.026414
2015-05-04,40.00,40.560001,39.959999,40.290001,989300,40.106051
2015-05-01,39.720001,40.130001,39.52,39.860001,802300,39.678014
2015-04-30,40.150002,40.639999,39.52,39.560001,1720900,39.379384
2015-04-29,38.709999,40.77,38.709999,40.220001,4252000,40.036371
2015-04-28,38.200001,38.459999,37.84,38.389999,863600,38.214724
2015-04-27,38.540001,38.549999,38.150002,38.23,896000,38.055455
2015-04-24,38.59,38.650002,38.18,38.439999,983900,38.264495
2015-04-23,38.23,38.759998,38.220001,38.580002,511100,38.403859
2015-04-22,38.220001,38.310001,37.900002,38.259998,530300,38.085316
2015-04-21,38.290001,38.48,38.02,38.099998,934000,37.926047
2015-04-20,38.290001,38.470001,38.16,38.16,357300,37.985774
