Date,Open,High,Low,Close,Volume,Adj Close
2015-10-16,120.309998,120.529999,119.75,119.860001,271600,119.860001
2015-10-15,121.75,121.809998,120.190002,120.440002,341100,120.440002
2015-10-14,122.50,123.230003,121.07,121.309998,410200,121.309998
2015-10-13,122.309998,122.519997,120.599998,122.080002,447600,122.080002
2015-10-12,121.410004,122.82,120.989998,122.529999,284300,122.529999
2015-10-09,120.480003,121.589996,119.849998,121.50,203300,121.50
2015-10-08,120.43,121.730003,119.099998,120.50,403600,120.50
2015-10-07,120.760002,121.599998,120.00,120.360001,292100,120.360001
2015-10-06,120.260002,121.32,119.290001,121.029999,212400,121.029999
2015-10-05,121.300003,122.540001,120.330002,120.519997,194400,120.519997
2015-10-02,118.559998,121.900002,117.279999,121.889999,359600,121.889999
2015-10-01,117.660004,121.169998,116.830002,120.07,461700,120.07
2015-09-30,119.540001,120.510002,116.489998,117.379997,806400,117.379997
2015-09-29,115.830002,118.82,115.68,118.440002,363300,118.440002
2015-09-28,119.57,119.589996,115.050003,116.349998,293200,116.349998
2015-09-25,120.760002,122.07,119.129997,119.900002,518200,119.750002
2015-09-24,118.82,120.769997,117.379997,119.910004,568400,119.759991
2015-09-23,117.699997,120.540001,117.089996,120.160004,545400,120.009678
2015-09-22,117.00,118.589996,116.910004,117.699997,257200,117.552749
2015-09-21,116.709999,119.389999,116.709999,118.82,296100,118.671351
2015-09-18,118.82,119.50,115.790001,116.00,687400,115.854879
2015-09-17,120.360001,121.540001,119.440002,119.989998,281400,119.839885
2015-09-16,119.900002,120.50,119.019997,120.120003,245300,119.969728
2015-09-15,119.900002,121.00,118.989998,119.440002,255500,119.290578
2015-09-14,120.370003,120.919998,118.620003,119.300003,270600,119.150754
2015-09-11,117.730003,120.779999,117.440002,120.580002,622700,120.429151
2015-09-10,119.32,120.480003,117.879997,118.449997,373400,118.301811
2015-09-09,121.440002,122.169998,119.879997,120.00,227200,119.849875
2015-09-08,120.00,120.860001,117.849998,120.349998,321600,120.199436
2015-09-04,117.650002,118.339996,116.989998,117.620003,407200,117.472855
2015-09-03,117.260002,118.860001,117.099998,118.610001,337200,118.461615
2015-09-02,116.989998,117.620003,116.220001,117.610001,334000,117.462866
2015-09-01,116.889999,117.699997,115.82,116.220001,454600,116.074605
2015-08-31,120.010002,122.589996,118.559998,118.730003,505900,118.581467
2015-08-28,122.620003,123.309998,119.75,120.220001,494600,120.069601
2015-08-27,122.940002,123.510002,121.230003,122.599998,616400,122.446621
2015-08-26,122.220001,124.419998,119.279999,122.199997,660600,122.04712
2015-08-25,123.739998,123.919998,120.00,120.07,755900,119.919787
2015-08-24,118.889999,124.199997,114.279999,120.370003,878200,120.219415
2015-08-21,123.559998,125.00,123.290001,124.300003,582100,124.144499
2015-08-20,124.610001,126.540001,124.540001,124.940002,343600,124.783697
2015-08-19,125.720001,126.050003,124.269997,125.610001,421200,125.452857
2015-08-18,125.730003,126.779999,125.730003,126.510002,194100,126.351733
2015-08-17,125.419998,126.230003,124.650002,126.190002,374000,126.032133
2015-08-14,124.629997,126.300003,124.470001,125.480003,359000,125.323023
2015-08-13,124.720001,125.860001,124.160004,124.709999,515200,124.553982
2015-08-12,125.129997,125.57,123.040001,124.970001,332200,124.813659
2015-08-11,125.699997,125.769997,120.949997,125.129997,1211200,124.973454
2015-08-10,127.410004,127.989998,125.68,126.00,826500,125.842369
2015-08-07,126.769997,127.43,125.019997,126.410004,460800,126.251859
2015-08-06,129.399994,129.990005,126.00,127.019997,501900,126.861089
2015-08-05,130.729996,131.300003,128.839996,128.949997,657800,128.788675
2015-08-04,129.449997,131.220001,128.75,129.839996,762600,129.677561
2015-08-03,126.529999,129.00,125.830002,128.690002,1109400,128.529006
2015-07-31,126.690002,127.470001,126.269997,126.779999,727000,126.621392
2015-07-30,127.00,127.660004,126.559998,126.57,539900,126.411655
2015-07-29,126.43,128.360001,126.43,127.190002,603400,127.030882
2015-07-28,126.190002,127.150002,125.169998,126.68,579300,126.521518
2015-07-27,124.309998,126.440002,124.309998,125.480003,540000,125.323023
2015-07-24,126.18,126.800003,125.209999,125.50,335000,125.342994
2015-07-23,127.349998,127.349998,126.220001,126.43,432000,126.271831
2015-07-22,126.580002,127.449997,126.43,126.550003,562700,126.391684
2015-07-21,128.389999,128.389999,126.779999,126.93,412400,126.771206
2015-07-20,128.800003,128.800003,127.690002,127.879997,380500,127.720014
2015-07-17,128.690002,129.479996,128.199997,128.410004,238700,128.249357
2015-07-16,128.979996,129.550003,128.00,129.050003,708900,128.888556
2015-07-15,129.490005,130.190002,127.849998,128.029999,837600,127.869828
2015-07-14,129.690002,130.910004,129.320007,129.589996,533700,129.427874
2015-07-13,130.809998,131.229996,129.210007,130.330002,898800,130.166954
2015-07-10,129.660004,130.00,127.349998,129.729996,1260800,129.567698
2015-07-09,129.00,129.889999,127.620003,128.550003,1268100,128.389182
2015-07-08,128.029999,129.50,127.139999,127.599998,1498000,127.440366
2015-07-07,130.630005,131.179993,127.639999,129.300003,1160400,129.138243
2015-07-06,128.190002,131.25,127.82,130.520004,2072900,130.356718
2015-07-02,126.559998,129.330002,125.50,128.929993,1240500,128.768696
2015-07-01,124.839996,130.960007,124.830002,126.989998,5304400,126.831128
2015-06-30,133.520004,136.00,123.00,125.800003,5879500,125.642622
2015-06-29,139.570007,140.559998,137.520004,137.979996,299000,137.807377
2015-06-26,140.580002,141.880005,139.929993,141.259995,1030900,141.083272
2015-06-25,140.880005,140.979996,139.600006,140.429993,209700,140.104498
2015-06-24,139.839996,141.00,138.940002,140.229996,251400,139.904964
2015-06-23,139.949997,140.699997,139.240005,140.639999,255800,140.314018
2015-06-22,138.179993,139.779999,137.139999,139.779999,298500,139.45601
2015-06-19,138.75,138.75,136.149994,137.630005,400700,137.311
2015-06-18,137.050003,139.460007,135.820007,138.320007,186600,137.999403
2015-06-17,136.710007,137.279999,135.690002,136.410004,120600,136.093826
2015-06-16,134.110001,136.889999,134.110001,136.529999,160800,136.213543
2015-06-15,135.539993,136.75,133.50,134.899994,381400,134.587317
2015-06-12,138.449997,138.919998,136.589996,136.639999,201500,136.323289
2015-06-11,138.429993,140.110001,133.490005,139.089996,451300,138.767607
2015-06-10,137.089996,139.240005,135.649994,138.289993,246200,137.969458
2015-06-09,136.389999,136.399994,134.669998,136.119995,177400,135.80449
2015-06-08,135.520004,137.580002,135.520004,136.220001,207000,135.904264
2015-06-05,136.660004,137.050003,135.199997,136.399994,173400,136.08384
2015-06-04,137.270004,138.089996,136.130005,136.509995,150700,136.193585
2015-06-03,138.449997,139.539993,137.259995,138.289993,208700,137.969458
2015-06-02,136.559998,137.990005,136.070007,137.440002,163500,137.121438
2015-06-01,138.789993,138.789993,136.139999,137.350006,266400,137.03165
2015-05-29,136.800003,138.789993,136.800003,137.949997,312900,137.63025
2015-05-28,138.330002,138.330002,136.75,138.240005,252700,137.919586
2015-05-27,137.360001,138.279999,136.080002,138.050003,202900,137.730024
2015-05-26,136.320007,137.050003,135.539993,136.589996,281500,136.273402
2015-05-22,136.830002,137.979996,136.139999,137.00,167400,136.682455
2015-05-21,138.00,138.460007,136.75,137.220001,236500,136.901946
2015-05-20,137.399994,138.600006,136.259995,138.449997,425200,138.129091
2015-05-19,136.210007,137.479996,135.800003,137.25,323600,136.931876
2015-05-18,134.139999,136.369995,133.789993,136.229996,296500,135.914236
2015-05-15,134.789993,135.990005,134.160004,134.800003,272500,134.487557
2015-05-14,132.279999,134.770004,131.940002,134.75,490500,134.43767
2015-05-13,130.309998,131.949997,129.619995,131.360001,232800,131.055528
2015-05-12,131.089996,131.089996,128.990005,129.490005,267300,129.189868
2015-05-11,130.210007,131.690002,130.100006,130.960007,395000,130.656462
2015-05-08,131.589996,132.179993,130.320007,130.619995,518200,130.317238
2015-05-07,131.399994,131.990005,130.380005,130.490005,269600,130.18755
2015-05-06,129.800003,131.639999,129.429993,131.330002,545000,131.025599
2015-05-05,132.880005,132.880005,128.059998,130.770004,747300,130.4669
2015-05-04,129.960007,132.490005,129.050003,131.630005,663800,131.324907
2015-05-01,127.290001,129.639999,127.290001,129.470001,391100,129.16991
2015-04-30,128.169998,129.410004,126.269997,126.910004,230200,126.615846
2015-04-29,128.559998,129.660004,128.309998,128.839996,202500,128.541365
2015-04-28,128.320007,129.759995,127.959999,129.399994,182500,129.100065
2015-04-27,129.490005,129.899994,127.919998,128.309998,327500,128.012595
2015-04-24,129.350006,129.830002,128.240005,128.789993,283500,128.491478
2015-04-23,129.539993,129.990005,128.369995,129.149994,421100,128.850644
2015-04-22,130.00,131.490005,128.910004,130.020004,251800,129.718638
2015-04-21,130.169998,132.229996,129.369995,129.50,393200,129.199839
2015-04-20,132.460007,132.839996,129.869995,130.089996,297200,129.788468
