Date,Open,High,Low,Close,Volume,Adj Close
2015-10-09,188.960007,189.00,186.470001,187.380005,1731900,187.380005
2015-10-08,185.589996,188.440002,185.589996,188.440002,1560700,188.440002
2015-10-07,188.210007,188.690002,185.759995,186.009995,1598000,186.009995
2015-10-06,188.320007,189.289993,186.199997,187.169998,1510100,187.169998
2015-10-05,186.210007,189.440002,185.869995,188.740005,1866200,188.740005
2015-10-02,180.139999,185.289993,179.550003,185.190002,3185800,185.190002
2015-10-01,179.740005,182.860001,179.080002,181.850006,3297800,181.850006
2015-09-30,175.509995,180.309998,174.520004,179.369995,4230800,179.369995
2015-09-29,176.130005,177.970001,173.419998,174.00,3749300,174.00
2015-09-28,183.679993,184.270004,176.399994,176.679993,3698000,175.929989
2015-09-25,185.570007,186.429993,183.149994,183.789993,1327600,183.009808
2015-09-24,187.800003,189.169998,184.240005,185.080002,2053100,184.29434
2015-09-23,190.139999,190.410004,188.279999,188.300003,1568200,187.500673
2015-09-22,190.00,191.100006,188.669998,190.240005,2062100,189.43244
2015-09-21,189.389999,191.190002,189.270004,191.039993,1875000,190.229032
2015-09-18,189.429993,191.270004,189.020004,189.509995,2806000,188.705528
2015-09-17,189.190002,192.00,188.740005,190.419998,2894500,189.611668
2015-09-16,190.00,190.330002,187.619995,188.789993,1932300,187.988583
2015-09-15,187.139999,189.979996,186.160004,189.789993,1640600,188.984338
2015-09-14,187.720001,188.089996,186.619995,187.059998,1091600,186.265931
2015-09-11,187.139999,187.669998,185.949997,187.449997,2035000,186.654275
2015-09-10,187.520004,189.039993,186.710007,187.509995,2237000,186.714018
2015-09-09,191.199997,191.199997,188.309998,188.619995,1194000,187.819306
2015-09-08,189.770004,190.559998,187.910004,190.389999,1460400,189.581797
2015-09-04,186.649994,188.779999,185.479996,187.830002,1038700,187.032667
2015-09-03,186.070007,188.940002,185.570007,188.080002,2390700,187.281605
2015-09-02,185.080002,185.660004,183.440002,185.259995,1356800,184.473569
2015-09-01,186.020004,186.550003,183.009995,183.369995,2026000,182.591593
2015-08-31,186.00,187.809998,185.449997,186.020004,1794000,185.230352
2015-08-28,187.600006,187.740005,185.839996,187.429993,909500,186.634356
2015-08-27,186.339996,188.610001,184.229996,187.889999,1727500,187.092409
2015-08-26,183.559998,185.410004,180.199997,185.199997,2061000,184.413826
2015-08-25,183.270004,184.25,180.339996,180.720001,1996200,179.952848
2015-08-24,178.089996,185.699997,173.490005,179.169998,3939400,178.409425
2015-08-21,185.740005,187.330002,183.589996,183.589996,2163400,182.81066
2015-08-20,189.529999,191.389999,187.619995,187.619995,1519500,186.823551
2015-08-19,191.399994,192.539993,190.550003,191.479996,1345500,190.667166
2015-08-18,189.320007,191.479996,189.320007,191.100006,1297100,190.28879
2015-08-17,185.619995,190.520004,185.479996,190.309998,1480500,189.502135
2015-08-14,186.960007,186.960007,185.429993,186.00,1102700,185.210433
2015-08-13,186.50,187.610001,186.00,186.649994,1218100,185.857668
2015-08-12,186.179993,187.639999,185.309998,186.509995,1201900,185.718263
2015-08-11,188.669998,189.979996,186.850006,186.850006,1020300,186.056831
2015-08-10,189.910004,191.339996,189.059998,189.330002,1178300,188.526299
2015-08-07,188.289993,190.330002,186.429993,188.910004,1437200,188.108084
2015-08-06,191.559998,192.100006,183.720001,190.220001,4262600,189.412521
2015-08-05,194.190002,194.220001,188.770004,191.50,1709300,190.687086
2015-08-04,191.410004,193.800003,190.160004,193.009995,921700,192.19067
2015-08-03,190.009995,192.380005,190.00,191.270004,831100,190.458066
2015-07-31,191.509995,191.509995,189.550003,190.009995,1765300,189.203405
2015-07-30,189.139999,191.729996,189.139999,190.839996,1055500,190.029884
2015-07-29,188.940002,190.350006,188.100006,189.429993,927500,188.625866
2015-07-28,188.929993,189.529999,188.119995,189.199997,1617800,188.396846
2015-07-27,189.550003,190.809998,187.589996,188.139999,1583100,187.341348
2015-07-24,190.619995,191.389999,189.860001,191.089996,3304000,190.278823
2015-07-23,190.240005,190.600006,188.509995,190.50,2737300,189.691331
2015-07-22,189.160004,190.470001,188.949997,190.470001,1404200,189.661459
2015-07-21,190.300003,190.800003,188.089996,188.529999,2200200,187.729692
2015-07-20,189.130005,190.990005,188.460007,190.880005,2068200,190.069722
2015-07-17,187.039993,189.009995,186.539993,189.009995,2325000,188.20765
2015-07-16,186.789993,187.570007,186.070007,187.039993,2765200,186.246012
2015-07-15,183.490005,187.190002,181.850006,186.00,4132800,185.210433
2015-07-14,185.479996,185.479996,183.470001,183.470001,1885100,182.691174
2015-07-13,184.009995,185.589996,183.380005,185.190002,1678500,184.403874
2015-07-10,182.259995,183.789993,181.529999,183.50,1439400,182.721046
2015-07-09,182.00,182.679993,180.380005,181.350006,1361000,180.580178
2015-07-08,181.320007,182.410004,180.320007,180.479996,1788100,179.713861
2015-07-07,182.009995,183.070007,179.229996,183.059998,2094600,182.282911
2015-07-06,180.039993,182.059998,179.580002,181.75,2168300,180.978474
2015-07-02,182.00,182.169998,180.330002,180.880005,1842300,180.112172
2015-07-01,178.360001,181.539993,177.880005,181.190002,3053700,180.420854
2015-06-30,177.669998,178.169998,176.220001,178.169998,2608900,177.41367
2015-06-29,178.00,178.899994,176.289993,176.320007,1686000,175.571532
2015-06-26,177.779999,180.210007,176.720001,179.50,2296100,177.991212
2015-06-25,176.800003,177.949997,176.399994,177.169998,2167900,175.680795
2015-06-24,177.889999,178.50,176.350006,176.350006,2188000,174.867695
2015-06-23,178.309998,179.779999,177.820007,178.440002,1329500,176.940124
2015-06-22,177.220001,178.699997,177.169998,178.00,2206900,176.50382
2015-06-19,177.589996,178.369995,176.830002,177.300003,2344600,175.809707
2015-06-18,178.00,179.179993,177.550003,177.800003,2773600,176.305504
2015-06-17,177.880005,178.550003,177.389999,177.899994,2532000,176.404654
2015-06-16,175.479996,178.869995,175.479996,177.259995,2922700,175.770034
2015-06-15,178.110001,178.779999,177.529999,178.339996,1663800,176.840958
2015-06-12,179.130005,179.419998,178.100006,178.740005,2641000,177.237605
2015-06-11,178.940002,179.880005,178.479996,179.389999,2428300,177.882136
2015-06-10,179.350006,179.800003,178.50,179.100006,1693700,177.59458
2015-06-09,176.259995,179.839996,175.419998,179.070007,5552800,177.564833
2015-06-08,177.729996,177.990005,175.850006,176.369995,4871900,174.887516
2015-06-05,176.919998,178.490005,176.220001,178.059998,1664300,176.563313
2015-06-04,175.619995,177.710007,174.639999,176.910004,3314000,175.422985
2015-06-03,178.800003,179.050003,176.330002,176.929993,3894300,175.442806
2015-06-02,180.149994,180.610001,178.580002,178.580002,2871200,177.078946
2015-06-01,181.860001,182.610001,180.279999,180.279999,3284100,178.764654
2015-05-29,182.539993,182.710007,180.889999,180.889999,4678700,179.369527
2015-05-28,183.350006,183.50,180.00,182.380005,4146400,180.847009
2015-05-27,181.970001,183.779999,181.50,183.570007,4925800,182.027008
2015-05-26,171.179993,184.889999,171.179993,183.600006,29796000,182.056755
2015-05-22,170.509995,172.210007,169.529999,171.179993,7323000,169.741138
2015-05-21,166.130005,168.210007,164.059998,165.520004,6631600,164.128725
2015-05-20,162.759995,167.080002,162.330002,166.550003,9815800,165.150066
2015-05-19,157.970001,158.729996,157.160004,158.00,2429600,156.67193
2015-05-18,156.50,157.960007,155.169998,157.509995,2098900,156.186043
2015-05-15,155.630005,156.630005,155.080002,156.440002,2363600,155.125045
2015-05-14,154.339996,155.669998,153.339996,155.630005,3118500,154.321856
2015-05-13,154.429993,155.940002,152.809998,152.820007,3243400,151.535478
2015-05-12,153.699997,155.270004,153.610001,154.869995,2462300,153.568234
2015-05-11,155.199997,156.089996,154.440002,154.779999,2229700,153.478994
2015-05-08,156.770004,157.00,154.419998,154.679993,2470200,153.379829
2015-05-07,155.690002,156.669998,154.270004,155.119995,2119000,153.816133
2015-05-06,156.039993,157.309998,154.630005,155.350006,2371100,154.044211
2015-05-05,157.160004,159.059998,155.460007,156.649994,2129800,155.333271
2015-05-04,158.00,159.25,157.770004,159.089996,2186800,157.752764
2015-05-01,156.00,157.419998,154.949997,157.25,2357100,155.928234
2015-04-30,158.100006,158.259995,154.919998,155.520004,3532600,154.21278
2015-04-29,156.839996,158.649994,156.130005,157.860001,4678300,156.533107
2015-04-28,157.119995,158.75,155.630005,157.889999,6343200,156.562854
2015-04-27,156.690002,158.00,154.789993,156.369995,6953900,155.055626
2015-04-24,151.710007,157.820007,151.00,155.259995,19731000,153.954956
2015-04-23,146.990005,152.649994,145.770004,148.759995,17494600,147.509591
2015-04-22,151.550003,151.630005,149.149994,149.639999,3593000,148.382199
2015-04-21,150.869995,153.210007,150.559998,152.00,3577100,150.722363
2015-04-20,150.25,152.50,150.229996,150.869995,4181600,149.601856
2015-04-17,157.00,157.00,145.440002,149.610001,10585800,148.352453
2015-04-16,158.860001,159.110001,157.669998,158.199997,1236600,156.870246
2015-04-15,158.339996,159.979996,157.529999,159.020004,1283800,157.683361
2015-04-14,156.660004,158.679993,156.440002,156.860001,1553300,155.541513
2015-04-13,159.940002,160.809998,156.889999,157.059998,2057500,155.739829
