Date,Open,High,Low,Close,Volume,Adj Close
2015-10-15,165.869995,170.779999,165.610001,170.389999,174500,170.389999
2015-10-14,166.460007,168.309998,165.279999,165.470001,130900,165.470001
2015-10-13,165.440002,168.899994,164.970001,166.860001,186300,166.860001
2015-10-12,165.940002,167.699997,164.509995,166.00,126500,166.00
2015-10-09,163.369995,166.600006,162.880005,166.580002,179100,166.580002
2015-10-08,164.110001,165.789993,160.979996,162.899994,244000,162.899994
2015-10-07,167.610001,167.610001,157.910004,164.710007,430700,164.710007
2015-10-06,169.179993,169.490005,165.00,166.289993,320500,166.289993
2015-10-05,168.009995,170.539993,166.25,168.820007,395400,168.820007
2015-10-02,163.779999,170.110001,161.229996,168.009995,465700,168.009995
2015-10-01,150.399994,166.00,150.00,164.389999,747800,164.389999
2015-09-30,148.00,150.669998,145.910004,149.309998,366500,149.309998
2015-09-29,144.50,147.210007,143.169998,147.059998,296400,147.059998
2015-09-28,150.679993,151.270004,144.020004,144.910004,297000,144.910004
2015-09-25,151.089996,152.899994,149.440002,150.970001,303700,150.970001
2015-09-24,150.820007,152.419998,148.770004,149.979996,409000,149.979996
2015-09-23,149.300003,152.160004,148.669998,151.639999,180800,151.639999
2015-09-22,148.039993,148.990005,146.630005,148.169998,169900,148.169998
2015-09-21,150.029999,151.429993,147.75,149.410004,135900,149.410004
2015-09-18,149.800003,151.820007,148.410004,148.820007,317000,148.820007
2015-09-17,149.729996,152.910004,148.389999,151.490005,204300,151.490005
2015-09-16,147.75,149.559998,146.800003,149.369995,191100,149.369995
2015-09-15,146.339996,147.970001,145.50,147.779999,173500,147.779999
2015-09-14,146.410004,147.380005,145.009995,145.660004,117600,145.660004
2015-09-11,143.940002,145.649994,143.009995,145.529999,95100,145.529999
2015-09-10,140.720001,144.910004,140.339996,144.410004,263500,144.410004
2015-09-09,142.559998,142.990005,140.229996,140.679993,155000,140.679993
2015-09-08,138.820007,141.929993,138.020004,141.660004,105300,141.660004
2015-09-04,136.00,137.600006,135.380005,136.529999,100400,136.529999
2015-09-03,135.949997,139.550003,135.949997,137.449997,141900,137.449997
2015-09-02,135.470001,136.759995,133.240005,136.759995,177100,136.759995
2015-09-01,135.809998,137.610001,133.839996,134.059998,164200,134.059998
2015-08-31,138.460007,139.669998,137.630005,138.039993,192600,138.039993
2015-08-28,137.75,139.660004,137.059998,138.880005,138900,138.880005
2015-08-27,138.309998,139.119995,135.75,138.259995,277300,138.259995
2015-08-26,135.589996,138.020004,132.449997,137.309998,272800,137.309998
2015-08-25,132.710007,136.369995,132.169998,132.570007,282600,132.570007
2015-08-24,130.889999,134.00,127.25,129.520004,432100,129.520004
2015-08-21,137.240005,139.550003,135.410004,136.509995,382700,136.509995
2015-08-20,140.169998,140.520004,137.800003,138.050003,217400,138.050003
2015-08-19,141.860001,142.850006,140.100006,141.130005,136900,141.130005
2015-08-18,142.240005,143.050003,141.220001,142.100006,218700,142.100006
2015-08-17,142.059998,143.00,140.50,142.110001,241700,142.110001
2015-08-14,139.669998,141.990005,139.100006,141.960007,188900,141.960007
2015-08-13,139.820007,141.979996,139.309998,140.289993,155100,140.289993
2015-08-12,138.570007,139.929993,135.910004,139.389999,132900,139.389999
2015-08-11,139.75,141.649994,139.00,139.630005,140800,139.630005
2015-08-10,140.050003,142.059998,138.630005,140.860001,172100,140.860001
2015-08-07,137.160004,139.259995,137.020004,139.050003,103700,139.050003
2015-08-06,142.179993,142.460007,137.360001,138.25,162400,138.25
2015-08-05,141.119995,143.539993,140.830002,141.410004,141700,141.410004
2015-08-04,139.809998,140.669998,138.449997,139.940002,110500,139.940002
2015-08-03,140.039993,140.039993,138.440002,139.690002,116000,139.690002
2015-07-31,140.509995,140.630005,139.039993,139.539993,211100,139.539993
2015-07-30,137.869995,141.380005,136.220001,140.220001,238000,140.220001
2015-07-29,136.240005,138.559998,134.309998,138.009995,238400,138.009995
2015-07-28,134.460007,136.50,132.410004,136.25,275400,136.25
2015-07-27,134.660004,135.630005,132.479996,134.139999,379400,134.139999
2015-07-24,138.440002,139.990005,135.929993,136.210007,173000,136.210007
2015-07-23,143.740005,145.740005,134.520004,139.009995,439800,139.009995
2015-07-22,142.199997,143.139999,138.610001,139.389999,363300,139.389999
2015-07-21,142.710007,143.529999,140.929993,143.009995,204600,143.009995
2015-07-20,143.110001,144.059998,142.259995,142.449997,138300,142.449997
2015-07-17,143.630005,144.240005,141.630005,142.860001,137000,142.860001
2015-07-16,141.179993,143.910004,140.339996,143.470001,145500,143.470001
2015-07-15,141.529999,141.869995,139.809998,140.119995,189100,140.119995
2015-07-14,140.130005,141.830002,140.00,141.339996,141700,141.339996
2015-07-13,139.550003,140.279999,138.520004,139.289993,126200,139.289993
2015-07-10,138.740005,139.630005,137.360001,138.419998,211500,138.419998
2015-07-09,139.089996,139.089996,134.830002,137.699997,236100,137.699997
2015-07-08,132.50,134.119995,131.339996,134.00,199700,134.00
2015-07-07,130.889999,133.589996,130.080002,133.479996,278700,133.479996
2015-07-06,128.809998,131.389999,128.130005,130.470001,188700,130.470001
2015-07-02,130.570007,130.630005,129.009995,130.350006,175400,130.350006
2015-07-01,130.429993,131.139999,129.539993,129.940002,226100,129.940002
2015-06-30,128.789993,129.550003,128.00,129.380005,188700,129.380005
2015-06-29,128.199997,129.309998,127.790001,127.900002,283200,127.900002
2015-06-26,129.679993,129.899994,128.240005,129.339996,280400,129.339996
2015-06-25,129.169998,129.600006,128.339996,129.270004,114700,129.270004
2015-06-24,129.490005,129.970001,128.570007,128.830002,140600,128.830002
2015-06-23,129.690002,130.059998,128.809998,130.029999,196600,130.029999
2015-06-22,129.410004,130.490005,128.679993,129.690002,270100,129.690002
2015-06-19,128.429993,129.050003,127.470001,128.50,358600,128.50
2015-06-18,124.650002,127.660004,124.510002,127.449997,209200,127.449997
2015-06-17,123.580002,125.330002,123.239998,124.349998,189500,124.349998
2015-06-16,119.839996,123.769997,119.839996,123.129997,148300,123.129997
2015-06-15,119.18,120.760002,118.050003,120.339996,98500,120.339996
2015-06-12,120.080002,122.260002,119.900002,120.760002,122500,120.760002
2015-06-11,120.580002,121.010002,120.050003,120.720001,171000,120.720001
2015-06-10,120.900002,121.860001,119.900002,120.589996,168400,120.589996
2015-06-09,120.410004,120.639999,118.129997,120.019997,107500,120.019997
2015-06-08,121.099998,122.050003,120.139999,120.410004,130200,120.410004
2015-06-05,118.970001,121.540001,118.230003,121.300003,174800,121.300003
2015-06-04,121.029999,121.870003,119.019997,119.360001,133200,119.360001
2015-06-03,121.190002,123.370003,120.419998,122.010002,172700,122.010002
2015-06-02,120.150002,122.309998,119.620003,120.580002,139800,120.580002
2015-06-01,122.260002,122.260002,119.519997,121.050003,162500,121.050003
2015-05-29,124.589996,124.589996,121.410004,121.480003,218100,121.480003
2015-05-28,124.809998,125.559998,123.629997,125.120003,113100,125.120003
2015-05-27,121.360001,124.949997,120.879997,124.900002,206600,124.900002
2015-05-26,124.239998,124.699997,121.410004,121.75,264800,121.75
2015-05-22,124.75,125.190002,123.660004,124.480003,103300,124.480003
2015-05-21,124.82,125.00,123.089996,124.790001,178000,124.790001
2015-05-20,124.57,125.269997,123.800003,124.419998,81300,124.419998
2015-05-19,124.919998,125.00,122.050003,124.470001,171100,124.470001
2015-05-18,122.870003,124.949997,121.809998,124.720001,248200,124.720001
2015-05-15,124.059998,124.099998,122.330002,123.139999,85300,123.139999
2015-05-14,122.629997,124.510002,121.800003,124.010002,129000,124.010002
2015-05-13,121.480003,123.540001,121.32,122.379997,163000,122.379997
2015-05-12,120.00,122.00,118.370003,121.110001,127900,121.110001
2015-05-11,121.00,121.889999,120.349998,120.449997,158700,120.449997
2015-05-08,122.57,123.75,120.379997,120.93,172300,120.93
2015-05-07,120.129997,122.650002,120.129997,121.18,122800,121.18
2015-05-06,120.879997,120.879997,119.029999,120.510002,186000,120.510002
2015-05-05,123.010002,123.010002,119.690002,121.139999,216300,121.139999
2015-05-04,122.830002,124.709999,122.449997,123.739998,242200,123.739998
2015-05-01,123.07,123.879997,122.139999,122.790001,213700,122.790001
2015-04-30,124.32,125.199997,121.830002,121.949997,240800,121.949997
2015-04-29,126.029999,127.040001,124.660004,125.510002,222500,125.510002
2015-04-28,130.00,130.160004,126.50,127.089996,323100,127.089996
2015-04-27,132.100006,133.539993,129.00,129.619995,364300,129.619995
2015-04-24,130.740005,133.179993,128.720001,132.119995,290200,132.119995
2015-04-23,132.00,132.00,121.949997,130.300003,427200,130.300003
2015-04-22,126.830002,128.100006,126.18,127.599998,219400,127.599998
2015-04-21,126.00,127.68,125.209999,127.239998,236700,127.239998
2015-04-20,122.800003,125.989998,121.650002,125.50,201100,125.50
