Date,Open,High,Low,Close,Volume,Adj Close
2015-10-16,57.889999,57.98,55.049999,55.970001,14537200,55.970001
2015-10-15,57.790001,58.080002,56.720001,57.759998,4170200,57.759998
2015-10-14,57.869999,58.75,56.400002,57.509998,5906500,57.509998
2015-10-13,57.119999,57.759998,56.43,57.299999,6206100,57.299999
2015-10-12,56.099998,58.040001,55.900002,57.799999,6055100,57.799999
2015-10-09,53.919998,56.099998,53.419998,55.709999,11280400,55.709999
2015-10-08,51.25,52.43,50.50,52.259998,4970800,52.259998
2015-10-07,51.040001,51.650002,49.759998,51.580002,7054000,51.580002
2015-10-06,53.240002,53.549999,50.52,50.779999,7689900,50.779999
2015-10-05,52.029999,53.630001,51.650002,53.330002,5816800,53.330002
2015-10-02,52.34,52.380001,50.950001,51.759998,6711100,51.759998
2015-10-01,52.950001,53.169998,52.00,53.00,5924700,53.00
2015-09-30,52.880001,53.48,52.240002,53.049999,6221300,53.049999
2015-09-29,53.830002,54.029999,52.110001,52.459999,6256000,52.459999
2015-09-28,55.209999,55.240002,53.040001,53.720001,5504800,53.720001
2015-09-25,56.990002,56.990002,54.950001,55.419998,6298400,55.419998
2015-09-24,57.580002,57.66,55.77,56.330002,5686100,56.330002
2015-09-23,58.52,58.889999,57.290001,58.169998,4200600,58.169998
2015-09-22,59.950001,60.220001,58.009998,58.240002,5428500,58.240002
2015-09-21,60.360001,61.240002,59.59,60.450001,5232500,60.450001
2015-09-18,60.84,61.349998,60.029999,60.310001,7093900,60.310001
2015-09-17,58.189999,62.209999,58.080002,61.560001,16190500,61.560001
2015-09-16,57.029999,57.990002,56.759998,57.950001,5136800,57.950001
2015-09-15,57.490002,57.700001,56.849998,57.279999,5134500,57.279999
2015-09-14,56.889999,57.459999,56.419998,57.450001,4635000,57.450001
2015-09-11,56.77,57.470001,56.34,56.830002,4026300,56.830002
2015-09-10,57.959999,58.360001,56.599998,56.900002,6472100,56.900002
2015-09-09,57.00,58.93,56.869999,57.669998,9026000,57.669998
2015-09-08,57.740002,58.009998,56.91,57.509998,6971400,57.509998
2015-09-04,56.799999,57.700001,56.310001,56.689999,6099700,56.689999
2015-09-03,57.529999,58.139999,57.049999,57.25,9932300,57.25
2015-09-02,57.889999,58.09,56.720001,57.290001,63778700,57.290001
2015-09-01,56.009998,57.380001,55.799999,57.130001,12661100,57.130001
2015-08-31,57.18,58.040001,56.880001,56.970001,10556500,56.970001
2015-08-28,56.52,57.349998,55.779999,57.119999,19974700,57.119999
2015-08-27,54.380001,54.73,52.330002,53.360001,5479100,53.360001
2015-08-26,53.369999,54.220001,51.619999,53.950001,4945500,53.950001
2015-08-25,54.369999,54.939999,52.099998,52.099998,4562200,52.099998
2015-08-24,50.759998,54.98,49.200001,52.330002,7040400,52.330002
2015-08-21,55.919998,56.68,54.959999,55.09,6276400,55.09
2015-08-20,57.59,57.66,56.52,56.59,4124300,56.59
2015-08-19,58.259998,59.029999,57.869999,58.23,3794900,58.23
2015-08-18,59.450001,60.119999,58.110001,58.509998,3813100,58.509998
2015-08-17,58.490002,59.93,58.00,59.599998,3863500,59.599998
2015-08-14,57.970001,58.860001,57.849998,58.529999,2391700,58.529999
2015-08-13,57.650002,58.59,57.18,58.349998,3318800,58.349998
2015-08-12,57.599998,57.740002,55.07,57.41,4813300,57.41
2015-08-11,57.220001,59.139999,57.220001,57.869999,4404400,57.869999
2015-08-10,57.419998,58.009998,56.900002,57.150002,3066500,57.150002
2015-08-07,57.25,57.630001,56.610001,56.740002,3475200,56.740002
2015-08-06,58.41,58.959999,56.950001,57.509998,3737700,57.509998
2015-08-05,59.41,59.50,58.049999,58.110001,4567500,58.110001
2015-08-04,59.189999,59.849998,58.209999,58.950001,4782000,58.950001
2015-08-03,56.860001,58.889999,56.689999,58.32,5238800,58.32
2015-07-31,56.66,56.900002,56.360001,56.389999,3476300,56.389999
2015-07-30,57.09,57.310001,56.549999,56.84,3153700,56.84
2015-07-29,58.099998,58.419998,56.799999,57.209999,4768100,57.209999
2015-07-28,57.080002,58.91,56.75,58.419998,6206400,58.419998
2015-07-27,56.049999,57.240002,55.25,56.810001,5806500,56.810001
2015-07-24,57.779999,58.50,56.439999,56.490002,9534000,56.490002
2015-07-23,58.720001,60.00,56.16,56.669998,10259200,56.669998
2015-07-22,55.810001,57.41,55.790001,57.07,9298900,57.07
2015-07-21,55.200001,56.299999,55.200001,55.970001,4032900,55.970001
2015-07-20,55.689999,56.099998,54.810001,55.349998,3425400,55.349998
2015-07-17,55.23,56.700001,55.029999,55.389999,5893900,55.389999
2015-07-16,55.880001,56.439999,54.98,54.98,5440400,54.98
2015-07-15,54.919998,56.220001,53.900002,55.50,6025200,55.50
2015-07-14,55.959999,56.490002,55.209999,55.73,4517000,55.73
2015-07-13,56.91,57.389999,56.099998,56.389999,4246800,56.389999
2015-07-10,54.689999,55.689999,54.599998,55.509998,5922600,55.509998
2015-07-09,53.459999,54.119999,53.060001,53.259998,3437800,53.259998
2015-07-08,53.439999,53.720001,52.25,52.82,4619100,52.82
2015-07-07,53.990002,54.490002,52.540001,54.310001,6627700,54.310001
2015-07-06,52.049999,53.950001,52.049999,53.849998,6371500,53.849998
2015-07-02,51.880001,52.509998,50.98,51.50,5318900,51.50
2015-07-01,54.049999,54.139999,50.099998,51.689999,13075800,51.689999
2015-06-30,53.400002,54.279999,52.990002,53.009998,4621900,53.009998
2015-06-29,53.849998,54.889999,52.509998,52.810001,5279000,52.810001
2015-06-26,55.09,55.400002,54.189999,54.48,4252800,54.48
2015-06-25,54.900002,55.400002,54.369999,54.939999,4182400,54.939999
2015-06-24,55.119999,55.849998,54.299999,54.459999,3987600,54.459999
2015-06-23,55.84,56.27,54.700001,55.23,5349400,55.23
2015-06-22,54.580002,55.18,53.84,54.799999,6806400,54.799999
2015-06-19,52.639999,53.959999,52.400002,53.25,5680000,53.25
2015-06-18,51.43,52.080002,51.009998,52.009998,4278600,52.009998
2015-06-17,51.200001,51.84,50.689999,51.32,3712200,51.32
2015-06-16,52.25,52.560001,50.849998,51.23,4767500,51.23
2015-06-15,52.490002,53.009998,51.869999,52.25,3199400,52.25
2015-06-12,52.00,53.369999,52.00,52.869999,4097900,52.869999
2015-06-11,52.91,53.529999,52.330002,52.50,3370900,52.50
2015-06-10,52.32,53.099998,51.470001,52.419998,6406700,52.419998
2015-06-09,50.349998,52.900002,49.849998,52.580002,12212200,52.580002
2015-06-08,53.48,53.599998,51.029999,51.73,9231900,51.73
2015-06-05,54.619999,54.939999,53.830002,54.09,4867100,54.09
2015-06-04,55.50,56.369999,53.990002,54.57,7131100,54.57
2015-06-03,56.189999,56.389999,55.310001,55.869999,3668100,55.869999
2015-06-02,55.119999,56.369999,54.360001,55.950001,6719800,55.950001
2015-06-01,54.759998,56.889999,54.07,56.310001,9487300,56.310001
2015-05-29,53.560001,54.799999,52.799999,54.59,7309900,54.59
2015-05-28,53.700001,54.169998,53.279999,53.490002,4948800,53.490002
2015-05-27,52.369999,54.00,52.25,53.700001,6443600,53.700001
2015-05-26,54.099998,54.099998,51.68,51.919998,11236700,51.919998
2015-05-22,54.419998,54.630001,53.110001,53.689999,6738900,53.689999
2015-05-21,54.599998,55.369999,54.080002,54.130001,10723100,54.130001
2015-05-20,60.57,60.580002,54.220001,54.540001,22711300,54.540001
2015-05-19,62.740002,63.220001,60.720001,60.810001,4842100,60.810001
2015-05-18,61.630001,62.279999,61.389999,62.25,4207300,62.25
2015-05-15,62.209999,62.580002,61.400002,61.599998,2803500,61.599998
2015-05-14,61.599998,62.16,61.169998,61.75,3722900,61.75
2015-05-13,62.450001,63.450001,61.060001,61.23,4511600,61.23
2015-05-12,62.25,62.349998,61.490002,61.860001,4355100,61.860001
2015-05-11,62.700001,63.639999,62.16,62.950001,2726500,62.950001
2015-05-08,62.240002,63.900002,62.07,62.439999,4829000,62.439999
2015-05-07,59.810001,62.790001,59.810001,62.52,7861100,62.52
2015-05-06,59.110001,59.990002,57.700001,59.439999,4303600,59.439999
2015-05-05,59.91,60.48,58.93,59.23,3617200,59.23
2015-05-04,61.939999,62.18,60.59,60.919998,3769700,60.919998
2015-05-01,60.34,61.959999,59.919998,61.400002,4519800,61.400002
2015-04-30,59.900002,61.290001,59.330002,59.740002,7179900,59.740002
2015-04-29,61.00,61.27,57.950001,59.869999,7502800,59.869999
2015-04-28,61.799999,61.950001,59.93,61.419998,4211900,61.419998
2015-04-27,62.939999,63.470001,61.740002,61.98,4915300,61.98
2015-04-24,63.439999,64.949997,63.400002,63.509998,8820000,63.509998
2015-04-23,62.740002,64.099998,62.310001,62.799999,8683800,62.799999
2015-04-22,63.799999,64.239998,62.900002,64.019997,6286000,64.019997
2015-04-21,62.700001,63.919998,62.080002,63.700001,5716600,63.700001
2015-04-20,62.00,62.50,61.060001,62.400002,4736100,62.400002
