Date,Open,High,Low,Close,Volume,Adj Close
2015-10-09,35.209999,35.419998,34.990002,35.400002,1512700,35.400002
2015-10-08,35.110001,35.419998,34.23,35.240002,2258900,35.240002
2015-10-07,34.860001,35.130001,34.639999,35.110001,2350700,35.110001
2015-10-06,35.23,35.490002,34.849998,34.970001,1331900,34.692002
2015-10-05,35.360001,35.419998,34.959999,35.290001,1455700,35.009458
2015-10-02,34.369999,35.060001,34.360001,35.029999,1827400,34.751523
2015-10-01,34.599998,34.779999,34.259998,34.68,1661800,34.404306
2015-09-30,34.580002,34.639999,34.150002,34.48,2706700,34.205896
2015-09-29,33.540001,34.389999,33.360001,34.200001,2264300,33.928123
2015-09-28,33.709999,33.779999,33.080002,33.470001,1637400,33.203926
2015-09-25,33.68,34.150002,33.509998,33.790001,1687700,33.521382
2015-09-24,33.860001,34.09,33.279999,33.619999,1693400,33.352732
2015-09-23,33.810001,34.09,33.619999,33.91,1298000,33.640427
2015-09-22,33.860001,34.029999,33.619999,33.709999,1593300,33.442016
2015-09-21,33.790001,34.220001,33.740002,34.040001,1762400,33.769395
2015-09-18,33.080002,34.349998,33.060001,33.700001,2649700,33.432098
2015-09-17,33.25,34.110001,33.00,33.529999,1948700,33.263447
2015-09-16,32.790001,33.34,32.029999,33.25,1254300,32.985674
2015-09-15,32.27,32.950001,32.02,32.84,1887200,32.578934
2015-09-14,32.369999,32.400002,32.02,32.169998,1032500,31.914258
2015-09-11,31.35,32.290001,31.24,32.279999,1356900,32.023384
2015-09-10,31.139999,31.75,31.049999,31.370001,1088300,31.12062
2015-09-09,31.959999,32.990002,31.15,31.190001,1136200,30.942051
2015-09-08,31.75,31.75,31.25,31.610001,1195300,31.358712
2015-09-04,31.51,31.540001,30.92,31.16,948000,30.912289
2015-09-03,31.860001,32.099998,31.709999,31.780001,898600,31.527361
2015-09-02,31.780001,31.969999,31.41,31.76,1314800,31.507519
2015-09-01,31.629999,32.130001,31.280001,31.52,1744600,31.269427
2015-08-31,32.759998,32.990002,32.299999,32.299999,3637700,32.043226
2015-08-28,32.700001,32.919998,32.400002,32.810001,1352000,32.549173
2015-08-27,32.189999,32.919998,31.90,32.77,2005600,32.50949
2015-08-26,31.639999,32.07,31.23,31.99,2592600,31.73569
2015-08-25,32.470001,32.619999,31.10,31.139999,2690500,30.892447
2015-08-24,30.030001,33.110001,30.030001,32.080002,3421800,31.824977
2015-08-21,34.619999,34.77,33.880001,33.880001,2139800,33.610667
2015-08-20,34.790001,35.150002,34.349998,34.889999,2305400,34.612636
2015-08-19,35.049999,35.34,34.950001,35.080002,3239800,34.801128
2015-08-18,35.330002,35.68,35.279999,35.669998,2791200,35.386434
2015-08-17,34.82,35.439999,34.619999,35.439999,1766700,35.158263
2015-08-14,34.740002,34.810001,34.150002,34.810001,1595500,34.533274
2015-08-13,34.759998,34.939999,34.43,34.830002,1341500,34.553115
2015-08-12,34.66,34.880001,34.48,34.869999,1748500,34.592795
2015-08-11,34.290001,34.790001,34.009998,34.779999,1731500,34.50351
2015-08-10,34.450001,34.490002,34.080002,34.349998,1216700,34.076928
2015-08-07,34.07,34.41,33.77,34.349998,1398200,34.076928
2015-08-06,33.919998,34.150002,33.529999,34.119999,1512300,33.848757
2015-08-05,34.119999,34.169998,33.639999,33.950001,1406300,33.68011
2015-08-04,34.18,34.52,34.009998,34.099998,1480200,33.828915
2015-08-03,33.889999,34.220001,33.77,34.220001,1589100,33.947964
2015-07-31,33.849998,34.060001,33.689999,33.810001,2038000,33.541224
2015-07-30,33.279999,33.439999,33.139999,33.419998,1171200,33.154321
2015-07-29,33.380001,33.380001,33.009998,33.369999,1286700,33.104719
2015-07-28,33.470001,33.810001,33.07,33.380001,2399800,33.114642
2015-07-27,33.52,33.830002,33.389999,33.439999,1959700,33.174162
2015-07-24,33.549999,33.619999,33.34,33.470001,1163100,33.203926
2015-07-23,33.630001,33.639999,33.16,33.41,1673900,33.144402
2015-07-22,33.400002,33.740002,33.400002,33.66,1112400,33.392415
2015-07-21,33.639999,33.880001,33.389999,33.41,1142900,33.144402
2015-07-20,33.23,33.57,33.200001,33.57,1376700,33.30313
2015-07-17,33.52,33.52,33.200001,33.34,710400,33.074959
2015-07-16,33.459999,33.990002,33.389999,33.509998,869500,33.243606
2015-07-15,33.41,33.419998,33.080002,33.330002,1393200,33.06504
2015-07-14,33.119999,33.700001,32.810001,33.27,921700,33.005516
2015-07-13,33.299999,33.560001,32.91,33.02,1299300,32.757503
2015-07-10,33.130001,33.400002,32.950001,33.029999,1739500,32.767422
2015-07-09,33.23,33.259998,32.869999,32.990002,1767600,32.727743
2015-07-08,33.060001,33.25,32.950001,33.099998,2125100,32.836865
2015-07-07,33.099998,33.529999,33.080002,33.380001,3817300,32.838851
2015-07-06,32.720001,33.02,32.650002,32.959999,1591900,32.425658
2015-07-02,32.889999,33.27,32.75,32.860001,1898300,32.327281
2015-07-01,32.130001,32.669998,31.98,32.669998,2473000,32.140358
2015-06-30,32.509998,32.630001,32.009998,32.029999,2747700,31.510735
2015-06-29,32.57,32.970001,32.150002,32.169998,2103000,31.648464
2015-06-26,32.369999,32.799999,32.240002,32.59,2831200,32.061657
2015-06-25,32.610001,32.790001,32.369999,32.369999,1657200,31.845223
2015-06-24,32.66,33.009998,32.509998,32.549999,2198700,32.022305
2015-06-23,32.849998,32.98,32.549999,32.610001,2562900,32.081334
2015-06-22,33.349998,33.59,32.91,32.93,2692400,32.396145
2015-06-19,33.560001,33.619999,33.220001,33.27,2294900,32.730634
2015-06-18,33.040001,33.740002,33.040001,33.639999,1505800,33.094634
2015-06-17,32.849998,33.080002,32.439999,33.009998,1476400,32.474847
2015-06-16,32.630001,33.029999,32.509998,32.790001,2393000,32.258416
2015-06-15,32.459999,32.709999,32.240002,32.59,2234000,32.061657
2015-06-12,32.580002,32.740002,32.349998,32.549999,2297300,32.022305
2015-06-11,32.119999,32.400002,32.049999,32.400002,1664000,31.874739
2015-06-10,31.59,32.119999,31.43,31.92,1371700,31.402519
2015-06-09,31.67,31.91,31.549999,31.620001,1099600,31.107383
2015-06-08,31.76,31.91,31.52,31.73,862500,31.215599
2015-06-05,31.32,31.93,31.049999,31.709999,1852700,31.195923
2015-06-04,31.76,31.940001,31.52,31.719999,1047900,31.205761
2015-06-03,32.48,32.700001,31.690001,31.77,1674600,31.254951
2015-06-02,32.970001,33.099998,32.450001,32.509998,1510300,31.982952
2015-06-01,32.630001,33.200001,32.450001,33.119999,2151000,32.583064
2015-05-29,33.00,33.040001,32.48,32.560001,4267500,32.032145
2015-05-28,33.189999,33.240002,32.939999,33.119999,1502400,32.583064
2015-05-27,32.720001,33.220001,32.549999,33.189999,1127200,32.651929
2015-05-26,32.880001,32.880001,32.490002,32.610001,1049900,32.081334
2015-05-22,32.73,33.09,32.599998,32.900002,732900,32.366633
2015-05-21,33.119999,33.130001,32.689999,32.82,912500,32.287928
2015-05-20,32.799999,33.279999,32.799999,33.009998,1277300,32.474847
2015-05-19,32.959999,33.150002,32.799999,32.93,1915200,32.396145
2015-05-18,33.209999,33.330002,33.009998,33.09,1022900,32.553551
2015-05-15,33.209999,33.509998,33.060001,33.360001,1064000,32.819175
2015-05-14,32.68,33.130001,32.66,33.09,1201600,32.553551
2015-05-13,33.189999,33.48,32.470001,32.540001,1267000,32.012469
2015-05-12,32.610001,33.16,32.310001,33.049999,867900,32.514199
2015-05-11,33.450001,33.630001,32.73,32.82,1576100,32.287928
2015-05-08,33.48,33.959999,33.43,33.549999,1516500,33.006093
2015-05-07,32.389999,33.130001,32.32,33.009998,1565100,32.474847
2015-05-06,32.32,32.549999,32.119999,32.27,1834600,31.746845
2015-05-05,33.130001,33.189999,32.130001,32.279999,1658500,31.756682
2015-05-04,33.279999,33.68,33.119999,33.200001,1494100,32.661769
2015-05-01,32.82,33.419998,32.75,32.950001,1777100,32.415822
2015-04-30,33.349998,33.470001,32.490002,32.77,3450900,32.23874
2015-04-29,33.470001,33.799999,33.029999,33.43,2494900,32.88804
2015-04-28,33.810001,34.009998,33.549999,33.849998,2072800,33.301229
2015-04-27,33.630001,33.799999,33.459999,33.650002,2111500,33.104474
2015-04-24,33.310001,33.709999,33.209999,33.509998,1580900,32.966741
2015-04-23,33.16,33.41,33.060001,33.34,1063600,32.799498
2015-04-22,32.759998,33.400002,32.73,33.189999,1250700,32.651929
2015-04-21,32.709999,32.990002,32.66,32.73,796600,32.199387
2015-04-20,32.650002,32.740002,32.41,32.560001,969300,32.032145
2015-04-17,32.450001,32.68,32.259998,32.580002,1089400,32.051821
2015-04-16,32.299999,32.740002,32.18,32.59,860900,32.061657
2015-04-15,32.77,32.970001,32.349998,32.360001,1151100,31.835387
2015-04-14,32.619999,33.07,32.580002,32.720001,1285200,32.189551
2015-04-13,32.939999,33.110001,32.75,32.75,1409800,31.945571
