Date,Open,High,Low,Close,Volume,Adj Close
2015-10-09,22.780001,22.832001,22.469999,22.610001,220300,22.610001
2015-10-08,22.48,22.82,22.450001,22.74,374500,22.74
2015-10-07,22.290001,22.57,22.205,22.549999,481400,22.549999
2015-10-06,22.190001,22.450001,22.110001,22.209999,270700,22.209999
2015-10-05,21.98,22.285,21.85,22.209999,317700,22.209999
2015-10-02,21.49,21.84,21.16,21.84,394900,21.84
2015-10-01,21.65,21.809999,21.295,21.58,576400,21.58
2015-09-30,21.75,21.860001,21.549999,21.59,753800,21.59
2015-09-29,21.18,21.639999,21.00,21.59,894400,21.59
2015-09-28,21.24,21.280001,20.84,21.139999,401600,21.139999
2015-09-25,21.209999,21.50,21.120001,21.309999,417200,21.309999
2015-09-24,21.190001,21.34,21.01,21.09,644200,21.09
2015-09-23,21.43,21.48,21.120001,21.25,494300,21.25
2015-09-22,21.60,21.709999,21.33,21.360001,579600,21.360001
2015-09-21,21.719999,22.049999,21.57,21.74,827300,21.74
2015-09-18,21.43,21.92,21.42,21.66,1921600,21.66
2015-09-17,21.26,21.969999,21.125,21.690001,1151500,21.690001
2015-09-16,21.01,21.379999,20.93,21.27,490600,21.27
2015-09-15,20.610001,20.98,20.583,20.959999,490500,20.959999
2015-09-14,20.440001,20.639999,20.360001,20.60,534100,20.60
2015-09-11,19.940001,20.469999,19.75,20.43,859600,20.43
2015-09-10,20.139999,20.49,20.00,20.16,578900,19.959999
2015-09-09,20.559999,20.67,20.139999,20.18,704900,19.979801
2015-09-08,20.25,20.51,20.09,20.379999,777200,20.177816
2015-09-04,20.48,20.48,19.969999,20.120001,499700,19.920397
2015-09-03,20.540001,20.92,20.280001,20.73,649800,20.524344
2015-09-02,20.530001,20.700001,20.280001,20.549999,431400,20.34613
2015-09-01,20.57,20.82,20.209999,20.27,450900,20.068909
2015-08-31,21.26,21.33,20.82,20.91,740000,20.702559
2015-08-28,21.41,21.610001,21.24,21.33,1912400,21.118392
2015-08-27,21.15,21.49,20.90,21.440001,888200,21.227302
2015-08-26,20.709999,21.110001,20.43,21.030001,586000,20.821369
2015-08-25,21.34,21.34,20.34,20.360001,767700,20.158016
2015-08-24,21.309999,21.620001,20.75,20.83,729100,20.623353
2015-08-21,22.139999,22.450001,21.99,21.99,526100,21.771845
2015-08-20,22.65,22.76,22.389999,22.440001,527400,22.217381
2015-08-19,22.799999,22.92,22.629999,22.790001,487800,22.563909
2015-08-18,22.98,23.110001,22.59,22.93,476200,22.70252
2015-08-17,22.65,23.139999,22.51,23.059999,652600,22.831229
2015-08-14,22.690001,22.77,22.450001,22.690001,775500,22.464901
2015-08-13,22.41,22.790001,22.24,22.74,475700,22.514404
2015-08-12,22.32,22.51,22.08,22.48,592800,22.256983
2015-08-11,21.84,22.41,21.719999,22.360001,440900,22.138175
2015-08-10,22.370001,22.530001,21.85,21.92,768100,21.702539
2015-08-07,21.82,22.42,21.66,22.280001,757500,22.058968
2015-08-06,21.620001,21.950001,21.219999,21.940001,1246300,21.722341
2015-08-05,21.709999,21.76,21.42,21.629999,729600,21.415415
2015-08-04,21.629999,21.879999,21.459999,21.639999,519600,21.425316
2015-08-03,21.459999,21.66,21.41,21.639999,305100,21.425316
2015-07-31,21.51,21.584999,21.379999,21.469999,827000,21.257003
2015-07-30,21.370001,21.51,21.200001,21.440001,393000,21.227302
2015-07-29,21.309999,21.559999,21.219999,21.440001,297000,21.227302
2015-07-28,21.50,21.50,21.120001,21.379999,671400,21.167896
2015-07-27,20.950001,21.469999,20.950001,21.43,555700,21.217401
2015-07-24,20.969999,21.07,20.75,20.809999,280200,20.603551
2015-07-23,21.40,21.49,20.889999,21.049999,244100,20.841169
2015-07-22,21.35,21.610001,21.309999,21.440001,344200,21.227302
2015-07-21,21.41,21.559999,21.334999,21.389999,337600,21.177797
2015-07-20,21.559999,21.59,21.299999,21.459999,248600,21.247102
2015-07-17,21.52,21.620001,21.309999,21.58,598400,21.365912
2015-07-16,21.549999,21.700001,21.389999,21.530001,390000,21.316409
2015-07-15,21.450001,21.559999,21.26,21.48,384800,21.266904
2015-07-14,21.33,21.530001,21.26,21.450001,404400,21.237203
2015-07-13,21.370001,21.469999,21.200001,21.389999,396100,21.177797
2015-07-10,21.18,21.379999,20.99,21.219999,414300,21.009483
2015-07-09,21.25,21.290001,20.99,21.02,366100,20.811468
2015-07-08,21.200001,21.27,21.01,21.049999,529300,20.841169
2015-07-07,21.02,21.309999,20.879999,21.25,334400,21.039186
2015-07-06,20.92,21.08,20.76,20.98,447700,20.771864
2015-07-02,20.98,21.24,20.809999,20.98,520500,20.771864
2015-07-01,20.84,20.92,20.594,20.889999,664000,20.682757
2015-06-30,21.00,21.014999,20.620001,20.790001,845700,20.58375
2015-06-29,21.559999,22.110001,20.90,20.91,906600,20.702559
2015-06-26,21.780001,21.780001,21.469999,21.540001,5555700,21.32631
2015-06-25,22.07,22.07,21.74,21.790001,571400,21.57383
2015-06-24,22.360001,22.469999,21.969999,22.030001,387500,21.811449
2015-06-23,22.27,22.42,21.98,22.35,602900,22.128274
2015-06-22,22.620001,22.860001,22.27,22.280001,495800,22.058968
2015-06-19,22.719999,22.809999,22.33,22.40,1244100,22.177777
2015-06-18,22.379999,22.629999,22.360001,22.58,300900,22.355991
2015-06-17,22.059999,22.370001,21.879999,22.309999,303000,22.08867
2015-06-16,21.98,22.125,21.83,21.950001,684600,21.732242
2015-06-15,22.309999,22.540001,21.870001,22.02,395300,21.801548
2015-06-12,22.450001,22.469999,22.09,22.440001,308900,22.217381
2015-06-11,21.93,22.139999,21.885,22.139999,284900,21.920356
2015-06-10,21.799999,22.139999,21.799999,22.09,329700,21.672838
2015-06-09,21.90,22.030001,21.73,21.780001,263100,21.368693
2015-06-08,21.610001,22.049999,21.559999,21.969999,324200,21.555103
2015-06-05,21.799999,21.93,21.52,21.879999,519200,21.466803
2015-06-04,21.74,21.99,21.629999,21.92,431000,21.506048
2015-06-03,21.870001,21.90,21.709999,21.82,478800,21.407936
2015-06-02,21.709999,21.91,21.57,21.879999,309300,21.466803
2015-06-01,21.639999,21.91,21.469999,21.809999,469800,21.398125
2015-05-29,21.959999,22.084999,21.445,21.60,1138900,21.192092
2015-05-28,22.040001,22.17,21.889999,21.99,385200,21.574726
2015-05-27,21.959999,22.129999,21.92,22.10,553100,21.682649
2015-05-26,22.02,22.15,21.879999,21.98,660600,21.564915
2015-05-22,22.129999,22.360001,21.98,22.120001,626400,21.702272
2015-05-21,22.15,22.24,22.00,22.120001,347100,21.702272
2015-05-20,22.17,22.35,22.10,22.209999,189600,21.790571
2015-05-19,22.18,22.280001,22.00,22.190001,751000,21.77095
2015-05-18,22.059999,22.32,21.959999,22.18,397900,21.761139
2015-05-15,22.059999,22.299999,21.98,22.15,1019400,21.731704
2015-05-14,21.870001,22.059999,21.648001,21.98,393000,21.564915
2015-05-13,21.77,22.059999,21.59,21.639999,575000,21.231335
2015-05-12,21.84,22.01,21.59,21.790001,477700,21.378504
2015-05-11,22.379999,22.469999,21.49,21.76,992500,21.34907
2015-05-08,22.23,22.51,22.059999,22.10,496900,21.682649
2015-05-07,21.77,22.48,21.77,21.969999,959000,21.555103
2015-05-06,21.959999,22.02,21.60,21.889999,658900,21.476614
2015-05-05,22.360001,22.42,21.809999,21.940001,300000,21.525671
2015-05-04,22.540001,22.809999,22.40,22.469999,205400,22.045661
2015-05-01,22.60,22.780001,22.299999,22.50,618500,22.075095
2015-04-30,22.77,22.91,22.389999,22.629999,299000,22.202639
2015-04-29,23.139999,23.24,22.809999,22.93,611000,22.496975
2015-04-28,23.219999,23.379999,22.950001,23.23,264900,22.791309
2015-04-27,23.389999,23.450001,23.17,23.27,214900,22.830554
2015-04-24,23.459999,23.66,23.370001,23.40,96000,22.958099
2015-04-23,23.540001,23.65,23.35,23.49,118900,23.046399
2015-04-22,23.549999,23.59,23.309999,23.57,259400,23.124888
2015-04-21,23.530001,23.66,23.43,23.59,145500,23.144511
2015-04-20,23.629999,23.629999,23.40,23.51,383200,23.066022
2015-04-17,23.51,23.690001,23.41,23.57,111400,23.124888
2015-04-16,23.65,23.709999,23.27,23.620001,174800,23.173945
2015-04-15,23.889999,24.17,23.639999,23.719999,267200,23.272055
2015-04-14,23.85,24.02,23.629999,23.92,119500,23.468279
2015-04-13,23.90,24.139999,23.790001,23.790001,860400,23.340735
