Date,Open,High,Low,Close,Volume,Adj Close
2015-10-16,40.360001,40.450001,39.709999,40.169998,432000,40.169998
2015-10-15,39.880001,40.330002,39.290001,40.25,347000,40.25
2015-10-14,39.91,40.380001,39.610001,39.959999,255800,39.959999
2015-10-13,39.639999,40.540001,39.599998,39.84,437800,39.84
2015-10-12,40.150002,40.200001,39.540001,39.75,346800,39.75
2015-10-09,39.66,40.349998,39.580002,39.919998,601900,39.919998
2015-10-08,38.41,39.439999,38.41,39.34,424800,39.34
2015-10-07,38.00,38.990002,37.84,38.459999,701300,38.459999
2015-10-06,37.57,38.32,37.529999,37.619999,535100,37.619999
2015-10-05,36.630001,38.09,36.610001,37.77,853700,37.77
2015-10-02,35.52,36.119999,35.240002,36.099998,777700,36.099998
2015-10-01,35.889999,36.639999,35.720001,35.990002,426700,35.990002
2015-09-30,35.77,36.07,35.34,35.75,727500,35.75
2015-09-29,35.41,36.00,35.200001,35.830002,723300,35.430002
2015-09-28,36.59,36.84,35.459999,35.490002,470800,35.093797
2015-09-25,37.610001,37.610001,36.82,36.860001,380700,36.448502
2015-09-24,36.790001,37.310001,36.41,37.220001,659100,36.804483
2015-09-23,37.48,37.619999,36.950001,37.029999,638300,36.616602
2015-09-22,37.790001,38.32,37.34,37.470001,580000,37.051692
2015-09-21,38.439999,38.869999,38.189999,38.400002,310900,37.97131
2015-09-18,38.709999,38.790001,38.029999,38.16,717500,37.733988
2015-09-17,39.52,39.759998,39.040001,39.099998,526500,38.663493
2015-09-16,38.50,39.490002,38.41,39.369999,317700,38.930479
2015-09-15,38.700001,38.919998,38.34,38.389999,757100,37.96142
2015-09-14,39.060001,39.150002,38.650002,38.700001,790900,38.267961
2015-09-11,39.16,39.389999,38.919998,39.029999,504400,38.594274
2015-09-10,39.349998,39.799999,38.98,39.32,901200,38.881038
2015-09-09,40.279999,40.560001,39.259998,39.48,731800,39.039252
2015-09-08,39.68,40.080002,39.25,40.029999,425200,39.583111
2015-09-04,38.349998,39.150002,38.23,38.889999,709500,38.455838
2015-09-03,38.939999,39.639999,38.529999,38.91,714600,38.475615
2015-09-02,39.00,39.00,38.150002,38.509998,1128700,38.080079
2015-09-01,39.360001,39.68,38.349998,38.610001,979400,38.178965
2015-08-31,39.779999,40.610001,39.490002,40.209999,867600,39.761101
2015-08-28,39.00,40.330002,38.779999,39.98,987400,39.53367
2015-08-27,38.299999,39.41,37.990002,39.130001,952200,38.69316
2015-08-26,36.889999,38.00,36.630001,37.860001,1042000,37.437338
2015-08-25,38.189999,38.189999,36.200001,36.220001,727600,35.815647
2015-08-24,36.779999,38.360001,35.75,36.990002,1084500,36.577052
2015-08-21,40.669998,40.900002,38.669998,38.77,2011900,38.337179
2015-08-20,38.459999,41.049999,37.880001,40.889999,2404100,40.43351
2015-08-19,38.959999,39.130001,38.240002,38.91,804700,38.475615
2015-08-18,39.779999,39.939999,39.139999,39.349998,389900,38.910702
2015-08-17,39.07,39.689999,38.720001,39.68,750900,39.237019
2015-08-14,38.98,39.540001,38.98,39.200001,639900,38.762379
2015-08-13,39.490002,39.650002,39.040001,39.080002,644200,38.643719
2015-08-12,39.41,39.599998,38.77,39.330002,1097800,38.890928
2015-08-11,40.299999,40.689999,39.68,39.75,542000,39.306238
2015-08-10,40.279999,40.950001,40.139999,40.82,399900,40.364292
2015-08-07,40.02,40.41,39.790001,40.09,491600,39.642442
2015-08-06,40.349998,40.349998,39.669998,40.040001,328000,39.593001
2015-08-05,40.650002,40.970001,40.02,40.18,394800,39.731438
2015-08-04,40.43,40.869999,40.16,40.25,273600,39.800656
2015-08-03,40.639999,40.639999,39.790001,40.279999,284200,39.83032
2015-07-31,40.009998,40.919998,39.869999,40.66,739900,40.206078
2015-07-30,40.02,40.970001,39.560001,40.00,614800,39.553447
2015-07-29,40.25,40.720001,40.150002,40.52,533100,40.067642
2015-07-28,39.380001,40.560001,39.150002,40.310001,544400,39.859987
2015-07-27,39.18,39.689999,39.02,39.189999,325700,38.752488
2015-07-24,40.41,40.529999,39.34,39.619999,326000,39.177688
2015-07-23,41.200001,41.200001,40.459999,40.48,302000,40.028088
2015-07-22,40.75,41.419998,40.75,40.849998,340200,40.393956
2015-07-21,41.66,41.810001,40.93,40.98,379000,40.522506
2015-07-20,41.450001,41.900002,41.16,41.849998,428100,41.382792
2015-07-17,41.740002,41.830002,41.290001,41.380001,378800,40.918042
2015-07-16,41.360001,42.169998,41.110001,41.689999,556200,41.224579
2015-07-15,42.220001,42.25,41.16,41.259998,544100,40.799379
2015-07-14,41.959999,42.380001,41.799999,42.209999,322300,41.738774
2015-07-13,41.00,42.139999,41.00,42.09,613400,41.620115
2015-07-10,40.700001,40.990002,40.450001,40.599998,422100,40.146747
2015-07-09,40.779999,40.779999,39.849998,40.029999,420300,39.583111
2015-07-08,41.00,41.400002,40.07,40.330002,472300,39.879765
2015-07-07,41.009998,41.919998,40.200001,41.669998,605500,41.204801
2015-07-06,41.09,41.650002,40.939999,41.110001,572400,40.651056
2015-07-02,41.330002,41.799999,41.139999,41.48,649100,41.016924
2015-07-01,41.959999,42.110001,41.310001,41.639999,397600,41.175137
2015-06-30,42.02,42.200001,41.09,41.400002,673100,40.937819
2015-06-29,43.220001,43.740002,41.779999,41.959999,668000,41.09603
2015-06-26,43.259998,43.880001,42.990002,43.779999,671500,42.486792
2015-06-25,43.169998,43.50,42.84,43.220001,477900,41.943336
2015-06-24,43.330002,43.669998,43.099998,43.150002,416100,41.875404
2015-06-23,43.639999,43.73,42.970001,43.380001,370900,42.09861
2015-06-22,44.110001,44.150002,42.970001,43.52,585800,42.234474
2015-06-19,44.32,44.939999,44.32,44.549999,480200,43.234048
2015-06-18,43.82,44.639999,43.639999,44.220001,320600,42.913798
2015-06-17,43.880001,44.290001,43.41,43.529999,221000,42.244177
2015-06-16,43.50,44.330002,43.439999,43.790001,285100,42.496499
2015-06-15,43.599998,43.700001,43.07,43.529999,254500,42.244177
2015-06-12,44.290001,44.400002,43.869999,43.900002,244300,42.60325
2015-06-11,43.73,44.57,43.73,44.57,316400,43.253458
2015-06-10,43.59,44.41,43.549999,43.720001,322500,42.428567
2015-06-09,43.349998,43.669998,43.02,43.23,185000,41.953039
2015-06-08,43.450001,43.540001,43.119999,43.240002,220500,41.962746
2015-06-05,43.240002,43.66,43.060001,43.369999,382500,42.088903
2015-06-04,43.759998,43.759998,43.279999,43.599998,268000,42.312109
2015-06-03,43.650002,43.98,43.43,43.68,207900,42.389748
2015-06-02,43.259998,43.700001,43.200001,43.419998,337000,42.137426
2015-06-01,43.220001,43.619999,42.799999,43.41,453600,42.127723
2015-05-29,44.080002,44.23,43.060001,43.220001,549300,41.943336
2015-05-28,44.34,44.52,43.880001,44.110001,290700,42.807046
2015-05-27,43.98,44.580002,43.689999,44.529999,306700,43.214638
2015-05-26,44.150002,44.48,43.880001,43.970001,408800,42.671182
2015-05-22,44.490002,44.790001,44.34,44.700001,224000,43.379619
2015-05-21,44.490002,45.299999,44.32,44.68,402100,43.360209
2015-05-20,44.720001,44.77,44.099998,44.439999,691400,43.127297
2015-05-19,45.049999,45.48,44.709999,44.75,402800,43.428141
2015-05-18,44.799999,45.77,44.509998,45.43,432500,44.088055
2015-05-15,45.009998,45.240002,44.540001,44.880001,453800,43.554302
2015-05-14,44.00,45.18,44.00,45.119999,915300,43.787211
2015-05-13,43.470001,43.93,43.130001,43.560001,489100,42.273293
2015-05-12,42.990002,43.240002,42.75,43.00,561300,41.729834
2015-05-11,42.66,43.200001,42.580002,43.00,441800,41.729834
2015-05-08,42.990002,43.040001,42.509998,42.709999,564500,41.448399
2015-05-07,42.799999,42.970001,42.299999,42.610001,653500,41.351354
2015-05-06,42.68,42.939999,42.580002,42.889999,693600,41.623082
2015-05-05,44.16,44.709999,42.169998,42.66,1767400,41.399877
2015-05-04,43.52,44.380001,43.34,44.25,579000,42.94291
2015-05-01,42.830002,43.689999,42.830002,43.240002,579400,41.962746
2015-04-30,41.900002,43.669998,41.900002,43.220001,1020600,41.943336
2015-04-29,42.830002,43.450001,42.560001,43.00,963300,41.729834
2015-04-28,43.02,43.290001,42.459999,43.009998,961800,41.739537
2015-04-27,43.119999,43.27,42.790001,43.07,1262200,41.797766
2015-04-24,43.240002,43.32,42.73,43.09,976400,41.817175
2015-04-23,43.02,43.419998,42.880001,43.080002,713700,41.807472
2015-04-22,42.830002,43.349998,42.529999,43.220001,721600,41.943336
2015-04-21,43.77,43.91,42.07,42.580002,981600,41.322242
2015-04-20,44.540001,44.619999,43.73,43.93,421600,42.632363
