Date,Open,High,Low,Close,Volume,Adj Close
2015-10-16,35.880001,36.169998,35.68,35.84,475600,35.84
2015-10-15,35.110001,35.790001,34.93,35.790001,378200,35.790001
2015-10-14,35.200001,35.380001,35.009998,35.060001,509000,35.060001
2015-10-13,35.540001,35.700001,35.16,35.16,454100,35.16
2015-10-12,35.450001,35.889999,35.380001,35.669998,832800,35.669998
2015-10-09,35.939999,35.990002,35.349998,35.419998,783300,35.419998
2015-10-08,35.68,36.169998,35.68,35.939999,784400,35.939999
2015-10-07,35.91,36.099998,35.549999,35.75,767600,35.75
2015-10-06,36.380001,36.380001,35.689999,35.709999,590000,35.709999
2015-10-05,35.310001,36.259998,35.189999,36.169998,875900,36.169998
2015-10-02,34.700001,35.189999,34.16,35.169998,633000,35.169998
2015-10-01,34.990002,35.200001,34.389999,34.68,804200,34.68
2015-09-30,33.880001,34.91,33.68,34.82,781500,34.82
2015-09-29,33.990002,34.119999,33.549999,33.720001,576000,33.720001
2015-09-28,34.310001,34.419998,33.830002,33.91,429800,33.91
2015-09-25,34.080002,34.700001,34.029999,34.330002,683400,34.330002
2015-09-24,33.779999,34.099998,33.709999,33.919998,889400,33.919998
2015-09-23,34.169998,34.360001,33.849998,33.939999,539400,33.939999
2015-09-22,34.099998,34.27,33.990002,34.189999,530800,34.189999
2015-09-21,34.34,34.66,34.049999,34.369999,726200,34.369999
2015-09-18,34.119999,34.560001,34.02,34.07,1117100,34.07
2015-09-17,34.040001,34.849998,34.040001,34.450001,499200,34.450001
2015-09-16,33.68,34.16,33.59,34.099998,577100,34.099998
2015-09-15,33.52,33.790001,33.41,33.68,639100,33.68
2015-09-14,33.470001,33.73,33.32,33.450001,774100,33.450001
2015-09-11,33.110001,33.400002,32.919998,33.389999,740600,33.389999
2015-09-10,33.779999,33.880001,33.34,33.419998,1148400,33.191997
2015-09-09,34.310001,34.310001,33.599998,33.630001,887000,33.400568
2015-09-08,33.82,34.040001,33.68,33.939999,713300,33.70845
2015-09-04,33.209999,33.630001,32.799999,33.50,791100,33.271453
2015-09-03,33.59,33.91,33.400002,33.57,412600,33.340975
2015-09-02,33.91,33.959999,33.349998,33.459999,1029200,33.231725
2015-09-01,33.619999,33.98,33.439999,33.560001,1431600,33.331045
2015-08-31,34.310001,34.310001,33.880001,34.080002,690700,33.847498
2015-08-28,34.299999,34.549999,34.23,34.459999,664000,34.224903
2015-08-27,33.950001,34.439999,33.689999,34.419998,926800,34.185175
2015-08-26,34.029999,34.029999,33.209999,33.650002,1473800,33.420432
2015-08-25,34.189999,34.689999,33.23,33.25,1662100,33.023159
2015-08-24,33.080002,34.669998,33.060001,33.84,1990000,33.609134
2015-08-21,34.779999,35.169998,34.540001,34.540001,1059800,34.304359
2015-08-20,35.700001,35.959999,35.07,35.099998,554700,34.860536
2015-08-19,36.110001,36.110001,35.549999,35.93,497600,35.684875
2015-08-18,36.759998,36.790001,36.259998,36.299999,420900,36.05235
2015-08-17,36.419998,36.860001,36.25,36.830002,746000,36.578737
2015-08-14,35.720001,36.490002,35.700001,36.490002,663700,36.241056
2015-08-13,36.02,36.09,35.720001,35.77,407000,35.525967
2015-08-12,35.330002,36.150002,35.32,36.139999,672200,35.893442
2015-08-11,35.23,35.540001,34.880001,35.400002,562800,35.158493
2015-08-10,35.200001,35.75,35.150002,35.34,473200,35.0989
2015-08-07,34.919998,35.279999,34.799999,35.139999,602200,34.900264
2015-08-06,35.009998,35.080002,34.669998,34.950001,1254900,34.711562
2015-08-05,35.130001,35.509998,34.990002,35.110001,1000900,34.87047
2015-08-04,36.119999,36.419998,35.040001,35.130001,1158500,34.890334
2015-08-03,36.77,36.830002,36.400002,36.639999,627700,36.390031
2015-07-31,36.919998,37.02,36.43,36.540001,1220800,36.290715
2015-07-30,36.200001,36.810001,35.84,36.599998,716000,36.350303
2015-07-29,35.66,36.380001,35.529999,36.279999,913800,36.032486
2015-07-28,35.580002,35.889999,35.200001,35.799999,730200,35.555761
2015-07-27,35.189999,35.689999,35.119999,35.560001,555100,35.317401
2015-07-24,35.400002,35.529999,35.25,35.34,575000,35.0989
2015-07-23,36.080002,36.150002,35.349998,35.43,642800,35.188287
2015-07-22,36.02,36.52,35.939999,36.049999,675300,35.804056
2015-07-21,35.959999,36.299999,35.950001,36.09,730200,35.843784
2015-07-20,36.119999,36.189999,35.860001,35.939999,531300,35.694806
2015-07-17,36.630001,36.650002,36.119999,36.150002,640800,35.903376
2015-07-16,36.240002,36.720001,36.240002,36.700001,631600,36.449623
2015-07-15,36.009998,36.369999,35.790001,36.16,765500,35.913306
2015-07-14,35.450001,36.080002,35.330002,36.049999,778900,35.804056
2015-07-13,35.66,35.990002,35.380001,35.490002,851700,35.247879
2015-07-10,34.900002,35.66,34.779999,35.490002,732800,35.247879
2015-07-09,35.59,35.700001,34.759998,34.82,1030000,34.582448
2015-07-08,35.16,35.599998,35.080002,35.43,1028600,35.188287
2015-07-07,34.57,35.349998,34.50,35.32,967700,35.079036
2015-07-06,34.700001,34.799999,34.450001,34.580002,789600,34.344087
2015-07-02,34.529999,34.900002,34.310001,34.73,700900,34.493061
2015-07-01,34.549999,34.68,34.130001,34.25,1174000,34.016337
2015-06-30,34.880001,34.98,34.400002,34.450001,1057400,34.214973
2015-06-29,34.959999,35.369999,34.709999,34.709999,488900,34.473197
2015-06-26,34.799999,35.150002,34.619999,35.07,715600,34.830742
2015-06-25,35.25,35.279999,34.82,34.869999,612300,34.632106
2015-06-24,35.490002,35.720001,35.119999,35.150002,517500,34.910198
2015-06-23,35.860001,35.93,35.27,35.560001,679900,35.317401
2015-06-22,35.82,36.130001,35.540001,35.900002,760100,35.655081
2015-06-19,35.619999,36.009998,35.619999,35.709999,1024000,35.466375
2015-06-18,35.310001,36.009998,35.310001,35.919998,732800,35.674942
2015-06-17,35.18,35.48,34.939999,35.189999,469600,34.949922
2015-06-16,34.950001,35.150002,34.77,35.02,809000,34.781084
2015-06-15,35.310001,35.43,34.939999,35.02,774000,34.781084
2015-06-12,35.799999,35.830002,35.290001,35.41,697300,35.168423
2015-06-11,35.82,36.07,35.630001,35.889999,936200,35.645147
2015-06-10,35.959999,36.049999,35.709999,35.82,901700,35.349181
2015-06-09,36.029999,36.16,35.619999,35.689999,833500,35.220889
2015-06-08,36.049999,36.200001,35.849998,35.98,661400,35.507078
2015-06-05,35.82,36.029999,35.560001,36.02,758300,35.546553
2015-06-04,36.310001,36.459999,36.07,36.110001,405800,35.63537
2015-06-03,36.50,36.810001,36.220001,36.330002,723900,35.85248
2015-06-02,36.880001,36.889999,36.209999,36.619999,896400,36.138665
2015-06-01,37.48,37.560001,37.02,37.040001,998000,36.553147
2015-05-29,36.98,37.52,36.869999,37.400002,1445300,36.908415
2015-05-28,36.73,37.110001,36.50,37.09,862300,36.602489
2015-05-27,36.759998,37.049999,36.610001,36.849998,1150800,36.365641
2015-05-26,36.759998,36.759998,36.450001,36.560001,1008000,36.079456
2015-05-22,36.810001,36.939999,36.50,36.91,1204300,36.424854
2015-05-21,37.59,37.759998,36.82,36.950001,1138600,36.464329
2015-05-20,37.740002,37.849998,37.529999,37.619999,726200,37.125521
2015-05-19,37.189999,37.82,37.110001,37.759998,1056900,37.26368
2015-05-18,37.130001,37.490002,37.009998,37.330002,802800,36.839336
2015-05-15,36.610001,37.259998,36.43,37.169998,1137200,36.681435
2015-05-14,35.509998,36.48,35.48,36.470001,1076200,35.990639
2015-05-13,35.889999,35.93,35.25,35.290001,877500,34.826149
2015-05-12,35.380001,35.720001,35.080002,35.68,1069300,35.211022
2015-05-11,34.98,35.650002,34.799999,35.439999,1227000,34.974175
2015-05-08,35.099998,35.310001,34.93,35.099998,906000,34.638644
2015-05-07,34.869999,35.09,34.540001,34.740002,871100,34.283379
2015-05-06,34.599998,34.759998,34.119999,34.709999,1733300,34.25377
2015-05-05,35.299999,35.990002,34.299999,34.400002,1780000,33.947847
2015-05-04,35.130001,35.869999,35.130001,35.400002,1266000,34.934703
2015-05-01,34.91,35.169998,34.740002,35.099998,658900,34.638644
2015-04-30,35.470001,35.48,34.580002,34.810001,1932800,34.352458
2015-04-29,35.389999,35.790001,35.290001,35.700001,726300,35.230759
2015-04-28,35.16,35.740002,34.93,35.610001,774200,35.141942
2015-04-27,35.610001,35.610001,35.119999,35.200001,905100,34.737331
2015-04-24,35.349998,35.68,35.25,35.490002,866500,35.023521
2015-04-23,35.099998,35.330002,34.639999,35.240002,1419700,34.776807
2015-04-22,34.639999,34.790001,34.389999,34.599998,747000,34.145216
2015-04-21,35.18,35.310001,34.540001,34.57,910300,34.115611
2015-04-20,34.98,35.389999,34.98,35.110001,479400,34.648514
