Date,Open,High,Low,Close,Volume,Adj Close
2015-10-15,16.57,16.799999,16.35,16.799999,1530500,16.799999
2015-10-14,16.84,16.92,16.41,16.459999,1370400,16.459999
2015-10-13,16.92,17.129999,16.879999,16.889999,1012600,16.889999
2015-10-12,16.91,17.059999,16.790001,17.049999,875400,17.049999
2015-10-09,17.17,17.18,16.799999,16.870001,1522100,16.870001
2015-10-08,16.860001,17.120001,16.76,17.110001,1256100,17.110001
2015-10-07,16.629999,16.959999,16.58,16.950001,1367500,16.950001
2015-10-06,16.49,16.610001,16.379999,16.530001,1586600,16.530001
2015-10-05,16.18,16.50,16.10,16.469999,1236200,16.469999
2015-10-02,15.91,16.059999,15.52,16.049999,2389100,16.049999
2015-10-01,16.25,16.360001,16.07,16.309999,2033100,16.309999
2015-09-30,16.299999,16.450001,16.16,16.299999,1674200,16.299999
2015-09-29,16.190001,16.360001,16.07,16.15,1181300,16.15
2015-09-28,16.26,16.35,16.10,16.190001,1633700,16.190001
2015-09-25,16.76,16.799999,16.42,16.450001,1661000,16.29
2015-09-24,16.25,16.549999,16.17,16.540001,1133500,16.379125
2015-09-23,16.40,16.540001,16.200001,16.389999,914100,16.230583
2015-09-22,16.18,16.42,16.02,16.32,1502500,16.161264
2015-09-21,16.18,16.450001,16.17,16.41,1590900,16.250389
2015-09-18,16.129999,16.24,15.95,16.030001,2991600,15.874085
2015-09-17,16.90,17.059999,16.43,16.50,1836400,16.339513
2015-09-16,16.84,16.90,16.610001,16.870001,1127800,16.705915
2015-09-15,16.940001,16.940001,16.50,16.84,1312600,16.676206
2015-09-14,16.59,16.700001,16.49,16.540001,960900,16.379125
2015-09-11,16.190001,16.58,16.190001,16.58,934900,16.418735
2015-09-10,16.43,16.74,16.42,16.559999,1054500,16.398929
2015-09-09,16.799999,16.889999,16.48,16.51,1514600,16.349416
2015-09-08,16.58,16.719999,16.25,16.709999,876200,16.54747
2015-09-04,16.190001,16.379999,16.16,16.280001,938500,16.121654
2015-09-03,16.23,16.51,16.15,16.379999,1662900,16.22068
2015-09-02,16.18,16.32,15.95,16.280001,1193500,16.121654
2015-09-01,16.35,16.459999,15.92,15.98,1749000,15.824571
2015-08-31,16.33,16.74,16.26,16.709999,1769900,16.54747
2015-08-28,16.27,16.58,16.27,16.459999,1610100,16.299901
2015-08-27,16.68,16.709999,16.25,16.40,2939200,16.240486
2015-08-26,15.91,16.200001,15.68,16.18,2587000,16.022626
2015-08-25,16.77,16.91,15.63,15.63,2953000,15.477975
2015-08-24,15.74,16.209999,15.53,15.67,2373600,15.517586
2015-08-21,16.299999,16.700001,16.280001,16.49,1817700,16.32961
2015-08-20,16.959999,17.00,16.67,16.67,1648000,16.50786
2015-08-19,17.25,17.309999,17.049999,17.10,1222500,16.933678
2015-08-18,17.43,17.540001,17.299999,17.34,1022500,17.171343
2015-08-17,17.33,17.559999,17.17,17.41,1403300,17.240662
2015-08-14,17.24,17.459999,17.129999,17.459999,881800,17.290175
2015-08-13,17.27,17.40,17.139999,17.26,1018600,17.092121
2015-08-12,17.43,17.620001,16.90,17.27,1637000,17.102024
2015-08-11,17.549999,17.690001,17.370001,17.57,1284600,17.399106
2015-08-10,17.540001,17.77,17.459999,17.77,1634500,17.597161
2015-08-07,17.51,17.639999,17.23,17.40,1576300,17.230759
2015-08-06,17.790001,17.90,17.450001,17.549999,1715100,17.3793
2015-08-05,17.83,18.01,17.709999,17.76,1735200,17.587258
2015-08-04,17.73,17.879999,17.68,17.74,1437400,17.567452
2015-08-03,17.799999,17.84,17.48,17.719999,1532800,17.547646
2015-07-31,17.91,17.93,17.700001,17.74,2062400,17.567452
2015-07-30,17.870001,17.940001,17.780001,17.879999,1441300,17.70609
2015-07-29,17.870001,17.98,17.780001,17.870001,1560900,17.696189
2015-07-28,18.07,18.129999,17.860001,17.91,1509900,17.735799
2015-07-27,18.129999,18.290001,17.92,18.00,1216300,17.824924
2015-07-24,18.370001,18.59,18.18,18.190001,1509900,18.013076
2015-07-23,18.799999,18.879999,18.40,18.43,1114100,18.250742
2015-07-22,18.450001,18.82,18.450001,18.719999,1116600,18.53792
2015-07-21,18.57,18.879999,18.48,18.50,1511100,18.32006
2015-07-20,18.549999,18.709999,18.389999,18.66,1943700,18.478504
2015-07-17,18.66,18.66,18.309999,18.469999,1966900,18.290352
2015-07-16,18.889999,18.889999,18.34,18.469999,2015600,18.290352
2015-07-15,18.35,18.450001,18.26,18.309999,1649200,18.131908
2015-07-14,18.18,18.440001,18.120001,18.32,1490200,18.141811
2015-07-13,18.23,18.42,18.200001,18.280001,1872600,18.102201
2015-07-10,18.09,18.17,17.879999,18.120001,1714500,17.943757
2015-07-09,17.83,17.98,17.719999,17.82,1296700,17.646674
2015-07-08,17.58,17.809999,17.50,17.639999,2000600,17.468425
2015-07-07,17.860001,17.99,17.43,17.719999,1848600,17.547646
2015-07-06,17.65,17.93,17.52,17.93,1760600,17.755605
2015-07-02,18.09,18.16,17.73,17.809999,1692400,17.636771
2015-07-01,18.34,18.34,17.99,18.08,2374900,17.904145
2015-06-30,18.059999,18.24,17.82,17.99,1892300,17.815021
2015-06-29,18.26,18.34,17.879999,17.889999,2103900,17.715993
2015-06-26,18.700001,18.860001,18.35,18.40,8582500,18.221033
2015-06-25,18.77,18.860001,18.610001,18.719999,1400600,18.389379
2015-06-24,18.76,18.860001,18.639999,18.690001,1402900,18.35991
2015-06-23,18.50,18.790001,18.360001,18.75,2104700,18.41885
2015-06-22,18.40,18.540001,18.33,18.49,1906100,18.163442
2015-06-19,18.50,18.540001,18.309999,18.32,2675500,17.996444
2015-06-18,18.309999,18.52,18.23,18.49,1609300,18.163442
2015-06-17,18.90,18.92,18.34,18.35,1796100,18.025915
2015-06-16,18.629999,18.90,18.450001,18.790001,1541000,18.458144
2015-06-15,18.559999,18.690001,18.32,18.540001,1302300,18.21256
2015-06-12,18.690001,18.73,18.530001,18.639999,905000,18.310792
2015-06-11,18.60,18.690001,18.459999,18.68,987800,18.350087
2015-06-10,18.50,18.719999,18.370001,18.60,2119000,18.2715
2015-06-09,18.18,18.530001,18.07,18.360001,2034300,18.035739
2015-06-08,18.10,18.309999,18.00,18.17,1515100,17.849094
2015-06-05,18.01,18.18,17.93,18.18,1785400,17.858917
2015-06-04,17.99,18.040001,17.77,17.879999,1348200,17.564215
2015-06-03,17.799999,18.139999,17.77,18.049999,1428900,17.731212
2015-06-02,17.57,17.860001,17.33,17.75,1194800,17.436511
2015-06-01,17.65,17.74,17.389999,17.610001,1568300,17.298985
2015-05-29,17.610001,17.639999,17.370001,17.59,1167300,17.279337
2015-05-28,17.66,17.73,17.51,17.639999,942400,17.328453
2015-05-27,17.43,17.719999,17.35,17.68,1327100,17.367748
2015-05-26,17.379999,17.42,17.26,17.41,857100,17.102516
2015-05-22,17.59,17.66,17.459999,17.49,956900,17.181103
2015-05-21,17.58,17.700001,17.48,17.629999,760300,17.31863
2015-05-20,17.75,17.75,17.57,17.629999,947600,17.31863
2015-05-19,17.57,17.76,17.540001,17.76,1083400,17.446335
2015-05-18,17.23,17.559999,17.219999,17.530001,1750600,17.220398
2015-05-15,17.35,17.40,17.09,17.219999,2322300,16.915871
2015-05-14,17.360001,17.440001,17.299999,17.40,1419900,17.092692
2015-05-13,17.18,17.360001,17.07,17.309999,821800,17.004282
2015-05-12,17.08,17.25,16.90,17.190001,796000,16.886402
2015-05-11,17.040001,17.24,16.99,17.110001,1058600,16.807815
2015-05-08,17.059999,17.139999,16.85,17.07,1168400,16.768521
2015-05-07,17.01,17.10,16.84,16.91,1532200,16.611347
2015-05-06,16.99,17.07,16.860001,17.049999,1054500,16.748874
2015-05-05,16.98,17.15,16.860001,16.92,1208400,16.62117
2015-05-04,16.870001,17.09,16.83,17.049999,837000,16.748874
2015-05-01,17.120001,17.209999,16.82,16.84,1128000,16.542583
2015-04-30,17.25,17.32,16.969999,17.01,1660800,16.709581
2015-04-29,17.280001,17.459999,17.24,17.290001,1218500,16.984636
2015-04-28,17.129999,17.379999,16.950001,17.34,1327800,17.033753
2015-04-27,17.209999,17.370001,16.91,17.059999,1046400,16.758697
2015-04-24,17.280001,17.32,17.049999,17.18,974900,16.876579
2015-04-23,17.25,17.360001,17.16,17.26,1488400,16.955166
2015-04-22,17.26,17.35,17.059999,17.24,1478800,16.935518
2015-04-21,17.309999,17.41,17.190001,17.200001,1468800,16.896226
2015-04-20,17.190001,17.35,17.09,17.27,1631000,16.964989
