Date,Open,High,Low,Close,Volume,Adj Close
2015-10-09,33.099998,33.349998,32.720001,32.970001,886600,32.970001
2015-10-08,32.869999,33.189999,32.759998,33.130001,1028600,33.130001
2015-10-07,32.91,33.169998,32.68,33.02,1082200,33.02
2015-10-06,32.66,32.889999,32.50,32.59,1038400,32.59
2015-10-05,32.169998,32.779999,32.02,32.73,1257100,32.73
2015-10-02,31.67,32.09,31.219999,31.950001,1969000,31.950001
2015-10-01,32.07,32.459999,31.950001,32.41,1697100,32.41
2015-09-30,31.940001,32.09,31.690001,32.080002,1468500,32.080002
2015-09-29,31.33,31.58,31.120001,31.530001,879300,31.530001
2015-09-28,31.66,31.83,31.190001,31.280001,1416100,31.280001
2015-09-25,32.060001,32.299999,31.790001,32.009998,1858000,32.009998
2015-09-24,31.059999,31.50,30.91,31.42,1048700,31.42
2015-09-23,31.48,31.68,31.299999,31.43,996600,31.43
2015-09-22,31.389999,31.60,31.16,31.41,1417300,31.41
2015-09-21,31.74,32.189999,31.68,31.860001,1476200,31.860001
2015-09-18,31.66,32.00,31.440001,31.629999,3084700,31.629999
2015-09-17,32.98,33.139999,32.099998,32.189999,1924500,32.189999
2015-09-16,32.970001,33.099998,32.75,32.970001,1702400,32.970001
2015-09-15,32.66,33.07,32.50,32.990002,977800,32.990002
2015-09-14,32.709999,32.830002,32.389999,32.459999,816800,32.459999
2015-09-11,32.48,32.810001,32.41,32.790001,946500,32.790001
2015-09-10,32.549999,33.080002,32.450001,32.779999,1389700,32.779999
2015-09-09,33.610001,33.73,32.619999,32.68,1364100,32.68
2015-09-08,32.970001,33.209999,32.639999,33.16,1708500,33.16
2015-09-04,32.43,32.630001,32.110001,32.25,1552400,32.25
2015-09-03,32.799999,33.34,32.779999,32.91,1376500,32.91
2015-09-02,32.900002,32.91,32.25,32.720001,983800,32.720001
2015-09-01,32.310001,32.900002,32.169998,32.32,1899000,32.32
2015-08-31,33.259998,33.830002,33.150002,33.540001,1987700,33.540001
2015-08-28,33.630001,34.00,33.349998,33.580002,1467100,33.580002
2015-08-27,33.240002,33.84,32.98,33.810001,2916100,33.810001
2015-08-26,32.709999,32.939999,32.27,32.849998,5326500,32.849998
2015-08-25,32.93,32.990002,31.809999,31.82,4373700,31.82
2015-08-24,32.16,33.07,29.809999,31.85,3345900,31.85
2015-08-21,34.23,34.369999,33.48,33.490002,1962300,33.490002
2015-08-20,35.189999,35.240002,34.669998,34.669998,1848300,34.669998
2015-08-19,36.040001,36.119999,35.450001,35.549999,1513100,35.549999
2015-08-18,36.16,36.360001,36.099998,36.220001,717300,36.220001
2015-08-17,35.889999,36.18,35.790001,36.18,1003200,36.18
2015-08-14,36.09,36.549999,35.91,36.150002,1633000,36.150002
2015-08-13,35.709999,36.200001,35.709999,36.009998,1319400,36.009998
2015-08-12,35.34,35.689999,34.740002,35.650002,2199800,35.650002
2015-08-11,35.759998,36.09,35.580002,35.709999,1517700,35.709999
2015-08-10,35.57,36.41,35.509998,36.259998,1598000,36.259998
2015-08-07,35.18,35.34,34.799999,35.09,1084300,35.09
2015-08-06,35.459999,35.580002,35.07,35.299999,893800,35.299999
2015-08-05,35.700001,35.880001,35.389999,35.52,947500,35.52
2015-08-04,35.59,35.91,35.48,35.59,1110900,35.59
2015-08-03,35.849998,36.00,35.369999,35.66,1498000,35.66
2015-07-31,36.07,36.18,35.68,35.84,1741300,35.84
2015-07-30,37.029999,37.459999,35.779999,36.099998,2513400,36.099998
2015-07-29,36.73,37.540001,36.57,37.459999,1752500,37.459999
2015-07-28,37.169998,37.259998,36.66,36.849998,1409600,36.664997
2015-07-27,37.080002,37.25,36.77,36.950001,1749600,36.764498
2015-07-24,36.700001,38.150002,36.349998,37.610001,3311400,37.421184
2015-07-23,36.310001,36.439999,36.09,36.200001,1459900,36.018263
2015-07-22,36.290001,36.990002,36.18,36.310001,1434700,36.127711
2015-07-21,36.290001,36.580002,36.169998,36.310001,1052800,36.127711
2015-07-20,36.48,36.779999,36.189999,36.279999,1469000,36.097859
2015-07-17,36.50,36.639999,36.00,36.369999,1046900,36.187408
2015-07-16,36.639999,36.709999,36.459999,36.619999,730400,36.436153
2015-07-15,36.169998,36.419998,36.040001,36.349998,860000,36.167508
2015-07-14,36.040001,36.27,35.93,36.200001,768600,36.018263
2015-07-13,36.139999,36.299999,36.009998,36.220001,1093600,36.038163
2015-07-10,35.810001,35.950001,35.50,35.860001,961600,35.67997
2015-07-09,35.490002,35.580002,35.209999,35.380001,1438100,35.20238
2015-07-08,35.50,35.59,34.82,34.91,991100,34.734738
2015-07-07,35.799999,35.950001,35.279999,35.939999,1617400,35.759566
2015-07-06,35.630001,36.040001,35.509998,35.82,1706600,35.64017
2015-07-02,36.049999,36.189999,35.869999,36.02,1295400,35.839166
2015-07-01,36.34,36.34,35.82,36.09,1195400,35.908815
2015-06-30,36.009998,36.25,35.580002,35.75,1942000,35.570521
2015-06-29,36.27,36.369999,35.59,35.630001,2025500,35.451125
2015-06-26,36.580002,36.900002,36.360001,36.77,1747800,36.585401
2015-06-25,36.84,36.889999,36.330002,36.389999,1385300,36.207308
2015-06-24,36.98,37.110001,36.77,36.77,689700,36.585401
2015-06-23,37.02,37.169998,36.580002,37.150002,1654100,36.963494
2015-06-22,36.869999,37.00,36.759998,36.900002,858700,36.714749
2015-06-19,36.599998,36.759998,36.450001,36.540001,1792200,36.356556
2015-06-18,36.77,36.880001,36.509998,36.75,1885600,36.565501
2015-06-17,37.00,37.07,36.540001,36.57,1219700,36.386404
2015-06-16,36.540001,36.990002,36.439999,36.849998,1062700,36.664997
2015-06-15,36.419998,36.950001,36.380001,36.639999,1095000,36.456053
2015-06-12,36.709999,36.98,36.650002,36.919998,1397400,36.734646
2015-06-11,36.779999,37.080002,36.68,36.91,1309500,36.724698
2015-06-10,36.25,36.810001,36.080002,36.790001,2210600,36.605301
2015-06-09,35.919998,36.299999,35.849998,36.07,1065700,35.888915
2015-06-08,36.02,36.349998,35.889999,35.919998,1148000,35.739666
2015-06-05,36.060001,36.369999,35.889999,36.09,1514800,35.908815
2015-06-04,35.779999,36.029999,35.66,35.720001,1468700,35.540673
2015-06-03,35.779999,36.200001,35.68,36.009998,1832800,35.829214
2015-06-02,35.00,35.709999,34.849998,35.560001,1557500,35.381477
2015-06-01,35.07,35.18,34.830002,34.970001,1524500,34.794439
2015-05-29,35.200001,35.25,34.82,34.959999,1982900,34.784487
2015-05-28,35.169998,35.27,34.990002,35.240002,1153900,35.063083
2015-05-27,34.610001,35.310001,34.560001,35.220001,2040300,35.043183
2015-05-26,34.880001,34.900002,34.50,34.549999,1023500,34.376545
2015-05-22,35.009998,35.139999,34.91,34.939999,857600,34.764587
2015-05-21,34.869999,36.00,34.82,34.950001,2194200,34.774538
2015-05-20,35.00,35.16,34.669998,34.959999,1250400,34.784487
2015-05-19,35.220001,35.279999,34.82,34.990002,1062200,34.814339
2015-05-18,34.509998,35.07,34.509998,35.00,2381700,34.824287
2015-05-15,34.889999,35.049999,34.369999,34.509998,1355000,34.336745
2015-05-14,34.900002,34.970001,34.669998,34.869999,1030700,34.694938
2015-05-13,34.48,34.830002,34.43,34.740002,1356800,34.565594
2015-05-12,34.709999,34.889999,34.470001,34.560001,1713100,34.386497
2015-05-11,34.68,35.02,34.66,34.849998,954900,34.675038
2015-05-08,34.779999,34.939999,34.400002,34.650002,1639400,34.476045
2015-05-07,34.57,34.830002,34.41,34.630001,2096400,34.456145
2015-05-06,34.869999,34.990002,34.389999,34.599998,1639900,34.426293
2015-05-05,34.709999,35.029999,34.560001,34.689999,1159900,34.515842
2015-05-04,34.439999,34.82,34.419998,34.779999,1420900,34.60539
2015-05-01,34.41,34.650002,34.23,34.349998,1897200,34.177548
2015-04-30,34.310001,34.900002,34.029999,34.16,2477800,33.988504
2015-04-29,33.970001,34.439999,33.700001,34.060001,1877600,33.889007
2015-04-28,33.400002,33.91,33.349998,33.790001,1228400,33.620362
2015-04-27,33.740002,33.84,33.349998,33.419998,1414100,33.252217
2015-04-24,33.599998,33.77,33.450001,33.68,1009200,33.510914
2015-04-23,33.509998,33.759998,33.330002,33.700001,946400,33.530814
2015-04-22,33.290001,33.790001,33.049999,33.68,1394700,33.346744
2015-04-21,33.57,33.709999,33.09,33.290001,955200,32.960603
2015-04-20,33.599998,33.720001,33.450001,33.529999,907600,33.198227
2015-04-17,33.75,33.82,33.310001,33.490002,1139300,33.158625
2015-04-16,34.060001,34.16,33.759998,34.029999,1059500,33.693279
2015-04-15,33.810001,34.259998,33.75,34.16,1431200,33.821994
2015-04-14,33.889999,34.169998,33.57,33.75,1154400,33.416051
2015-04-13,33.779999,34.16,33.630001,33.939999,1358100,33.60417
