Date,Open,High,Low,Close,Volume,Adj Close
2015-10-15,103.349998,103.980003,102.919998,103.800003,2839300,103.800003
2015-10-14,103.349998,103.639999,102.550003,102.860001,2207600,102.860001
2015-10-13,103.650002,104.589996,103.279999,103.300003,3043600,103.300003
2015-10-12,103.580002,104.410004,103.349998,104.410004,1780500,104.410004
2015-10-09,103.379997,104.18,103.290001,103.68,2388500,103.68
2015-10-08,102.209999,103.540001,102.07,103.379997,2676900,103.379997
2015-10-07,101.989998,102.980003,101.440002,102.239998,2901800,102.239998
2015-10-06,101.900002,101.940002,100.809998,101.43,2323400,101.43
2015-10-05,99.75,101.989998,99.75,101.529999,3039000,101.529999
2015-10-02,97.059998,99.379997,96.959999,99.379997,3545800,99.379997
2015-10-01,99.00,99.110001,97.82,98.580002,3042500,98.580002
2015-09-30,98.949997,99.300003,97.980003,98.690002,2961700,98.690002
2015-09-29,97.239998,98.309998,96.93,98.139999,2612300,98.139999
2015-09-28,97.919998,98.480003,97.190002,97.269997,2483500,97.269997
2015-09-25,98.080002,99.529999,97.68,98.760002,3287400,98.760002
2015-09-24,97.190002,97.940002,96.559998,97.50,3774100,97.50
2015-09-23,98.349998,98.489998,97.57,97.57,3389600,97.57
2015-09-22,98.489998,99.279999,98.050003,98.510002,3573600,98.510002
2015-09-21,98.489998,99.720001,98.239998,99.650002,3041700,99.650002
2015-09-18,99.910004,99.949997,98.080002,98.32,5030600,98.32
2015-09-17,100.370003,101.790001,99.860001,100.620003,3839400,100.620003
2015-09-16,99.949997,100.309998,98.949997,100.080002,3234100,100.080002
2015-09-15,97.900002,100.800003,97.660004,100.519997,5137200,100.519997
2015-09-14,97.260002,97.389999,96.519997,97.010002,1785100,97.010002
2015-09-11,96.470001,97.190002,96.190002,97.18,2116700,97.18
2015-09-10,97.050003,97.540001,96.480003,96.82,2919400,96.82
2015-09-09,98.650002,98.860001,96.889999,97.050003,2757000,97.050003
2015-09-08,96.830002,97.980003,96.339996,97.93,2809900,97.93
2015-09-04,95.190002,95.910004,94.650002,95.300003,3326100,95.300003
2015-09-03,97.190002,97.449997,96.419998,96.769997,3298100,96.769997
2015-09-02,96.290001,96.730003,95.18,96.709999,3527400,96.709999
2015-09-01,95.809998,96.760002,94.800003,95.199997,5152100,95.199997
2015-08-31,98.279999,98.300003,97.50,97.650002,2867200,97.650002
2015-08-28,98.629997,99.089996,97.889999,98.639999,2766600,98.639999
2015-08-27,97.489998,99.239998,97.400002,99.150002,4690900,99.150002
2015-08-26,95.610001,96.769997,93.639999,96.629997,5869700,96.629997
2015-08-25,97.550003,97.910004,94.410004,94.459999,5990300,94.459999
2015-08-24,94.720001,97.449997,94.00,95.510002,7690800,95.510002
2015-08-21,100.160004,100.879997,98.720001,99.139999,5816700,99.139999
2015-08-20,101.379997,101.959999,101.050003,101.050003,3777900,101.050003
2015-08-19,102.360001,103.00,101.699997,102.309998,2101800,102.309998
2015-08-18,102.980003,102.980003,102.339996,102.760002,2080900,102.760002
2015-08-17,102.239998,102.919998,101.540001,102.900002,2181600,102.900002
2015-08-14,101.739998,102.760002,101.379997,102.730003,2278800,102.730003
2015-08-13,101.949997,102.389999,101.50,101.839996,1829900,101.839996
2015-08-12,102.559998,103.120003,101.550003,102.82,3762500,102.089998
2015-08-11,102.629997,103.470001,102.529999,102.989998,3465200,102.258789
2015-08-10,102.769997,103.480003,102.769997,103.43,2690800,102.695667
2015-08-07,102.330002,102.400002,101.50,102.139999,2982900,101.414825
2015-08-06,103.120003,103.220001,102.199997,102.43,2043100,101.702767
2015-08-05,103.050003,104.07,102.940002,102.940002,3196700,102.209148
2015-08-04,102.919998,103.120003,102.230003,102.639999,2431500,101.911275
2015-08-03,102.489998,103.150002,101.900002,102.75,2756900,102.020495
2015-07-31,101.910004,102.760002,101.57,102.360001,4222900,101.633264
2015-07-30,100.400002,101.540001,100.269997,101.400002,2871000,100.680081
2015-07-29,100.360001,101.949997,100.209999,100.889999,5563700,100.1737
2015-07-28,97.889999,100.470001,97.830002,99.940002,7592900,99.230448
2015-07-27,94.50,95.230003,94.150002,95.120003,3628300,94.444669
2015-07-24,96.07,96.07,94.519997,94.75,2959700,94.077293
2015-07-23,97.650002,97.650002,95.82,96.110001,1940400,95.427638
2015-07-22,98.43,98.629997,96.830002,97.230003,2691000,96.539689
2015-07-21,97.629997,98.639999,97.57,97.959999,2178900,97.264502
2015-07-20,97.599998,97.870003,97.300003,97.589996,1777000,96.897126
2015-07-17,97.169998,98.120003,97.059998,97.599998,2653400,96.907057
2015-07-16,97.870003,97.980003,97.370003,97.480003,1548400,96.787914
2015-07-15,97.910004,97.959999,96.989998,97.18,2092900,96.490041
2015-07-14,97.900002,98.110001,97.269997,97.870003,2419200,97.175145
2015-07-13,97.620003,97.940002,97.059998,97.760002,2489900,97.065925
2015-07-10,97.010002,97.32,96.629997,96.959999,1951700,96.271602
2015-07-09,96.580002,96.82,95.720001,95.75,2042100,95.070193
2015-07-08,96.82,96.910004,95.279999,95.489998,2782300,94.812037
2015-07-07,96.959999,97.529999,96.099998,97.50,3755900,96.807769
2015-07-06,96.580002,97.419998,96.150002,96.660004,2721000,95.973736
2015-07-02,97.220001,97.360001,96.800003,97.199997,1836000,96.509896
2015-07-01,97.519997,97.940002,96.519997,96.940002,2893300,96.251747
2015-06-30,98.260002,98.260002,96.809998,96.910004,3059400,96.221961
2015-06-29,98.709999,99.00,97.239998,97.309998,3507600,96.619115
2015-06-26,99.43,99.709999,99.029999,99.349998,2782500,98.644633
2015-06-25,99.370003,99.760002,98.860001,98.940002,2227900,98.237547
2015-06-24,100.699997,100.800003,99.010002,99.389999,2565500,98.68435
2015-06-23,101.290001,101.68,100.589996,100.75,1493300,100.034694
2015-06-22,101.160004,101.68,101.029999,101.389999,3236200,100.67015
2015-06-19,101.080002,101.360001,100.459999,100.839996,3600600,100.124052
2015-06-18,100.489998,101.68,100.489998,101.400002,2948900,100.680081
2015-06-17,99.910004,100.699997,99.50,100.419998,2846600,99.707036
2015-06-16,99.93,100.470001,98.82,100.349998,3061900,99.637533
2015-06-15,99.620003,100.169998,99.00,99.959999,2152500,99.250302
2015-06-12,100.489998,100.970001,99.690002,100.059998,2420400,99.349591
2015-06-11,100.809998,101.160004,100.459999,101.00,1899000,100.282919
2015-06-10,99.940002,100.82,99.599998,100.459999,2682400,99.746752
2015-06-09,99.160004,100.190002,99.019997,99.620003,2348300,98.91272
2015-06-08,100.519997,100.580002,99.209999,99.269997,2819900,98.565199
2015-06-05,100.150002,100.699997,99.769997,100.510002,2692100,99.7964
2015-06-04,100.050003,100.68,99.900002,100.099998,3125800,99.389308
2015-06-03,99.849998,101.400002,99.50,100.599998,3611600,99.885758
2015-06-02,98.940002,100.00,98.57,99.43,2324900,98.724066
2015-06-01,99.769997,100.120003,98.889999,99.480003,2857600,98.773715
2015-05-29,99.75,99.760002,98.779999,99.220001,4231800,98.515558
2015-05-28,100.599998,100.93,99.760002,99.870003,2722100,99.160945
2015-05-27,100.519997,101.139999,99.980003,100.919998,2068600,100.203486
2015-05-26,101.400002,101.419998,100.190002,100.519997,2364900,99.806324
2015-05-22,102.269997,102.269997,101.18,101.43,2200500,100.709867
2015-05-21,101.919998,102.449997,101.620003,102.050003,2159500,101.325468
2015-05-20,102.199997,102.50,101.639999,101.959999,2627600,101.236103
2015-05-19,102.150002,102.839996,101.699997,102.080002,3198300,101.355253
2015-05-18,101.75,102.239998,101.330002,101.910004,2769300,101.186462
2015-05-15,102.029999,102.57,101.68,102.129997,5347800,101.404894
2015-05-14,99.410004,101.32,99.400002,100.669998,5966400,99.955261
2015-05-13,99.629997,100.139999,99.160004,99.43,3205100,97.999251
2015-05-12,100.230003,100.370003,99.68,99.970001,2438400,98.531481
2015-05-11,100.360001,100.870003,100.230003,100.529999,4080400,99.083421
2015-05-08,100.419998,101.349998,100.269997,100.360001,2964400,98.915869
2015-05-07,99.300003,100.230003,99.279999,99.639999,3151700,98.206228
2015-05-06,100.400002,100.660004,98.580002,99.220001,3403200,97.792274
2015-05-05,101.010002,101.339996,99.919998,100.110001,2845200,98.669466
2015-05-04,101.32,101.959999,101.129997,101.43,2993000,99.970472
2015-05-01,100.949997,101.419998,100.290001,101.379997,2846100,99.921188
2015-04-30,100.940002,101.300003,100.080002,100.529999,4045700,99.083421
2015-04-29,101.410004,101.980003,100.800003,101.25,5454500,99.793062
2015-04-28,99.199997,101.769997,98.709999,100.769997,8282700,99.319965
2015-04-27,98.040001,98.360001,97.239998,97.43,3906300,96.02803
2015-04-24,98.489998,98.510002,97.75,98.099998,2253000,96.688387
2015-04-23,97.559998,98.599998,97.50,98.220001,2420200,96.806663
2015-04-22,97.610001,98.269997,97.129997,98.139999,2904900,96.727812
2015-04-21,97.629997,97.980003,97.160004,97.610001,3277600,96.20544
2015-04-20,95.809998,98.029999,95.809998,97.459999,5021400,96.057597
