Date,Open,High,Low,Close,Volume,Adj Close
2015-10-15,69.50,69.879997,67.019997,69.269997,2568900,69.269997
2015-10-14,69.959999,71.010002,68.879997,70.199997,2062000,70.199997
2015-10-13,68.75,71.949997,68.010002,70.010002,2326000,70.010002
2015-10-12,70.510002,70.739998,68.940002,69.519997,1706500,69.519997
2015-10-09,71.059998,72.050003,69.620003,70.760002,2162400,70.760002
2015-10-08,68.18,71.529999,67.599998,70.529999,2639300,70.529999
2015-10-07,66.779999,69.230003,65.93,67.900002,3148100,67.900002
2015-10-06,64.370003,66.32,64.269997,65.730003,2254200,65.730003
2015-10-05,60.50,65.029999,60.450001,64.410004,2615900,64.410004
2015-10-02,59.00,59.68,57.41,59.650002,3785000,59.650002
2015-10-01,60.580002,61.970001,59.459999,59.84,3277700,59.84
2015-09-30,60.599998,61.73,59.299999,60.049999,2321600,60.049999
2015-09-29,59.68,60.490002,58.619999,59.939999,1527100,59.939999
2015-09-28,62.299999,62.459999,59.330002,59.48,2150800,59.48
2015-09-25,64.480003,64.870003,62.23,62.799999,2560500,62.799999
2015-09-24,62.049999,62.720001,59.07,61.810001,3356600,61.810001
2015-09-23,66.760002,66.93,62.57,63.299999,2616800,63.299999
2015-09-22,66.519997,67.199997,65.669998,66.699997,1712400,66.699997
2015-09-21,67.910004,68.620003,67.07,67.610001,1924800,67.610001
2015-09-18,68.190002,68.669998,66.599998,67.129997,2765000,67.129997
2015-09-17,71.790001,72.190002,69.330002,69.599998,3127200,69.599998
2015-09-16,69.980003,72.459999,69.82,72.279999,2316600,72.279999
2015-09-15,67.790001,69.949997,67.790001,69.830002,1391900,69.830002
2015-09-14,69.169998,69.43,67.400002,67.629997,1776200,67.629997
2015-09-11,68.300003,69.540001,67.610001,69.449997,1240300,69.449997
2015-09-10,69.120003,70.470001,68.57,68.980003,1782900,68.980003
2015-09-09,68.940002,71.980003,67.959999,69.220001,3715300,69.220001
2015-09-08,67.470001,68.230003,66.379997,67.989998,1562300,67.989998
2015-09-04,66.620003,67.010002,65.160004,66.080002,1544000,66.080002
2015-09-03,67.50,68.809998,66.279999,67.830002,2615600,67.830002
2015-09-02,67.510002,68.959999,65.510002,67.360001,2631500,67.360001
2015-09-01,67.309998,67.919998,65.010002,65.339996,2348200,65.339996
2015-08-31,66.800003,69.580002,66.209999,69.330002,2350700,69.330002
2015-08-28,67.919998,69.209999,66.519997,67.059998,2298400,67.059998
2015-08-27,65.00,68.769997,64.629997,68.300003,3222400,68.300003
2015-08-26,62.279999,63.59,60.970001,63.509998,2479800,63.509998
2015-08-25,63.470001,63.790001,60.799999,60.830002,3124200,60.830002
2015-08-24,56.880001,63.959999,56.66,60.919998,4292600,60.919998
2015-08-21,63.07,63.900002,61.630001,61.66,2583300,61.66
2015-08-20,64.650002,66.389999,64.529999,64.550003,2328900,64.550003
2015-08-19,65.110001,66.629997,64.910004,65.559998,1989500,65.559998
2015-08-18,65.099998,65.93,65.099998,65.510002,1569200,65.510002
2015-08-17,65.160004,65.660004,64.199997,65.580002,1130300,65.580002
2015-08-14,64.269997,65.389999,64.269997,65.330002,1710300,65.330002
2015-08-13,66.629997,66.830002,64.139999,64.309998,2157500,64.309998
2015-08-12,64.879997,66.440002,64.029999,66.269997,1985600,66.269997
2015-08-11,65.779999,67.089996,64.610001,65.839996,2699200,65.839996
2015-08-10,64.739998,67.489998,64.18,66.709999,2596500,66.709999
2015-08-07,65.400002,66.120003,63.669998,63.810001,1859900,63.810001
2015-08-06,65.309998,66.209999,64.660004,65.660004,2304200,65.660004
2015-08-05,66.00,67.059998,65.290001,65.470001,1797900,65.470001
2015-08-04,66.010002,66.900002,65.169998,65.50,1898300,65.50
2015-08-03,66.459999,66.639999,65.110001,65.279999,2177400,65.279999
2015-07-31,66.900002,68.489998,66.779999,66.989998,2490700,66.989998
2015-07-30,66.010002,66.720001,64.879997,66.540001,2094100,66.540001
2015-07-29,67.160004,67.550003,66.25,66.879997,3685200,66.879997
2015-07-28,65.860001,67.50,65.610001,66.93,3810100,66.93
2015-07-27,64.220001,66.550003,63.009998,65.160004,4888200,65.160004
2015-07-24,66.75,66.75,62.459999,64.720001,12464400,64.720001
2015-07-23,71.879997,74.919998,66.739998,66.980003,13076300,66.980003
2015-07-22,78.410004,78.480003,76.82,77.629997,2845700,77.629997
2015-07-21,79.25,80.129997,78.339996,78.769997,2248200,78.769997
2015-07-20,80.510002,80.790001,79.110001,79.199997,2715300,79.199997
2015-07-17,81.93,82.339996,80.300003,81.260002,2163400,81.260002
2015-07-16,80.959999,82.32,80.519997,81.779999,2055800,81.779999
2015-07-15,82.07,82.209999,80.080002,80.129997,2766200,80.129997
2015-07-14,81.900002,82.550003,81.410004,82.32,1417400,82.32
2015-07-13,82.209999,82.629997,81.449997,82.010002,1635100,82.010002
2015-07-10,82.440002,82.589996,81.18,81.389999,1348900,81.389999
2015-07-09,81.50,83.309998,81.339996,81.370003,2435400,81.370003
2015-07-08,82.940002,83.129997,78.900002,80.050003,2949400,80.050003
2015-07-07,83.300003,83.690002,80.080002,83.309998,2301700,83.309998
2015-07-06,83.309998,85.269997,82.629997,83.25,1737200,83.25
2015-07-02,83.709999,84.669998,83.080002,84.279999,1788800,84.279999
2015-07-01,87.639999,87.989998,82.959999,83.599998,4131900,83.599998
2015-06-30,88.120003,88.599998,87.50,87.620003,1809400,87.620003
2015-06-29,88.879997,89.389999,87.080002,87.239998,2221400,87.239998
2015-06-26,89.849998,90.029999,89.120003,89.970001,1568100,89.970001
2015-06-25,92.610001,92.610001,88.989998,89.580002,2111800,89.580002
2015-06-24,92.510002,92.989998,91.57,92.32,1136900,92.32
2015-06-23,92.400002,93.349998,92.029999,92.57,1816500,92.57
2015-06-22,92.25,92.650002,91.129997,92.129997,1503300,92.129997
2015-06-19,92.18,92.730003,91.760002,91.919998,1403500,91.919998
2015-06-18,90.769997,93.00,90.709999,92.580002,1900900,92.580002
2015-06-17,88.93,91.050003,88.82,90.529999,2134000,90.529999
2015-06-16,89.110001,89.50,86.879997,88.760002,3584100,88.760002
2015-06-15,90.779999,91.760002,89.849998,91.139999,1469800,91.139999
2015-06-12,90.839996,92.25,89.870003,91.440002,2317700,91.440002
2015-06-11,89.769997,90.360001,89.599998,89.720001,1285300,89.720001
2015-06-10,89.57,90.339996,89.07,89.68,1883600,89.68
2015-06-09,90.230003,90.580002,88.459999,88.879997,2321600,88.879997
2015-06-08,91.870003,92.32,90.169998,90.339996,1631700,90.339996
2015-06-05,91.510002,92.269997,90.849998,91.860001,1307400,91.860001
2015-06-04,90.849998,91.849998,90.699997,91.190002,2113400,91.190002
2015-06-03,92.279999,92.940002,91.18,91.629997,2229900,91.629997
2015-06-02,90.199997,92.879997,90.18,92.059998,2881100,92.059998
2015-06-01,89.68,90.809998,88.519997,90.379997,3950600,90.379997
2015-05-29,92.669998,93.32,87.900002,88.910004,10693400,88.910004
2015-05-28,101.00,101.00,94.269997,94.949997,8945900,94.949997
2015-05-27,104.449997,105.440002,104.089996,104.50,1154400,104.50
2015-05-26,104.699997,105.120003,103.889999,104.360001,1413900,104.360001
2015-05-22,104.989998,105.360001,103.639999,104.889999,1159500,104.889999
2015-05-21,103.010002,105.830002,103.010002,105.129997,2316100,105.129997
2015-05-20,101.959999,103.400002,101.089996,103.25,1249500,103.25
2015-05-19,104.160004,104.269997,101.639999,102.010002,1454000,102.010002
2015-05-18,103.209999,103.790001,102.449997,103.610001,1055600,103.610001
2015-05-15,102.910004,103.480003,100.900002,103.169998,1635800,103.169998
2015-05-14,103.830002,104.239998,102.470001,103.050003,981800,103.050003
2015-05-13,103.00,104.68,102.910004,103.480003,2137000,103.480003
2015-05-12,100.690002,103.400002,100.169998,102.980003,2707200,102.980003
2015-05-11,101.18,101.989998,99.559998,101.650002,2072100,101.650002
2015-05-08,100.459999,101.50,99.980003,101.410004,951900,101.410004
2015-05-07,99.510002,100.050003,98.00,99.300003,1511000,99.300003
2015-05-06,100.989998,101.589996,99.339996,99.849998,1870600,99.849998
2015-05-05,99.220001,102.940002,99.099998,100.529999,2860800,100.529999
2015-05-04,99.449997,99.989998,98.50,99.019997,894500,99.019997
2015-05-01,96.879997,99.540001,96.879997,99.269997,1352600,99.269997
2015-04-30,97.209999,98.639999,96.150002,96.580002,1406900,96.580002
2015-04-29,96.029999,98.489998,95.919998,97.760002,1955200,97.760002
2015-04-28,96.57,96.959999,95.199997,96.239998,1533300,96.239998
2015-04-27,96.980003,97.879997,96.029999,96.519997,1778300,96.519997
2015-04-24,99.269997,99.43,96.339996,96.639999,2075600,96.639999
2015-04-23,96.050003,99.00,96.00,98.529999,2698200,98.529999
2015-04-22,94.00,97.519997,93.720001,95.790001,6811700,95.790001
2015-04-21,99.25,99.43,96.870003,97.900002,2608000,97.900002
2015-04-20,98.00,99.150002,97.00,98.860001,2368800,98.860001
