Date,Open,High,Low,Close,Volume,Adj Close
2015-10-09,74.040001,74.089996,73.400002,73.980003,5923800,73.980003
2015-10-08,73.00,73.93,72.830002,73.900002,5674500,73.900002
2015-10-07,72.68,73.230003,72.449997,73.220001,6208900,73.220001
2015-10-06,72.220001,72.540001,71.830002,72.080002,5727300,72.080002
2015-10-05,71.059998,72.339996,70.919998,72.230003,7121200,72.230003
2015-10-02,68.800003,70.730003,68.360001,70.669998,7360800,70.669998
2015-10-01,70.089996,70.769997,68.980003,69.989998,8601900,69.989998
2015-09-30,69.32,69.660004,68.260002,69.660004,16922500,69.660004
2015-09-29,67.519997,68.699997,67.199997,68.529999,11274300,68.529999
2015-09-28,70.190002,70.279999,67.029999,67.199997,14758100,67.199997
2015-09-25,71.190002,71.459999,70.209999,70.690002,7710000,70.690002
2015-09-24,70.349998,70.629997,69.639999,70.239998,8177200,70.239998
2015-09-23,70.160004,71.150002,69.900002,70.949997,8529000,70.949997
2015-09-22,70.00,70.389999,69.309998,70.25,9264300,70.25
2015-09-21,70.620003,71.32,70.220001,70.779999,7124300,70.779999
2015-09-18,69.82,70.809998,69.709999,69.790001,14300600,69.790001
2015-09-17,71.300003,72.32,70.50,70.959999,7542700,70.959999
2015-09-16,70.449997,71.110001,70.050003,70.989998,8066600,70.989998
2015-09-15,70.480003,70.75,69.510002,70.510002,6956800,70.510002
2015-09-14,70.720001,70.800003,69.610001,70.010002,7002400,70.010002
2015-09-11,69.860001,70.809998,69.459999,70.760002,6326600,70.760002
2015-09-10,69.50,70.650002,69.459999,70.230003,7214900,70.230003
2015-09-09,70.75,71.379997,69.43,69.599998,8938400,69.599998
2015-09-08,70.75,71.010002,69.550003,70.529999,7891500,70.529999
2015-09-04,69.290001,69.910004,68.639999,69.160004,9460000,69.160004
2015-09-03,70.449997,71.080002,69.989998,70.400002,8989600,70.400002
2015-09-02,69.940002,69.949997,68.699997,69.620003,9142700,69.620003
2015-09-01,69.410004,70.389999,68.50,68.959999,11230800,68.959999
2015-08-31,71.910004,72.080002,70.82,71.300003,8238400,71.300003
2015-08-28,72.099998,72.669998,71.599998,72.459999,6390300,72.459999
2015-08-27,71.940002,72.489998,70.800003,72.400002,8920200,72.400002
2015-08-26,69.370003,70.989998,67.900002,70.690002,12050500,70.690002
2015-08-25,71.690002,71.800003,66.599998,66.970001,14337000,66.970001
2015-08-24,64.160004,69.360001,60.00,68.360001,20756000,68.360001
2015-08-21,72.50,73.620003,70.959999,71.190002,15367300,71.190002
2015-08-20,73.559998,74.529999,72.809998,73.949997,11978900,73.949997
2015-08-19,74.199997,74.959999,73.669998,74.400002,5818100,74.400002
2015-08-18,74.260002,74.730003,74.010002,74.470001,6321500,74.470001
2015-08-17,74.00,74.440002,73.50,74.410004,3292300,74.410004
2015-08-14,73.849998,74.400002,73.449997,74.220001,3861500,74.220001
2015-08-13,73.43,74.43,73.379997,73.93,5992000,73.93
2015-08-12,72.870003,73.830002,72.389999,73.540001,7625100,73.540001
2015-08-11,73.809998,74.269997,73.220001,73.360001,6476000,73.239999
2015-08-10,74.889999,75.18,73.849998,74.379997,6183500,74.258327
2015-08-07,73.68,74.309998,73.32,74.209999,6484600,74.088607
2015-08-06,75.300003,75.419998,73.550003,73.580002,7767800,73.45964
2015-08-05,76.050003,76.169998,74.919998,74.980003,6976400,74.857352
2015-08-04,75.529999,76.080002,75.029999,75.269997,6957900,75.146871
2015-08-03,75.589996,76.040001,75.010002,75.769997,5810800,75.646053
2015-07-31,76.449997,76.510002,75.32,75.339996,8526300,75.216756
2015-07-30,75.889999,76.760002,75.239998,76.379997,6507000,76.255056
2015-07-29,74.949997,76.43,74.669998,76.010002,13746900,75.885666
2015-07-28,74.300003,75.18,73.849998,74.739998,10054300,74.617739
2015-07-27,74.279999,74.709999,73.580002,73.860001,10293800,73.739181
2015-07-24,76.779999,76.919998,74.400002,74.800003,21196100,74.677646
2015-07-23,72.199997,72.25,71.199997,71.75,10755700,71.632632
2015-07-22,71.940002,72.150002,71.620003,71.970001,6303200,71.852273
2015-07-21,72.839996,72.879997,71.760002,72.019997,10919600,71.902187
2015-07-20,71.290001,73.00,71.230003,72.699997,10198500,72.581075
2015-07-17,70.400002,70.959999,70.279999,70.879997,6287600,70.764052
2015-07-16,70.43,70.589996,69.970001,70.57,6512500,70.454562
2015-07-15,70.129997,70.279999,69.690002,70.019997,4506200,69.905459
2015-07-14,69.970001,70.300003,69.470001,70.099998,5635400,69.98533
2015-07-13,69.050003,69.599998,68.830002,69.519997,6832300,69.406277
2015-07-10,67.980003,68.540001,67.910004,68.419998,5110200,68.308077
2015-07-09,67.650002,67.940002,67.019997,67.050003,4837800,66.940323
2015-07-08,67.010002,67.32,66.650002,66.730003,5973500,66.620847
2015-07-07,68.110001,68.199997,66.529999,67.769997,6500700,67.659139
2015-07-06,67.550003,68.120003,67.360001,68.120003,5270600,68.008573
2015-07-02,68.150002,68.32,67.620003,68.239998,5053000,68.128372
2015-07-01,67.940002,68.300003,67.529999,67.849998,6260800,67.73901
2015-06-30,67.339996,67.480003,66.760002,67.150002,6811000,67.040158
2015-06-29,67.989998,68.489998,66.690002,66.720001,9706700,66.610861
2015-06-26,68.699997,69.209999,68.410004,68.75,7025600,68.637539
2015-06-25,69.379997,69.379997,68.510002,68.620003,4705100,68.507755
2015-06-24,69.110001,69.400002,68.760002,68.860001,4670600,68.74736
2015-06-23,69.099998,69.589996,69.089996,69.419998,3888700,69.306442
2015-06-22,69.32,69.440002,68.900002,69.089996,5511700,68.97698
2015-06-19,69.269997,69.330002,68.480003,68.690002,8728800,68.57764
2015-06-18,68.900002,69.839996,68.879997,69.50,7596800,69.386313
2015-06-17,69.110001,69.410004,68.510002,68.75,7818300,68.637539
2015-06-16,68.449997,69.169998,68.290001,69.010002,5937400,68.897116
2015-06-15,68.720001,68.989998,68.169998,68.57,5995100,68.457834
2015-06-12,69.43,69.739998,69.019997,69.330002,4900700,69.216593
2015-06-11,69.699997,70.019997,69.419998,69.639999,5238700,69.526083
2015-06-10,68.220001,69.669998,68.110001,69.629997,6807800,69.516097
2015-06-09,67.669998,68.089996,67.529999,67.949997,4439700,67.838845
2015-06-08,68.190002,68.290001,67.620003,67.68,4864300,67.56929
2015-06-05,68.290001,68.699997,68.00,68.370003,4413100,68.258164
2015-06-04,68.629997,69.150002,68.029999,68.209999,6460000,68.098422
2015-06-03,69.260002,69.50,68.889999,68.949997,4906400,68.837209
2015-06-02,68.730003,69.459999,68.010002,69.040001,4457400,68.927066
2015-06-01,69.129997,69.449997,68.43,69.110001,6309400,68.996951
2015-05-29,69.330002,69.599998,68.519997,68.68,6678100,68.567654
2015-05-28,69.480003,69.779999,68.800003,69.559998,3893900,69.446212
2015-05-27,68.849998,69.739998,68.50,69.489998,7064800,69.376327
2015-05-26,69.309998,69.50,68.309998,68.540001,6228100,68.427884
2015-05-22,69.300003,69.849998,69.300003,69.620003,4511700,69.506119
2015-05-21,69.550003,69.870003,69.279999,69.370003,6483800,69.256528
2015-05-20,70.25,70.32,69.480003,69.779999,4870100,69.665853
2015-05-19,70.139999,70.559998,70.00,70.160004,4351000,70.045237
2015-05-18,69.739998,70.239998,69.129997,70.00,5553800,69.885495
2015-05-15,70.099998,70.690002,69.309998,69.57,7121000,69.456198
2015-05-14,68.959999,70.029999,68.849998,70.00,6491100,69.885495
2015-05-13,68.75,68.879997,68.190002,68.650002,5129800,68.537705
2015-05-12,68.550003,69.00,67.970001,68.690002,7438200,68.457838
2015-05-11,69.300003,69.699997,68.790001,69.019997,10998500,68.786717
2015-05-08,67.139999,70.160004,67.010002,69.470001,18359000,69.235201
2015-05-07,65.580002,66.779999,65.540001,66.580002,6660300,66.354969
2015-05-06,66.150002,66.650002,65.230003,65.669998,7084600,65.448041
2015-05-05,65.769997,66.389999,65.599998,65.959999,8099800,65.737062
2015-05-04,66.050003,66.139999,65.470001,65.580002,7426400,65.358349
2015-05-01,65.220001,66.660004,65.150002,65.769997,10142800,65.547702
2015-04-30,67.18,67.50,65.419998,66.050003,11780600,65.826762
2015-04-29,66.860001,68.459999,66.779999,67.339996,9812400,67.112395
2015-04-28,67.309998,67.50,66.410004,66.769997,6297500,66.544322
2015-04-27,68.389999,68.610001,66.93,67.099998,7122400,66.873208
2015-04-24,68.129997,68.18,67.309998,67.480003,6219900,67.251929
2015-04-23,68.199997,68.220001,67.519997,67.720001,7193400,67.491116
2015-04-22,65.82,69.980003,65.790001,68.010002,20912400,67.780136
2015-04-21,65.029999,65.830002,64.989998,65.349998,9619700,65.129123
2015-04-20,65.00,65.209999,64.580002,64.720001,5948900,64.501255
2015-04-17,65.099998,65.50,64.349998,64.519997,11212900,64.301927
2015-04-16,65.529999,66.010002,65.349998,65.650002,4121300,65.428112
2015-04-15,65.599998,65.910004,65.300003,65.68,5347100,65.45801
2015-04-14,65.519997,65.940002,64.879997,65.529999,5621800,65.308515
2015-04-13,66.220001,66.800003,65.510002,65.610001,5059800,65.388247
