Date,Open,High,Low,Close,Volume,Adj Close
2015-10-16,10.01,10.01,9.85,9.91,1424700,9.91
2015-10-15,9.83,9.96,9.77,9.96,1412200,9.96
2015-10-14,10.02,10.08,9.76,9.79,1750000,9.79
2015-10-13,10.08,10.20,10.03,10.05,1487800,10.05
2015-10-12,9.98,10.12,9.94,10.11,1452900,10.11
2015-10-09,10.13,10.19,9.97,10.00,2121300,10.00
2015-10-08,10.03,10.13,9.99,10.12,1703700,10.12
2015-10-07,9.92,10.04,9.92,10.04,1827000,10.04
2015-10-06,9.87,9.96,9.83,9.91,2087300,9.91
2015-10-05,9.75,9.90,9.72,9.90,1449400,9.90
2015-10-02,9.72,9.72,9.50,9.67,3641000,9.67
2015-10-01,9.85,9.86,9.71,9.83,2098500,9.83
2015-09-30,9.78,9.85,9.73,9.84,2061300,9.84
2015-09-29,9.68,9.75,9.65,9.70,1808500,9.70
2015-09-28,9.69,9.73,9.62,9.68,1879100,9.68
2015-09-25,9.76,9.83,9.70,9.72,1817400,9.72
2015-09-24,9.50,9.68,9.47,9.66,1657200,9.66
2015-09-23,9.56,9.63,9.50,9.59,1255300,9.59
2015-09-22,9.49,9.56,9.45,9.52,1564400,9.52
2015-09-21,9.50,9.61,9.49,9.56,1567800,9.56
2015-09-18,9.43,9.51,9.37,9.43,4482500,9.43
2015-09-17,9.71,9.79,9.51,9.56,3321300,9.56
2015-09-16,9.65,9.73,9.59,9.70,1788300,9.70
2015-09-15,9.52,9.68,9.50,9.64,1157400,9.64
2015-09-14,9.49,9.63,9.43,9.52,1468400,9.52
2015-09-11,9.32,9.51,9.30,9.47,1841100,9.47
2015-09-10,9.42,9.60,9.39,9.53,1271500,9.42
2015-09-09,9.59,9.62,9.44,9.44,1422100,9.331038
2015-09-08,9.39,9.53,9.35,9.51,1348300,9.400231
2015-09-04,9.21,9.30,9.18,9.27,1031200,9.163001
2015-09-03,9.23,9.37,9.20,9.32,1104300,9.212424
2015-09-02,9.26,9.27,9.11,9.24,1537500,9.133347
2015-09-01,9.30,9.34,9.09,9.13,1553300,9.024617
2015-08-31,9.37,9.48,9.33,9.46,1251700,9.350808
2015-08-28,9.40,9.51,9.34,9.40,1561700,9.2915
2015-08-27,9.39,9.48,9.32,9.39,1898300,9.281616
2015-08-26,9.27,9.32,9.09,9.29,2100700,9.18277
2015-08-25,9.55,9.55,9.04,9.05,2681000,8.945541
2015-08-24,9.28,9.44,9.09,9.17,2788300,9.064155
2015-08-21,9.45,9.68,9.39,9.57,2526500,9.459538
2015-08-20,9.71,9.77,9.61,9.65,2038200,9.538615
2015-08-19,9.86,9.95,9.79,9.79,1262200,9.676999
2015-08-18,9.97,10.02,9.87,9.90,1285300,9.785729
2015-08-17,9.87,10.04,9.83,9.94,1474700,9.825267
2015-08-14,9.82,9.94,9.79,9.94,799600,9.825267
2015-08-13,9.84,9.91,9.77,9.83,880400,9.716537
2015-08-12,9.86,9.91,9.68,9.80,1340000,9.686884
2015-08-11,9.99,10.03,9.88,9.93,1246800,9.815383
2015-08-10,10.03,10.10,10.00,10.07,1062900,9.953767
2015-08-07,9.98,10.09,9.89,9.96,934500,9.845037
2015-08-06,10.08,10.13,9.98,10.03,880900,9.914228
2015-08-05,10.05,10.21,9.99,10.07,1169000,9.953767
2015-08-04,9.95,10.29,9.90,10.01,1973400,9.89446
2015-08-03,9.92,9.97,9.85,9.95,962700,9.835152
2015-07-31,9.89,9.97,9.77,9.92,1581700,9.805498
2015-07-30,10.13,10.14,9.87,9.92,2510600,9.805498
2015-07-29,10.05,10.16,10.03,10.10,1607800,9.983421
2015-07-28,10.09,10.15,9.99,10.10,1793200,9.983421
2015-07-27,10.05,10.14,10.00,10.08,1169400,9.963652
2015-07-24,10.25,10.29,10.13,10.14,1109900,10.022959
2015-07-23,10.40,10.46,10.24,10.27,1320700,10.151459
2015-07-22,10.30,10.43,10.27,10.36,1190700,10.240419
2015-07-21,10.35,10.45,10.26,10.29,1227600,10.171228
2015-07-20,10.30,10.40,10.27,10.35,1139900,10.230536
2015-07-17,10.35,10.37,10.21,10.29,1129700,10.171228
2015-07-16,10.40,10.46,10.35,10.37,1306800,10.250304
2015-07-15,10.35,10.39,10.28,10.34,974800,10.220651
2015-07-14,10.22,10.31,10.17,10.30,1126100,10.181112
2015-07-13,10.25,10.38,10.22,10.29,1792300,10.171228
2015-07-10,10.39,10.41,10.29,10.35,1072600,10.230536
2015-07-09,10.31,10.33,10.19,10.24,1341700,10.121805
2015-07-08,10.11,10.19,10.07,10.17,1201400,10.052613
2015-07-07,10.32,10.34,10.09,10.20,1750100,10.082266
2015-07-06,10.21,10.38,10.16,10.36,1751000,10.240419
2015-07-02,10.48,10.48,10.25,10.33,1664100,10.210766
2015-07-01,10.47,10.50,10.38,10.48,1879500,10.359034
2015-06-30,10.27,10.37,10.21,10.31,2281200,10.190997
2015-06-29,10.31,10.37,10.18,10.20,1669600,10.082266
2015-06-26,10.43,10.48,10.37,10.43,1856800,10.309612
2015-06-25,10.45,10.47,10.32,10.37,1371700,10.250304
2015-06-24,10.37,10.48,10.32,10.39,1697800,10.270074
2015-06-23,10.24,10.43,10.22,10.41,1940100,10.289842
2015-06-22,10.16,10.22,10.12,10.22,1468300,10.102036
2015-06-19,10.10,10.12,10.06,10.08,2233500,9.963652
2015-06-18,10.06,10.14,9.98,10.11,1358700,9.993305
2015-06-17,10.20,10.23,10.02,10.03,1236900,9.914228
2015-06-16,10.07,10.20,10.00,10.17,1305800,10.052613
2015-06-15,9.98,10.13,9.92,10.07,1176000,9.953767
2015-06-12,10.08,10.13,10.03,10.10,1047100,9.983421
2015-06-11,10.10,10.15,10.01,10.11,1856700,9.993305
2015-06-10,10.15,10.25,10.11,10.22,1289800,9.993306
2015-06-09,10.05,10.13,9.99,10.08,1495900,9.856411
2015-06-08,9.95,10.06,9.94,10.02,1170000,9.797742
2015-06-05,9.96,10.00,9.90,9.98,1662200,9.758629
2015-06-04,9.90,9.96,9.84,9.87,922700,9.651069
2015-06-03,9.86,9.98,9.86,9.94,1250100,9.719516
2015-06-02,9.66,9.87,9.66,9.83,1123300,9.611956
2015-06-01,9.80,9.84,9.66,9.71,1338700,9.494618
2015-05-29,9.77,9.82,9.65,9.78,1667200,9.563065
2015-05-28,9.79,9.79,9.66,9.78,1625300,9.563065
2015-05-27,9.68,9.72,9.60,9.71,2301900,9.494618
2015-05-26,9.69,9.72,9.59,9.67,1124700,9.455505
2015-05-22,9.79,9.82,9.73,9.75,1021600,9.533731
2015-05-21,9.77,9.81,9.74,9.79,897900,9.572844
2015-05-20,9.85,9.88,9.76,9.77,1296800,9.553288
2015-05-19,9.80,9.86,9.75,9.85,1209800,9.631513
2015-05-18,9.69,9.78,9.63,9.78,1226500,9.563065
2015-05-15,9.82,9.82,9.57,9.67,1595400,9.455505
2015-05-14,9.69,9.87,9.65,9.84,3317600,9.621735
2015-05-13,9.57,9.67,9.53,9.66,1348800,9.445727
2015-05-12,9.55,9.64,9.44,9.60,984800,9.387058
2015-05-11,9.48,9.58,9.43,9.56,958100,9.347946
2015-05-08,9.48,9.50,9.39,9.48,1031800,9.269719
2015-05-07,9.41,9.51,9.36,9.43,923000,9.220829
2015-05-06,9.40,9.47,9.34,9.45,1046600,9.240385
2015-05-05,9.43,9.51,9.37,9.38,1270800,9.171938
2015-05-04,9.36,9.49,9.36,9.47,1275100,9.259942
2015-05-01,9.47,9.52,9.36,9.38,1330400,9.171938
2015-04-30,9.54,9.63,9.41,9.43,2557700,9.220829
2015-04-29,9.43,9.63,9.40,9.57,2651700,9.357723
2015-04-28,9.34,9.45,9.29,9.44,1275600,9.230607
2015-04-27,9.43,9.47,9.26,9.33,997100,9.123047
2015-04-24,9.44,9.47,9.38,9.40,541500,9.191494
2015-04-23,9.45,9.50,9.40,9.46,857800,9.250164
2015-04-22,9.43,9.54,9.38,9.49,1039600,9.279498
2015-04-21,9.51,9.57,9.45,9.45,1195100,9.240385
2015-04-20,9.43,9.52,9.41,9.47,965600,9.259942
