Date,Open,High,Low,Close,Volume,Adj Close
2015-10-16,91.970001,92.370003,90.839996,91.419998,852400,91.419998
2015-10-15,90.790001,92.25,89.699997,91.489998,1972900,91.489998
2015-10-14,90.959999,91.519997,88.879997,89.889999,2230500,89.889999
2015-10-13,93.57,94.480003,90.900002,91.010002,1224500,91.010002
2015-10-12,94.919998,95.559998,94.169998,94.199997,780000,94.199997
2015-10-09,95.660004,96.00,94.669998,94.900002,1049100,94.900002
2015-10-08,93.959999,96.050003,93.220001,95.489998,998500,95.489998
2015-10-07,93.739998,95.07,93.230003,94.449997,1476600,94.449997
2015-10-06,95.25,95.699997,91.489998,92.959999,1558100,92.959999
2015-10-05,96.660004,97.989998,94.290001,95.419998,1608000,95.419998
2015-10-02,91.480003,95.610001,90.970001,95.610001,1715600,95.610001
2015-10-01,89.57,93.160004,89.370003,92.93,1977700,92.93
2015-09-30,86.309998,89.330002,86.309998,89.199997,1725700,89.199997
2015-09-29,87.040001,88.809998,84.370003,85.150002,2072200,85.150002
2015-09-28,91.580002,91.599998,85.860001,86.660004,2176200,86.660004
2015-09-25,93.199997,93.809998,91.010002,92.019997,1358800,92.019997
2015-09-24,92.50,92.959999,89.32,92.330002,2258200,92.330002
2015-09-23,97.489998,97.489998,92.00,93.709999,2306500,93.709999
2015-09-22,98.190002,98.75,96.300003,97.260002,1157500,97.260002
2015-09-21,99.720001,100.459999,99.110001,99.830002,819300,99.830002
2015-09-18,100.18,101.169998,98.370003,98.949997,1904100,98.949997
2015-09-17,101.279999,102.650002,100.50,101.199997,815700,101.199997
2015-09-16,100.019997,101.720001,99.860001,101.279999,900900,101.279999
2015-09-15,100.360001,100.489998,99.660004,100.089996,1090900,100.089996
2015-09-14,99.139999,99.940002,98.370003,99.839996,1123000,99.839996
2015-09-11,97.879997,99.18,97.57,99.129997,700700,99.129997
2015-09-10,98.669998,99.720001,97.889999,98.25,1275600,98.25
2015-09-09,99.410004,101.00,98.470001,98.639999,1374500,98.639999
2015-09-08,96.800003,98.57,96.089996,98.510002,860800,98.510002
2015-09-04,96.220001,96.510002,94.029999,95.309998,1319700,95.309998
2015-09-03,96.519997,99.199997,95.260002,97.43,2356800,97.43
2015-09-02,92.790001,95.610001,92.120003,95.599998,1348800,95.599998
2015-09-01,91.199997,93.00,91.00,91.919998,1516600,91.919998
2015-08-31,92.00,95.330002,91.650002,93.620003,1464600,93.620003
2015-08-28,91.18,92.589996,90.550003,92.419998,1400200,92.419998
2015-08-27,88.440002,92.080002,88.129997,91.610001,2617400,91.610001
2015-08-26,88.00,88.120003,85.110001,87.43,1773700,87.43
2015-08-25,91.25,91.25,85.93,86.010002,1686500,86.010002
2015-08-24,87.059998,91.919998,86.589996,88.339996,2603600,88.339996
2015-08-21,92.50,93.050003,90.800003,91.660004,1316700,91.660004
2015-08-20,95.900002,96.379997,93.169998,93.389999,1268000,93.289998
2015-08-19,98.389999,98.860001,96.239998,96.800003,698300,96.69635
2015-08-18,98.790001,99.410004,98.349998,99.050003,712800,98.943941
2015-08-17,98.620003,99.040001,97.269997,98.809998,857400,98.704192
2015-08-14,96.879997,98.199997,96.760002,97.769997,658300,97.665305
2015-08-13,97.57,97.75,96.190002,96.889999,517300,96.78625
2015-08-12,95.75,97.339996,95.150002,97.260002,1153600,97.155856
2015-08-11,95.50,96.790001,94.809998,96.230003,1262200,96.126961
2015-08-10,95.57,96.800003,95.220001,95.980003,1180100,95.877228
2015-08-07,94.809998,95.449997,93.690002,94.510002,893700,94.408801
2015-08-06,97.75,97.75,94.470001,95.300003,1276700,95.197956
2015-08-05,96.980003,98.00,96.010002,97.43,1482500,97.325673
2015-08-04,90.190002,97.239998,90.190002,96.050003,2840700,95.947153
2015-08-03,91.07,91.07,89.50,89.660004,1208500,89.563996
2015-07-31,91.309998,92.160004,90.830002,91.019997,661600,90.922533
2015-07-30,90.739998,91.550003,90.190002,91.50,624500,91.402022
2015-07-29,89.040001,91.480003,89.040001,91.120003,844600,91.022432
2015-07-28,88.620003,89.629997,87.68,89.150002,891800,89.05454
2015-07-27,89.400002,89.93,87.949997,88.239998,1122800,88.145511
2015-07-24,91.839996,91.989998,88.980003,89.790001,1105000,89.693854
2015-07-23,94.120003,94.220001,91.510002,91.889999,1004400,91.791604
2015-07-22,93.349998,95.230003,92.879997,93.889999,1065500,93.789462
2015-07-21,93.870003,94.07,92.739998,93.50,764500,93.39988
2015-07-20,91.779999,94.120003,91.129997,94.029999,1223200,93.929312
2015-07-17,90.599998,91.75,90.480003,91.669998,651800,91.571838
2015-07-16,89.459999,91.019997,88.959999,90.699997,1117800,90.602876
2015-07-15,89.900002,89.970001,88.510002,89.029999,624100,88.934666
2015-07-14,90.18,90.529999,89.830002,89.989998,750000,89.893637
2015-07-13,90.629997,91.00,90.050003,90.43,732700,90.333168
2015-07-10,87.089996,90.620003,86.989998,90.360001,1149300,90.263243
2015-07-09,86.480003,87.010002,85.779999,85.919998,891500,85.827995
2015-07-08,85.879997,87.660004,85.110001,85.389999,883400,85.298564
2015-07-07,85.790001,86.470001,84.150002,86.449997,1156100,86.357427
2015-07-06,84.440002,86.389999,84.099998,85.849998,709400,85.758071
2015-07-02,85.769997,85.970001,84.760002,85.370003,528500,85.278589
2015-07-01,84.739998,85.720001,84.309998,85.32,924200,85.228639
2015-06-30,84.839996,85.00,83.910004,83.93,714000,83.840128
2015-06-29,85.779999,86.43,84.120003,84.150002,645000,84.059894
2015-06-26,86.889999,87.370003,86.129997,86.480003,814500,86.387401
2015-06-25,88.029999,88.029999,86.379997,86.580002,624900,86.487292
2015-06-24,89.239998,89.330002,87.209999,87.739998,599400,87.646046
2015-06-23,89.669998,90.190002,88.900002,89.169998,380000,89.074515
2015-06-22,89.75,90.150002,89.169998,89.839996,431700,89.743796
2015-06-19,88.790001,89.669998,88.790001,89.290001,870300,89.194389
2015-06-18,87.860001,89.019997,87.519997,88.879997,647500,88.784825
2015-06-17,87.949997,88.139999,86.639999,87.470001,616900,87.376339
2015-06-16,87.519997,87.949997,86.889999,87.790001,931600,87.695996
2015-06-15,88.349998,88.410004,87.529999,87.779999,726200,87.686004
2015-06-12,89.110001,89.440002,88.440002,88.889999,642100,88.794816
2015-06-11,89.800003,90.25,89.220001,89.459999,563100,89.364206
2015-06-10,88.760002,90.00,88.32,89.620003,896900,89.524038
2015-06-09,88.660004,89.089996,87.959999,88.080002,866700,87.985686
2015-06-08,88.940002,89.449997,88.50,88.550003,754600,88.455184
2015-06-05,88.339996,89.940002,88.129997,89.120003,656800,89.024573
2015-06-04,88.389999,88.980003,87.639999,88.620003,1242100,88.525109
2015-06-03,90.620003,90.75,88.639999,89.139999,1236500,89.044549
2015-06-02,89.339996,90.730003,89.339996,90.199997,688400,90.103411
2015-06-01,90.00,90.129997,89.139999,89.57,940700,89.474088
2015-05-29,90.599998,91.019997,89.459999,89.93,1290700,89.833703
2015-05-28,90.480003,90.779999,89.790001,90.50,513900,90.403093
2015-05-27,90.639999,91.190002,90.110001,90.970001,1059800,90.872591
2015-05-26,91.110001,91.589996,89.919998,90.279999,1147700,90.183327
2015-05-22,92.099998,92.709999,91.529999,91.580002,583400,91.481938
2015-05-21,91.860001,92.239998,91.339996,91.849998,546000,91.751646
2015-05-20,92.389999,92.389999,91.599998,91.940002,515000,91.741663
2015-05-19,92.199997,92.739998,91.889999,92.339996,849600,92.140794
2015-05-18,91.550003,92.540001,91.550003,92.18,896800,91.981143
2015-05-15,92.82,93.07,91.440002,91.989998,860700,91.791551
2015-05-14,91.57,92.849998,90.779999,92.720001,1105900,92.519979
2015-05-13,90.57,91.529999,90.120003,90.870003,1094900,90.673972
2015-05-12,90.650002,91.190002,90.150002,90.230003,1042500,90.035353
2015-05-11,90.129997,91.790001,89.980003,91.290001,977800,91.093064
2015-05-08,90.00,91.099998,89.669998,90.470001,947100,90.274833
2015-05-07,86.949997,89.93,86.839996,89.50,1422100,89.306924
2015-05-06,86.480003,88.00,85.160004,87.349998,997300,87.161561
2015-05-05,85.540001,87.519997,84.720001,85.50,1773400,85.315553
2015-05-04,88.239998,89.57,87.970001,88.099998,1862100,87.909943
2015-05-01,86.120003,88.57,85.690002,88.330002,1859600,88.13945
2015-04-30,83.080002,86.230003,83.080002,85.519997,1937500,85.335507
2015-04-29,82.43,83.379997,81.779999,83.07,724000,82.890795
2015-04-28,82.779999,83.139999,81.82,83.089996,867600,82.910749
2015-04-27,83.959999,84.029999,82.919998,83.120003,689400,82.94069
2015-04-24,82.449997,83.489998,82.120003,83.470001,1106000,83.289934
2015-04-23,80.879997,82.599998,80.660004,82.330002,1050900,82.152394
2015-04-22,81.459999,81.660004,80.580002,80.910004,806200,80.735459
2015-04-21,81.889999,82.139999,81.199997,81.370003,625600,81.194466
2015-04-20,82.260002,82.470001,81.529999,81.769997,651800,81.593597
