Date,Open,High,Low,Close,Volume,Adj Close
2015-10-09,106.870003,107.720001,105.25,105.639999,169300,105.639999
2015-10-08,104.059998,106.93,103.519997,106.739998,251600,106.739998
2015-10-07,102.470001,105.029999,102.019997,104.25,277200,104.25
2015-10-06,100.419998,102.480003,100.419998,101.989998,219300,101.989998
2015-10-05,97.230003,100.769997,96.800003,100.639999,401100,100.639999
2015-10-02,93.089996,96.480003,92.330002,96.449997,207400,96.449997
2015-10-01,95.50,95.50,92.790001,93.989998,353000,93.989998
2015-09-30,95.300003,95.370003,93.830002,94.889999,318100,94.889999
2015-09-29,95.360001,95.949997,94.529999,95.110001,284300,95.110001
2015-09-28,96.779999,97.040001,94.889999,95.099998,223900,95.099998
2015-09-25,99.510002,99.510002,97.269997,97.440002,256800,97.440002
2015-09-24,100.239998,100.639999,98.300003,98.629997,251500,98.629997
2015-09-23,101.449997,101.449997,100.040001,101.25,348800,101.25
2015-09-22,101.18,101.620003,99.910004,101.50,187800,101.124999
2015-09-21,102.129997,102.690002,101.419998,102.370003,171500,101.991787
2015-09-18,101.839996,102.720001,101.309998,101.760002,247000,101.38404
2015-09-17,103.190002,104.349998,102.669998,102.849998,134000,102.470009
2015-09-16,103.190002,103.599998,102.889999,103.339996,131800,102.958197
2015-09-15,102.260002,102.93,101.75,102.610001,174900,102.230898
2015-09-14,103.199997,103.959999,101.709999,101.75,124900,101.374075
2015-09-11,102.599998,103.489998,102.379997,103.410004,84500,103.027946
2015-09-10,104.089996,104.589996,102.970001,103.129997,124200,102.748974
2015-09-09,104.980003,105.769997,104.129997,104.260002,136400,103.874804
2015-09-08,104.779999,105.050003,103.040001,104.300003,268300,103.914657
2015-09-04,104.099998,104.68,103.220001,103.519997,119000,103.137532
2015-09-03,104.68,105.949997,104.68,105.349998,139200,104.960773
2015-09-02,104.699997,105.00,102.870003,104.660004,132400,104.273327
2015-09-01,104.480003,105.169998,103.400002,103.870003,200800,103.486245
2015-08-31,105.589996,106.709999,104.620003,106.290001,199600,105.897303
2015-08-28,104.809998,106.110001,104.790001,105.870003,153800,105.478856
2015-08-27,103.839996,105.209999,103.080002,105.120003,253400,104.731627
2015-08-26,102.919998,103.290001,101.50,103.110001,184100,102.729051
2015-08-25,104.779999,105.059998,101.050003,101.139999,236200,100.766328
2015-08-24,105.599998,106.699997,102.00,103.360001,399600,102.978127
2015-08-21,107.860001,108.50,106.00,106.099998,263000,105.708002
2015-08-20,109.68,110.190002,108.400002,108.870003,228500,108.467772
2015-08-19,111.419998,111.610001,109.970001,110.269997,235000,109.862594
2015-08-18,112.18,112.410004,111.660004,112.18,113200,111.765541
2015-08-17,111.760002,112.889999,110.980003,112.860001,180200,112.443029
2015-08-14,111.480003,112.440002,110.709999,112.110001,128900,111.6958
2015-08-13,112.459999,112.459999,111.019997,111.339996,122400,110.92864
2015-08-12,111.480003,112.830002,110.410004,112.529999,175700,112.114246
2015-08-11,112.959999,112.959999,111.68,111.82,148300,111.40687
2015-08-10,111.970001,113.800003,111.82,113.620003,173600,113.200223
2015-08-07,111.849998,112.860001,110.75,111.349998,168800,110.938605
2015-08-06,112.220001,112.309998,110.50,112.120003,163600,111.705765
2015-08-05,112.360001,113.980003,111.25,112.120003,190100,111.705765
2015-08-04,111.269997,113.00,111.269997,111.839996,262000,111.426793
2015-08-03,111.300003,111.860001,110.330002,110.940002,212900,110.530124
2015-07-31,111.690002,113.190002,110.900002,111.230003,357100,110.819054
2015-07-30,111.779999,112.00,110.68,111.379997,357900,110.968493
2015-07-29,112.25,113.150002,111.93,112.349998,329700,111.934911
2015-07-28,113.00,113.00,111.800003,112.400002,402000,111.984729
2015-07-27,111.769997,112.839996,111.139999,112.220001,459700,111.805394
2015-07-24,113.029999,113.389999,112.489998,112.900002,502100,112.482882
2015-07-23,113.93,115.599998,111.639999,113.639999,737300,113.220146
2015-07-22,116.949997,117.529999,116.139999,116.940002,211900,116.507957
2015-07-21,118.239998,118.599998,116.550003,117.110001,202600,116.677327
2015-07-20,118.93,119.970001,117.809998,118.059998,183100,117.623814
2015-07-17,119.480003,120.309998,118.730003,118.980003,157100,118.540421
2015-07-16,118.730003,119.970001,118.730003,119.650002,97700,119.207943
2015-07-15,119.120003,119.739998,118.260002,118.32,144300,117.882855
2015-07-14,119.470001,120.00,118.900002,119.190002,160900,118.749644
2015-07-13,119.699997,120.07,118.93,119.720001,189900,119.277684
2015-07-10,120.050003,120.050003,118.75,118.900002,185800,118.460714
2015-07-09,120.620003,120.709999,118.660004,119.129997,169900,118.68986
2015-07-08,120.760002,121.879997,119.040001,119.309998,352300,118.869196
2015-07-07,120.480003,121.57,118.709999,121.230003,345500,120.782108
2015-07-06,120.050003,121.919998,119.599998,120.730003,304200,120.283955
2015-07-02,120.25,121.699997,119.790001,121.00,399900,120.552954
2015-07-01,119.620003,120.360001,118.800003,119.949997,361900,119.50683
2015-06-30,119.510002,119.510002,117.790001,118.870003,319100,118.430826
2015-06-29,119.370003,119.82,118.550003,118.660004,160500,118.221603
2015-06-26,121.010002,121.120003,119.669998,119.959999,295900,119.516796
2015-06-25,122.440002,122.440002,120.260002,120.93,195400,120.483213
2015-06-24,122.459999,123.300003,121.07,121.75,138800,121.300183
2015-06-23,123.300003,123.830002,122.089996,122.739998,253600,121.912909
2015-06-22,122.989998,123.110001,122.18,123.059998,122100,122.230752
2015-06-19,122.980003,123.900002,122.360001,122.360001,316200,121.535472
2015-06-18,122.800003,123.889999,122.50,123.010002,198800,122.181094
2015-06-17,121.910004,122.93,121.18,122.470001,115100,121.644732
2015-06-16,120.980003,121.889999,120.089996,121.870003,244600,121.048776
2015-06-15,122.00,122.00,120.290001,121.019997,244500,120.204498
2015-06-12,123.230003,123.910004,122.050003,122.510002,172700,121.684463
2015-06-11,124.220001,124.849998,123.610001,123.739998,186700,122.906171
2015-06-10,122.730003,124.440002,122.190002,124.00,163300,123.164421
2015-06-09,122.220001,123.510002,122.099998,122.190002,154000,121.36662
2015-06-08,122.980003,123.239998,122.019997,122.580002,91600,121.753991
2015-06-05,122.870003,123.519997,121.919998,123.050003,138900,122.220825
2015-06-04,124.459999,124.720001,122.800003,123.050003,143200,122.220825
2015-06-03,124.68,126.290001,124.25,125.400002,135500,124.554988
2015-06-02,124.099998,125.860001,124.099998,124.949997,151200,124.108016
2015-06-01,124.559998,125.790001,122.839996,124.43,149900,123.591523
2015-05-29,126.370003,126.610001,124.370003,124.449997,234400,123.611385
2015-05-28,125.669998,126.440002,125.279999,126.440002,215100,125.587981
2015-05-27,126.00,126.910004,124.959999,125.860001,152200,125.011888
2015-05-26,125.709999,126.870003,124.980003,126.00,283100,125.150944
2015-05-22,126.879997,127.00,125.739998,126.059998,149900,125.210537
2015-05-21,126.260002,127.50,125.849998,126.839996,125200,125.98528
2015-05-20,126.129997,126.980003,125.68,126.50,114400,125.647574
2015-05-19,127.00,127.00,125.230003,126.010002,102400,125.160878
2015-05-18,126.980003,127.449997,126.150002,126.959999,249000,126.104474
2015-05-15,126.290001,127.43,125.82,127.260002,325000,126.402455
2015-05-14,126.410004,127.150002,125.440002,126.43,283700,125.578046
2015-05-13,124.129997,126.550003,123.580002,126.00,291000,125.150944
2015-05-12,124.349998,124.559998,122.709999,123.519997,252700,122.687652
2015-05-11,123.260002,125.209999,123.239998,124.650002,415500,123.810042
2015-05-08,124.769997,124.949997,123.440002,123.489998,399400,122.657855
2015-05-07,123.230003,124.260002,122.720001,123.32,399300,122.489003
2015-05-06,124.400002,124.93,123.300003,123.910004,230500,123.075031
2015-05-05,125.260002,126.970001,123.900002,123.900002,311700,123.065096
2015-05-04,126.120003,126.720001,125.489998,125.779999,155800,124.932425
2015-05-01,126.849998,127.389999,125.550003,126.339996,185000,125.488649
2015-04-30,127.510002,128.669998,125.93,126.019997,208900,125.170805
2015-04-29,126.400002,128.490005,125.809998,128.259995,202200,127.395709
2015-04-28,126.309998,128.350006,125.93,127.019997,249100,126.164067
2015-04-27,125.019997,126.910004,124.089996,126.720001,454100,125.866093
2015-04-24,123.419998,125.279999,122.809998,124.440002,405600,123.601458
2015-04-23,116.949997,123.360001,116.360001,123.139999,753600,122.310215
2015-04-22,118.419998,119.339996,117.900002,118.089996,282600,117.294242
2015-04-21,120.400002,121.080002,118.25,118.459999,310300,117.661751
2015-04-20,120.849998,121.800003,119.989998,120.00,210000,119.191375
2015-04-17,121.489998,121.489998,119.910004,120.220001,138000,119.409894
2015-04-16,123.190002,123.540001,121.889999,122.18,208800,121.356685
2015-04-15,119.900002,123.75,119.650002,123.18,440400,122.349947
2015-04-14,118.82,119.43,118.089996,119.00,266600,118.198113
2015-04-13,120.510002,120.889999,118.540001,118.699997,290600,117.900132
