Date,Open,High,Low,Close,Volume,Adj Close
2015-10-15,113.07,115.879997,111.470001,115.790001,2007300,115.790001
2015-10-14,109.809998,114.949997,109.629997,113.300003,2334700,113.300003
2015-10-13,112.510002,114.559998,109.169998,109.400002,1660700,109.400002
2015-10-12,110.639999,114.25,109.080002,113.25,1855700,113.25
2015-10-09,109.419998,112.50,107.720001,110.00,1858600,110.00
2015-10-08,109.25,110.50,102.959999,109.029999,2743700,109.029999
2015-10-07,110.540001,112.480003,106.519997,109.400002,2657100,109.400002
2015-10-06,113.550003,114.50,104.169998,109.459999,3566600,109.459999
2015-10-05,116.760002,117.209999,112.519997,114.519997,2333400,114.519997
2015-10-02,107.239998,115.230003,106.010002,115.18,3524600,115.18
2015-10-01,103.199997,107.43,101.489998,107.230003,2480900,107.230003
2015-09-30,102.080002,105.839996,101.580002,104.139999,2861400,104.139999
2015-09-29,97.839996,105.459999,97.449997,99.830002,3783500,99.830002
2015-09-28,103.720001,104.50,97.790001,98.50,3939000,98.50
2015-09-25,112.309998,113.379997,101.00,103.279999,3384100,103.279999
2015-09-24,110.300003,112.940002,109.019997,111.110001,2665100,111.110001
2015-09-23,114.260002,115.879997,108.449997,111.860001,3308700,111.860001
2015-09-22,116.419998,116.989998,110.410004,114.410004,4487800,114.410004
2015-09-21,124.870003,126.779999,117.580002,118.190002,2578700,118.190002
2015-09-18,132.259995,132.259995,123.980003,124.160004,4372000,124.160004
2015-09-17,134.029999,136.619995,133.110001,135.190002,1164900,135.190002
2015-09-16,135.990005,136.970001,131.419998,133.660004,1186500,133.660004
2015-09-15,135.589996,136.490005,133.399994,135.449997,1115900,135.449997
2015-09-14,136.309998,136.669998,132.710007,134.850006,1388600,134.850006
2015-09-11,131.00,134.130005,130.100006,134.059998,1053500,134.059998
2015-09-10,129.210007,133.710007,129.210007,132.00,975600,132.00
2015-09-09,134.490005,134.610001,129.309998,129.949997,1100500,129.949997
2015-09-08,129.929993,133.490005,127.970001,133.110001,1341400,133.110001
2015-09-04,124.300003,128.039993,123.809998,126.989998,1240700,126.989998
2015-09-03,130.130005,130.759995,126.150002,126.529999,984400,126.529999
2015-09-02,125.559998,129.100006,124.00,129.00,1474900,129.00
2015-09-01,124.07,127.419998,123.00,124.040001,1981100,124.040001
2015-08-31,132.710007,134.240005,127.410004,127.519997,1698100,127.519997
2015-08-28,132.389999,134.529999,131.029999,134.050003,1240200,134.050003
2015-08-27,131.490005,133.990005,129.850006,133.75,2013000,133.75
2015-08-26,124.599998,130.289993,121.809998,130.110001,2491200,130.110001
2015-08-25,126.709999,126.839996,120.889999,121.169998,2634000,121.169998
2015-08-24,117.540001,128.149994,112.889999,119.269997,3315800,119.269997
2015-08-21,131.330002,133.429993,125.360001,125.470001,2484100,125.470001
2015-08-20,138.690002,140.660004,132.630005,132.910004,1849700,132.910004
2015-08-19,140.449997,142.490005,137.850006,141.479996,1339000,141.479996
2015-08-18,140.029999,141.490005,138.380005,139.759995,945600,139.759995
2015-08-17,136.389999,140.059998,135.009995,139.610001,814100,139.610001
2015-08-14,137.25,137.619995,133.960007,136.880005,956600,136.880005
2015-08-13,137.889999,140.00,136.889999,137.369995,1266900,137.369995
2015-08-12,134.479996,138.289993,132.130005,137.639999,1160000,137.639999
2015-08-11,138.850006,139.130005,134.029999,135.869995,1467900,135.869995
2015-08-10,139.169998,143.449997,139.160004,139.630005,1668700,139.630005
2015-08-07,138.940002,139.50,136.029999,137.740005,2440800,137.740005
2015-08-06,141.25,142.360001,137.220001,139.440002,1560900,139.440002
2015-08-05,141.589996,143.160004,139.759995,141.220001,1374000,141.220001
2015-08-04,137.809998,141.839996,137.130005,140.300003,1999500,140.300003
2015-08-03,134.880005,139.149994,134.679993,136.990005,2158700,136.990005
2015-07-31,134.889999,136.00,133.020004,135.00,1545500,135.00
2015-07-30,126.089996,135.899994,121.150002,135.460007,3095100,135.460007
2015-07-29,128.279999,128.979996,125.269997,125.620003,1777200,125.620003
2015-07-28,124.470001,128.559998,122.410004,128.300003,1937700,128.300003
2015-07-27,124.239998,125.349998,121.309998,123.230003,2039900,123.230003
2015-07-24,130.020004,130.699997,124.620003,125.50,1353200,125.50
2015-07-23,131.710007,131.949997,129.929993,130.850006,869900,130.850006
2015-07-22,130.509995,132.119995,129.940002,131.020004,971100,131.020004
2015-07-21,133.660004,133.889999,129.910004,130.970001,1039500,130.970001
2015-07-20,134.679993,135.149994,132.949997,133.470001,1040800,133.470001
2015-07-17,134.289993,134.479996,132.279999,134.169998,1271000,134.169998
2015-07-16,133.490005,134.320007,133.119995,133.899994,2002900,133.899994
2015-07-15,130.539993,136.360001,130.25,133.529999,3080300,133.529999
2015-07-14,124.989998,129.830002,123.239998,129.440002,1757600,129.440002
2015-07-13,123.809998,124.559998,123.00,124.239998,1066000,124.239998
2015-07-10,122.75,123.389999,121.199997,122.949997,1418200,122.949997
2015-07-09,123.010002,123.900002,120.879997,120.889999,1656300,120.889999
2015-07-08,126.639999,126.860001,120.940002,121.540001,1991800,121.540001
2015-07-07,129.00,129.460007,125.589996,127.480003,1566900,127.480003
2015-07-06,128.949997,130.619995,126.900002,128.830002,2263100,128.830002
2015-07-02,127.019997,132.00,126.00,131.259995,3657400,131.259995
2015-07-01,124.110001,126.650002,124.099998,126.190002,1450800,126.190002
2015-06-30,124.330002,125.160004,122.389999,123.480003,1489600,123.480003
2015-06-29,125.800003,126.470001,121.839996,122.029999,1286700,122.029999
2015-06-26,130.50,131.00,126.860001,126.870003,4458700,126.870003
2015-06-25,130.270004,130.839996,127.889999,128.350006,1166300,128.350006
2015-06-24,131.679993,132.979996,129.050003,129.589996,1145800,129.589996
2015-06-23,129.570007,131.770004,129.389999,131.619995,1333100,131.619995
2015-06-22,127.989998,129.240005,126.57,129.029999,886500,129.029999
2015-06-19,127.459999,129.259995,126.540001,128.039993,1915700,128.039993
2015-06-18,124.620003,127.75,123.940002,127.629997,1410700,127.629997
2015-06-17,123.57,125.00,122.860001,124.050003,730000,124.050003
2015-06-16,123.519997,124.970001,123.00,123.339996,603800,123.339996
2015-06-15,123.650002,124.540001,121.389999,123.50,998300,123.50
2015-06-12,125.870003,126.290001,122.690002,124.360001,962900,124.360001
2015-06-11,125.860001,126.879997,125.150002,126.349998,1213100,126.349998
2015-06-10,124.489998,126.160004,122.389999,125.18,1190400,125.18
2015-06-09,125.760002,125.839996,122.889999,124.080002,773800,124.080002
2015-06-08,127.00,127.269997,124.940002,125.519997,892600,125.519997
2015-06-05,126.099998,127.980003,125.029999,127.349998,707500,127.349998
2015-06-04,125.839996,127.919998,125.459999,126.940002,1219000,126.940002
2015-06-03,124.379997,126.980003,124.129997,126.919998,935700,126.919998
2015-06-02,126.279999,127.50,123.300003,124.800003,1341800,124.800003
2015-06-01,128.479996,128.979996,126.110001,126.800003,946900,126.800003
2015-05-29,126.919998,128.869995,125.669998,128.289993,1210300,128.289993
2015-05-28,126.75,128.240005,126.360001,127.400002,796300,127.400002
2015-05-27,123.230003,127.900002,121.809998,127.800003,1383300,127.800003
2015-05-26,124.800003,125.699997,122.339996,122.629997,1139400,122.629997
2015-05-22,124.910004,125.959999,124.330002,125.080002,1174000,125.080002
2015-05-21,126.419998,127.099998,124.32,125.050003,1202600,125.050003
2015-05-20,127.160004,127.989998,124.339996,126.75,1703800,126.75
2015-05-19,127.290001,129.149994,126.410004,128.309998,1075500,128.309998
2015-05-18,126.209999,127.470001,125.160004,127.309998,1641100,127.309998
2015-05-15,124.169998,127.110001,123.540001,126.209999,2211700,126.209999
2015-05-14,126.00,126.480003,121.019997,123.00,2636900,123.00
2015-05-13,131.25,131.360001,125.00,125.519997,3875600,125.519997
2015-05-12,124.080002,124.080002,124.080002,124.080002,000,124.080002
2015-05-11,129.00,129.529999,123.529999,124.080002,2290400,124.080002
2015-05-08,124.50,131.419998,124.50,127.410004,2280400,127.410004
2015-05-07,122.889999,125.779999,121.169998,125.050003,1305800,125.050003
2015-05-06,122.610001,125.160004,121.379997,122.93,1257900,122.93
2015-05-05,125.419998,126.220001,121.150002,122.150002,1426000,122.150002
2015-05-04,126.07,129.220001,125.459999,126.300003,1194900,126.300003
2015-05-01,123.919998,125.970001,123.82,125.599998,1170900,125.599998
2015-04-30,124.169998,128.690002,121.300003,123.279999,1844300,123.279999
2015-04-29,124.580002,127.739998,123.110001,123.760002,1685300,123.760002
2015-04-28,128.270004,130.00,123.889999,125.470001,1692900,125.470001
2015-04-27,134.089996,135.070007,126.690002,127.879997,2255600,127.879997
2015-04-24,133.610001,135.940002,132.940002,133.199997,1246300,133.199997
2015-04-23,132.440002,137.50,131.789993,135.820007,1671500,135.820007
2015-04-22,132.279999,133.720001,130.360001,132.850006,1118900,132.850006
2015-04-21,128.800003,135.309998,127.209999,132.199997,3069300,132.199997
2015-04-20,126.139999,127.010002,124.470001,125.550003,1351400,125.550003
