Date,Open,High,Low,Close,Volume,Adj Close
2015-10-15,56.080002,56.34,55.459999,55.990002,2708300,55.990002
2015-10-14,57.119999,58.119999,55.799999,55.93,2419800,55.93
2015-10-13,57.200001,57.580002,56.91,56.990002,1681600,56.990002
2015-10-12,57.57,58.049999,57.389999,57.549999,1519200,57.549999
2015-10-09,57.75,57.959999,57.290001,57.650002,1873600,57.650002
2015-10-08,57.59,57.939999,57.02,57.84,2231300,57.84
2015-10-07,57.16,57.580002,56.950001,57.57,2477200,57.57
2015-10-06,57.139999,57.630001,56.84,57.060001,1653000,57.060001
2015-10-05,56.549999,57.380001,56.150002,57.32,2044800,57.32
2015-10-02,55.09,56.060001,55.09,56.060001,2571900,56.060001
2015-10-01,56.310001,56.400002,55.400002,55.759998,3397900,55.759998
2015-09-30,56.23,56.48,55.73,56.060001,3013600,56.060001
2015-09-29,55.330002,55.939999,54.75,55.880001,2474700,55.880001
2015-09-28,56.700001,57.200001,55.060001,55.380001,2833000,55.380001
2015-09-25,56.810001,57.380001,56.470001,56.919998,2448700,56.919998
2015-09-24,56.849998,57.220001,56.290001,56.57,2764900,56.57
2015-09-23,56.689999,57.220001,56.23,56.869999,1846200,56.869999
2015-09-22,56.459999,56.849998,55.740002,56.619999,2965900,56.619999
2015-09-21,56.369999,56.970001,56.200001,56.77,2110800,56.77
2015-09-18,54.66,57.049999,54.66,56.150002,4883400,56.150002
2015-09-17,54.549999,56.439999,54.34,55.450001,3014200,55.450001
2015-09-16,53.830002,55.060001,53.759998,54.580002,2343300,54.580002
2015-09-15,53.029999,53.869999,52.610001,53.82,2823100,53.82
2015-09-14,52.700001,52.959999,52.52,52.93,3158200,52.93
2015-09-11,52.110001,52.720001,52.029999,52.66,3654000,52.66
2015-09-10,52.82,53.369999,52.529999,52.779999,2500900,52.049998
2015-09-09,53.91,54.080002,52.740002,52.849998,2460800,52.119029
2015-09-08,53.669998,53.900002,53.119999,53.610001,2187200,52.86852
2015-09-04,54.00,54.00,52.799999,53.099998,2951200,52.365571
2015-09-03,54.810001,54.93,54.27,54.450001,2315200,53.696902
2015-09-02,54.790001,55.080002,54.00,54.450001,2610200,53.696902
2015-09-01,54.439999,54.880001,53.860001,54.27,3149500,53.519391
2015-08-31,56.509998,56.66,54.990002,55.02,4169600,54.259018
2015-08-28,57.029999,57.209999,56.389999,56.689999,2525300,55.905918
2015-08-27,56.310001,57.66,55.91,57.02,4668500,56.231356
2015-08-26,55.689999,56.220001,55.009998,56.099998,4180000,55.324078
2015-08-25,58.299999,58.450001,54.900002,54.959999,4406200,54.199846
2015-08-24,59.029999,59.549999,56.700001,56.869999,5076000,56.083429
2015-08-21,60.419998,60.779999,59.580002,59.599998,3279500,58.77567
2015-08-20,59.950001,60.939999,59.439999,60.549999,3521600,59.712531
2015-08-19,59.439999,60.32,59.18,60.049999,2676300,59.219447
2015-08-18,60.450001,60.759998,59.25,59.799999,3423100,58.972904
2015-08-17,68.410004,68.730003,68.010002,68.519997,3089200,67.572295
2015-08-14,67.650002,68.440002,67.360001,68.389999,1623400,67.444096
2015-08-13,67.629997,68.239998,66.720001,67.849998,1831800,66.911564
2015-08-12,67.339996,68.019997,67.050003,67.970001,2633700,67.029907
2015-08-11,66.589996,67.93,66.50,67.480003,2475700,66.546686
2015-08-10,67.720001,68.00,66.459999,66.769997,2291100,65.8465
2015-08-07,66.82,67.699997,66.220001,67.400002,2837600,66.467791
2015-08-06,66.400002,67.050003,65.610001,66.989998,3334900,66.063458
2015-08-05,66.860001,66.889999,66.07,66.43,3806200,65.511206
2015-08-04,67.440002,67.760002,66.510002,66.760002,2448300,65.836643
2015-08-03,67.00,67.75,66.949997,67.440002,2659200,66.507238
2015-07-31,66.830002,67.720001,66.830002,67.089996,2210400,66.162073
2015-07-30,66.57,66.879997,66.050003,66.360001,1964700,65.442174
2015-07-29,66.150002,66.809998,65.699997,66.639999,1756100,65.7183
2015-07-28,66.190002,66.790001,66.040001,66.230003,2255700,65.313975
2015-07-27,65.440002,66.75,65.440002,66.080002,2383300,65.166048
2015-07-24,63.970001,65.75,63.66,65.389999,2764600,64.485589
2015-07-23,64.269997,64.459999,63.18,63.650002,2164300,62.769657
2015-07-22,63.939999,64.57,63.860001,64.279999,1817800,63.390941
2015-07-21,64.150002,64.389999,63.919998,63.939999,2589600,63.055643
2015-07-20,64.269997,64.349998,63.889999,64.309998,1698300,63.420525
2015-07-17,64.410004,64.709999,64.059998,64.440002,1711600,63.548732
2015-07-16,64.440002,64.779999,64.139999,64.589996,2112500,63.696651
2015-07-15,64.290001,64.709999,64.089996,64.300003,2192200,63.410668
2015-07-14,64.599998,64.860001,64.199997,64.25,1557900,63.361357
2015-07-13,65.110001,65.440002,64.169998,64.589996,2357900,63.696651
2015-07-10,64.290001,65.029999,63.77,64.550003,1872600,63.657211
2015-07-09,64.629997,65.00,63.970001,64.089996,2657600,63.203566
2015-07-08,63.91,64.580002,63.849998,64.129997,2830200,63.243014
2015-07-07,63.41,64.650002,63.27,64.389999,4566600,63.49942
2015-07-06,62.610001,63.009998,62.240002,62.830002,3478500,61.960999
2015-07-02,62.880001,63.790001,62.759998,62.950001,2393300,62.079338
2015-07-01,62.240002,62.619999,61.799999,62.610001,2555200,61.74404
2015-06-30,62.740002,62.84,62.00,62.09,1686600,61.231232
2015-06-29,63.009998,63.529999,62.34,62.380001,2630700,61.517222
2015-06-26,61.759998,63.139999,61.639999,62.790001,5276100,61.921551
2015-06-25,62.91,63.00,61.619999,61.82,4125800,60.964966
2015-06-24,63.619999,63.810001,62.91,62.950001,1810500,62.079338
2015-06-23,63.98,64.199997,63.119999,63.580002,1721600,62.700626
2015-06-22,65.360001,65.50,64.110001,64.199997,2253500,63.312046
2015-06-19,65.029999,65.50,64.519997,65.190002,3408500,64.288358
2015-06-18,64.580002,65.639999,64.529999,65.120003,2046300,64.219327
2015-06-17,64.150002,64.629997,63.490002,64.400002,1781500,63.509284
2015-06-16,63.580002,64.480003,63.470001,64.18,2072200,63.292325
2015-06-15,64.040001,64.389999,63.560001,63.560001,1576900,62.680902
2015-06-12,64.07,64.32,63.700001,63.970001,1437100,63.085231
2015-06-11,64.050003,64.330002,63.869999,64.07,2213400,63.183846
2015-06-10,63.18,64.360001,63.18,63.709999,1557300,62.828825
2015-06-09,63.810001,63.830002,63.169998,63.23,1658000,62.355464
2015-06-08,63.599998,64.260002,63.25,63.950001,2419700,63.065507
2015-06-05,64.099998,64.410004,62.790001,63.560001,4844000,62.680902
2015-06-04,64.760002,65.190002,64.139999,64.919998,2542200,64.022088
2015-06-03,65.959999,66.00,64.699997,64.800003,2583100,63.903753
2015-06-02,67.089996,67.32,66.43,66.699997,2520100,64.998396
2015-06-01,66.589996,67.459999,66.550003,67.139999,2184200,65.427173
2015-05-29,67.150002,67.68,66.160004,66.519997,3205800,64.822987
2015-05-28,67.949997,67.949997,66.940002,67.129997,3830400,65.417426
2015-05-27,67.959999,68.360001,67.699997,67.830002,1718400,66.099573
2015-05-26,68.239998,68.290001,67.50,67.720001,1218500,65.992378
2015-05-22,68.010002,68.809998,67.459999,68.279999,1301900,66.53809
2015-05-21,69.019997,69.07,67.910004,68.32,1400500,66.57707
2015-05-20,69.190002,69.720001,68.870003,68.889999,1202800,67.132528
2015-05-19,68.82,69.650002,68.82,69.209999,1233900,67.444364
2015-05-18,69.139999,69.480003,68.93,69.190002,1476400,67.424878
2015-05-15,68.519997,69.489998,68.360001,69.400002,3301900,67.62952
2015-05-14,67.559998,68.230003,67.400002,68.199997,1562200,66.460129
2015-05-13,68.309998,68.800003,66.970001,67.089996,1908100,65.378446
2015-05-12,67.459999,68.599998,66.50,68.07,2760400,66.333448
2015-05-11,68.790001,69.360001,67.839996,67.900002,1955100,66.167787
2015-05-08,69.260002,70.410004,69.080002,69.120003,2294400,67.356664
2015-05-07,67.349998,68.769997,67.110001,68.459999,2756500,66.713498
2015-05-06,68.010002,68.010002,66.660004,67.099998,3024100,65.388193
2015-05-05,68.650002,68.769997,67.540001,67.739998,3123100,66.011865
2015-05-04,69.419998,69.610001,68.639999,68.779999,1892600,67.025334
2015-05-01,68.870003,69.959999,68.870003,69.339996,2121500,67.571045
2015-04-30,70.50,70.559998,68.529999,68.900002,2751200,67.142275
2015-04-29,72.00,72.489998,70.510002,70.870003,2565100,69.062019
2015-04-28,72.18,72.739998,71.620003,72.620003,1645400,70.767375
2015-04-27,73.059998,73.800003,72.150002,72.32,1620400,70.475025
2015-04-24,74.059998,74.059998,72.510002,72.82,2039900,70.962269
2015-04-23,72.510002,73.349998,72.510002,73.059998,1625500,71.196145
2015-04-22,72.75,73.220001,72.519997,72.709999,1531600,70.855075
2015-04-21,73.150002,73.68,72.760002,72.790001,1531200,70.933036
2015-04-20,72.949997,73.529999,72.650002,73.150002,1698600,71.283852
