Date,Open,High,Low,Close,Volume,Adj Close
2015-10-09,43.18,43.290001,42.959999,43.18,244200,43.18
2015-10-08,42.25,43.18,42.240002,43.16,253200,43.16
2015-10-07,42.25,42.50,42.110001,42.380001,347200,42.380001
2015-10-06,42.57,42.57,42.139999,42.209999,261200,42.209999
2015-10-05,42.369999,42.669998,42.00,42.610001,246800,42.610001
2015-10-02,41.84,42.349998,41.349998,42.349998,355400,42.349998
2015-10-01,42.060001,42.09,41.23,41.630001,318700,41.630001
2015-09-30,41.099998,42.119999,40.98,42.009998,410900,42.009998
2015-09-29,40.939999,41.380001,40.779999,41.07,316800,41.07
2015-09-28,40.830002,41.080002,40.759998,40.880001,253000,40.880001
2015-09-25,40.779999,41.369999,40.419998,40.880001,255600,40.880001
2015-09-24,40.040001,40.810001,40.040001,40.709999,190600,40.709999
2015-09-23,40.630001,40.639999,40.200001,40.369999,183900,40.369999
2015-09-22,40.209999,40.639999,40.209999,40.450001,275700,40.450001
2015-09-21,40.529999,40.709999,40.389999,40.450001,226400,40.450001
2015-09-18,39.93,40.740002,39.860001,40.310001,588700,40.310001
2015-09-17,39.689999,40.66,39.610001,40.299999,350500,40.299999
2015-09-16,39.259998,40.00,39.02,39.73,280500,39.73
2015-09-15,39.029999,39.459999,38.970001,39.189999,226500,39.189999
2015-09-14,38.98,39.310001,38.91,39.060001,140600,39.060001
2015-09-11,38.50,38.98,38.299999,38.959999,302800,38.959999
2015-09-10,38.490002,39.09,38.349998,38.540001,241500,38.540001
2015-09-09,39.110001,39.400002,38.669998,38.709999,289800,38.709999
2015-09-08,38.639999,39.119999,38.529999,39.029999,204000,39.029999
2015-09-04,38.580002,38.599998,38.060001,38.389999,247700,38.389999
2015-09-03,38.82,39.130001,38.639999,38.869999,352700,38.869999
2015-09-02,39.290001,39.419998,38.529999,38.709999,566300,38.709999
2015-09-01,39.689999,39.82,38.740002,38.939999,626900,38.939999
2015-08-31,40.799999,40.799999,39.740002,40.23,624400,40.23
2015-08-28,40.959999,41.259998,40.560001,40.970001,461400,40.970001
2015-08-27,40.790001,41.18,40.52,41.080002,514000,41.080002
2015-08-26,41.150002,41.279999,39.700001,40.599998,937200,40.599998
2015-08-25,41.57,41.57,40.57,40.759998,994200,40.759998
2015-08-24,37.919998,41.549999,37.259998,41.009998,824300,41.009998
2015-08-21,41.91,42.459999,41.580002,41.950001,536700,41.950001
2015-08-20,42.41,42.799999,42.07,42.220001,277800,42.220001
2015-08-19,42.450001,42.720001,42.009998,42.580002,288000,42.580002
2015-08-18,42.740002,42.849998,42.380001,42.540001,196300,42.540001
2015-08-17,42.52,43.080002,42.32,42.919998,276300,42.919998
2015-08-14,41.98,42.610001,41.98,42.610001,213400,42.610001
2015-08-13,42.099998,42.360001,41.75,42.080002,196700,42.080002
2015-08-12,41.880001,42.709999,41.779999,42.599998,331400,42.219998
2015-08-11,41.900002,42.32,41.59,42.110001,368700,41.734371
2015-08-10,42.02,42.41,41.700001,41.880001,272800,41.506423
2015-08-07,41.639999,42.16,41.290001,42.009998,350000,41.635261
2015-08-06,42.349998,42.59,40.310001,41.77,755500,41.397404
2015-08-05,41.77,42.209999,41.77,42.009998,502400,41.635261
2015-08-04,42.060001,42.18,41.639999,41.720001,559300,41.347851
2015-08-03,42.189999,42.459999,41.91,42.130001,464300,41.754193
2015-07-31,41.84,42.57,41.439999,42.099998,1429800,41.724458
2015-07-30,40.950001,41.650002,40.669998,41.509998,376600,41.139721
2015-07-29,40.880001,41.200001,40.740002,41.150002,331400,40.782936
2015-07-28,40.68,41.099998,40.360001,41.029999,517900,40.664003
2015-07-27,39.950001,40.939999,39.75,40.77,508900,40.406324
2015-07-24,40.060001,40.330002,39.880001,40.060001,333200,39.702658
2015-07-23,40.650002,40.66,40.02,40.130001,480900,39.772034
2015-07-22,40.119999,40.779999,40.119999,40.709999,426600,40.346858
2015-07-21,40.259998,40.439999,39.93,40.200001,412100,39.841409
2015-07-20,40.709999,40.709999,40.169998,40.360001,255500,39.999982
2015-07-17,41.25,41.369999,40.73,40.779999,336400,40.416233
2015-07-16,40.959999,41.490002,40.869999,41.369999,325100,41.000971
2015-07-15,40.630001,40.93,40.369999,40.900002,533600,40.535166
2015-07-14,40.419998,40.740002,40.32,40.68,498500,40.317127
2015-07-13,40.509998,41.060001,40.279999,40.380001,349000,40.019804
2015-07-10,40.110001,40.689999,39.869999,40.389999,426100,40.029713
2015-07-09,40.810001,40.950001,39.990002,40.110001,521800,39.752212
2015-07-08,40.450001,40.73,40.299999,40.580002,563200,40.21802
2015-07-07,39.779999,40.799999,39.66,40.630001,451800,40.267574
2015-07-06,39.419998,39.740002,39.16,39.669998,478900,39.316134
2015-07-02,38.900002,39.41,38.560001,39.349998,477900,38.998989
2015-07-01,38.59,38.810001,38.490002,38.610001,497300,38.265592
2015-06-30,39.119999,39.18,38.41,38.48,480200,38.136751
2015-06-29,39.16,39.700001,38.880001,38.900002,391900,38.553006
2015-06-26,39.18,39.41,38.849998,39.349998,324600,38.998989
2015-06-25,39.439999,39.48,39.07,39.110001,253500,38.761132
2015-06-24,39.799999,40.02,39.360001,39.380001,451100,39.028724
2015-06-23,40.610001,40.669998,39.849998,39.98,276500,39.62337
2015-06-22,40.91,41.110001,40.50,40.720001,332300,40.356771
2015-06-19,41.049999,41.110001,40.650002,40.68,704900,40.317127
2015-06-18,40.380001,40.950001,40.23,40.939999,297500,40.574806
2015-06-17,40.080002,40.57,39.939999,40.290001,359500,39.930606
2015-06-16,39.48,39.98,39.41,39.970001,298100,39.613461
2015-06-15,39.700001,39.810001,38.549999,39.639999,289200,39.286403
2015-06-12,40.330002,40.369999,39.790001,39.790001,171100,39.435066
2015-06-11,40.220001,40.490002,40.02,40.43,305500,40.069357
2015-06-10,40.209999,40.419998,39.939999,39.959999,261600,39.603548
2015-06-09,39.900002,40.16,39.84,39.950001,314300,39.593639
2015-06-08,40.27,40.310001,39.959999,39.970001,263600,39.613461
2015-06-05,40.529999,40.57,39.970001,40.18,310900,39.821587
2015-06-04,41.099998,41.330002,40.759998,40.849998,215400,40.485609
2015-06-03,41.849998,42.200001,41.099998,41.119999,319500,40.753201
2015-06-02,42.25,42.279999,41.419998,41.82,329000,41.446957
2015-06-01,42.700001,42.830002,42.400002,42.540001,230600,42.160536
2015-05-29,42.66,42.919998,42.389999,42.57,294300,42.190267
2015-05-28,42.32,42.830002,42.150002,42.77,295100,42.388484
2015-05-27,42.240002,42.57,42.02,42.419998,351200,42.041604
2015-05-26,42.16,42.259998,41.689999,42.00,263800,41.625352
2015-05-22,42.459999,42.459999,42.16,42.259998,236200,41.883031
2015-05-21,42.84,42.959999,42.43,42.549999,241400,42.170445
2015-05-20,42.59,43.049999,42.349998,42.860001,369500,42.477681
2015-05-19,42.360001,42.669998,42.189999,42.57,302500,42.190267
2015-05-18,42.189999,42.75,41.950001,42.549999,381100,42.170445
2015-05-15,41.959999,42.529999,41.77,42.360001,291400,41.982141
2015-05-14,41.200001,42.049999,41.150002,41.91,486600,41.536155
2015-05-13,41.66,41.779999,40.91,41.040001,436200,40.673916
2015-05-12,42.080002,42.25,41.549999,41.759998,453500,41.010882
2015-05-11,42.139999,42.700001,42.029999,42.25,414300,41.492094
2015-05-08,42.650002,42.799999,41.970001,42.34,983100,41.580479
2015-05-07,41.740002,42.369999,41.740002,42.07,586900,41.315322
2015-05-06,42.360001,42.560001,41.509998,42.029999,577400,41.276039
2015-05-05,43.419998,43.540001,42.310001,42.360001,392100,41.600121
2015-05-04,43.310001,44.00,43.310001,43.560001,247600,42.778595
2015-05-01,43.16,43.470001,42.91,43.240002,307300,42.464336
2015-04-30,43.790001,43.830002,42.869999,43.169998,1699700,42.395588
2015-04-29,43.939999,44.169998,43.610001,43.939999,314200,43.151776
2015-04-28,43.84,44.41,43.59,44.299999,256300,43.505319
2015-04-27,45.029999,45.240002,43.779999,43.939999,501400,43.151776
2015-04-24,44.389999,45.209999,44.18,44.889999,455000,44.084735
2015-04-23,44.040001,44.48,43.779999,44.349998,241800,43.554421
2015-04-22,44.060001,44.380001,43.639999,44.049999,368100,43.259803
2015-04-21,44.279999,44.68,43.82,43.84,348900,43.053571
2015-04-20,43.610001,44.689999,43.610001,44.23,308700,43.436575
2015-04-17,43.439999,43.860001,43.419998,43.50,323800,42.71967
2015-04-16,43.779999,43.830002,43.080002,43.630001,532800,42.847339
2015-04-15,44.060001,44.330002,43.799999,43.84,339800,43.053571
2015-04-14,43.790001,44.080002,43.68,43.990002,215900,43.200882
2015-04-13,44.310001,44.34,43.700001,43.700001,252600,42.916083
