Date,Open,High,Low,Close,Volume,Adj Close
2015-10-15,91.690002,92.110001,90.080002,92.029999,489800,92.029999
2015-10-14,92.029999,92.68,91.019997,91.379997,497800,91.379997
2015-10-13,93.339996,94.610001,92.129997,92.269997,421700,92.269997
2015-10-12,93.889999,94.50,93.190002,94.040001,412400,94.040001
2015-10-09,93.230003,94.129997,92.220001,93.650002,856100,93.650002
2015-10-08,92.910004,93.510002,92.00,92.860001,2386200,92.860001
2015-10-07,91.989998,93.459999,91.540001,93.18,594000,93.18
2015-10-06,91.199997,92.269997,90.529999,91.029999,446300,91.029999
2015-10-05,88.830002,91.510002,87.760002,91.440002,699900,91.440002
2015-10-02,85.870003,87.889999,85.290001,87.870003,664600,87.870003
2015-10-01,88.120003,88.919998,86.879997,87.07,843000,87.07
2015-09-30,86.620003,88.309998,86.360001,88.050003,834200,88.050003
2015-09-29,86.349998,87.110001,85.449997,85.769997,1098200,85.769997
2015-09-28,88.459999,88.769997,85.610001,85.849998,1413300,85.849998
2015-09-25,90.599998,91.260002,88.68,89.019997,858700,89.019997
2015-09-24,91.550003,92.110001,89.099998,89.989998,1050400,89.989998
2015-09-23,93.959999,94.160004,92.50,92.529999,571100,92.529999
2015-09-22,94.029999,95.080002,93.190002,93.610001,612500,93.610001
2015-09-21,95.459999,96.50,94.910004,95.269997,398700,95.269997
2015-09-18,96.730003,97.230003,94.889999,95.099998,1144300,95.099998
2015-09-17,97.50,98.760002,97.07,97.639999,536400,97.639999
2015-09-16,95.639999,97.839996,95.339996,97.529999,486400,97.529999
2015-09-15,94.339996,96.010002,94.279999,95.720001,438000,95.720001
2015-09-14,94.639999,94.639999,93.870003,94.169998,437300,94.169998
2015-09-11,93.800003,95.089996,93.800003,94.879997,452100,94.879997
2015-09-10,93.75,95.309998,93.709999,94.370003,436400,94.370003
2015-09-09,94.550003,94.910004,93.519997,93.650002,542400,93.650002
2015-09-08,93.18,93.690002,92.50,93.589996,577200,93.589996
2015-09-04,92.389999,93.349998,91.220001,91.400002,538400,91.400002
2015-09-03,93.120003,94.459999,93.120003,93.629997,486500,93.629997
2015-09-02,93.330002,94.699997,91.629997,92.919998,693900,92.919998
2015-09-01,93.650002,94.709999,91.669998,91.940002,591800,91.940002
2015-08-31,96.660004,97.32,95.699997,95.760002,520700,95.760002
2015-08-28,96.459999,97.629997,95.129997,96.980003,434300,96.980003
2015-08-27,94.900002,96.989998,94.120003,96.709999,460500,96.709999
2015-08-26,92.849998,93.730003,91.150002,93.510002,697700,93.510002
2015-08-25,94.82,94.980003,90.790001,90.870003,1022000,90.870003
2015-08-24,89.290001,95.019997,87.949997,92.309998,1268900,92.309998
2015-08-21,96.019997,96.379997,93.919998,93.980003,606800,93.980003
2015-08-20,99.43,100.029999,96.769997,96.800003,511500,96.800003
2015-08-19,101.00,101.529999,99.699997,100.370003,287600,100.370003
2015-08-18,101.599998,102.410004,101.459999,101.580002,392300,101.580002
2015-08-17,100.07,101.980003,99.419998,101.940002,439900,101.940002
2015-08-14,99.57,100.739998,99.290001,100.639999,292300,100.639999
2015-08-13,98.620003,100.099998,98.449997,99.629997,382200,99.629997
2015-08-12,98.110001,99.480003,97.529999,99.050003,379900,98.97
2015-08-11,98.800003,99.360001,98.50,99.099998,418100,99.019955
2015-08-10,99.370003,99.93,98.910004,99.75,427900,99.669432
2015-08-07,98.059998,98.589996,96.900002,97.660004,563900,97.581123
2015-08-06,99.860001,99.860001,97.769997,98.330002,313400,98.25058
2015-08-05,99.370003,100.589996,98.970001,99.82,374300,99.739375
2015-08-04,100.120003,100.959999,98.330002,98.860001,370100,98.780151
2015-08-03,101.129997,101.220001,99.349998,100.010002,650700,99.929224
2015-07-31,102.419998,102.419998,101.139999,101.190002,782900,101.108271
2015-07-30,101.160004,103.07,100.690002,102.389999,837700,102.307299
2015-07-29,99.389999,102.050003,99.129997,102.010002,772600,101.927608
2015-07-28,98.830002,100.010002,97.580002,99.620003,1201300,99.539539
2015-07-27,93.139999,100.349998,93.129997,97.93,1672800,97.850902
2015-07-24,93.82,93.900002,91.209999,91.339996,678300,91.266221
2015-07-23,96.00,96.709999,93.260002,93.68,565600,93.604335
2015-07-22,93.769997,94.230003,92.550003,93.25,793000,93.174682
2015-07-21,95.00,95.669998,93.879997,93.910004,747300,93.834152
2015-07-20,94.660004,95.790001,94.580002,95.099998,303900,95.023186
2015-07-17,94.970001,95.550003,94.360001,94.68,345500,94.603527
2015-07-16,95.489998,95.699997,95.099998,95.190002,310300,95.113117
2015-07-15,95.68,95.980003,94.620003,94.790001,347800,94.713439
2015-07-14,95.440002,96.18,95.059998,95.809998,294300,95.732612
2015-07-13,94.870003,96.260002,94.290001,95.480003,413100,95.402884
2015-07-10,94.239998,94.75,93.510002,94.18,339500,94.103931
2015-07-09,93.949997,94.190002,93.169998,93.199997,349400,93.124719
2015-07-08,93.339996,93.82,92.120003,92.760002,426100,92.68508
2015-07-07,93.860001,94.349998,92.550003,94.269997,322500,94.193855
2015-07-06,93.620003,95.010002,93.160004,93.940002,325900,93.864127
2015-07-02,94.449997,94.57,93.730003,94.419998,397000,94.343735
2015-07-01,95.220001,95.540001,93.769997,94.110001,557900,94.033988
2015-06-30,95.050003,95.059998,94.010002,94.239998,797400,94.16388
2015-06-29,94.809998,95.160004,93.489998,93.550003,536100,93.474442
2015-06-26,95.940002,96.010002,95.43,95.519997,453900,95.442845
2015-06-25,97.949997,98.129997,95.599998,95.760002,512600,95.682657
2015-06-24,99.260002,99.379997,97.660004,97.830002,354400,97.750984
2015-06-23,98.910004,99.75,98.790001,99.360001,417100,99.279747
2015-06-22,99.540001,99.730003,98.32,98.660004,518500,98.580316
2015-06-19,99.540001,99.739998,98.68,98.730003,490500,98.650259
2015-06-18,99.379997,99.75,98.809998,99.379997,407800,99.299728
2015-06-17,98.669998,99.489998,98.510002,99.040001,608900,98.960006
2015-06-16,98.400002,99.089996,97.75,98.379997,554600,98.300535
2015-06-15,98.709999,98.989998,97.849998,98.589996,401800,98.510365
2015-06-12,100.809998,100.830002,99.50,99.589996,317700,99.509557
2015-06-11,100.529999,101.529999,100.529999,101.190002,385800,101.108271
2015-06-10,99.50,100.699997,99.160004,100.43,385100,100.348883
2015-06-09,99.089996,99.620003,98.440002,98.889999,245600,98.810126
2015-06-08,99.669998,99.769997,99.07,99.190002,208700,99.109886
2015-06-05,98.540001,99.860001,98.269997,99.769997,234500,99.689412
2015-06-04,98.870003,99.610001,98.029999,98.82,375400,98.740183
2015-06-03,100.010002,100.599998,99.739998,99.870003,334000,99.789337
2015-06-02,99.519997,100.43,99.080002,99.75,310400,99.669432
2015-06-01,100.50,100.50,99.300003,99.860001,436100,99.779343
2015-05-29,100.559998,100.650002,99.330002,100.300003,669200,100.21899
2015-05-28,101.260002,101.709999,99.910004,100.82,423600,100.738567
2015-05-27,100.769997,101.480003,100.410004,101.410004,407000,101.328095
2015-05-26,100.959999,101.370003,99.660004,100.470001,459800,100.388851
2015-05-22,101.099998,102.07,101.050003,101.529999,403900,101.447993
2015-05-21,101.040001,102.349998,101.00,101.410004,349600,101.328095
2015-05-20,102.120003,102.400002,101.080002,101.32,482000,101.238163
2015-05-19,102.25,102.699997,101.32,102.00,483300,101.917614
2015-05-18,100.25,102.589996,100.25,102.139999,553400,102.057501
2015-05-15,100.50,100.730003,99.559998,100.639999,551900,100.558712
2015-05-14,100.110001,100.879997,99.739998,100.529999,852400,100.4488
2015-05-13,99.879997,100.349998,98.730003,99.18,415800,99.099892
2015-05-12,98.849998,99.489998,97.940002,99.220001,412700,99.079911
2015-05-11,99.309998,99.949997,98.989998,99.099998,341000,98.960078
2015-05-08,100.339996,100.760002,99.480003,99.620003,356300,99.479348
2015-05-07,98.870003,99.800003,98.43,99.260002,292700,99.119855
2015-05-06,99.440002,99.879997,98.18,99.089996,463800,98.95009
2015-05-05,101.050003,101.970001,98.82,99.160004,533500,99.019998
2015-05-04,100.269997,101.550003,99.599998,101.25,966300,101.107044
2015-05-01,95.900002,101.489998,95.650002,99.82,1624000,99.679062
2015-04-30,95.760002,95.879997,93.800003,94.050003,715400,93.917212
2015-04-29,96.589996,96.669998,95.279999,96.00,455500,95.864456
2015-04-28,96.269997,97.089996,95.360001,96.860001,583800,96.723243
2015-04-27,97.120003,97.629997,95.940002,96.239998,751100,96.104115
2015-04-24,98.43,98.43,96.830002,96.940002,582400,96.803131
2015-04-23,98.629997,99.339996,98.190002,98.269997,689700,98.131248
2015-04-22,104.029999,105.099998,96.50,98.610001,671900,98.470772
2015-04-21,96.449997,96.449997,95.080002,95.769997,504600,95.634778
2015-04-20,95.669998,96.349998,95.190002,96.220001,590900,96.084147
