Date,Open,High,Low,Close,Volume,Adj Close
2015-10-16,87.769997,88.199997,86.709999,88.139999,3702900,88.139999
2015-10-15,84.760002,87.32,84.370003,87.260002,3431900,87.260002
2015-10-14,85.019997,85.400002,83.459999,84.029999,3547000,84.029999
2015-10-13,85.669998,86.440002,84.970001,85.139999,2820400,85.139999
2015-10-12,85.190002,86.25,85.120003,86.209999,2098800,86.209999
2015-10-09,84.269997,85.529999,83.75,85.370003,3521300,85.370003
2015-10-08,84.120003,85.599998,83.550003,84.279999,3309300,84.279999
2015-10-07,84.900002,85.00,83.339996,84.440002,3498000,84.440002
2015-10-06,87.080002,87.870003,83.639999,84.099998,5513900,84.099998
2015-10-05,87.720001,88.519997,87.110001,87.959999,5018900,87.959999
2015-10-02,83.32,87.160004,82.720001,87.110001,4619400,87.110001
2015-10-01,83.57,84.769997,82.599998,84.629997,4283900,84.629997
2015-09-30,82.82,83.279999,81.989998,83.099998,3838700,83.099998
2015-09-29,82.75,83.849998,81.449997,82.059998,4136100,82.059998
2015-09-28,85.029999,85.449997,81.959999,82.629997,4820900,82.629997
2015-09-25,87.129997,87.82,84.809998,85.32,5261000,85.32
2015-09-24,86.519997,86.830002,85.029999,85.75,3720500,85.75
2015-09-23,89.339996,89.339996,86.519997,87.440002,2395500,87.440002
2015-09-22,86.68,87.709999,85.980003,86.709999,3865600,86.709999
2015-09-21,87.080002,88.440002,87.019997,88.25,3935900,88.25
2015-09-18,88.730003,88.769997,86.199997,86.489998,10705100,86.489998
2015-09-17,91.099998,91.099998,89.239998,89.68,3556000,89.68
2015-09-16,90.900002,91.029999,90.279999,90.910004,2540100,90.910004
2015-09-15,90.449997,91.239998,89.419998,90.919998,2711400,90.919998
2015-09-14,90.660004,90.760002,89.900002,90.169998,3022900,90.169998
2015-09-11,89.010002,90.459999,88.75,90.400002,3286200,90.400002
2015-09-10,88.519997,90.129997,88.519997,89.379997,3991600,89.379997
2015-09-09,92.07,92.07,88.690002,88.940002,3722700,88.940002
2015-09-08,88.669998,90.169998,88.449997,90.089996,3969000,90.089996
2015-09-04,87.010002,88.00,86.43,87.43,5468900,87.43
2015-09-03,88.349998,89.239998,87.93,88.260002,4024200,88.260002
2015-09-02,86.980003,88.059998,85.919998,87.830002,5053200,87.830002
2015-09-01,84.339996,87.129997,84.199997,86.040001,7100900,86.040001
2015-08-31,86.849998,87.129997,85.940002,86.550003,3530700,86.550003
2015-08-28,87.269997,88.050003,86.400002,87.419998,3940300,87.419998
2015-08-27,86.279999,88.300003,85.919998,87.849998,5569900,87.849998
2015-08-26,83.68,85.589996,81.080002,85.410004,7096400,85.410004
2015-08-25,84.019997,86.989998,80.860001,81.00,10711300,81.00
2015-08-24,81.889999,84.949997,76.010002,82.269997,10616200,82.269997
2015-08-21,88.629997,88.949997,85.519997,85.610001,8084000,85.610001
2015-08-20,90.220001,91.160004,89.720001,89.769997,3406100,89.769997
2015-08-19,91.25,92.269997,90.790001,91.410004,3145600,91.410004
2015-08-18,92.550003,92.699997,91.529999,91.940002,3410300,91.940002
2015-08-17,91.690002,92.739998,91.339996,92.699997,1876700,92.699997
2015-08-14,92.279999,92.910004,91.809998,92.099998,2829900,91.739997
2015-08-13,93.440002,93.660004,92.330002,92.540001,3479800,92.178279
2015-08-12,92.339996,93.709999,91.639999,93.360001,3563900,92.995074
2015-08-11,93.379997,94.099998,92.410004,92.949997,2998000,92.586673
2015-08-10,94.209999,94.440002,93.580002,93.949997,2420900,93.582764
2015-08-07,94.709999,94.709999,92.050003,93.279999,4221700,92.915385
2015-08-06,96.669998,96.889999,93.650002,93.730003,3439500,93.36363
2015-08-05,97.029999,97.300003,96.290001,96.68,2515900,96.302096
2015-08-04,96.099998,96.110001,94.800003,95.669998,2978200,95.296042
2015-08-03,96.120003,96.300003,95.059998,95.910004,2269300,95.535109
2015-07-31,96.650002,96.970001,95.919998,96.629997,2892800,96.252289
2015-07-30,96.300003,97.029999,96.110001,96.540001,2348700,96.162644
2015-07-29,95.639999,97.269997,95.580002,96.580002,3829100,96.202489
2015-07-28,94.760002,96.510002,94.400002,96.220001,3470800,95.843895
2015-07-27,94.860001,95.440002,93.709999,94.379997,2589300,94.011083
2015-07-24,95.610001,95.93,94.879997,95.110001,2300900,94.738233
2015-07-23,96.860001,96.870003,95.199997,95.480003,2064700,95.10679
2015-07-22,96.730003,97.019997,96.089996,96.639999,3641900,96.262252
2015-07-21,95.559998,95.849998,94.959999,95.660004,2135500,95.286087
2015-07-20,95.230003,95.910004,94.68,95.650002,2338300,95.276124
2015-07-17,95.660004,96.019997,95.120003,95.75,2465200,95.375731
2015-07-16,94.949997,96.220001,94.389999,96.089996,6651000,95.714399
2015-07-15,94.330002,94.68,93.470001,93.949997,3213700,93.582764
2015-07-14,94.760002,94.800003,94.029999,94.330002,2969000,93.961283
2015-07-13,93.809998,94.900002,93.010002,94.480003,5749700,94.110699
2015-07-10,91.760002,93.790001,91.300003,93.110001,7640500,92.746051
2015-07-09,90.00,90.239998,88.00,89.550003,10379400,89.199969
2015-07-08,86.709999,86.989998,85.419998,85.910004,4139400,85.574198
2015-07-07,85.610001,87.610001,85.449997,87.25,4780600,86.908956
2015-07-06,84.93,85.849998,84.730003,85.389999,3238300,85.056226
2015-07-02,86.089996,86.279999,85.639999,85.809998,2811700,85.474582
2015-07-01,85.080002,85.860001,84.849998,85.769997,2834900,85.434738
2015-06-30,85.190002,85.440002,84.360001,84.440002,3778800,84.109942
2015-06-29,86.010002,86.160004,84.260002,84.279999,2797000,83.950564
2015-06-26,86.800003,87.089996,86.07,86.769997,14432200,86.430829
2015-06-25,86.120003,86.970001,85.949997,86.360001,2640500,86.022436
2015-06-24,86.860001,86.949997,85.809998,86.150002,2427600,85.813257
2015-06-23,87.940002,87.959999,86.830002,87.089996,2515600,86.749578
2015-06-22,88.879997,89.239998,87.620003,87.75,2879200,87.407002
2015-06-19,87.82,89.379997,87.639999,88.519997,6381900,88.173989
2015-06-18,85.910004,88.209999,85.889999,87.800003,3484300,87.456809
2015-06-17,85.989998,86.059998,85.150002,85.620003,2881800,85.28533
2015-06-16,84.440002,85.940002,84.25,85.879997,2605800,85.544308
2015-06-15,84.68,84.949997,83.889999,84.419998,2631400,84.090016
2015-06-12,85.510002,85.699997,84.919998,85.059998,3024200,84.727514
2015-06-11,85.669998,86.199997,85.50,85.790001,3018900,85.454664
2015-06-10,84.529999,85.809998,84.370003,85.489998,3197800,85.155833
2015-06-09,83.599998,84.620003,83.300003,84.169998,2998500,83.840993
2015-06-08,83.730003,84.110001,82.919998,83.260002,2580200,82.934554
2015-06-05,85.040001,85.610001,83.809998,83.889999,2910200,83.562089
2015-06-04,86.110001,86.370003,84.720001,85.25,3976200,84.916774
2015-06-03,86.370003,87.110001,85.669998,85.82,3596100,85.484545
2015-06-02,86.309998,86.940002,85.769997,86.330002,2777000,85.992554
2015-06-01,86.169998,86.339996,84.699997,85.980003,1965900,85.643924
2015-05-29,85.849998,86.900002,85.529999,85.839996,2980500,85.504464
2015-05-28,86.339996,86.739998,85.529999,86.050003,1647500,85.71365
2015-05-27,85.620003,86.82,85.489998,86.18,2166200,85.843139
2015-05-26,86.559998,86.709999,84.849998,85.550003,3758100,85.215604
2015-05-22,86.709999,86.989998,86.059998,86.449997,2297800,86.11208
2015-05-21,84.75,87.18,84.510002,87.139999,3447400,86.799385
2015-05-20,85.949997,85.949997,84.660004,84.889999,2131400,84.55818
2015-05-19,86.07,86.379997,85.529999,85.839996,2297400,85.504464
2015-05-18,86.099998,86.669998,85.660004,86.360001,2455700,85.685756
2015-05-15,85.769997,86.57,85.50,86.470001,3569700,85.794898
2015-05-14,84.849998,85.410004,84.360001,85.349998,2430600,84.683639
2015-05-13,84.239998,84.989998,83.690002,84.07,2048400,83.413634
2015-05-12,83.779999,84.910004,83.290001,84.18,2452800,83.522776
2015-05-11,85.129997,85.459999,84.199997,84.25,2609200,83.592229
2015-05-08,84.93,85.550003,84.580002,85.019997,2258200,84.356214
2015-05-07,83.089996,85.230003,82.800003,84.230003,4405500,83.572388
2015-05-06,83.220001,83.739998,82.699997,83.099998,2418100,82.451206
2015-05-05,84.010002,84.269997,82.870003,83.139999,3074000,82.490894
2015-05-04,83.879997,84.699997,83.449997,84.129997,2410100,83.473163
2015-05-01,82.529999,83.699997,82.529999,83.459999,2282200,82.808396
2015-04-30,84.00,84.50,82.639999,82.93,4750200,82.282535
2015-04-29,85.339996,85.839996,84.239998,84.57,3224500,83.90973
2015-04-28,85.839996,86.160004,85.419998,86.080002,2366500,85.407943
2015-04-27,86.690002,86.690002,85.629997,86.120003,4110200,85.447632
2015-04-24,87.160004,87.199997,85.830002,85.980003,4104100,85.308725
2015-04-23,86.889999,87.269997,86.239998,86.690002,2942200,86.013181
2015-04-22,87.040001,87.209999,86.599998,87.019997,3485200,86.340599
2015-04-21,87.279999,88.25,86.910004,87.089996,5183800,86.410052
2015-04-20,87.510002,88.220001,86.870003,87.120003,9361100,86.439824
