Date,Open,High,Low,Close,Volume,Adj Close
2015-10-09,51.43,51.709999,51.119999,51.490002,364100,51.490002
2015-10-08,50.419998,51.48,50.400002,51.419998,450100,51.419998
2015-10-07,50.119999,50.650002,49.970001,50.400002,569400,50.400002
2015-10-06,50.16,50.41,49.810001,49.939999,282500,49.939999
2015-10-05,49.580002,50.299999,49.580002,50.23,482200,50.23
2015-10-02,48.169998,49.259998,48.169998,49.259998,451300,49.259998
2015-10-01,48.59,48.860001,48.16,48.759998,491600,48.759998
2015-09-30,47.919998,48.669998,47.900002,48.580002,564400,48.580002
2015-09-29,48.00,48.27,47.490002,47.650002,637900,47.650002
2015-09-28,48.41,48.439999,47.889999,48.049999,520500,48.049999
2015-09-25,48.52,48.849998,48.360001,48.580002,371700,48.580002
2015-09-24,48.50,48.73,48.130001,48.299999,551000,48.299999
2015-09-23,48.66,48.869999,48.509998,48.77,425500,48.77
2015-09-22,48.470001,48.759998,48.290001,48.599998,342400,48.599998
2015-09-21,48.799999,49.34,48.630001,49.009998,254300,49.009998
2015-09-18,48.540001,49.040001,48.419998,48.619999,839300,48.619999
2015-09-17,49.279999,49.50,48.91,49.02,559600,49.02
2015-09-16,49.02,49.34,48.880001,49.220001,540600,49.220001
2015-09-15,48.560001,49.02,48.360001,48.939999,296600,48.939999
2015-09-14,48.50,48.580002,48.23,48.549999,329500,48.549999
2015-09-11,48.110001,48.580002,48.049999,48.470001,493800,48.470001
2015-09-10,47.98,48.580002,47.790001,48.25,716200,48.25
2015-09-09,48.880001,48.990002,47.98,48.060001,739300,48.060001
2015-09-08,48.290001,48.68,48.07,48.59,384700,48.59
2015-09-04,47.220001,47.759998,47.009998,47.619999,578900,47.619999
2015-09-03,47.169998,47.810001,47.119999,47.650002,408400,47.650002
2015-09-02,47.02,47.25,46.380001,46.970001,579200,46.970001
2015-09-01,46.860001,47.18,46.529999,46.580002,554300,46.580002
2015-08-31,47.27,48.040001,47.009998,47.560001,577700,47.560001
2015-08-28,47.48,47.700001,47.25,47.459999,481800,47.459999
2015-08-27,47.02,47.580002,46.709999,47.560001,464700,47.560001
2015-08-26,46.779999,46.790001,45.700001,46.57,785400,46.57
2015-08-25,46.860001,47.009998,45.849998,45.880001,648100,45.880001
2015-08-24,45.990002,47.540001,45.84,46.080002,750600,46.080002
2015-08-21,48.34,48.580002,47.779999,47.790001,600100,47.790001
2015-08-20,49.240002,49.84,48.790001,48.810001,386700,48.810001
2015-08-19,49.990002,50.060001,49.220001,49.48,504000,49.48
2015-08-18,50.639999,50.849998,50.279999,50.360001,533700,50.360001
2015-08-17,49.959999,50.860001,49.48,50.830002,545300,50.830002
2015-08-14,49.66,50.240002,49.639999,50.130001,218500,50.130001
2015-08-13,49.41,49.75,49.310001,49.610001,379000,49.610001
2015-08-12,50.18,50.380001,49.389999,49.59,706700,49.59
2015-08-11,50.200001,50.57,49.990002,50.549999,349000,50.549999
2015-08-10,49.869999,50.669998,49.830002,50.509998,463200,50.509998
2015-08-07,49.650002,49.880001,49.48,49.650002,322200,49.650002
2015-08-06,50.02,50.02,49.509998,49.689999,359200,49.689999
2015-08-05,50.150002,50.450001,49.939999,50.029999,375600,49.899998
2015-08-04,49.599998,50.09,49.560001,49.939999,318700,49.810231
2015-08-03,50.07,50.09,49.27,49.720001,571800,49.590806
2015-07-31,50.779999,50.82,50.060001,50.130001,692900,49.99974
2015-07-30,50.759998,50.93,50.540001,50.560001,618200,50.428623
2015-07-29,49.740002,51.099998,49.439999,50.98,1263200,50.84753
2015-07-28,47.48,50.490002,47.099998,49.75,1635500,49.620726
2015-07-27,47.310001,47.540001,47.029999,47.060001,643700,46.937718
2015-07-24,47.849998,48.119999,47.50,47.580002,409100,47.456367
2015-07-23,47.889999,48.110001,47.669998,47.869999,427200,47.74561
2015-07-22,47.810001,48.09,47.529999,47.900002,397600,47.775535
2015-07-21,48.93,48.98,47.82,47.830002,519200,47.705717
2015-07-20,49.23,49.23,48.880001,48.919998,744000,48.792881
2015-07-17,48.470001,49.18,48.400002,49.150002,724000,49.022287
2015-07-16,47.98,48.23,47.98,48.09,530500,47.96504
2015-07-15,47.77,48.009998,47.52,47.689999,406800,47.566078
2015-07-14,47.700001,47.900002,47.66,47.720001,301200,47.596002
2015-07-13,47.48,47.810001,47.200001,47.689999,598300,47.566078
2015-07-10,47.27,47.419998,47.080002,47.240002,434200,47.11725
2015-07-09,47.599998,47.630001,46.970001,46.98,398200,46.857924
2015-07-08,47.119999,47.400002,47.049999,47.27,529200,47.147171
2015-07-07,47.220001,47.48,46.970001,47.419998,633600,47.296779
2015-07-06,47.009998,47.279999,46.970001,47.18,455300,47.057405
2015-07-02,47.25,47.360001,47.029999,47.27,420700,47.147171
2015-07-01,47.400002,47.540001,46.990002,47.18,549200,47.057405
2015-06-30,47.419998,47.599998,46.959999,47.119999,507700,46.997559
2015-06-29,47.75,47.990002,47.07,47.099998,419800,46.977611
2015-06-26,47.779999,48.259998,47.619999,48.150002,1443700,48.024885
2015-06-25,47.939999,47.959999,47.48,47.75,431700,47.625923
2015-06-24,48.360001,48.490002,47.689999,47.810001,506800,47.685769
2015-06-23,48.57,48.650002,48.349998,48.50,386200,48.373974
2015-06-22,48.689999,48.689999,48.360001,48.580002,340300,48.453768
2015-06-19,48.700001,48.75,48.380001,48.380001,880800,48.254287
2015-06-18,48.529999,48.790001,48.50,48.619999,499100,48.493662
2015-06-17,48.32,48.59,48.09,48.48,402500,48.354026
2015-06-16,48.049999,48.380001,48.009998,48.16,409600,48.034858
2015-06-15,48.139999,48.330002,47.849998,48.040001,405100,47.915171
2015-06-12,48.75,48.889999,48.50,48.619999,187900,48.493662
2015-06-11,48.900002,49.09,48.68,48.889999,356000,48.76296
2015-06-10,48.720001,49.189999,48.529999,48.810001,535400,48.68317
2015-06-09,48.560001,48.939999,48.290001,48.560001,596000,48.43382
2015-06-08,48.779999,48.91,48.509998,48.59,489000,48.463741
2015-06-05,48.779999,48.880001,48.43,48.84,575500,48.713091
2015-06-04,48.82,49.080002,48.540001,48.779999,566600,48.653246
2015-06-03,48.75,49.389999,48.630001,49.029999,1032000,48.902596
2015-06-02,48.360001,48.93,48.25,48.619999,802600,48.493662
2015-06-01,48.580002,48.779999,48.25,48.450001,639200,48.324105
2015-05-29,48.290001,48.59,48.200001,48.529999,855900,48.403895
2015-05-28,48.169998,48.459999,47.50,48.360001,594500,48.234339
2015-05-27,47.560001,48.200001,47.529999,48.16,488800,48.034858
2015-05-26,47.82,48.049999,47.380001,47.599998,796900,47.476312
2015-05-22,48.00,48.189999,47.959999,48.00,261300,47.875274
2015-05-21,47.59,48.09,47.529999,48.009998,393700,47.885246
2015-05-20,47.98,48.049999,47.669998,47.68,454300,47.556106
2015-05-19,47.82,48.169998,47.630001,48.009998,485100,47.885246
2015-05-18,47.50,47.91,47.50,47.889999,444100,47.765559
2015-05-15,47.599998,47.849998,47.360001,47.459999,402700,47.336676
2015-05-14,47.639999,47.849998,47.450001,47.630001,403900,47.506236
2015-05-13,47.639999,48.00,47.380001,47.450001,511600,47.326704
2015-05-12,47.380001,47.560001,46.950001,47.50,381900,47.376573
2015-05-11,47.400002,47.869999,47.34,47.57,444000,47.446391
2015-05-08,47.580002,47.82,47.41,47.459999,666400,47.336676
2015-05-07,47.029999,47.330002,46.82,47.279999,804300,47.157143
2015-05-06,46.950001,47.200001,46.580002,47.18,697600,47.057405
2015-05-05,47.450001,47.630001,46.790001,46.93,768500,46.808054
2015-05-04,47.439999,47.779999,47.400002,47.549999,614700,47.426442
2015-05-01,47.400002,47.639999,47.110001,47.439999,1119100,47.316727
2015-04-30,47.900002,48.18,47.16,47.41,1484300,47.286807
2015-04-29,46.869999,47.950001,46.52,47.939999,2390100,47.815428
2015-04-28,45.290001,47.759998,44.810001,47.02,1773600,46.897821
2015-04-27,46.529999,46.549999,46.00,46.139999,742900,45.890445
2015-04-24,46.16,46.57,46.040001,46.52,578900,46.26839
2015-04-23,46.00,46.32,45.939999,46.200001,455800,45.950121
2015-04-22,46.299999,46.490002,45.91,46.080002,722400,45.830771
2015-04-21,46.919998,47.150002,46.130001,46.169998,593200,45.920281
2015-04-20,46.82,47.040001,46.779999,46.790001,1137900,46.53693
2015-04-17,47.16,47.18,46.580002,46.66,1885300,46.407632
2015-04-16,47.41,47.610001,47.00,47.279999,363300,47.024278
2015-04-15,47.43,47.560001,47.169998,47.419998,972300,47.16352
2015-04-14,47.299999,47.380001,46.810001,47.23,712000,46.974549
2015-04-13,47.93,48.32,47.799999,47.959999,769000,47.7006
