Date,Open,High,Low,Close,Volume,Adj Close
2015-10-15,33.34,33.950001,33.00,33.77,1968600,33.77
2015-10-14,33.380001,33.799999,33.00,33.139999,797800,33.139999
2015-10-13,34.23,34.549999,33.279999,33.34,851600,33.34
2015-10-12,34.669998,34.810001,34.330002,34.490002,833400,34.490002
2015-10-09,35.049999,35.349998,34.509998,34.580002,655800,34.580002
2015-10-08,34.869999,35.080002,34.16,35.00,1267800,35.00
2015-10-07,34.91,35.299999,34.349998,34.990002,1310600,34.990002
2015-10-06,35.450001,35.740002,34.900002,34.990002,1165800,34.560002
2015-10-05,34.990002,36.110001,34.849998,35.66,911900,35.221766
2015-10-02,33.34,35.049999,33.34,35.049999,722900,34.619262
2015-10-01,34.759998,35.040001,33.73,34.369999,643900,33.947618
2015-09-30,34.849998,35.150002,34.389999,34.77,613800,34.342704
2015-09-29,33.970001,34.669998,33.639999,34.349998,797900,33.927864
2015-09-28,34.330002,34.380001,33.73,33.77,1095300,33.354993
2015-09-25,35.50,35.509998,34.099998,34.66,1464000,34.234055
2015-09-24,35.00,35.450001,34.75,34.950001,1282300,34.520492
2015-09-23,35.740002,35.959999,35.23,35.41,578300,34.974838
2015-09-22,35.720001,36.049999,35.25,35.529999,821000,35.093363
2015-09-21,36.080002,37.00,35.57,36.419998,969200,35.972425
2015-09-18,37.740002,37.740002,36.299999,36.52,1162500,36.071198
2015-09-17,38.389999,39.209999,38.169998,38.32,671000,37.849077
2015-09-16,37.619999,38.43,37.380001,38.380001,550400,37.908341
2015-09-15,37.18,37.970001,36.919998,37.869999,420300,37.404606
2015-09-14,37.419998,37.580002,36.900002,37.009998,696100,36.555174
2015-09-11,37.619999,37.790001,36.880001,37.400002,541600,36.940384
2015-09-10,37.959999,38.330002,37.639999,37.919998,539700,37.453991
2015-09-09,38.43,38.77,37.889999,37.959999,918300,37.4935
2015-09-08,37.330002,37.889999,37.080002,37.84,521400,37.374976
2015-09-04,36.689999,36.990002,36.50,36.66,690500,36.209477
2015-09-03,36.84,37.689999,36.77,37.259998,772400,36.802102
2015-09-02,37.439999,37.439999,36.50,37.130001,778600,36.673702
2015-09-01,38.169998,38.290001,36.709999,36.77,1262500,36.318126
2015-08-31,38.689999,39.43,38.50,39.07,851500,38.58986
2015-08-28,38.93,39.450001,38.82,39.16,433500,38.678754
2015-08-27,39.060001,39.970001,38.650002,39.48,754700,38.994821
2015-08-26,38.310001,38.68,37.16,38.509998,894900,38.03674
2015-08-25,38.200001,39.490002,37.490002,37.509998,1596800,37.049029
2015-08-24,37.150002,38.919998,36.560001,36.970001,1835900,36.515669
2015-08-21,41.16,41.439999,39.990002,39.990002,1282000,39.498556
2015-08-20,42.66,42.700001,41.68,41.720001,618900,41.207295
2015-08-19,43.82,43.82,42.869999,43.209999,423000,42.678982
2015-08-18,44.290001,44.380001,44.049999,44.139999,299400,43.597553
2015-08-17,43.98,44.32,43.52,44.290001,319100,43.745711
2015-08-14,43.790001,44.209999,43.540001,44.099998,318500,43.558044
2015-08-13,43.860001,44.060001,43.50,43.810001,377400,43.27161
2015-08-12,43.700001,43.799999,42.580002,43.740002,462700,43.202471
2015-08-11,44.68,44.82,43.919998,44.169998,326300,43.627183
2015-08-10,44.52,45.290001,44.52,45.23,243300,44.674158
2015-08-07,44.240002,44.689999,43.889999,44.189999,298400,43.646938
2015-08-06,44.740002,45.02,44.00,44.400002,271700,43.85436
2015-08-05,45.029999,45.490002,44.630001,44.75,464000,44.200057
2015-08-04,44.759998,45.200001,44.52,44.669998,433600,44.121038
2015-08-03,44.880001,45.169998,44.25,44.830002,581600,44.279076
2015-07-31,44.389999,45.189999,44.130001,44.91,853500,44.358091
2015-07-30,43.599998,45.75,42.990002,44.209999,1461800,43.666692
2015-07-29,43.830002,44.48,43.259998,43.57,879200,43.034558
2015-07-28,43.709999,44.560001,43.09,43.84,1055400,43.30124
2015-07-27,43.16,43.400002,42.900002,43.349998,550400,42.817261
2015-07-24,44.369999,44.48,43.18,43.450001,1065700,42.916034
2015-07-23,44.990002,45.16,44.040001,44.310001,720600,43.765466
2015-07-22,45.080002,45.34,44.57,44.84,614300,44.288951
2015-07-21,45.09,45.810001,44.759998,45.150002,627800,44.595143
2015-07-20,45.27,45.490002,45.060001,45.169998,385600,44.614894
2015-07-17,45.27,45.48,44.860001,45.080002,620200,44.526003
2015-07-16,45.509998,45.98,45.23,45.23,2247500,44.674158
2015-07-15,45.419998,45.740002,44.849998,45.279999,767800,44.723543
2015-07-14,45.490002,45.700001,45.259998,45.560001,536800,45.000104
2015-07-13,45.509998,45.75,45.209999,45.700001,522400,45.138383
2015-07-10,44.950001,45.18,44.439999,45.029999,611300,44.476615
2015-07-09,45.75,45.75,44.34,44.34,1038500,43.795096
2015-07-08,45.990002,46.09,44.900002,45.110001,798300,44.130919
2015-07-07,46.169998,46.639999,44.790001,46.580002,823700,45.569015
2015-07-06,45.740002,46.310001,45.610001,46.23,1143500,45.226609
2015-07-02,46.950001,47.049999,46.27,46.52,469700,45.510316
2015-07-01,47.779999,48.049999,46.75,46.799999,723500,45.784237
2015-06-30,47.68,47.810001,46.990002,47.310001,648300,46.28317
2015-06-29,48.130001,48.130001,47.080002,47.119999,883300,46.097292
2015-06-26,48.669998,48.939999,48.27,48.880001,924600,47.819094
2015-06-25,49.209999,49.23,48.389999,48.509998,353400,47.457122
2015-06-24,49.32,49.450001,48.919998,49.099998,495500,48.034317
2015-06-23,49.759998,50.150002,49.169998,49.240002,683400,48.171281
2015-06-22,50.169998,50.169998,49.529999,49.849998,362300,48.768038
2015-06-19,49.18,49.459999,48.98,49.310001,807200,48.239762
2015-06-18,49.509998,49.689999,48.98,49.200001,902900,48.132148
2015-06-17,49.889999,50.220001,49.240002,49.330002,1026200,48.259328
2015-06-16,48.66,49.84,48.59,49.700001,585900,48.621296
2015-06-15,48.450001,48.959999,48.060001,48.869999,394300,47.809309
2015-06-12,49.330002,49.330002,48.66,48.849998,327100,47.789743
2015-06-11,49.310001,49.68,49.009998,49.50,576000,48.425636
2015-06-10,49.150002,49.66,49.080002,49.169998,851000,48.102797
2015-06-09,47.98,48.91,47.900002,48.799999,1241700,47.740829
2015-06-08,47.950001,48.400002,47.700001,47.990002,451300,46.948412
2015-06-05,47.619999,48.130001,46.990002,47.950001,363100,46.909279
2015-06-04,48.400002,48.650002,47.349998,47.470001,517500,46.439697
2015-06-03,48.049999,48.98,47.889999,48.650002,446300,47.594087
2015-06-02,47.779999,48.299999,47.619999,48.049999,314000,47.007107
2015-06-01,47.990002,48.349998,47.689999,47.880001,438600,46.840798
2015-05-29,48.060001,48.23,47.59,47.779999,417700,46.742967
2015-05-28,48.18,48.41,47.830002,48.09,436400,47.04624
2015-05-27,48.209999,48.639999,48.060001,48.439999,487500,47.388642
2015-05-26,49.07,49.360001,48.07,48.200001,784600,47.153853
2015-05-22,49.150002,49.580002,49.150002,49.240002,481700,48.171281
2015-05-21,48.799999,49.459999,48.619999,49.34,674100,48.269109
2015-05-20,48.52,49.02,48.23,48.860001,406900,47.799528
2015-05-19,48.779999,49.00,48.23,48.470001,575900,47.417993
2015-05-18,48.209999,48.799999,48.009998,48.68,484000,47.623434
2015-05-15,47.889999,48.279999,47.720001,48.209999,644200,47.163634
2015-05-14,47.619999,47.869999,47.279999,47.830002,524600,46.791884
2015-05-13,46.759998,47.560001,46.650002,47.400002,781200,46.371217
2015-05-12,46.689999,46.860001,45.889999,46.73,753800,45.715757
2015-05-11,47.310001,47.68,46.869999,46.919998,563200,45.901632
2015-05-08,47.619999,47.709999,47.209999,47.310001,469600,46.28317
2015-05-07,47.00,47.509998,46.50,47.02,740200,45.999464
2015-05-06,48.00,48.240002,46.630001,46.939999,1204300,45.921198
2015-05-05,48.57,49.07,47.650002,47.77,940000,46.733185
2015-05-04,49.060001,49.560001,48.549999,48.740002,950700,47.682133
2015-05-01,49.82,49.849998,48.830002,49.00,952400,47.936489
2015-04-30,49.799999,50.099998,49.189999,49.32,712800,48.249543
2015-04-29,50.349998,50.59,49.619999,49.84,1004900,48.758257
2015-04-28,49.009998,51.189999,48.59,50.93,1548500,49.824599
2015-04-27,50.50,51.23,49.98,50.150002,965000,49.06153
2015-04-24,50.389999,50.709999,49.919998,50.209999,610000,49.120225
2015-04-23,49.75,50.43,49.48,50.240002,509900,49.149577
2015-04-22,49.599998,49.880001,49.150002,49.790001,267300,48.709343
2015-04-21,49.580002,49.720001,49.189999,49.610001,562100,48.533249
2015-04-20,48.73,49.27,48.619999,49.27,476400,48.200629
