Date,Open,High,Low,Close,Volume,Adj Close
2015-10-15,8.95,8.98,8.71,8.87,3414300,8.87
2015-10-14,9.05,9.06,8.80,8.85,4942100,8.85
2015-10-13,9.10,9.19,9.03,9.05,2029700,9.05
2015-10-12,9.27,9.29,9.10,9.15,1798400,9.15
2015-10-09,9.19,9.30,9.12,9.28,2500700,9.28
2015-10-08,8.94,9.18,8.89,9.17,4558700,9.17
2015-10-07,8.64,8.87,8.57,8.87,3566000,8.87
2015-10-06,8.73,8.82,8.62,8.65,2605700,8.65
2015-10-05,8.74,8.76,8.67,8.75,2785500,8.75
2015-10-02,8.49,8.71,8.43,8.71,3006100,8.71
2015-10-01,8.57,8.64,8.47,8.54,3017600,8.54
2015-09-30,8.63,8.79,8.52,8.65,2872600,8.65
2015-09-29,8.77,8.78,8.52,8.56,3582500,8.56
2015-09-28,8.89,8.92,8.73,8.78,4686000,8.78
2015-09-25,9.02,9.07,8.84,8.90,2323100,8.90
2015-09-24,8.98,9.05,8.94,9.00,2676000,9.00
2015-09-23,9.03,9.10,8.99,9.02,1689000,9.02
2015-09-22,8.98,9.13,8.97,9.04,2320700,9.04
2015-09-21,9.13,9.19,8.99,9.05,3835600,9.05
2015-09-18,8.96,9.15,8.96,9.10,5505600,9.10
2015-09-17,9.09,9.19,9.03,9.07,3844500,9.07
2015-09-16,9.08,9.14,9.03,9.08,4972300,9.08
2015-09-15,9.20,9.25,8.99,9.07,6450600,9.07
2015-09-14,9.23,9.26,9.12,9.18,4028600,9.18
2015-09-11,9.08,9.28,9.00,9.23,4202300,9.23
2015-09-10,9.10,9.11,8.98,9.02,5916400,9.02
2015-09-09,9.23,9.32,9.07,9.10,4204800,9.10
2015-09-08,9.21,9.25,9.15,9.19,4378400,9.19
2015-09-04,8.94,9.21,8.94,9.08,3171800,9.08
2015-09-03,9.05,9.16,8.95,9.01,5329600,9.01
2015-09-02,9.06,9.28,8.99,9.02,6732900,9.02
2015-09-01,8.97,9.09,8.91,8.93,5767000,8.93
2015-08-31,9.21,9.32,9.07,9.11,4214900,9.11
2015-08-28,9.26,9.36,9.18,9.22,2498400,9.22
2015-08-27,9.11,9.37,9.06,9.30,5205100,9.245
2015-08-26,9.15,9.20,8.91,9.00,6178600,8.946774
2015-08-25,9.22,9.27,8.91,8.99,6679500,8.936833
2015-08-24,8.68,9.11,8.57,9.00,14466900,8.946774
2015-08-21,9.20,9.30,9.12,9.15,4752100,9.095887
2015-08-20,9.60,9.61,9.26,9.26,5302400,9.205237
2015-08-19,9.75,9.81,9.58,9.65,5053300,9.59293
2015-08-18,10.08,10.13,9.78,9.78,6443900,9.722161
2015-08-17,9.90,10.09,9.87,10.09,2435900,10.030328
2015-08-14,9.99,10.09,9.93,9.96,1952100,9.901097
2015-08-13,9.95,10.10,9.95,10.03,3859400,9.970683
2015-08-12,9.63,10.02,9.63,9.99,6539900,9.930919
2015-08-11,9.90,9.91,9.62,9.72,3972400,9.662516
2015-08-10,9.82,9.91,9.77,9.81,3322900,9.751984
2015-08-07,9.94,9.98,9.74,9.82,4369200,9.761924
2015-08-06,10.22,10.25,9.85,9.96,7184600,9.901097
2015-08-05,10.48,10.52,10.11,10.11,5851200,10.050209
2015-08-04,10.33,10.36,10.19,10.29,4449300,10.229145
2015-08-03,10.29,10.35,10.21,10.29,3935000,10.229145
2015-07-31,10.32,10.36,10.23,10.26,6978900,10.199323
2015-07-30,10.30,10.40,10.15,10.24,4301100,10.179441
2015-07-29,10.26,10.39,10.20,10.38,2917700,10.318613
2015-07-28,10.09,10.28,10.01,10.24,5823200,10.179441
2015-07-27,10.15,10.21,10.04,10.06,2809200,10.000506
2015-07-24,10.32,10.38,10.12,10.15,2525800,10.089973
2015-07-23,10.41,10.42,10.22,10.26,2343800,10.199323
2015-07-22,10.28,10.42,10.27,10.39,4085400,10.328554
2015-07-21,10.23,10.30,10.18,10.27,2568600,10.209264
2015-07-20,10.27,10.35,10.23,10.26,3137200,10.199323
2015-07-17,10.35,10.41,10.19,10.23,4044200,10.1695
2015-07-16,10.44,10.44,10.33,10.35,3087700,10.288791
2015-07-15,10.50,10.54,10.38,10.41,3624900,10.348435
2015-07-14,10.49,10.57,10.45,10.46,4461400,10.39814
2015-07-13,10.48,10.66,10.43,10.54,8910100,10.477667
2015-07-10,10.60,10.64,10.37,10.44,6827700,10.378258
2015-07-09,10.54,10.62,10.43,10.46,3246400,10.39814
2015-07-08,10.56,10.63,10.44,10.49,4113900,10.427962
2015-07-07,10.66,10.66,10.40,10.60,5035100,10.537312
2015-07-06,10.69,10.79,10.58,10.63,6513400,10.567135
2015-07-02,10.94,10.94,10.72,10.79,7097700,10.726188
2015-07-01,11.24,11.30,10.77,10.88,26646700,10.815656
2015-06-30,11.26,11.36,11.11,11.28,18566600,11.21329
2015-06-29,11.30,11.34,11.18,11.20,16011200,11.133763
2015-06-26,11.40,11.43,11.29,11.35,7080700,11.282877
2015-06-25,11.30,11.47,11.28,11.43,10819100,11.362404
2015-06-24,11.37,11.41,11.28,11.29,5617700,11.223231
2015-06-23,11.43,11.47,11.30,11.37,9304000,11.302758
2015-06-22,11.41,11.46,11.35,11.44,4028500,11.372344
2015-06-19,11.45,11.45,11.30,11.37,7725500,11.302758
2015-06-18,11.43,11.56,11.42,11.43,3467000,11.362404
2015-06-17,11.25,11.44,11.24,11.39,6969900,11.32264
2015-06-16,11.23,11.29,11.16,11.25,2540700,11.183468
2015-06-15,11.26,11.29,11.17,11.23,2274800,11.163586
2015-06-12,11.15,11.32,11.11,11.30,2602100,11.233172
2015-06-11,11.32,11.38,11.18,11.23,5966300,11.163586
2015-06-10,11.25,11.30,11.21,11.28,3297900,11.21329
2015-06-09,11.26,11.27,11.16,11.24,4508000,11.173527
2015-06-08,11.28,11.31,11.22,11.28,4531300,11.21329
2015-06-05,11.21,11.34,11.13,11.27,7235600,11.20335
2015-06-04,11.35,11.42,11.22,11.24,12256600,11.173527
2015-06-03,11.43,11.71,11.32,11.47,19922600,11.402167
2015-06-02,11.08,11.17,11.01,11.10,2321300,11.034355
2015-06-01,11.25,11.26,11.11,11.12,2606300,11.054237
2015-05-29,11.35,11.36,11.18,11.24,2107500,11.173527
2015-05-28,11.30,11.41,11.28,11.35,1783200,11.282877
2015-05-27,11.35,11.40,11.28,11.35,1893200,11.228202
2015-05-26,11.31,11.39,11.19,11.35,2331100,11.228202
2015-05-22,11.58,11.58,11.35,11.36,2447600,11.238094
2015-05-21,11.58,11.67,11.53,11.58,1723800,11.455733
2015-05-20,11.40,11.67,11.32,11.57,4900000,11.44584
2015-05-19,11.37,11.46,11.32,11.38,1807700,11.25788
2015-05-18,11.19,11.46,11.15,11.37,2613100,11.247987
2015-05-15,11.25,11.30,11.13,11.21,1519900,11.089704
2015-05-14,11.15,11.23,11.04,11.21,1836600,11.089704
2015-05-13,11.18,11.20,11.10,11.14,2418500,11.020455
2015-05-12,11.10,11.20,11.03,11.15,3203600,11.030347
2015-05-11,11.04,11.16,10.95,11.10,2996100,10.980884
2015-05-08,11.25,11.28,11.06,11.08,3687400,10.961099
2015-05-07,11.16,11.25,11.08,11.20,6081900,11.079811
2015-05-06,11.03,11.20,10.77,11.19,12867000,11.069918
2015-05-05,10.43,10.54,10.26,10.43,8527100,10.318074
2015-05-04,10.19,10.50,10.17,10.47,4392400,10.357645
2015-05-01,10.19,10.32,10.05,10.15,2750500,10.041078
2015-04-30,10.29,10.34,10.10,10.12,3717600,10.011401
2015-04-29,10.52,10.59,10.29,10.35,3081800,10.238933
2015-04-28,10.56,10.63,10.42,10.58,2326700,10.466464
2015-04-27,10.73,10.77,10.49,10.50,2390100,10.387323
2015-04-24,10.68,10.85,10.63,10.71,2773900,10.595069
2015-04-23,10.43,10.65,10.43,10.61,3144000,10.496142
2015-04-22,10.42,10.54,10.42,10.44,3194800,10.327966
2015-04-21,10.56,10.61,10.44,10.44,3329300,10.327966
2015-04-20,10.47,10.55,10.37,10.53,2232900,10.417001
