Date,Open,High,Low,Close,Volume,Adj Close
2015-10-16,53.150002,53.189999,52.509998,52.880001,15543900,52.880001
2015-10-15,51.98,52.700001,51.759998,52.689999,18141300,52.689999
2015-10-14,51.700001,51.900002,50.740002,51.50,26184300,51.50
2015-10-13,52.02,52.310001,51.709999,51.860001,15778300,51.860001
2015-10-12,52.119999,52.43,51.75,52.18,10570900,52.18
2015-10-09,53.02,53.07,51.98,52.139999,16847600,52.139999
2015-10-08,52.23,52.59,51.77,52.540001,15330600,52.540001
2015-10-07,52.490002,52.73,51.91,52.189999,13863500,52.189999
2015-10-06,52.18,52.540001,51.919998,52.029999,14286900,52.029999
2015-10-05,51.709999,52.57,51.50,52.41,15050600,52.41
2015-10-02,50.279999,51.290001,49.509998,51.259998,21526700,51.259998
2015-10-01,51.509998,51.860001,50.919998,51.439999,15494300,51.439999
2015-09-30,51.630001,51.720001,50.700001,51.349998,20427100,51.349998
2015-09-29,50.470001,50.959999,50.00,50.889999,20677200,50.889999
2015-09-28,51.07,51.299999,50.200001,50.369999,16841400,50.369999
2015-09-25,51.360001,51.869999,51.07,51.48,18283100,51.48
2015-09-24,50.09,50.68,49.799999,50.549999,16566600,50.549999
2015-09-23,50.880001,50.939999,50.50,50.779999,12420100,50.779999
2015-09-22,50.869999,51.150002,50.330002,50.689999,21192600,50.689999
2015-09-21,51.52,51.75,51.18,51.549999,16288800,51.549999
2015-09-18,51.27,51.48,50.700001,51.040001,38973500,51.040001
2015-09-17,53.700001,53.91,52.029999,52.209999,24403400,52.209999
2015-09-16,53.52,53.889999,52.900002,53.720001,14449000,53.720001
2015-09-15,53.040001,53.790001,52.82,53.470001,14028000,53.470001
2015-09-14,52.630001,52.880001,52.41,52.77,16232000,52.77
2015-09-11,52.34,52.66,52.029999,52.619999,12491700,52.619999
2015-09-10,52.07,52.860001,51.799999,52.560001,17935500,52.560001
2015-09-09,53.610001,53.700001,52.02,52.189999,16028400,52.189999
2015-09-08,52.650002,52.98,51.98,52.93,19430500,52.93
2015-09-04,51.799999,51.82,50.759998,51.290001,22287200,51.290001
2015-09-03,52.389999,53.00,52.220001,52.43,15613300,52.43
2015-09-02,52.490002,52.490002,51.27,51.990002,20699400,51.990002
2015-09-01,52.110001,52.32,50.529999,50.990002,27797300,50.990002
2015-08-31,53.400002,53.560001,53.060001,53.330002,13738000,53.330002
2015-08-28,53.75,53.93,53.040001,53.540001,18207200,53.540001
2015-08-27,53.439999,54.099998,52.880001,54.029999,25418300,54.029999
2015-08-26,51.560001,52.41,50.580002,52.299999,29576000,52.299999
2015-08-25,53.549999,53.650002,50.00,50.02,30518900,50.02
2015-08-24,49.200001,53.240002,47.75,51.25,38730000,51.25
2015-08-21,55.330002,55.779999,53.959999,53.970001,31607000,53.970001
2015-08-20,56.459999,56.580002,56.110001,56.119999,20709500,56.119999
2015-08-19,57.279999,57.549999,56.950001,57.060001,13697100,57.060001
2015-08-18,57.41,57.720001,57.27,57.540001,10573700,57.540001
2015-08-17,57.02,57.50,56.93,57.349998,11116700,57.349998
2015-08-14,56.889999,57.369999,56.82,57.330002,9721800,57.330002
2015-08-13,56.75,57.130001,56.630001,56.889999,11734600,56.889999
2015-08-12,56.900002,56.950001,56.200001,56.720001,21663200,56.720001
2015-08-11,57.23,57.549999,56.98,57.209999,15026900,57.209999
2015-08-10,57.799999,57.98,57.68,57.939999,12324200,57.939999
2015-08-07,57.57,57.860001,57.040001,57.470001,13585600,57.470001
2015-08-06,57.650002,57.950001,57.41,57.529999,12556600,57.529999
2015-08-05,57.810001,58.02,57.48,57.650002,12032500,57.650002
2015-08-04,57.77,58.16,57.709999,57.82,12324700,57.445
2015-08-03,58.07,58.07,57.50,57.91,13085900,57.534416
2015-07-31,58.23,58.25,57.790001,57.869999,12369800,57.494675
2015-07-30,57.849998,58.189999,57.720001,58.150002,9864800,57.772861
2015-07-29,57.599998,58.130001,57.419998,57.959999,13718400,57.584091
2015-07-28,57.73,57.84,57.16,57.400002,16730600,57.027726
2015-07-27,57.48,57.84,57.34,57.59,15495300,57.216492
2015-07-24,58.18,58.34,57.700001,57.779999,13157300,57.405258
2015-07-23,58.73,58.77,58.07,58.209999,13582200,57.83247
2015-07-22,58.07,58.59,57.990002,58.52,14871100,58.140461
2015-07-21,58.02,58.369999,57.75,57.950001,12504300,57.574158
2015-07-20,57.990002,58.290001,57.880001,58.049999,9672900,57.673508
2015-07-17,57.970001,58.049999,57.490002,57.939999,12963900,57.564221
2015-07-16,58.240002,58.349998,57.98,58.169998,13194500,57.792728
2015-07-15,57.41,58.16,57.259998,57.779999,17159400,57.405258
2015-07-14,56.459999,57.369999,56.389999,57.25,20066300,56.878697
2015-07-13,56.560001,56.759998,56.419998,56.740002,15521800,56.372006
2015-07-10,56.330002,56.459999,55.860001,56.080002,13269600,55.716287
2015-07-09,56.060001,56.150002,55.439999,55.50,13623200,55.140047
2015-07-08,55.84,56.169998,55.209999,55.25,12906600,54.891668
2015-07-07,56.32,56.470001,55.080002,56.25,15831800,55.885183
2015-07-06,56.099998,56.529999,56.009998,56.439999,11682100,56.073949
2015-07-02,56.84,57.139999,56.52,56.740002,10106800,56.372006
2015-07-01,57.09,57.200001,56.610001,56.91,12165300,56.540902
2015-06-30,56.540001,56.880001,55.990002,56.240002,17346700,55.875249
2015-06-29,56.799999,57.189999,56.009998,56.060001,19289700,55.696416
2015-06-26,57.34,57.580002,57.290001,57.439999,16975900,57.067463
2015-06-25,57.75,57.790001,57.130001,57.169998,14053600,56.799214
2015-06-24,57.669998,58.150002,57.540001,57.540001,16166600,57.166817
2015-06-23,58.00,58.259998,57.759998,57.889999,13354200,57.514546
2015-06-22,57.580002,58.040001,57.529999,57.91,15111200,57.534416
2015-06-19,57.419998,57.57,57.049999,57.049999,36241100,56.679993
2015-06-18,57.290001,57.84,57.189999,57.700001,18299900,57.325779
2015-06-17,57.310001,57.549999,57.099998,57.169998,17497700,56.799214
2015-06-16,56.849998,57.240002,56.73,57.220001,10476100,56.848893
2015-06-15,56.650002,57.07,56.48,56.98,12920600,56.610448
2015-06-12,57.130001,57.290001,56.740002,57.09,13439000,56.719735
2015-06-11,57.259998,57.57,57.07,57.259998,13943300,56.888631
2015-06-10,56.98,57.57,56.91,57.209999,18622400,56.838956
2015-06-09,56.23,56.93,56.00,56.700001,14669900,56.332265
2015-06-08,56.939999,56.939999,56.119999,56.119999,14248400,55.756025
2015-06-05,57.040001,57.220001,56.400002,56.610001,16890300,56.242848
2015-06-04,56.529999,56.889999,55.93,56.139999,17627100,55.775896
2015-06-03,56.349998,57.200001,56.349998,56.91,16197700,56.540902
2015-06-02,56.009998,56.450001,55.740002,56.18,13148700,55.815637
2015-06-01,56.240002,56.490002,55.799999,56.040001,15746200,55.676546
2015-05-29,56.25,56.259998,55.68,55.959999,17291500,55.597063
2015-05-28,56.110001,56.299999,55.889999,56.209999,10348700,55.845441
2015-05-27,55.919998,56.310001,55.709999,56.07,12526100,55.70635
2015-05-26,55.970001,56.00,55.459999,55.66,15859100,55.299009
2015-05-22,56.040001,56.23,55.990002,56.00,8568800,55.636804
2015-05-21,55.91,56.18,55.830002,56.009998,13466700,55.646738
2015-05-20,56.32,56.369999,55.93,56.080002,13292000,55.716287
2015-05-19,55.900002,56.700001,55.889999,56.400002,17194100,56.034211
2015-05-18,55.580002,55.98,55.549999,55.75,10637300,55.388426
2015-05-15,56.040001,56.040001,55.299999,55.52,13323200,55.159918
2015-05-14,55.950001,56.130001,55.720001,56.040001,11025400,55.676546
2015-05-13,55.470001,55.830002,55.369999,55.599998,11448100,55.239397
2015-05-12,55.310001,55.639999,55.00,55.470001,11705900,55.110243
2015-05-11,55.919998,55.959999,55.439999,55.509998,12922100,55.14998
2015-05-08,55.169998,56.049999,55.09,56.049999,17477500,55.686479
2015-05-07,54.959999,55.189999,54.610001,54.810001,14723100,54.454523
2015-05-06,55.43,55.599998,54.450001,54.919998,15670700,54.563807
2015-05-05,55.73,56.200001,55.599998,55.720001,17068100,54.986052
2015-05-04,55.27,55.77,55.259998,55.73,9981800,54.995919
2015-05-01,55.259998,55.580002,54.959999,55.189999,12069400,54.463031
2015-04-30,55.650002,55.650002,54.779999,55.099998,16577800,54.374216
2015-04-29,55.169998,55.759998,55.080002,55.459999,18144500,54.729475
2015-04-28,54.91,55.43,54.869999,55.41,13028300,54.680134
2015-04-27,54.790001,55.50,54.709999,54.970001,19852400,54.245931
2015-04-24,54.759998,54.919998,54.610001,54.700001,15268100,53.979487
2015-04-23,54.41,55.119999,54.41,54.860001,14657800,54.13738
2015-04-22,54.310001,54.91,54.16,54.669998,13563800,53.94988
2015-04-21,54.549999,54.849998,54.189999,54.279999,10954200,53.565018
2015-04-20,54.34,54.669998,54.169998,54.360001,13327200,53.643966
