Date,Open,High,Low,Close,Volume,Adj Close
2015-10-16,33.810001,34.200001,33.189999,33.84,4841600,33.84
2015-10-15,33.02,33.66,32.799999,33.650002,3273500,33.650002
2015-10-14,33.169998,33.419998,32.73,32.919998,3307600,32.919998
2015-10-13,33.50,33.779999,33.16,33.240002,2344000,33.240002
2015-10-12,34.169998,34.209999,33.360001,33.650002,2371300,33.650002
2015-10-09,34.060001,34.50,33.75,34.240002,3528700,34.240002
2015-10-08,33.919998,34.310001,33.669998,34.150002,3652100,34.150002
2015-10-07,33.740002,34.470001,33.459999,33.939999,4680700,33.939999
2015-10-06,33.689999,33.919998,33.330002,33.529999,3474200,33.529999
2015-10-05,34.040001,34.43,33.400002,33.84,7531600,33.84
2015-10-02,30.889999,33.93,30.83,33.919998,12667500,33.919998
2015-10-01,31.73,32.00,30.84,31.26,5628700,31.26
2015-09-30,31.50,31.67,31.280001,31.65,4908000,31.65
2015-09-29,30.77,31.450001,30.559999,31.27,5339700,31.14
2015-09-28,31.049999,31.27,30.639999,30.75,7422400,30.622161
2015-09-25,31.48,31.620001,30.940001,31.10,3851000,30.970706
2015-09-24,31.10,31.66,31.00,31.290001,3670900,31.159917
2015-09-23,31.82,31.90,30.870001,31.40,3432000,31.269458
2015-09-22,31.709999,31.950001,31.459999,31.77,3581900,31.637921
2015-09-21,32.220001,32.470001,31.809999,31.98,3905500,31.847047
2015-09-18,32.810001,32.990002,31.98,32.07,6196900,31.936673
2015-09-17,33.110001,33.560001,32.84,33.209999,3487400,33.071933
2015-09-16,32.560001,33.57,32.50,33.200001,4744100,33.061976
2015-09-15,32.169998,32.50,31.959999,32.470001,4022100,32.335012
2015-09-14,32.360001,32.380001,31.93,32.00,3359900,31.866964
2015-09-11,33.169998,33.25,32.220001,32.299999,4951600,32.165716
2015-09-10,31.870001,33.16,31.709999,33.049999,6423300,32.912598
2015-09-09,32.91,33.080002,31.940001,31.99,5771000,31.857006
2015-09-08,32.310001,32.619999,32.279999,32.549999,3654700,32.414677
2015-09-04,32.080002,32.240002,31.98,32.02,3507500,31.886882
2015-09-03,32.43,32.59,32.279999,32.360001,3563900,32.225468
2015-09-02,32.389999,32.549999,31.99,32.279999,3721100,32.145799
2015-09-01,32.220001,32.630001,31.98,32.130001,5129700,31.996425
2015-08-31,32.889999,33.00,32.57,32.759998,4511800,32.623803
2015-08-28,32.950001,33.18,32.68,32.849998,3723300,32.713429
2015-08-27,32.77,33.450001,32.490002,33.139999,6935300,33.002224
2015-08-26,32.290001,32.459999,31.52,32.400002,13446700,32.265303
2015-08-25,32.200001,33.07,31.559999,31.59,9092000,31.458669
2015-08-24,30.25,32.439999,30.18,31.82,14354900,31.687712
2015-08-21,32.34,33.029999,31.639999,31.639999,8653800,31.50846
2015-08-20,32.540001,33.349998,32.459999,32.849998,7806300,32.713429
2015-08-19,33.240002,33.25,32.700001,32.790001,4937700,32.653681
2015-08-18,33.610001,33.68,33.360001,33.360001,3522600,33.221311
2015-08-17,33.259998,33.700001,33.02,33.689999,4719600,33.549937
2015-08-14,33.27,33.720001,33.009998,33.310001,5757000,33.17152
2015-08-13,34.009998,34.09,33.439999,33.720001,4494200,33.579815
2015-08-12,33.860001,34.310001,33.50,34.27,4597500,34.127528
2015-08-11,34.09,34.630001,33.84,33.970001,5279100,33.828776
2015-08-10,34.490002,34.529999,33.98,34.209999,6259000,34.067776
2015-08-07,34.740002,34.860001,34.360001,34.48,4371800,34.336654
2015-08-06,35.299999,35.369999,34.720001,34.84,6042500,34.695158
2015-08-05,36.080002,36.080002,35.360001,35.380001,4770300,35.232914
2015-08-04,35.57,36.139999,35.50,35.810001,5957900,35.661126
2015-08-03,36.369999,36.459999,35.259998,35.439999,6391500,35.292662
2015-07-31,35.560001,36.689999,35.209999,36.400002,14064600,36.248673
2015-07-30,36.130001,36.700001,35.52,36.080002,35153100,35.930004
2015-07-29,40.75,41.75,40.580002,40.82,8829500,40.650296
2015-07-28,40.139999,40.959999,39.700001,40.939999,4093700,40.769796
2015-07-27,40.099998,40.48,39.790001,40.16,3395200,39.99304
2015-07-24,41.18,41.189999,40.220001,40.43,2909600,40.261918
2015-07-23,41.080002,41.299999,40.77,41.07,1864900,40.899257
2015-07-22,41.27,41.470001,40.950001,41.150002,4165400,40.978926
2015-07-21,41.310001,41.439999,40.869999,41.220001,2806200,41.048635
2015-07-20,41.599998,41.639999,41.330002,41.41,2653800,41.237843
2015-07-17,41.779999,41.950001,41.48,41.630001,4112600,41.45693
2015-07-16,41.23,41.970001,41.049999,41.950001,4214400,41.775599
2015-07-15,40.73,41.529999,40.66,41.119999,3758600,40.949048
2015-07-14,40.759998,40.91,40.400002,40.84,2719800,40.670213
2015-07-13,41.02,41.080002,40.240002,40.75,3406200,40.580587
2015-07-10,41.240002,41.48,40.799999,40.799999,3145100,40.630379
2015-07-09,40.240002,41.34,40.150002,40.869999,4919700,40.700087
2015-07-08,40.130001,40.369999,39.720001,39.900002,3091300,39.734123
2015-07-07,39.27,40.060001,38.93,39.889999,3569500,39.724162
2015-07-06,38.93,39.59,38.900002,39.27,2410200,39.106741
2015-07-02,39.549999,39.599998,39.099998,39.150002,3322400,38.987241
2015-07-01,39.759998,39.779999,39.209999,39.400002,3226300,39.236201
2015-06-30,39.880001,39.939999,39.349998,39.439999,3625800,39.276032
2015-06-29,40.00,40.389999,39.759998,39.779999,3238900,39.485161
2015-06-26,40.669998,40.689999,40.200001,40.349998,6590900,40.050936
2015-06-25,40.759998,41.59,40.450001,40.700001,5018500,40.398344
2015-06-24,40.900002,41.09,40.799999,41.029999,4492200,40.725896
2015-06-23,41.529999,41.580002,40.889999,41.09,3861100,40.785453
2015-06-22,41.450001,41.619999,41.07,41.59,3901300,41.281747
2015-06-19,41.02,41.110001,40.82,40.950001,4115600,40.646491
2015-06-18,41.029999,41.34,40.869999,40.950001,3154100,40.646491
2015-06-17,41.02,41.060001,40.57,40.880001,3189700,40.57701
2015-06-16,40.41,41.150002,40.259998,40.970001,3742000,40.666343
2015-06-15,40.18,40.470001,40.02,40.299999,4046100,40.001307
2015-06-12,40.419998,40.82,40.310001,40.369999,2092700,40.070788
2015-06-11,40.91,41.23,40.490002,40.580002,3188300,40.279234
2015-06-10,40.360001,40.990002,40.080002,40.73,4952600,40.42812
2015-06-09,39.869999,40.400002,39.560001,40.279999,6579500,39.981455
2015-06-08,40.09,40.34,39.919998,39.990002,3730200,39.693607
2015-06-05,40.529999,40.599998,40.09,40.18,3118400,39.882197
2015-06-04,40.889999,41.040001,40.220001,40.599998,4923100,40.299083
2015-06-03,40.98,41.189999,40.700001,41.049999,2724100,40.745748
2015-06-02,41.060001,41.25,40.700001,40.98,4590600,40.676267
2015-06-01,41.369999,41.599998,41.009998,41.07,3979000,40.7656
2015-05-29,42.119999,42.310001,41.009998,41.240002,5702500,40.934342
2015-05-28,42.799999,42.93,42.220001,42.23,2806600,41.917003
2015-05-27,42.549999,42.799999,42.189999,42.73,3312000,42.413297
2015-05-26,42.259998,42.560001,42.099998,42.450001,3298100,42.135373
2015-05-22,42.639999,42.689999,42.150002,42.299999,3897700,41.986484
2015-05-21,42.450001,42.75,42.360001,42.560001,3266400,42.244559
2015-05-20,42.529999,42.880001,42.220001,42.560001,2862600,42.244559
2015-05-19,42.689999,42.799999,42.240002,42.48,3309500,42.16515
2015-05-18,42.849998,43.00,42.57,42.700001,3833000,42.38352
2015-05-15,43.040001,43.200001,42.790001,43.080002,2913100,42.760705
2015-05-14,42.950001,43.209999,42.48,42.900002,3548700,42.582039
2015-05-13,42.66,42.869999,42.439999,42.709999,4642300,42.393445
2015-05-12,42.619999,42.939999,42.41,42.509998,4365400,42.194926
2015-05-11,42.349998,43.189999,42.34,42.73,6184000,42.413297
2015-05-08,43.310001,43.66,42.169998,42.59,12158500,42.274335
2015-05-07,41.549999,43.849998,41.029999,43.07,31570900,42.750777
2015-05-06,47.549999,47.790001,47.099998,47.720001,9052600,47.366314
2015-05-05,48.450001,48.720001,47.50,47.529999,4358700,47.17772
2015-05-04,48.639999,49.02,48.349998,48.779999,4705500,48.418455
2015-05-01,48.00,48.720001,47.68,48.18,4488300,47.822904
2015-04-30,47.860001,48.110001,47.389999,47.759998,5627800,47.406015
2015-04-29,48.290001,48.790001,48.02,48.209999,3162700,47.85268
2015-04-28,48.700001,49.290001,48.400002,48.810001,2884800,48.448235
2015-04-27,49.549999,49.82,48.790001,48.939999,4227500,48.577269
2015-04-24,48.200001,49.700001,47.98,49.630001,9964100,49.262157
2015-04-23,48.490002,48.84,48.080002,48.25,4429100,47.892385
2015-04-22,48.950001,49.450001,48.50,48.599998,3146700,48.239789
2015-04-21,48.66,49.16,48.509998,48.970001,4656900,48.607049
2015-04-20,48.849998,49.189999,48.279999,48.369999,5325100,48.011494
