Date,Open,High,Low,Close,Volume,Adj Close
2015-10-09,59.529999,59.689999,59.040001,59.43,213500,59.43
2015-10-08,58.080002,59.529999,57.98,59.48,210400,59.48
2015-10-07,58.25,58.810001,57.799999,58.189999,436600,58.189999
2015-10-06,60.02,60.189999,58.549999,58.619999,359800,58.156999
2015-10-05,59.810001,60.279999,59.049999,60.200001,319000,59.724521
2015-10-02,57.990002,59.540001,57.529999,59.529999,392600,59.059811
2015-10-01,57.709999,57.970001,56.900002,57.869999,363300,57.412923
2015-09-30,56.330002,57.799999,56.169998,57.669998,347900,57.214501
2015-09-29,56.099998,56.490002,55.57,56.18,244600,55.736272
2015-09-28,55.709999,56.259998,55.529999,56.099998,283100,55.656902
2015-09-25,55.419998,56.950001,55.32,55.799999,461400,55.359272
2015-09-24,54.23,55.360001,54.23,55.23,221800,54.793775
2015-09-23,54.610001,55.119999,54.349998,54.48,162900,54.049698
2015-09-22,54.560001,55.060001,54.540001,54.57,238100,54.138988
2015-09-21,54.939999,55.099998,54.66,54.84,238500,54.406856
2015-09-18,54.27,55.419998,54.16,54.709999,460600,54.277881
2015-09-17,53.810001,55.439999,53.810001,54.77,212900,54.337409
2015-09-16,53.389999,54.259998,53.23,53.91,171500,53.484201
2015-09-15,53.110001,53.66,52.830002,53.43,147600,53.007992
2015-09-14,52.91,53.369999,52.34,53.009998,139500,52.591308
2015-09-11,52.389999,52.889999,52.139999,52.880001,148400,52.462337
2015-09-10,53.189999,53.470001,52.330002,52.52,267400,52.10518
2015-09-09,53.860001,54.029999,53.169998,53.240002,290300,52.819495
2015-09-08,52.700001,53.810001,52.200001,53.759998,299900,53.335384
2015-09-04,52.59,52.880001,51.860001,52.240002,211100,51.827393
2015-09-03,53.060001,53.540001,52.860001,53.130001,257900,52.710363
2015-09-02,53.27,53.290001,52.41,53.040001,331000,52.621073
2015-09-01,53.459999,54.00,52.650002,52.810001,295300,52.392891
2015-08-31,54.59,54.59,53.630001,54.200001,462300,53.771911
2015-08-28,55.02,55.07,54.110001,54.779999,228500,54.347328
2015-08-27,55.139999,55.139999,54.02,55.040001,426100,54.605277
2015-08-26,55.529999,55.529999,53.580002,54.950001,375800,54.515987
2015-08-25,55.73,56.790001,54.50,54.529999,390700,54.099303
2015-08-24,56.759998,56.759998,55.759998,55.790001,466800,55.349353
2015-08-21,57.209999,58.43,56.400002,57.259998,363200,56.80774
2015-08-20,57.830002,58.380001,57.439999,57.490002,181300,57.035927
2015-08-19,57.799999,58.540001,57.169998,58.200001,206600,57.740318
2015-08-18,58.119999,58.549999,57.68,57.990002,174700,57.531977
2015-08-17,57.349998,58.439999,57.32,58.25,234200,57.789922
2015-08-14,56.349998,57.619999,55.759998,57.549999,251700,57.09545
2015-08-13,56.689999,56.990002,56.32,56.389999,182600,55.944613
2015-08-12,55.560001,56.889999,55.310001,56.860001,324500,56.410902
2015-08-11,55.139999,55.799999,54.759998,55.779999,175400,55.33943
2015-08-10,55.59,56.450001,54.98,55.32,220700,54.883064
2015-08-07,54.82,55.330002,54.25,55.290001,241100,54.853302
2015-08-06,55.970001,56.169998,54.040001,55.209999,238300,54.773932
2015-08-05,55.400002,56.209999,54.880001,55.540001,210600,55.101328
2015-08-04,56.09,56.349998,54.91,55.040001,264200,54.605277
2015-08-03,55.799999,56.869999,55.77,56.169998,304100,55.726349
2015-07-31,55.310001,56.650002,54.450001,55.900002,1082700,55.458485
2015-07-30,54.240002,55.369999,54.130001,54.98,289600,54.545749
2015-07-29,54.169998,54.759998,53.990002,54.540001,267700,54.109226
2015-07-28,54.099998,54.43,53.27,54.400002,353700,53.970332
2015-07-27,53.50,54.68,53.50,54.029999,350500,53.603252
2015-07-24,53.68,54.00,53.369999,53.650002,269800,53.226256
2015-07-23,54.459999,54.52,53.389999,53.59,264200,53.166729
2015-07-22,53.91,54.619999,53.689999,54.389999,222800,53.960409
2015-07-21,54.73,55.009998,53.709999,53.869999,208600,53.444516
2015-07-20,55.25,55.25,54.529999,54.73,185400,54.297724
2015-07-17,55.740002,55.939999,55.00,55.290001,227200,54.853302
2015-07-16,55.200001,56.209999,55.200001,55.869999,241600,55.428719
2015-07-15,55.02,55.34,54.59,55.16,226800,54.724328
2015-07-14,55.110001,55.310001,54.650002,55.130001,159700,54.694566
2015-07-13,54.970001,55.540001,54.759998,55.07,198300,54.635039
2015-07-10,54.689999,55.279999,54.18,54.880001,230800,54.446541
2015-07-09,55.759998,55.950001,54.16,54.41,296400,53.980252
2015-07-08,54.959999,55.740002,54.959999,55.50,352300,55.061643
2015-07-07,54.689999,55.799999,54.689999,55.630001,287500,54.731275
2015-07-06,54.41,54.599998,53.849998,54.419998,237500,53.54082
2015-07-02,54.509998,54.889999,53.860001,54.310001,234100,53.4326
2015-07-01,54.509998,54.509998,53.790001,54.00,335800,53.127607
2015-06-30,54.77,54.830002,54.080002,54.290001,380900,53.412923
2015-06-29,55.119999,55.959999,54.490002,54.52,311300,53.639207
2015-06-26,54.830002,55.740002,54.32,55.23,728000,54.337736
2015-06-25,55.389999,55.389999,54.599998,54.73,163800,53.845813
2015-06-24,55.91,56.34,55.09,55.169998,217100,54.278704
2015-06-23,56.32,56.549999,55.630001,55.900002,238000,54.996913
2015-06-22,56.209999,56.400002,55.279999,56.310001,201900,55.40029
2015-06-19,56.330002,56.360001,55.849998,56.049999,334600,55.144488
2015-06-18,55.310001,56.330002,55.16,56.150002,263200,55.242875
2015-06-17,55.66,55.880001,54.810001,55.009998,303100,54.121289
2015-06-16,54.310001,55.52,54.02,55.349998,284100,54.455796
2015-06-15,55.029999,55.040001,54.290001,54.299999,266400,53.42276
2015-06-12,55.669998,55.709999,55.049999,55.220001,138900,54.327899
2015-06-11,55.330002,55.810001,54.970001,55.799999,204100,54.898527
2015-06-10,54.77,55.459999,54.610001,54.82,308300,53.934359
2015-06-09,54.91,55.189999,54.580002,54.66,180600,53.776944
2015-06-08,55.139999,55.279999,54.580002,55.029999,137900,54.140966
2015-06-05,55.450001,55.50,54.849998,55.16,166400,54.268867
2015-06-04,56.02,56.75,55.709999,55.91,177900,55.00675
2015-06-03,56.529999,56.630001,55.939999,56.330002,183900,55.419967
2015-06-02,57.490002,57.490002,56.369999,56.59,161400,55.675765
2015-06-01,57.669998,58.110001,57.150002,57.700001,192800,56.767833
2015-05-29,57.169998,57.950001,56.509998,57.540001,419800,56.610418
2015-05-28,56.43,57.169998,56.23,57.16,177300,56.236556
2015-05-27,56.419998,56.580002,55.869999,56.490002,169400,55.577382
2015-05-26,56.34,56.599998,55.630001,56.169998,202900,55.262548
2015-05-22,57.150002,57.150002,56.279999,56.59,200500,55.675765
2015-05-21,57.59,57.790001,56.970001,57.23,170300,56.305425
2015-05-20,57.650002,58.139999,57.419998,57.720001,130700,56.78751
2015-05-19,57.740002,58.139999,57.50,57.68,190700,56.748156
2015-05-18,56.610001,58.00,56.599998,57.830002,239200,56.895734
2015-05-15,56.57,56.93,56.27,56.93,197900,56.010272
2015-05-14,55.41,56.52,54.900002,56.490002,185000,55.577382
2015-05-13,55.959999,56.400002,54.970001,55.00,203700,54.111452
2015-05-12,55.669998,56.02,54.98,55.860001,170100,54.957559
2015-05-11,55.07,56.23,55.07,55.869999,209800,54.967396
2015-05-08,55.700001,55.900002,54.830002,55.200001,187300,54.308221
2015-05-07,54.77,55.869999,54.549999,55.259998,225700,54.36725
2015-05-06,53.630001,53.919998,52.950001,53.810001,265000,52.940678
2015-05-05,54.630001,54.869999,53.049999,53.66,338200,52.7931
2015-05-04,55.360001,55.740002,54.91,54.959999,183600,54.072097
2015-05-01,55.18,55.790001,54.77,55.310001,221500,54.416445
2015-04-30,56.32,56.970001,54.82,55.009998,547400,54.121289
2015-04-29,57.02,57.07,56.369999,56.790001,128900,55.872535
2015-04-28,56.560001,57.560001,56.299999,57.450001,168500,56.521872
2015-04-27,57.52,57.75,55.560001,56.490002,223100,55.577382
2015-04-24,56.720001,57.939999,56.400002,57.400002,186300,56.47268
2015-04-23,56.27,56.869999,55.900002,56.66,114300,55.744634
2015-04-22,56.119999,56.400002,55.48,56.25,137200,55.341258
2015-04-21,56.369999,56.91,56.080002,56.189999,115400,55.282226
2015-04-20,55.419998,56.860001,55.32,56.400002,188900,55.488836
2015-04-17,55.470001,55.799999,54.790001,55.049999,163600,54.160643
2015-04-16,55.759998,56.209999,55.07,55.880001,158300,54.977236
2015-04-15,56.299999,56.790001,55.990002,56.009998,203300,55.105133
2015-04-14,56.080002,56.400002,55.759998,56.060001,144900,55.154328
2015-04-13,56.07,56.650002,55.869999,55.880001,145300,54.977236
