Date,Open,High,Low,Close,Volume,Adj Close
2015-10-16,155.710007,157.320007,153.050003,156.770004,844900,156.770004
2015-10-15,151.75,154.729996,149.190002,154.649994,955100,154.649994
2015-10-14,155.279999,156.020004,150.160004,151.509995,868100,151.509995
2015-10-13,157.00,158.919998,155.080002,155.220001,949600,155.220001
2015-10-12,158.979996,159.169998,157.460007,158.869995,253200,158.869995
2015-10-09,159.830002,160.960007,156.809998,158.649994,648200,158.649994
2015-10-08,157.089996,160.979996,156.639999,160.229996,504100,160.229996
2015-10-07,154.970001,159.100006,154.289993,157.699997,740300,157.699997
2015-10-06,154.919998,156.289993,151.559998,154.240005,989600,154.240005
2015-10-05,149.979996,156.639999,149.979996,156.110001,1433800,156.110001
2015-10-02,146.479996,148.839996,144.470001,148.600006,900900,148.600006
2015-10-01,147.210007,148.679993,145.270004,148.089996,972700,148.089996
2015-09-30,146.490005,147.75,143.779999,147.259995,854000,147.259995
2015-09-29,146.509995,148.139999,143.75,145.460007,1065200,145.460007
2015-09-28,153.080002,153.639999,146.979996,147.190002,1148400,147.190002
2015-09-25,158.300003,158.770004,153.729996,154.949997,735100,154.949997
2015-09-24,156.899994,157.429993,153.410004,156.479996,1052800,156.479996
2015-09-23,158.070007,159.699997,156.649994,157.929993,707500,157.929993
2015-09-22,161.020004,161.600006,156.279999,157.929993,1102800,157.929993
2015-09-21,164.949997,165.270004,161.279999,162.660004,653000,162.660004
2015-09-18,166.160004,168.020004,163.360001,164.100006,1011300,164.100006
2015-09-17,168.100006,171.289993,167.119995,168.460007,734200,168.460007
2015-09-16,168.229996,168.339996,164.929993,168.080002,696200,168.080002
2015-09-15,164.100006,168.759995,163.550003,167.460007,962400,167.460007
2015-09-14,162.690002,163.570007,160.779999,161.550003,459100,161.550003
2015-09-11,161.649994,163.610001,161.279999,163.039993,683700,163.039993
2015-09-10,164.809998,164.970001,160.289993,162.130005,967600,162.130005
2015-09-09,167.589996,168.490005,164.679993,165.070007,900500,165.070007
2015-09-08,166.449997,167.179993,164.759995,165.669998,847700,165.669998
2015-09-04,163.779999,165.259995,162.50,163.869995,557500,163.869995
2015-09-03,167.199997,168.490005,164.75,165.339996,995400,165.339996
2015-09-02,162.00,166.259995,161.050003,166.25,1127400,166.25
2015-09-01,164.610001,167.160004,159.289993,160.199997,1439000,160.199997
2015-08-31,168.809998,170.949997,167.039993,168.100006,695800,168.100006
2015-08-28,170.669998,171.00,167.399994,168.490005,1150500,168.490005
2015-08-27,169.850006,175.289993,168.350006,170.649994,1470700,170.649994
2015-08-26,169.029999,169.639999,162.929993,168.089996,1254100,168.089996
2015-08-25,173.149994,173.850006,166.449997,166.460007,1195500,165.560011
2015-08-24,168.00,173.550003,163.300003,167.690002,1920600,166.783357
2015-08-21,181.600006,182.50,176.509995,177.600006,1503000,176.63978
2015-08-20,182.729996,185.720001,181.809998,183.100006,1063600,182.110043
2015-08-19,182.660004,186.820007,180.529999,184.580002,1397300,183.582037
2015-08-18,178.490005,183.339996,177.559998,182.949997,1414300,181.960845
2015-08-17,176.020004,179.279999,175.300003,178.490005,603300,177.524968
2015-08-14,174.520004,177.660004,174.240005,177.220001,713700,176.26183
2015-08-13,172.800003,176.149994,172.800003,174.570007,910600,173.626164
2015-08-12,170.039993,172.929993,168.669998,172.789993,843800,171.855773
2015-08-11,173.490005,174.00,170.580002,171.470001,674900,170.542918
2015-08-10,172.050003,176.089996,171.00,174.860001,652100,173.914589
2015-08-07,170.850006,171.929993,169.600006,170.410004,660000,169.488652
2015-08-06,174.529999,175.240005,169.729996,170.520004,898000,169.598058
2015-08-05,175.770004,176.369995,172.910004,173.839996,917900,172.9001
2015-08-04,175.979996,176.259995,174.350006,174.880005,741700,173.934485
2015-08-03,177.669998,178.309998,174.869995,175.970001,568100,175.018588
2015-07-31,178.75,179.279999,177.289993,177.729996,477500,176.769067
2015-07-30,178.270004,179.899994,176.559998,178.119995,557700,177.156958
2015-07-29,177.009995,179.669998,176.020004,178.75,619100,177.783556
2015-07-28,173.410004,176.910004,173.089996,176.720001,964300,175.764533
2015-07-27,174.639999,174.949997,170.889999,171.839996,1391100,170.910913
2015-07-24,179.899994,180.160004,175.830002,176.100006,1299900,175.14789
2015-07-23,176.960007,180.50,176.300003,179.429993,1940700,178.459873
2015-07-22,173.50,180.75,172.979996,178.360001,3137100,177.395666
2015-07-21,163.139999,166.610001,162.479996,166.210007,1631700,165.311363
2015-07-20,168.470001,168.889999,159.210007,163.139999,3575300,162.257954
2015-07-17,170.190002,171.889999,167.990005,168.720001,956300,167.807787
2015-07-16,174.559998,174.919998,169.919998,170.00,942800,169.080865
2015-07-15,174.820007,175.229996,172.149994,173.50,1056000,172.561941
2015-07-14,175.360001,176.770004,174.990005,175.679993,566600,174.730148
2015-07-13,175.529999,176.410004,174.399994,175.360001,651700,174.411886
2015-07-10,172.279999,174.809998,171.279999,174.419998,901600,173.476965
2015-07-09,172.770004,172.770004,170.089996,170.520004,730700,169.598058
2015-07-08,169.75,172.690002,169.330002,170.740005,1263300,169.816869
2015-07-07,169.149994,171.429993,166.639999,171.229996,1420000,170.30421
2015-07-06,169.410004,171.240005,167.789993,168.740005,1329600,167.827683
2015-07-02,170.990005,170.990005,168.190002,169.729996,1282600,168.81232
2015-07-01,174.869995,175.00,169.399994,171.00,1611800,170.075458
2015-06-30,175.160004,175.600006,172.850006,173.050003,845300,172.114377
2015-06-29,176.869995,178.419998,173.520004,173.770004,746500,172.830486
2015-06-26,178.889999,179.979996,176.919998,177.809998,1033900,176.848636
2015-06-25,183.660004,183.660004,178.190002,178.270004,1298600,177.306156
2015-06-24,185.130005,186.729996,182.580002,182.720001,900300,181.732093
2015-06-23,185.25,187.179993,184.570007,185.259995,497900,184.258353
2015-06-22,187.949997,188.009995,184.039993,184.929993,799900,183.930136
2015-06-19,188.179993,189.580002,187.240005,187.570007,1032300,186.555877
2015-06-18,185.960007,188.399994,185.880005,187.25,542900,186.2376
2015-06-17,183.990005,185.889999,183.339996,185.550003,465200,184.546794
2015-06-16,183.449997,185.289993,182.669998,183.889999,644100,182.895765
2015-06-15,184.800003,185.309998,183.00,184.009995,628200,183.015112
2015-06-12,185.479996,187.070007,184.770004,185.990005,481800,184.984417
2015-06-11,186.850006,189.50,186.220001,186.729996,674700,185.720407
2015-06-10,184.139999,186.429993,183.440002,185.979996,828600,184.974462
2015-06-09,185.639999,185.639999,182.720001,182.990005,1138800,182.000638
2015-06-08,187.860001,188.910004,185.240005,185.399994,639800,184.397596
2015-06-05,187.490005,188.350006,185.800003,187.770004,485700,186.754792
2015-06-04,187.860001,189.080002,187.320007,187.990005,707700,186.973604
2015-06-03,188.309998,189.460007,186.789993,189.25,717100,188.226786
2015-06-02,186.130005,188.979996,185.559998,188.229996,770800,187.212297
2015-06-01,184.639999,188.259995,183.270004,186.960007,902500,185.949174
2015-05-29,187.240005,188.350006,184.029999,184.25,875800,183.25382
2015-05-28,187.509995,188.389999,186.339996,187.520004,577700,186.506144
2015-05-27,188.330002,188.839996,185.199997,187.559998,962700,186.545921
2015-05-26,191.50,192.949997,187.830002,188.309998,656200,187.291866
2015-05-22,192.059998,193.020004,191.839996,192.009995,893900,190.971858
2015-05-21,187.770004,192.520004,187.610001,192.050003,1014500,191.011651
2015-05-20,189.850006,190.039993,187.860001,189.100006,772600,188.077603
2015-05-19,189.75,190.929993,187.919998,190.029999,1000300,189.002568
2015-05-18,187.639999,189.350006,186.990005,188.710007,659500,187.689713
2015-05-15,189.00,189.389999,185.020004,187.830002,1225800,186.814466
2015-05-14,189.009995,190.240005,188.089996,189.300003,933600,188.276519
2015-05-13,185.899994,188.279999,185.169998,187.660004,1045900,186.645387
2015-05-12,186.899994,187.809998,185.089996,186.449997,939600,184.54678
2015-05-11,185.800003,188.940002,185.020004,186.979996,1557000,185.071369
2015-05-08,184.919998,188.479996,184.020004,185.649994,1214200,183.754943
2015-05-07,179.539993,182.820007,179.160004,182.520004,955900,180.656903
2015-05-06,179.820007,180.75,177.880005,178.839996,840500,177.01446
2015-05-05,180.270004,181.580002,179.550003,179.600006,930000,177.766712
2015-05-04,179.399994,181.179993,178.770004,180.149994,1036900,178.311085
2015-05-01,175.869995,180.380005,175.389999,179.309998,1244800,177.479663
2015-04-30,179.690002,180.589996,174.75,175.600006,1691300,173.807542
2015-04-29,182.940002,183.240005,177.240005,179.029999,1636800,177.202523
2015-04-28,182.539993,187.50,179.119995,183.699997,4734600,181.824851
2015-04-27,196.669998,200.179993,196.669998,197.830002,1975100,195.810622
2015-04-24,194.50,197.179993,193.110001,196.490005,1163000,194.484304
2015-04-23,191.240005,192.190002,189.880005,190.919998,1207300,188.971153
2015-04-22,193.639999,194.309998,191.470001,191.770004,933800,189.812483
2015-04-21,196.410004,196.509995,193.649994,193.970001,977100,191.990023
2015-04-20,191.25,194.929993,191.100006,194.850006,1104900,192.861045
