Date,Open,High,Low,Close,Volume,Adj Close
2015-10-15,52.549999,52.700001,52.23,52.50,1828600,52.50
2015-10-14,52.970001,53.029999,52.43,52.450001,1370700,52.450001
2015-10-13,53.240002,53.419998,52.98,53.060001,1189200,53.060001
2015-10-12,53.07,53.560001,53.009998,53.41,889800,53.41
2015-10-09,52.950001,53.549999,52.849998,53.16,1479100,53.16
2015-10-08,51.799999,52.98,51.490002,52.950001,2470800,52.950001
2015-10-07,51.560001,51.990002,51.48,51.82,1582900,51.82
2015-10-06,51.41,51.639999,51.139999,51.43,1841700,51.43
2015-10-05,50.84,51.529999,50.790001,51.459999,1551600,51.459999
2015-10-02,49.700001,50.529999,49.490002,50.529999,1755000,50.529999
2015-10-01,49.849998,50.240002,49.52,50.099998,2352400,50.099998
2015-09-30,49.580002,49.860001,49.07,49.810001,3393200,49.810001
2015-09-29,49.720001,49.77,48.98,49.220001,5423500,49.220001
2015-09-28,50.18,50.279999,49.68,49.779999,2074400,49.779999
2015-09-25,50.220001,50.66,49.939999,50.369999,3290000,50.369999
2015-09-24,49.66,49.919998,49.419998,49.799999,3479500,49.799999
2015-09-23,49.880001,50.060001,49.439999,49.950001,2001900,49.950001
2015-09-22,49.650002,49.93,49.32,49.869999,1972800,49.869999
2015-09-21,50.259998,50.349998,49.970001,50.110001,2083600,50.110001
2015-09-18,49.459999,50.049999,49.439999,49.889999,3732600,49.889999
2015-09-17,50.240002,50.509998,49.939999,50.07,2096600,50.07
2015-09-16,50.290001,50.290001,49.990002,50.16,2214900,50.16
2015-09-15,50.049999,50.330002,49.880001,50.150002,2943800,50.150002
2015-09-14,50.009998,50.029999,49.450001,49.889999,2193200,49.889999
2015-09-11,49.68,50.049999,49.549999,50.00,1889200,50.00
2015-09-10,49.779999,50.139999,49.509998,49.799999,2727200,49.799999
2015-09-09,51.02,51.18,50.029999,50.130001,3209000,49.745
2015-09-08,50.580002,50.900002,50.25,50.700001,2922600,50.310622
2015-09-04,49.689999,50.189999,49.57,49.93,2295300,49.546535
2015-09-03,49.880001,50.549999,49.880001,50.279999,1934800,49.893845
2015-09-02,49.740002,49.959999,49.290001,49.779999,1701900,49.397685
2015-09-01,49.32,49.84,48.900002,49.310001,2870900,48.931298
2015-08-31,50.130001,50.27,49.919998,50.060001,2074700,49.675538
2015-08-28,50.080002,50.50,49.93,50.209999,2510000,49.824383
2015-08-27,50.029999,50.310001,49.310001,50.029999,3857000,49.645765
2015-08-26,50.32,50.34,49.119999,49.50,4369600,49.119837
2015-08-25,50.369999,50.77,49.119999,49.150002,3039200,48.772527
2015-08-24,49.18,50.68,48.790001,49.470001,4431600,49.090069
2015-08-21,52.060001,52.360001,51.630001,51.639999,3558700,51.243401
2015-08-20,52.290001,53.040001,52.099998,52.57,3257100,52.166259
2015-08-19,52.43,52.950001,52.169998,52.599998,2285100,52.196027
2015-08-18,52.540001,53.060001,52.50,52.700001,2028000,52.295262
2015-08-17,51.919998,52.700001,51.630001,52.639999,1428300,52.235721
2015-08-14,51.959999,52.290001,51.830002,52.25,1104600,51.848717
2015-08-13,51.720001,52.27,51.610001,51.900002,1872900,51.501406
2015-08-12,51.240002,51.91,51.150002,51.849998,2420400,51.451787
2015-08-11,51.009998,51.57,50.939999,51.52,1590600,51.124324
2015-08-10,51.029999,51.43,50.950001,51.389999,1606800,50.995321
2015-08-07,50.959999,51.119999,50.560001,50.759998,2308000,50.370159
2015-08-06,51.599998,51.799999,50.950001,50.98,1820400,50.58847
2015-08-05,51.209999,51.830002,51.18,51.599998,2052200,51.203707
2015-08-04,50.869999,51.380001,50.790001,50.970001,1853900,50.578549
2015-08-03,51.049999,51.130001,50.669998,50.799999,2178600,50.409852
2015-07-31,51.43,51.459999,51.040001,51.130001,1658300,50.73732
2015-07-30,50.540001,51.380001,50.540001,51.200001,2769400,50.806782
2015-07-29,50.27,50.790001,50.209999,50.700001,3278900,50.310622
2015-07-28,49.709999,50.25,49.52,50.16,3520500,49.774768
2015-07-27,48.73,49.540001,48.689999,49.060001,3871600,48.683218
2015-07-24,49.209999,49.560001,48.73,48.830002,3129700,48.454985
2015-07-23,47.759998,49.360001,47.759998,49.080002,4709200,48.703065
2015-07-22,48.220001,48.470001,47.549999,47.799999,2750100,47.432892
2015-07-21,48.509998,48.610001,48.02,48.23,1269500,47.85959
2015-07-20,48.639999,48.73,48.439999,48.529999,1022900,48.157286
2015-07-17,48.830002,48.889999,48.509998,48.68,1602100,48.306135
2015-07-16,48.669998,49.23,48.48,48.939999,2299000,48.564137
2015-07-15,48.630001,48.740002,48.32,48.400002,1573900,48.028287
2015-07-14,47.860001,48.669998,47.830002,48.599998,2284500,48.226748
2015-07-13,48.139999,48.169998,47.779999,47.93,2082400,47.561895
2015-07-10,47.560001,47.889999,47.310001,47.75,1920300,47.383277
2015-07-09,47.169998,47.34,47.07,47.150002,2254300,46.787887
2015-07-08,46.66,47.259998,46.599998,46.810001,2051700,46.450498
2015-07-07,46.529999,47.110001,46.41,47.02,1986300,46.658884
2015-07-06,46.040001,46.540001,45.860001,46.529999,1228500,46.172646
2015-07-02,46.57,46.669998,46.220001,46.369999,884600,46.013875
2015-07-01,46.639999,46.68,46.240002,46.509998,1240700,46.152799
2015-06-30,46.700001,46.799999,46.310001,46.349998,1346000,45.994028
2015-06-29,46.75,46.900002,46.330002,46.349998,1606800,45.994028
2015-06-26,46.98,47.189999,46.82,47.029999,1268500,46.668806
2015-06-25,47.279999,47.290001,46.880001,46.939999,1161100,46.579497
2015-06-24,47.25,47.400002,47.119999,47.169998,1881700,46.80773
2015-06-23,47.68,47.849998,47.299999,47.34,1629300,46.976426
2015-06-22,48.07,48.110001,47.57,47.700001,1643700,47.333662
2015-06-19,48.25,48.25,47.740002,47.759998,2121500,47.393199
2015-06-18,48.00,48.389999,48.00,48.299999,1504000,47.929052
2015-06-17,47.93,48.02,47.57,47.880001,2002100,47.51228
2015-06-16,47.790001,47.900002,47.689999,47.799999,1489300,47.432892
2015-06-15,48.110001,48.110001,47.630001,47.709999,1686800,47.343584
2015-06-12,48.450001,48.50,48.189999,48.439999,1876400,48.067977
2015-06-11,48.59,48.77,48.310001,48.490002,1906400,48.117596
2015-06-10,48.389999,48.759998,48.389999,48.439999,1810700,48.067977
2015-06-09,48.459999,48.560001,48.23,48.32,1431800,47.948899
2015-06-08,48.369999,48.619999,48.299999,48.459999,1363600,48.087823
2015-06-05,48.599998,48.669998,48.330002,48.41,2020000,48.038208
2015-06-04,49.00,49.27,48.470001,48.68,3159700,48.306135
2015-06-03,49.279999,49.34,49.060001,49.25,1695600,48.871757
2015-06-02,49.610001,49.84,49.50,49.560001,1699600,48.797336
2015-06-01,49.82,49.91,49.540001,49.740002,1357100,48.974566
2015-05-29,49.639999,49.860001,49.41,49.650002,2362600,48.885951
2015-05-28,49.810001,50.00,49.709999,49.790001,1625900,49.023796
2015-05-27,49.790001,49.970001,49.48,49.84,1181600,49.073026
2015-05-26,50.00,50.139999,49.439999,49.57,2593600,48.80718
2015-05-22,49.98,50.27,49.98,50.060001,1388300,49.289642
2015-05-21,49.709999,50.25,49.66,50.119999,2043300,49.348716
2015-05-20,49.810001,49.950001,49.669998,49.720001,1337300,48.954874
2015-05-19,49.790001,49.950001,49.610001,49.860001,1572200,49.092719
2015-05-18,49.939999,49.950001,49.689999,49.849998,1540900,49.08287
2015-05-15,49.810001,49.970001,49.73,49.830002,1572100,49.063182
2015-05-14,49.490002,49.860001,49.490002,49.720001,1434400,48.954874
2015-05-13,49.540001,49.810001,49.32,49.369999,2035600,48.610257
2015-05-12,49.23,49.700001,49.080002,49.509998,1924100,48.748102
2015-05-11,49.16,49.900002,49.049999,49.43,3939300,48.669336
2015-05-08,49.16,49.59,49.130001,49.330002,1681300,48.570876
2015-05-07,48.50,49.00,48.48,48.860001,2224200,48.108107
2015-05-06,49.02,49.200001,48.09,48.470001,3186200,47.72411
2015-05-05,49.869999,50.040001,48.75,48.860001,2948300,48.108107
2015-05-04,50.110001,50.450001,49.799999,49.849998,2826200,49.08287
2015-05-01,49.57,50.23,49.57,50.09,2120600,49.319179
2015-04-30,49.77,50.099998,49.43,49.529999,4134200,48.767795
2015-04-29,51.50,52.02,49.630001,49.880001,5639900,49.112411
2015-04-28,52.34,52.689999,52.080002,52.470001,1768400,51.662555
2015-04-27,52.939999,52.939999,52.169998,52.290001,1868300,51.485324
2015-04-24,52.639999,52.759998,52.259998,52.66,3995200,51.849629
2015-04-23,52.490002,52.810001,52.450001,52.68,4064300,51.869322
2015-04-22,52.810001,53.169998,52.200001,52.610001,3544500,51.8004
2015-04-21,53.110001,53.360001,52.75,52.84,4162700,52.02686
2015-04-20,53.16,53.439999,53.00,53.02,2767700,52.20409
