Date,Open,High,Low,Close,Volume,Adj Close
2015-10-09,44.139999,44.209999,43.099998,43.830002,7794700,43.830002
2015-10-08,43.18,44.509998,43.09,43.799999,10041700,43.799999
2015-10-07,42.599998,43.630001,42.200001,43.560001,12978700,43.560001
2015-10-06,41.650002,42.900002,41.400002,42.119999,10027600,42.119999
2015-10-05,41.41,42.279999,40.950001,41.560001,8965900,41.560001
2015-10-02,38.200001,41.119999,37.77,41.02,9211800,41.02
2015-10-01,37.240002,39.099998,36.880001,38.98,13760600,38.98
2015-09-30,35.740002,37.18,35.009998,36.849998,17345000,36.849998
2015-09-29,36.82,37.169998,34.639999,34.93,19481100,34.93
2015-09-28,39.57,40.00,36.279999,36.560001,30647600,36.560001
2015-09-25,42.27,42.880001,41.029999,41.599998,6416300,41.599998
2015-09-24,42.68,42.880001,39.619999,41.82,13031400,41.82
2015-09-23,44.779999,45.150002,42.279999,42.470001,9137100,42.470001
2015-09-22,45.009998,45.830002,44.32,44.52,7616200,44.52
2015-09-21,46.139999,46.849998,45.779999,46.369999,8946700,45.729998
2015-09-18,45.959999,46.939999,44.98,46.139999,16578000,45.503173
2015-09-17,46.419998,47.049999,45.32,45.709999,9227600,45.079107
2015-09-16,44.029999,46.439999,43.330002,45.860001,15726100,45.227039
2015-09-15,42.50,43.759998,42.439999,43.57,6790300,42.968644
2015-09-14,42.919998,42.970001,41.619999,42.27,8120600,41.686588
2015-09-11,43.66,43.77,41.610001,42.970001,13822000,42.376927
2015-09-10,45.41,45.869999,43.189999,44.27,14694200,43.658984
2015-09-09,47.48,47.790001,45.91,46.009998,6767300,45.374966
2015-09-08,47.200001,47.279999,46.34,47.07,4604700,46.420337
2015-09-04,46.650002,47.330002,46.16,46.419998,5117800,45.779307
2015-09-03,47.470001,48.470001,47.049999,47.349998,7266800,46.696471
2015-09-02,46.639999,47.23,45.23,47.209999,8015100,46.558404
2015-09-01,46.869999,47.779999,45.66,46.009998,8615900,45.374966
2015-08-31,48.290001,49.110001,47.540001,48.200001,6625400,47.534742
2015-08-28,47.50,49.50,47.189999,48.919998,7964900,48.244802
2015-08-27,46.619999,47.810001,46.380001,47.68,12760900,47.021918
2015-08-26,45.830002,46.150002,44.50,45.669998,9124500,45.039659
2015-08-25,48.330002,48.509998,44.639999,44.669998,10094500,44.053461
2015-08-24,45.900002,48.889999,43.330002,46.740002,14258600,46.094894
2015-08-21,50.220001,51.119999,49.650002,49.650002,10073600,48.96473
2015-08-20,52.880001,53.490002,50.650002,50.700001,6294100,50.000237
2015-08-19,53.849998,54.369999,52.360001,53.009998,6665500,52.278352
2015-08-18,54.240002,55.00,53.650002,53.860001,5548500,53.116622
2015-08-17,52.669998,55.419998,52.549999,54.900002,12598000,54.142269
2015-08-14,51.759998,52.619999,51.599998,52.23,6144400,51.509118
2015-08-13,50.98,51.560001,50.540001,51.32,5337000,50.611678
2015-08-12,50.040001,51.200001,49.09,51.110001,5340000,50.404578
2015-08-11,48.950001,50.029999,48.52,49.98,4698800,49.290173
2015-08-10,48.93,50.09,48.93,49.889999,4340400,49.201415
2015-08-07,48.349998,49.669998,48.330002,48.799999,5060000,48.126459
2015-08-06,48.720001,49.810001,46.849998,48.529999,9119500,47.860185
2015-08-05,52.279999,52.650002,48.650002,49.16,12589700,48.481491
2015-08-04,51.970001,52.25,50.689999,51.259998,5661900,50.552505
2015-08-03,52.52,52.740002,51.32,51.650002,6339100,50.937126
2015-07-31,52.950001,53.610001,52.34,52.48,6839000,51.755668
2015-07-30,53.919998,53.919998,52.889999,52.98,3934900,52.248767
2015-07-29,52.84,54.139999,52.669998,54.009998,5606200,53.26455
2015-07-28,52.029999,53.709999,51.34,53.110001,6248800,52.376974
2015-07-27,52.299999,52.470001,51.389999,51.889999,8251000,51.173811
2015-07-24,52.93,53.50,52.43,52.639999,5346300,51.913459
2015-07-23,53.52,54.00,52.830002,52.939999,5747200,52.209318
2015-07-22,54.290001,54.810001,53.23,53.540001,6150200,52.801039
2015-07-21,55.669998,56.00,54.360001,54.700001,10924000,53.945029
2015-07-20,57.380001,57.52,55.779999,55.939999,8322600,55.167912
2015-07-17,58.080002,58.490002,57.450001,57.669998,9044800,56.874034
2015-07-16,57.630001,58.16,57.400002,57.959999,6215500,57.160032
2015-07-15,57.509998,58.130001,57.220001,57.490002,4903000,56.696522
2015-07-14,58.220001,58.77,57.59,58.029999,8264900,57.229066
2015-07-13,57.91,58.50,57.66,58.23,5110900,57.426306
2015-07-10,56.73,58.040001,56.73,57.889999,5573300,57.090999
2015-07-09,56.900002,57.459999,56.43,56.450001,6973100,55.670875
2015-07-08,57.049999,57.369999,55.52,56.009998,5937300,55.236945
2015-07-07,57.02,57.080002,55.630001,56.889999,10035600,56.104801
2015-07-06,57.18,58.009998,56.639999,57.130001,5696400,56.34149
2015-07-02,57.790001,57.869999,57.279999,57.599998,5519500,56.805
2015-07-01,57.16,58.290001,57.09,57.509998,8993700,56.716242
2015-06-30,56.830002,57.880001,56.830002,57.389999,9778700,56.5979
2015-06-29,56.549999,56.869999,56.18,56.380001,8502500,55.601841
2015-06-26,55.279999,57.849998,55.240002,57.119999,26016100,56.331626
2015-06-25,57.00,57.689999,55.029999,55.25,32031000,54.487437
2015-06-24,58.48,58.849998,57.099998,57.369999,27072400,56.578175
2015-06-23,60.169998,60.509998,58.630001,58.939999,34777700,58.126506
2015-06-22,48.34,61.380001,48.34,60.860001,101131000,60.020008
2015-06-19,48.77,49.049999,48.060001,48.34,8163600,47.672809
2015-06-18,48.560001,49.209999,48.380001,48.970001,9940500,48.294115
2015-06-17,48.259998,48.68,47.810001,48.549999,9786900,47.87991
2015-06-16,47.580002,48.049999,47.189999,47.93,9386800,47.268468
2015-06-15,46.50,47.73,46.279999,47.549999,6077400,46.893712
2015-06-12,47.330002,47.380001,46.849998,46.990002,6704700,46.341443
2015-06-11,47.84,48.060001,47.32,47.540001,8190500,46.883851
2015-06-10,48.240002,48.419998,47.580002,47.59,6469700,46.933161
2015-06-09,48.869999,48.93,48.139999,48.169998,7051400,46.923296
2015-06-08,48.419998,49.02,48.23,48.439999,7286500,47.186309
2015-06-05,48.310001,49.279999,48.060001,48.77,8302200,47.50777
2015-06-04,49.50,49.77,48.48,48.52,10708200,47.26424
2015-06-03,50.990002,51.110001,49.599998,49.91,10138900,48.618265
2015-06-02,51.32,51.439999,50.73,51.240002,4427900,49.913844
2015-06-01,51.029999,51.720001,50.82,51.32,7471800,49.991772
2015-05-29,51.349998,51.389999,50.880001,51.099998,5847800,49.777465
2015-05-28,51.779999,51.830002,50.880001,51.279999,7945500,49.952806
2015-05-27,52.310001,52.380001,51.709999,51.880001,6477900,50.53728
2015-05-26,52.59,52.810001,52.099998,52.27,5753900,50.917185
2015-05-22,52.84,53.279999,52.709999,52.990002,5056400,51.618552
2015-05-21,53.560001,53.669998,52.799999,53.110001,5561600,51.735445
2015-05-20,53.029999,53.220001,52.610001,53.18,7768100,51.803633
2015-05-19,53.57,53.720001,52.869999,53.080002,9421700,51.706223
2015-05-18,54.139999,54.16,53.310001,53.689999,9484300,52.300432
2015-05-15,53.209999,54.490002,52.68,53.799999,15511600,52.407586
2015-05-14,52.470001,53.310001,52.470001,53.23,15642800,51.852338
2015-05-13,50.099998,54.439999,50.099998,53.209999,36493500,51.832856
2015-05-12,49.610001,50.310001,49.549999,50.099998,4422200,48.803346
2015-05-11,50.790001,50.939999,49.349998,49.639999,6479300,48.355252
2015-05-08,50.150002,51.040001,49.52,50.939999,4527300,49.621606
2015-05-07,49.360001,49.98,48.41,49.700001,6632100,48.413701
2015-05-06,50.009998,50.009998,49.130001,49.439999,6134600,48.160428
2015-05-05,51.209999,51.209999,49.459999,49.50,8646900,48.218876
2015-05-04,51.299999,51.630001,50.66,50.889999,4877200,49.572901
2015-05-01,51.18,51.349998,50.779999,51.130001,4392800,49.806691
2015-04-30,52.48,52.740002,50.799999,51.189999,6192700,49.865135
2015-04-29,51.830002,52.630001,51.639999,52.549999,5123600,51.189937
2015-04-28,51.759998,52.16,51.599998,51.919998,4069000,50.576242
2015-04-27,52.82,52.860001,51.700001,51.77,4384900,50.430126
2015-04-24,52.310001,52.689999,52.259998,52.57,3199500,51.20942
2015-04-23,52.740002,52.880001,52.389999,52.549999,3921400,51.189937
2015-04-22,51.880001,52.619999,51.669998,52.560001,3811400,51.199681
2015-04-21,52.220001,52.299999,51.509998,51.549999,4035500,50.215819
2015-04-20,51.900002,52.580002,51.900002,52.220001,3880900,50.86848
2015-04-17,51.66,51.82,51.330002,51.720001,4139000,50.381421
2015-04-16,51.740002,52.43,51.349998,52.080002,4466700,50.732104
2015-04-15,51.23,52.02,51.049999,51.82,5410300,50.478831
2015-04-14,50.549999,50.93,50.400002,50.790001,5046000,49.47549
2015-04-13,51.110001,51.25,50.290001,50.32,3379400,49.017653
