Date,Open,High,Low,Close,Volume,Adj Close
2015-10-16,46.23,46.619999,45.349998,45.759998,1492600,45.759998
2015-10-15,44.860001,46.259998,44.400002,46.25,1020100,46.25
2015-10-14,44.790001,45.68,44.240002,44.669998,1372000,44.669998
2015-10-13,46.189999,46.23,44.639999,44.740002,1394600,44.740002
2015-10-12,46.84,47.09,45.830002,46.509998,798300,46.509998
2015-10-09,47.009998,47.299999,45.779999,46.740002,1162100,46.740002
2015-10-08,46.689999,47.27,46.310001,46.830002,1333600,46.830002
2015-10-07,47.139999,47.369999,45.310001,46.860001,1648300,46.860001
2015-10-06,47.150002,47.310001,46.049999,46.169998,1300000,46.169998
2015-10-05,45.540001,47.330002,45.470001,47.200001,1710500,47.200001
2015-10-02,44.119999,45.169998,43.48,45.169998,1036700,45.169998
2015-10-01,44.419998,45.23,43.66,44.490002,1770100,44.490002
2015-09-30,43.759998,44.59,43.48,44.119999,1911600,44.119999
2015-09-29,43.34,44.650002,42.75,43.23,1679200,43.23
2015-09-28,44.560001,45.32,42.59,43.25,1378500,43.25
2015-09-25,44.200001,45.50,43.470001,44.889999,1571000,44.889999
2015-09-24,43.509998,44.07,42.720001,43.889999,1399200,43.889999
2015-09-23,42.849998,44.330002,42.52,43.66,1209300,43.66
2015-09-22,42.23,43.060001,42.049999,42.52,1290900,42.52
2015-09-21,43.029999,43.77,42.689999,42.790001,1480500,42.790001
2015-09-18,42.23,43.619999,42.040001,42.799999,1971900,42.799999
2015-09-17,42.360001,43.560001,41.720001,42.630001,1543300,42.630001
2015-09-16,42.830002,42.830002,41.709999,42.139999,1532600,42.139999
2015-09-15,42.759998,42.970001,41.91,42.650002,1224000,42.650002
2015-09-14,44.389999,44.560001,42.43,42.439999,1011300,42.439999
2015-09-11,43.990002,44.57,43.540001,44.50,1444200,44.50
2015-09-10,43.169998,45.09,42.900002,44.27,1709700,44.27
2015-09-09,42.509998,44.099998,42.220001,42.889999,2367300,42.889999
2015-09-08,40.82,41.779999,40.709999,41.669998,1193800,41.669998
2015-09-04,40.599998,41.080002,39.93,40.240002,731900,40.240002
2015-09-03,41.450001,41.959999,40.66,40.959999,1741600,40.959999
2015-09-02,41.790001,41.790001,40.02,41.439999,1334100,41.439999
2015-09-01,41.919998,42.150002,40.610001,40.830002,1775000,40.830002
2015-08-31,42.889999,44.049999,42.57,43.02,1523900,43.02
2015-08-28,42.27,43.57,42.209999,43.23,1836300,43.23
2015-08-27,43.32,44.66,41.240002,42.240002,1913700,42.240002
2015-08-26,41.279999,42.09,40.169998,41.950001,1659700,41.950001
2015-08-25,42.490002,42.57,40.23,40.279999,2338000,40.279999
2015-08-24,40.389999,41.23,38.02,40.990002,2069000,40.990002
2015-08-21,45.549999,46.009998,43.18,43.220001,2383600,43.220001
2015-08-20,47.82,48.220001,46.68,46.759998,709200,46.759998
2015-08-19,48.869999,49.220001,47.709999,48.209999,986000,48.209999
2015-08-18,49.009998,49.330002,48.490002,49.029999,801800,49.029999
2015-08-17,48.529999,49.950001,48.00,49.310001,968100,49.310001
2015-08-14,48.990002,49.529999,47.84,48.540001,1344300,48.540001
2015-08-13,49.830002,50.32,48.790001,49.259998,1571100,49.259998
2015-08-12,49.799999,50.709999,48.970001,50.240002,1373500,50.240002
2015-08-11,48.599998,50.16,47.860001,50.060001,1136300,50.060001
2015-08-10,47.639999,49.299999,47.59,49.259998,1247000,49.259998
2015-08-07,47.73,47.880001,46.740002,47.43,1529600,47.43
2015-08-06,45.27,48.419998,45.27,48.349998,2551200,48.349998
2015-08-05,44.50,45.529999,44.009998,45.259998,1673600,45.259998
2015-08-04,43.32,44.360001,42.950001,43.880001,1517000,43.880001
2015-08-03,44.080002,44.709999,43.23,43.419998,1300700,43.419998
2015-07-31,43.959999,44.580002,43.580002,44.16,1204200,44.16
2015-07-30,44.080002,44.529999,43.52,43.98,1108500,43.98
2015-07-29,43.959999,44.59,43.330002,44.450001,1072300,44.450001
2015-07-28,43.919998,44.450001,43.279999,43.970001,1413400,43.970001
2015-07-27,44.549999,44.799999,43.759998,43.849998,785500,43.849998
2015-07-24,45.849998,46.09,44.68,45.290001,1150200,45.290001
2015-07-23,47.259998,47.259998,45.73,45.849998,1543500,45.849998
2015-07-22,47.18,47.810001,46.299999,47.240002,1294100,46.900003
2015-07-21,47.50,47.990002,46.580002,47.200001,774800,46.86029
2015-07-20,48.41,48.709999,47.32,47.439999,837200,47.098561
2015-07-17,48.07,48.68,47.75,48.380001,1096500,48.031798
2015-07-16,46.639999,48.419998,46.529999,48.25,1273600,47.902732
2015-07-15,47.810001,47.939999,46.150002,46.360001,1268400,46.026336
2015-07-14,47.759998,49.060001,47.470001,47.860001,2034200,47.51554
2015-07-13,46.959999,48.57,46.959999,47.27,1783400,46.929786
2015-07-10,44.77,46.75,44.490002,46.540001,1790700,46.20504
2015-07-09,45.00,45.09,44.080002,44.669998,1766600,44.348497
2015-07-08,46.130001,46.43,44.23,44.369999,1587000,44.050656
2015-07-07,46.099998,46.889999,44.889999,46.290001,1571600,45.95684
2015-07-06,44.939999,46.209999,44.669998,46.009998,1299200,45.678852
2015-07-02,45.299999,46.040001,44.950001,45.389999,1163800,45.063316
2015-07-01,43.849998,45.650002,43.669998,45.209999,2018200,44.884611
2015-06-30,43.27,44.200001,43.119999,43.619999,1541800,43.306054
2015-06-29,43.419998,43.77,42.48,42.790001,1443000,42.48203
2015-06-26,43.740002,44.32,43.389999,43.889999,2593600,43.574112
2015-06-25,43.450001,44.07,43.32,43.810001,1403300,43.494689
2015-06-24,44.23,44.360001,43.400002,43.439999,1278900,43.12735
2015-06-23,43.790001,44.669998,43.630001,44.32,1038600,44.001017
2015-06-22,44.43,44.59,43.639999,43.68,851500,43.365624
2015-06-19,44.50,45.259998,44.119999,44.150002,1479500,43.832242
2015-06-18,43.650002,45.009998,43.57,44.619999,1403200,44.298857
2015-06-17,43.790001,44.610001,43.110001,43.349998,968200,43.037997
2015-06-16,42.779999,43.48,42.689999,43.450001,656500,43.13728
2015-06-15,42.630001,43.25,42.459999,42.849998,593900,42.541596
2015-06-12,43.900002,44.23,42.849998,42.950001,891400,42.640878
2015-06-11,43.880001,45.00,43.619999,44.169998,905200,43.852095
2015-06-10,43.060001,44.560001,42.939999,43.830002,1368400,43.514546
2015-06-09,42.970001,43.290001,42.32,42.700001,1267600,42.392678
2015-06-08,42.669998,43.549999,42.59,42.880001,949700,42.571383
2015-06-05,41.73,43.16,41.709999,42.939999,1046900,42.630948
2015-06-04,42.049999,42.360001,41.650002,41.740002,1029200,41.439588
2015-06-03,42.580002,42.82,42.029999,42.439999,1004000,42.134547
2015-06-02,43.18,43.18,42.189999,42.869999,1859100,42.561452
2015-06-01,43.98,44.110001,42.77,43.040001,1730400,42.730231
2015-05-29,43.84,45.02,43.59,43.98,1366600,43.663464
2015-05-28,43.459999,44.150002,43.299999,43.790001,1361600,43.474833
2015-05-27,44.689999,44.740002,43.490002,43.639999,1405500,43.325911
2015-05-26,45.529999,45.650002,44.16,44.400002,782400,44.080443
2015-05-22,45.610001,46.290001,45.580002,45.82,574500,45.490221
2015-05-21,46.150002,46.200001,45.549999,45.91,734900,45.579574
2015-05-20,45.91,46.380001,45.509998,46.150002,788200,45.817848
2015-05-19,46.27,46.27,45.509998,45.959999,889400,45.629213
2015-05-18,45.799999,46.419998,45.23,46.389999,903800,46.056118
2015-05-15,46.59,46.779999,45.549999,45.810001,1086900,45.480295
2015-05-14,45.700001,46.98,45.470001,46.880001,1450200,46.542593
2015-05-13,44.060001,45.439999,43.799999,45.419998,1574700,45.093099
2015-05-12,43.560001,43.959999,42.830002,43.599998,1704500,43.286198
2015-05-11,44.75,44.75,43.18,43.740002,1981300,43.425193
2015-05-08,44.150002,45.16,43.25,44.939999,1471200,44.616554
2015-05-07,42.939999,44.189999,42.740002,43.889999,1414300,43.574112
2015-05-06,44.34,44.439999,42.349998,42.91,2591200,42.601165
2015-05-05,44.720001,44.740002,43.580002,44.380001,1911300,44.060587
2015-05-04,45.419998,45.450001,44.27,44.57,1545300,44.249218
2015-05-01,43.970001,45.490002,43.880001,45.419998,2182600,45.093099
2015-04-30,45.560001,45.75,43.919998,44.049999,1351900,43.395407
2015-04-29,46.279999,46.32,45.150002,45.360001,1418100,44.685941
2015-04-28,46.740002,46.959999,46.009998,46.32,1144900,45.631675
2015-04-27,47.200001,47.299999,46.139999,46.689999,1195000,45.996175
2015-04-24,45.889999,47.049999,45.630001,47.029999,1507100,46.331123
2015-04-23,45.77,46.290001,44.82,45.759998,1693100,45.079995
2015-04-22,44.810001,46.09,44.41,45.84,1690300,45.158808
2015-04-21,43.700001,45.00,43.50,44.650002,1620500,43.986493
2015-04-20,43.459999,44.110001,43.389999,43.669998,1316800,43.021053
