Date,Open,High,Low,Close,Volume,Adj Close
2015-10-09,29.610001,29.879999,28.950001,29.76,263100,29.76
2015-10-08,29.00,29.719999,29.00,29.24,400800,29.24
2015-10-07,28.940001,29.58,28.389999,29.15,324000,29.15
2015-10-06,27.99,28.90,27.99,28.610001,448600,28.610001
2015-10-05,27.90,28.209999,27.690001,28.01,315500,28.01
2015-10-02,26.379999,27.59,26.129999,27.57,373200,27.57
2015-10-01,26.629999,27.10,26.02,26.77,440200,26.77
2015-09-30,26.25,26.68,26.049999,26.48,559200,26.48
2015-09-29,25.879999,26.379999,25.559999,25.90,631500,25.90
2015-09-28,25.09,25.85,24.84,25.66,567600,25.66
2015-09-25,26.02,26.34,25.129999,25.24,649400,25.24
2015-09-24,21.450001,25.98,21.10,25.90,1554700,25.90
2015-09-23,22.65,22.66,21.719999,21.879999,428600,21.879999
2015-09-22,22.91,23.18,22.27,22.459999,410500,22.459999
2015-09-21,23.66,23.959999,23.299999,23.41,160700,23.41
2015-09-18,23.780001,24.030001,23.360001,23.52,394600,23.52
2015-09-17,24.360001,24.780001,24.17,24.209999,194700,24.209999
2015-09-16,24.08,24.790001,24.059999,24.48,172400,24.48
2015-09-15,23.48,24.09,23.280001,23.99,244600,23.99
2015-09-14,23.790001,23.93,23.190001,23.33,180300,23.33
2015-09-11,23.93,24.110001,23.60,23.860001,147500,23.860001
2015-09-10,24.23,24.440001,23.66,24.139999,354500,23.95
2015-09-09,25.15,25.18,24.09,24.209999,287000,24.019449
2015-09-08,24.67,24.85,24.299999,24.709999,236600,24.515513
2015-09-04,24.299999,24.690001,24.049999,24.07,147400,23.880551
2015-09-03,25.040001,25.75,24.620001,24.700001,209200,24.505594
2015-09-02,24.77,25.120001,24.450001,25.00,262100,24.803232
2015-09-01,24.83,25.24,24.219999,24.290001,346900,24.098821
2015-08-31,25.049999,25.73,24.67,25.59,330100,25.388588
2015-08-28,25.049999,25.77,24.85,25.290001,372000,25.09095
2015-08-27,24.469999,25.200001,24.34,25.15,356700,24.952051
2015-08-26,24.059999,24.27,23.450001,24.18,360500,23.989686
2015-08-25,25.389999,25.389999,23.43,23.52,347600,23.334881
2015-08-24,24.24,25.77,24.09,24.370001,405200,24.178191
2015-08-21,25.190001,25.959999,25.01,25.440001,303000,25.239769
2015-08-20,26.809999,27.49,26.07,26.10,269400,25.894574
2015-08-19,26.940001,27.440001,26.77,27.00,266700,26.78749
2015-08-18,28.27,28.27,27.280001,27.42,259600,27.204185
2015-08-17,27.799999,28.57,27.709999,28.370001,237500,28.146708
2015-08-14,26.879999,28.110001,26.879999,27.90,249900,27.680406
2015-08-13,27.07,27.200001,26.610001,26.98,282000,26.767647
2015-08-12,27.33,27.57,26.610001,27.07,296800,26.856939
2015-08-11,27.76,27.93,27.049999,27.60,305400,27.382768
2015-08-10,27.379999,28.540001,27.030001,28.299999,347800,28.077257
2015-08-07,27.34,27.940001,26.91,27.139999,383000,26.926388
2015-08-06,27.33,27.889999,27.030001,27.50,366900,27.283555
2015-08-05,27.459999,28.18,27.219999,27.370001,378300,27.154579
2015-08-04,27.379999,27.719999,26.75,27.030001,352600,26.817255
2015-08-03,26.98,27.690001,26.549999,27.129999,285400,26.916466
2015-07-31,28.059999,28.629999,26.92,27.059999,516300,26.847017
2015-07-30,28.65,29.08,27.77,27.83,294700,27.610957
2015-07-29,27.889999,28.959999,27.620001,28.620001,346100,28.39474
2015-07-28,26.549999,28.209999,26.549999,27.77,454500,27.55143
2015-07-27,25.870001,26.50,25.82,26.27,318600,26.063236
2015-07-24,27.18,27.379999,26.219999,26.27,356000,26.063236
2015-07-23,27.58,28.10,27.290001,27.32,248400,27.104971
2015-07-22,27.75,27.90,27.200001,27.43,226500,27.214106
2015-07-21,27.879999,28.59,27.879999,28.02,270800,27.799462
2015-07-20,27.90,28.08,27.48,27.91,301700,27.690328
2015-07-17,28.540001,28.74,27.77,27.959999,361600,27.739933
2015-07-16,28.860001,28.98,28.360001,28.610001,287300,28.384819
2015-07-15,29.74,29.870001,28.700001,28.75,239200,28.523716
2015-07-14,29.639999,29.950001,29.389999,29.879999,200400,29.644822
2015-07-13,29.209999,29.780001,29.139999,29.75,227800,29.515846
2015-07-10,29.00,29.559999,28.52,29.09,231400,28.861041
2015-07-09,28.73,28.950001,28.43,28.48,225000,28.255841
2015-07-08,28.99,29.41,28.200001,28.299999,706200,28.077257
2015-07-07,29.32,29.65,28.60,29.49,245100,29.257892
2015-07-06,29.940001,30.27,29.50,29.58,343100,29.347184
2015-07-02,30.33,30.66,29.530001,30.120001,287200,29.882934
2015-07-01,30.379999,30.860001,30.07,30.290001,456600,30.051596
2015-06-30,30.90,31.120001,29.799999,30.059999,521600,29.823405
2015-06-29,30.75,31.530001,30.290001,30.58,604500,30.339313
2015-06-26,30.469999,31.379999,30.17,30.92,1576300,30.676637
2015-06-25,28.35,31.030001,28.32,30.290001,907600,30.051596
2015-06-24,28.42,28.49,28.030001,28.219999,305300,27.997887
2015-06-23,27.73,28.530001,27.530001,28.49,333700,28.265763
2015-06-22,27.98,28.120001,27.709999,27.799999,309500,27.581193
2015-06-19,27.860001,28.209999,27.59,27.809999,1078200,27.591114
2015-06-18,27.299999,28.23,27.049999,27.950001,413700,27.730014
2015-06-17,27.530001,27.60,27.110001,27.190001,339400,26.975995
2015-06-16,26.65,27.530001,26.389999,27.450001,326700,27.233949
2015-06-15,27.51,27.51,26.25,26.75,393700,26.539458
2015-06-12,27.530001,27.77,27.299999,27.629999,220600,27.412531
2015-06-11,27.870001,28.02,27.43,27.629999,207500,27.412531
2015-06-10,27.58,28.41,27.33,28.030001,283200,27.630801
2015-06-09,27.35,27.790001,27.120001,27.209999,431700,26.822478
2015-06-08,28.290001,28.290001,27.15,27.389999,236000,26.999914
2015-06-05,28.059999,28.290001,27.67,28.26,217800,27.857525
2015-06-04,28.07,28.540001,27.879999,28.18,183100,27.778664
2015-06-03,27.84,28.75,27.84,28.35,279600,27.946243
2015-06-02,27.110001,27.98,26.719999,27.700001,255100,27.305501
2015-06-01,27.370001,27.42,26.690001,27.10,254200,26.714046
2015-05-29,27.129999,27.620001,27.030001,27.209999,338800,26.822478
2015-05-28,27.190001,27.190001,26.58,27.059999,275000,26.674614
2015-05-27,26.85,27.41,26.50,27.34,199200,26.950627
2015-05-26,27.24,27.360001,26.389999,26.799999,325300,26.418317
2015-05-22,27.67,27.889999,27.15,27.41,172800,27.01963
2015-05-21,27.969999,28.08,27.440001,27.67,300500,27.275927
2015-05-20,27.360001,28.129999,27.110001,27.90,229000,27.502651
2015-05-19,27.65,28.00,26.559999,27.26,304800,26.871767
2015-05-18,27.200001,27.860001,26.99,27.790001,209100,27.394219
2015-05-15,27.73,27.83,27.110001,27.379999,181100,26.990057
2015-05-14,27.709999,28.09,27.139999,27.76,247600,27.364646
2015-05-13,27.25,27.52,27.059999,27.40,144000,27.009772
2015-05-12,27.309999,27.309999,26.629999,27.07,181400,26.684472
2015-05-11,26.950001,27.709999,26.950001,27.32,200500,26.930912
2015-05-08,26.709999,27.09,26.620001,26.85,190300,26.467606
2015-05-07,26.33,26.57,25.90,26.33,212100,25.955011
2015-05-06,27.01,27.110001,26.360001,26.610001,212400,26.231024
2015-05-05,27.43,27.780001,26.620001,26.790001,267500,26.408461
2015-05-04,27.549999,27.92,27.33,27.35,222200,26.960485
2015-05-01,27.34,27.629999,26.870001,27.530001,322400,27.137922
2015-04-30,27.50,28.00,26.969999,27.030001,525400,26.645043
2015-04-29,28.190001,28.190001,27.540001,27.84,247400,27.443506
2015-04-28,27.34,28.68,27.34,28.559999,282500,28.153252
2015-04-27,27.48,28.00,27.09,27.280001,264500,26.891482
2015-04-24,27.68,27.99,26.959999,27.27,264800,26.881625
2015-04-23,26.98,27.790001,26.969999,27.610001,239800,27.216782
2015-04-22,27.08,27.49,26.51,27.049999,183600,26.664757
2015-04-21,27.41,27.75,26.950001,27.00,188000,26.615469
2015-04-20,26.73,27.540001,26.639999,27.52,206500,27.128064
2015-04-17,27.309999,27.309999,26.34,26.559999,307700,26.181735
2015-04-16,28.43,28.43,27.48,27.49,253200,27.098491
2015-04-15,27.74,28.59,27.73,28.379999,331600,27.975815
2015-04-14,27.690001,28.02,27.50,27.66,231900,27.26607
2015-04-13,27.99,27.99,27.41,27.629999,257200,27.236496
