Date,Open,High,Low,Close,Volume,Adj Close
2015-10-16,8.63,8.72,8.32,8.69,5759200,8.69
2015-10-15,8.49,8.65,8.01,8.59,8042700,8.59
2015-10-14,8.50,8.70,8.17,8.60,6623300,8.60
2015-10-13,8.33,8.70,8.14,8.34,6792700,8.34
2015-10-12,8.90,8.90,8.21,8.47,5206400,8.47
2015-10-09,9.07,9.12,8.52,8.89,9675400,8.89
2015-10-08,8.62,9.20,8.36,9.00,8968900,9.00
2015-10-07,8.63,8.97,8.04,8.66,13404200,8.66
2015-10-06,7.91,8.54,7.87,8.37,9397100,8.37
2015-10-05,7.49,7.97,7.44,7.85,8522200,7.85
2015-10-02,6.65,7.39,6.60,7.36,6223300,7.36
2015-10-01,6.77,7.00,6.57,6.73,7760900,6.73
2015-09-30,6.44,6.66,6.25,6.62,6749600,6.62
2015-09-29,6.34,6.49,6.23,6.34,5075400,6.34
2015-09-28,6.59,6.70,6.29,6.31,7152500,6.31
2015-09-25,7.01,7.05,6.64,6.73,7371300,6.73
2015-09-24,7.08,7.10,6.70,6.93,11725100,6.93
2015-09-23,7.65,7.74,7.12,7.19,7076000,7.19
2015-09-22,7.48,7.91,7.34,7.59,10184000,7.59
2015-09-21,7.82,8.04,7.44,7.77,8339100,7.77
2015-09-18,8.00,8.03,7.62,7.74,12279300,7.74
2015-09-17,8.13,8.52,8.05,8.26,9730800,8.26
2015-09-16,7.50,8.23,7.50,8.17,11876200,8.17
2015-09-15,7.50,7.69,7.27,7.37,9970500,7.37
2015-09-14,7.58,7.58,7.25,7.47,7047200,7.47
2015-09-11,7.65,7.86,7.25,7.64,10373800,7.64
2015-09-10,7.46,7.91,7.25,7.90,10331600,7.90
2015-09-09,7.63,8.09,7.42,7.46,9436300,7.46
2015-09-08,7.38,7.59,7.14,7.58,8351800,7.58
2015-09-04,7.45,7.60,7.15,7.27,15531900,7.27
2015-09-03,7.44,7.88,7.33,7.66,14600400,7.66
2015-09-02,7.17,7.42,6.75,7.39,10509100,7.39
2015-09-01,6.91,7.20,6.84,7.02,12790600,7.02
2015-08-31,6.97,7.51,6.79,7.31,16224600,7.31
2015-08-28,6.20,7.12,6.20,7.06,15879500,7.06
2015-08-27,6.07,6.47,5.93,6.27,14968900,6.27
2015-08-26,5.60,5.85,5.24,5.81,17158100,5.81
2015-08-25,6.34,6.41,5.45,5.46,12895500,5.46
2015-08-24,5.98,6.45,5.89,6.02,14878500,6.02
2015-08-21,7.24,7.32,6.58,6.68,13936000,6.68
2015-08-20,7.70,7.86,7.31,7.36,9567500,7.36
2015-08-19,8.20,8.36,7.32,7.72,7784300,7.72
2015-08-18,8.10,8.33,7.89,8.27,6724500,8.27
2015-08-17,8.13,8.24,8.01,8.14,5504100,8.14
2015-08-14,8.51,8.63,8.16,8.22,7486900,8.22
2015-08-13,8.80,8.85,8.25,8.49,9488900,8.49
2015-08-12,8.62,8.99,8.39,8.91,12254600,8.91
2015-08-11,8.25,8.64,8.11,8.60,11276000,8.60
2015-08-10,8.00,8.68,7.82,8.63,8495100,8.63
2015-08-07,8.26,8.49,7.77,7.88,12412600,7.88
2015-08-06,8.20,8.38,7.11,8.34,17103400,8.34
2015-08-05,7.83,8.08,7.34,7.38,10599100,7.38
2015-08-04,8.08,8.22,7.56,7.67,12520500,7.67
2015-08-03,8.62,8.62,7.93,8.01,15114800,8.01
2015-07-31,8.87,9.08,8.66,8.70,9828800,8.70
2015-07-30,8.97,9.28,8.85,8.94,6953700,8.94
2015-07-29,8.62,9.33,8.53,9.05,12761100,9.05
2015-07-28,8.10,8.77,7.81,8.67,16121000,8.67
2015-07-27,8.15,8.38,7.96,8.00,10268000,8.00
2015-07-24,8.90,8.90,8.14,8.33,12161400,8.33
2015-07-23,9.30,9.45,8.80,8.91,10491700,8.91
2015-07-22,9.63,9.80,9.17,9.30,11234400,9.30
2015-07-21,9.64,9.81,9.58,9.75,13542100,9.75
2015-07-20,9.62,9.65,9.04,9.55,22136100,9.55
2015-07-17,10.21,10.25,9.62,9.71,55150000,9.71
2015-07-16,11.05,11.18,10.22,10.34,20235600,10.34
2015-07-15,11.79,11.79,10.81,10.96,9378500,10.96
2015-07-14,10.99,11.96,10.93,11.83,17296900,11.83
2015-07-13,11.31,11.33,10.82,11.12,2637200,11.12
2015-07-10,11.50,11.61,11.11,11.22,3432500,11.22
2015-07-09,11.38,11.52,11.15,11.40,4815200,11.40
2015-07-08,11.36,11.61,11.06,11.17,3651300,11.17
2015-07-07,10.95,11.56,10.45,11.49,7160800,11.49
2015-07-06,11.19,11.37,10.94,11.00,4762700,11.00
2015-07-02,11.79,12.03,11.54,11.55,3374400,11.55
2015-07-01,12.33,12.39,11.55,11.69,5388600,11.69
2015-06-30,12.65,12.65,12.17,12.28,4671000,12.28
2015-06-29,12.83,13.02,12.39,12.43,4719400,12.43
2015-06-26,13.06,13.23,12.92,13.14,4414900,13.14
2015-06-25,13.40,13.70,13.09,13.14,3295200,13.14
2015-06-24,13.29,13.73,13.28,13.37,4390400,13.37
2015-06-23,13.05,13.40,13.01,13.31,3943600,13.31
2015-06-22,12.65,13.06,12.51,13.03,2272800,13.03
2015-06-19,12.71,12.96,12.57,12.60,3198600,12.60
2015-06-18,12.94,13.07,12.75,12.80,2306800,12.80
2015-06-17,13.41,13.44,12.85,12.86,2934500,12.86
2015-06-16,12.94,13.34,12.94,13.21,3119100,13.21
2015-06-15,12.73,13.05,12.65,12.94,3384000,12.94
2015-06-12,13.01,13.11,12.77,12.92,4845500,12.92
2015-06-11,13.43,13.49,12.98,13.14,5433400,13.14
2015-06-10,13.19,13.41,12.97,13.40,3852300,13.40
2015-06-09,12.87,13.05,12.78,12.87,3339200,12.87
2015-06-08,12.75,12.98,12.41,12.69,3877100,12.69
2015-06-05,12.46,13.16,12.45,12.79,4385400,12.79
2015-06-04,12.72,12.87,12.57,12.58,2857800,12.58
2015-06-03,12.97,13.28,12.85,13.03,2671400,13.03
2015-06-02,12.77,13.25,12.77,13.08,3525200,13.08
2015-06-01,12.93,13.00,12.62,12.72,3468400,12.72
2015-05-29,12.81,13.11,12.79,12.89,3803700,12.89
2015-05-28,12.87,12.98,12.68,12.80,3620200,12.80
2015-05-27,13.26,13.45,12.87,12.99,4314800,12.99
2015-05-26,13.74,13.84,13.27,13.35,2355000,13.35
2015-05-22,13.62,14.02,13.50,13.97,3375600,13.97
2015-05-21,13.38,13.85,13.28,13.83,4403800,13.83
2015-05-20,13.21,13.36,12.86,13.32,2911200,13.32
2015-05-19,13.08,13.20,12.86,13.14,3865300,13.14
2015-05-18,13.26,13.27,12.95,13.17,3900500,13.17
2015-05-15,13.46,13.48,13.14,13.34,4823000,13.34
2015-05-14,14.15,14.22,13.57,13.58,3494100,13.58
2015-05-13,14.51,14.52,13.99,14.10,4337200,14.10
2015-05-12,14.23,14.58,14.14,14.39,3903700,14.39
2015-05-11,14.58,14.65,14.16,14.23,5727100,14.23
2015-05-08,13.95,14.60,13.69,14.55,5650300,14.55
2015-05-07,13.99,14.44,13.62,13.79,10179900,13.79
2015-05-06,13.95,14.29,13.65,13.96,11011500,13.96
2015-05-05,14.16,14.23,13.26,13.28,5997200,13.28
2015-05-04,13.65,13.97,13.56,13.93,6955800,13.93
2015-05-01,13.61,13.80,13.39,13.65,3758300,13.65
2015-04-30,13.63,14.07,13.19,13.75,5713900,13.75
2015-04-29,13.08,13.63,12.90,13.58,4292700,13.58
2015-04-28,12.94,13.19,12.76,13.16,3732900,13.16
2015-04-27,13.27,13.31,12.87,12.90,3497900,12.90
2015-04-24,13.24,13.39,12.99,13.19,3857600,13.19
2015-04-23,13.47,13.61,13.23,13.33,3491200,13.33
2015-04-22,13.23,13.65,12.92,13.40,5023000,13.40
2015-04-21,13.88,13.88,13.07,13.24,3857300,13.24
2015-04-20,13.34,13.90,13.30,13.80,4159100,13.80
