Date,Open,High,Low,Close,Volume,Adj Close
2015-10-15,39.66,40.09,39.360001,40.07,818900,40.07
2015-10-14,39.919998,40.119999,39.509998,39.57,912600,39.57
2015-10-13,39.549999,39.919998,39.279999,39.849998,1220200,39.849998
2015-10-12,39.200001,39.75,39.18,39.59,944900,39.59
2015-10-09,39.099998,39.240002,38.900002,39.099998,1061300,39.099998
2015-10-08,38.310001,39.189999,38.080002,39.099998,1125400,39.099998
2015-10-07,38.200001,38.34,37.93,38.330002,1269300,38.330002
2015-10-06,38.41,38.459999,37.84,38.169998,907100,38.169998
2015-10-05,38.470001,38.599998,38.029999,38.529999,872100,38.529999
2015-10-02,38.150002,38.220001,37.59,38.16,996700,38.16
2015-10-01,38.450001,38.48,37.549999,37.799999,1218000,37.799999
2015-09-30,38.060001,38.490002,37.869999,38.439999,1000600,38.439999
2015-09-29,37.880001,38.110001,37.610001,37.880001,815400,37.880001
2015-09-28,38.07,38.27,37.700001,37.869999,984800,37.869999
2015-09-25,37.669998,38.529999,37.470001,38.080002,1290800,38.080002
2015-09-24,37.200001,37.740002,37.029999,37.59,1145500,37.59
2015-09-23,36.93,37.34,36.919998,37.310001,599800,37.310001
2015-09-22,37.040001,37.310001,36.790001,36.939999,571000,36.939999
2015-09-21,37.209999,37.529999,37.080002,37.23,662600,37.23
2015-09-18,36.849998,37.450001,36.810001,37.07,1502200,37.07
2015-09-17,36.599998,37.689999,36.48,37.27,991900,37.27
2015-09-16,36.25,36.740002,36.009998,36.669998,707000,36.669998
2015-09-15,36.040001,36.25,35.810001,36.189999,726400,36.189999
2015-09-14,36.240002,36.439999,36.00,36.029999,670400,36.029999
2015-09-11,35.419998,36.18,35.360001,36.169998,975000,36.169998
2015-09-10,35.50,36.029999,35.450001,35.549999,949700,35.549999
2015-09-09,36.07,36.169998,35.509998,35.549999,905200,35.549999
2015-09-08,35.43,36.00,35.43,35.939999,1271700,35.939999
2015-09-04,35.439999,35.580002,34.900002,35.049999,907000,35.049999
2015-09-03,35.66,36.060001,35.599998,35.900002,898600,35.540003
2015-09-02,35.810001,35.93,35.200001,35.59,922900,35.23311
2015-09-01,36.32,36.34,35.330002,35.490002,1030900,35.134114
2015-08-31,36.91,36.91,36.130001,36.549999,1512900,36.183482
2015-08-28,37.200001,37.279999,36.59,37.080002,841100,36.70817
2015-08-27,36.849998,37.18,36.470001,37.169998,1063300,36.797264
2015-08-26,36.220001,36.77,35.740002,36.68,1491800,36.31218
2015-08-25,37.529999,37.630001,35.919998,35.939999,1453600,35.579599
2015-08-24,37.669998,37.849998,36.959999,37.150002,1701800,36.777468
2015-08-21,38.970001,39.290001,38.68,38.68,1289200,38.292124
2015-08-20,39.41,39.740002,39.200001,39.240002,846300,38.84651
2015-08-19,39.400002,39.709999,39.139999,39.57,1021700,39.173199
2015-08-18,39.790001,40.07,39.470001,39.529999,1082800,39.133599
2015-08-17,39.73,40.220001,39.529999,39.869999,1437700,39.47019
2015-08-14,39.119999,39.830002,39.099998,39.740002,2663100,39.341496
2015-08-13,38.619999,39.360001,38.419998,39.240002,1664300,38.84651
2015-08-12,38.279999,39.009998,38.189999,38.860001,1303500,38.470319
2015-08-11,37.82,38.529999,37.759998,38.299999,1441700,37.915934
2015-08-10,37.93,38.380001,37.77,37.790001,1181700,37.411049
2015-08-07,37.18,38.209999,36.990002,37.990002,1787500,37.609045
2015-08-06,37.220001,37.349998,36.799999,37.220001,1629200,36.846766
2015-08-05,37.23,37.709999,37.130001,37.23,1259900,36.856664
2015-08-04,37.630001,37.700001,37.200001,37.290001,766200,36.916063
2015-08-03,37.73,37.990002,37.57,37.77,791300,37.391249
2015-07-31,37.689999,37.98,37.400002,37.650002,1348900,37.272454
2015-07-30,36.82,37.459999,36.68,37.310001,1240500,36.935863
2015-07-29,36.189999,36.959999,36.139999,36.900002,1264800,36.529975
2015-07-28,35.990002,36.48,35.880001,36.470001,1249400,36.104286
2015-07-27,35.57,36.310001,35.57,36.18,604300,35.817194
2015-07-24,35.470001,35.68,35.41,35.560001,1215400,35.203412
2015-07-23,35.75,35.860001,35.060001,35.509998,1291900,35.15391
2015-07-22,35.599998,36.060001,35.599998,35.82,724300,35.460803
2015-07-21,35.91,36.099998,35.400002,35.580002,931900,35.223212
2015-07-20,36.25,36.27,35.77,35.990002,579900,35.6291
2015-07-17,36.439999,36.540001,36.23,36.299999,912700,35.935989
2015-07-16,36.09,36.599998,36.009998,36.549999,944400,36.183482
2015-07-15,35.919998,36.029999,35.73,36.009998,846500,35.648896
2015-07-14,36.23,36.48,35.889999,35.93,1161300,35.569701
2015-07-13,36.669998,36.82,36.02,36.169998,974400,35.807292
2015-07-10,36.080002,36.889999,36.009998,36.560001,2319400,36.193384
2015-07-09,36.41,36.50,35.810001,36.099998,1408300,35.737994
2015-07-08,36.169998,36.610001,36.110001,36.310001,1211900,35.945891
2015-07-07,35.549999,36.529999,35.50,36.310001,1313100,35.945891
2015-07-06,35.310001,35.549999,35.110001,35.459999,1054400,35.104412
2015-07-02,34.970001,35.369999,34.82,35.32,1455900,34.965817
2015-07-01,34.310001,34.759998,34.169998,34.700001,1494200,34.352035
2015-06-30,34.400002,34.450001,34.130001,34.220001,732800,33.876849
2015-06-29,34.369999,34.799999,34.23,34.25,664900,33.906547
2015-06-26,33.970001,34.439999,33.880001,34.380001,925600,34.035244
2015-06-25,34.400002,34.41,34.049999,34.110001,883000,33.767951
2015-06-24,34.860001,34.91,34.43,34.43,635400,34.084742
2015-06-23,35.310001,35.419998,34.700001,34.77,781800,34.421333
2015-06-22,35.630001,35.630001,35.27,35.349998,1109700,34.995515
2015-06-19,35.52,35.700001,35.299999,35.490002,1725600,35.134114
2015-06-18,34.98,35.630001,34.919998,35.470001,1341700,35.114314
2015-06-17,34.68,35.00,34.59,34.889999,1102200,34.540129
2015-06-16,34.59,34.869999,34.41,34.700001,1011600,34.352035
2015-06-15,34.709999,34.810001,34.419998,34.619999,1006100,34.272836
2015-06-12,35.049999,35.09,34.740002,34.77,1104600,34.421333
2015-06-11,34.84,35.23,34.779999,35.16,2053500,34.807421
2015-06-10,34.459999,34.77,34.349998,34.610001,3126800,34.262938
2015-06-09,34.27,34.43,34.169998,34.290001,916000,33.946147
2015-06-08,34.439999,34.509998,34.209999,34.369999,702200,34.025343
2015-06-05,34.619999,34.630001,34.27,34.419998,891300,34.07484
2015-06-04,35.349998,35.66,35.169998,35.189999,705500,34.480729
2015-06-03,36.02,36.139999,35.330002,35.450001,1106100,34.735491
2015-06-02,36.369999,36.50,35.720001,36.060001,875200,35.333197
2015-06-01,36.720001,36.810001,36.52,36.549999,632000,35.813318
2015-05-29,36.639999,36.849998,36.439999,36.669998,597500,35.930899
2015-05-28,36.470001,36.799999,36.380001,36.740002,502000,35.999491
2015-05-27,36.330002,36.560001,36.259998,36.540001,631400,35.803521
2015-05-26,36.490002,36.560001,36.040001,36.32,806200,35.587954
2015-05-22,36.50,36.709999,36.189999,36.580002,668700,35.842716
2015-05-21,36.599998,36.73,36.330002,36.59,363200,35.852513
2015-05-20,36.52,36.790001,36.330002,36.650002,516600,35.911305
2015-05-19,36.369999,36.599998,36.23,36.419998,629000,35.685937
2015-05-18,36.080002,36.529999,35.950001,36.470001,682900,35.734933
2015-05-15,36.02,36.220001,35.849998,36.139999,814400,35.411582
2015-05-14,35.630001,36.049999,35.599998,35.919998,849800,35.196015
2015-05-13,35.990002,36.110001,35.470001,35.580002,775500,34.862872
2015-05-12,35.759998,35.959999,35.419998,35.93,937100,35.205816
2015-05-11,35.950001,36.450001,35.84,35.919998,1074100,35.196015
2015-05-08,36.299999,36.50,35.75,36.00,1679000,35.274405
2015-05-07,36.110001,36.209999,35.77,35.950001,2182500,35.225413
2015-05-06,36.790001,37.130001,35.720001,36.200001,1564500,35.470374
2015-05-05,37.82,37.869999,36.939999,37.040001,769600,36.293444
2015-05-04,37.77,38.389999,37.689999,38.029999,588400,37.263488
2015-05-01,37.630001,38.00,37.259998,37.720001,1106200,36.959738
2015-04-30,38.400002,38.549999,37.470001,37.650002,1219200,36.89115
2015-04-29,38.439999,38.66,38.25,38.50,539300,37.724016
2015-04-28,38.240002,38.77,38.150002,38.740002,477400,37.95918
2015-04-27,38.900002,38.990002,38.209999,38.400002,684900,37.626033
2015-04-24,38.330002,38.970001,38.279999,38.740002,442500,37.95918
2015-04-23,38.32,38.540001,38.209999,38.330002,685300,37.557444
2015-04-22,38.02,38.439999,37.59,38.279999,1251100,37.508449
2015-04-21,38.189999,38.34,37.68,37.77,1837900,37.00873
2015-04-20,37.77,38.50,37.689999,38.02,1123000,37.253691
