Date,Open,High,Low,Close,Volume,Adj Close
2015-10-15,54.959999,55.57,54.790001,55.57,450600,55.57
2015-10-14,55.209999,55.400002,54.619999,54.66,256600,54.66
2015-10-13,55.630001,56.09,55.27,55.279999,397800,55.279999
2015-10-12,55.50,56.009998,55.450001,55.830002,240700,55.830002
2015-10-09,55.669998,55.950001,55.48,55.560001,384700,55.560001
2015-10-08,54.779999,55.73,54.779999,55.689999,406000,55.689999
2015-10-07,54.73,55.119999,54.509998,54.900002,559000,54.900002
2015-10-06,54.080002,54.459999,53.889999,54.43,526500,54.43
2015-10-05,54.419998,54.610001,54.040001,54.220001,742700,54.220001
2015-10-02,53.509998,54.110001,53.259998,54.09,382100,54.09
2015-10-01,54.400002,54.400002,53.450001,53.990002,660400,53.990002
2015-09-30,54.330002,54.490002,54.049999,54.369999,796900,54.369999
2015-09-29,53.639999,53.98,53.34,53.84,350700,53.84
2015-09-28,54.25,54.380001,53.490002,53.599998,449300,53.599998
2015-09-25,54.59,54.919998,54.110001,54.400002,527900,54.400002
2015-09-24,53.990002,54.43,53.959999,54.290001,454400,54.290001
2015-09-23,54.23,54.470001,54.00,54.240002,260000,54.240002
2015-09-22,53.849998,54.32,53.669998,54.169998,350400,54.169998
2015-09-21,54.259998,54.889999,54.009998,54.459999,382200,54.459999
2015-09-18,54.34,54.490002,53.84,53.919998,967500,53.919998
2015-09-17,55.18,55.68,54.830002,54.93,451600,54.93
2015-09-16,54.50,55.16,54.439999,55.099998,442100,55.099998
2015-09-15,54.119999,54.740002,54.00,54.669998,344400,54.669998
2015-09-14,54.189999,54.299999,53.889999,53.970001,381300,53.970001
2015-09-11,53.630001,54.299999,53.48,54.16,281000,54.16
2015-09-10,53.959999,54.419998,53.810001,53.990002,456900,53.990002
2015-09-09,54.720001,54.84,53.919998,53.959999,618300,53.959999
2015-09-08,53.759998,54.470001,53.720001,54.419998,422400,54.419998
2015-09-04,53.27,53.450001,52.790001,53.150002,377300,53.150002
2015-09-03,53.849998,54.200001,53.68,53.880001,305300,53.880001
2015-09-02,53.740002,53.860001,52.790001,53.59,597200,53.47
2015-09-01,53.41,53.720001,53.150002,53.18,989500,53.060918
2015-08-31,54.400002,54.459999,54.080002,54.279999,408400,54.158454
2015-08-28,54.240002,54.549999,54.130001,54.50,496700,54.377962
2015-08-27,53.77,54.560001,53.450001,54.43,585900,54.308119
2015-08-26,52.990002,53.23,51.91,53.00,707800,52.881321
2015-08-25,53.77,53.77,51.939999,51.939999,648500,51.823693
2015-08-24,52.580002,53.59,52.00,52.73,919800,52.611925
2015-08-21,56.18,56.470001,55.299999,55.299999,524900,55.17617
2015-08-20,57.540001,57.540001,56.630001,56.639999,521000,56.51317
2015-08-19,58.029999,58.189999,57.650002,57.91,436100,57.780326
2015-08-18,58.360001,58.459999,58.110001,58.200001,380300,58.069678
2015-08-17,57.970001,58.43,57.50,58.41,459700,58.279207
2015-08-14,57.73,58.290001,57.59,58.16,578800,58.029766
2015-08-13,57.060001,58.02,56.869999,57.77,591500,57.64064
2015-08-12,56.91,57.200001,56.439999,57.119999,362400,56.992094
2015-08-11,56.759998,57.41,56.759998,57.23,386600,57.101849
2015-08-10,56.849998,57.330002,56.73,57.169998,446400,57.041982
2015-08-07,56.080002,56.599998,56.029999,56.57,425700,56.443327
2015-08-06,56.23,56.27,55.669998,56.200001,1250600,56.074156
2015-08-05,56.259998,56.400002,55.709999,56.16,460000,56.034245
2015-08-04,55.990002,56.34,55.529999,56.150002,899900,56.024269
2015-08-03,55.84,55.889999,55.380001,55.84,482100,55.714962
2015-07-31,56.139999,56.139999,55.669998,55.720001,511000,55.595231
2015-07-30,55.419998,56.200001,55.419998,55.970001,465200,55.844672
2015-07-29,54.84,55.779999,54.68,55.689999,460100,55.565296
2015-07-28,54.259998,55.459999,53.52,54.810001,841900,54.687269
2015-07-27,56.139999,56.32,55.709999,55.849998,473800,55.724938
2015-07-24,55.93,56.439999,55.889999,56.369999,412400,56.243774
2015-07-23,56.470001,56.57,55.869999,56.00,274400,55.874603
2015-07-22,55.639999,56.299999,55.400002,56.27,425700,56.143999
2015-07-21,55.75,56.049999,55.189999,55.509998,613800,55.385699
2015-07-20,55.810001,55.950001,55.560001,55.650002,750700,55.525389
2015-07-17,56.23,56.380001,56.110001,56.349998,494400,56.223818
2015-07-16,56.369999,56.48,56.00,56.23,794300,56.104088
2015-07-15,56.139999,56.23,55.84,55.98,816500,55.854648
2015-07-14,56.119999,56.43,56.02,56.240002,606100,56.114068
2015-07-13,56.73,56.73,55.98,56.169998,727000,56.044221
2015-07-10,55.919998,56.330002,55.860001,56.259998,597100,56.134019
2015-07-09,55.919998,56.349998,55.419998,55.48,1298200,55.355767
2015-07-08,56.240002,56.400002,55.849998,56.040001,1211900,55.914515
2015-07-07,55.349998,56.139999,55.150002,56.119999,1092100,55.994333
2015-07-06,54.060001,55.23,54.060001,55.130001,917900,55.006552
2015-07-02,54.720001,55.130001,54.360001,54.48,1358000,54.358006
2015-07-01,53.369999,55.119999,53.220001,54.720001,2379400,54.597471
2015-06-30,52.209999,52.490002,51.799999,51.93,655700,51.813717
2015-06-29,52.150002,52.549999,51.68,51.720001,638100,51.604188
2015-06-26,52.66,52.889999,52.50,52.619999,1412400,52.502171
2015-06-25,52.880001,52.880001,52.459999,52.509998,974500,52.392417
2015-06-24,53.110001,53.110001,52.709999,52.84,775300,52.721679
2015-06-23,52.950001,53.23,52.610001,53.169998,1117600,53.050938
2015-06-22,53.16,53.400002,52.619999,52.689999,684400,52.572014
2015-06-19,52.380001,52.919998,52.169998,52.91,1293600,52.791522
2015-06-18,51.529999,52.490002,51.529999,52.439999,587200,52.322574
2015-06-17,51.68,51.720001,51.330002,51.459999,353300,51.344768
2015-06-16,51.110001,51.689999,50.82,51.540001,397700,51.424591
2015-06-15,51.00,51.380001,50.68,51.189999,639900,51.075373
2015-06-12,50.759998,51.389999,50.700001,51.330002,826200,51.215062
2015-06-11,50.189999,50.950001,49.73,50.919998,615800,50.805977
2015-06-10,49.189999,50.360001,49.130001,50.259998,789900,50.027724
2015-06-09,49.09,49.130001,48.720001,48.75,416300,48.524705
2015-06-08,49.490002,49.599998,49.110001,49.139999,619900,48.912902
2015-06-05,49.639999,50.080002,49.169998,49.50,942700,49.271238
2015-06-04,50.07,50.330002,49.580002,49.66,399600,49.430499
2015-06-03,49.740002,50.330002,49.610001,50.310001,757900,50.077496
2015-06-02,49.040001,49.84,48.790001,49.610001,1022300,49.380731
2015-06-01,49.139999,49.299999,48.939999,49.169998,577100,48.942762
2015-05-29,49.32,49.360001,48.790001,49.00,1668400,48.773549
2015-05-28,49.07,49.259998,48.880001,49.259998,399000,49.032346
2015-05-27,48.939999,49.27,48.799999,49.240002,352400,49.012442
2015-05-26,49.360001,49.389999,48.91,48.93,528000,48.703873
2015-05-22,49.689999,49.880001,49.459999,49.490002,521100,49.261286
2015-05-21,50.040001,50.169998,49.77,49.799999,394200,49.569851
2015-05-20,50.220001,50.380001,49.959999,50.200001,309300,49.968004
2015-05-19,50.07,50.259998,49.880001,50.16,334500,49.928188
2015-05-18,49.869999,50.00,49.810001,49.959999,588300,49.729112
2015-05-15,50.07,50.189999,49.68,49.869999,340600,49.639527
2015-05-14,49.98,50.099998,49.740002,50.00,915200,49.768928
2015-05-13,49.82,49.990002,49.59,49.779999,337200,49.549943
2015-05-12,49.68,49.77,49.27,49.73,391800,49.500175
2015-05-11,49.799999,49.990002,49.720001,49.869999,308700,49.639527
2015-05-08,50.02,50.040001,49.720001,49.98,387300,49.74902
2015-05-07,49.310001,49.709999,49.099998,49.639999,470100,49.410591
2015-05-06,49.66,50.02,48.98,49.310001,722200,49.082118
2015-05-05,49.09,49.380001,48.950001,49.110001,454900,48.883041
2015-05-04,49.150002,49.389999,49.110001,49.209999,367500,48.982578
2015-05-01,49.290001,49.50,48.919998,49.09,543500,48.863133
2015-04-30,49.049999,49.299999,48.779999,48.990002,711100,48.763597
2015-04-29,49.740002,49.93,49.099998,49.240002,586700,49.012442
2015-04-28,49.619999,50.119999,49.189999,49.91,498400,49.679343
2015-04-27,49.880001,50.099998,49.25,49.669998,575100,49.440451
2015-04-24,49.490002,49.900002,49.259998,49.759998,309100,49.530035
2015-04-23,49.200001,49.779999,49.009998,49.509998,361300,49.281191
2015-04-22,49.77,49.959999,48.880001,49.330002,736500,49.102026
2015-04-21,50.669998,50.82,49.709999,49.790001,663300,49.559899
2015-04-20,50.490002,50.779999,50.470001,50.669998,478300,50.43583
