Date,Open,High,Low,Close,Volume,Adj Close
2015-10-16,34.459999,34.73,34.34,34.580002,884200,34.580002
2015-10-15,34.310001,34.380001,33.950001,34.380001,760400,34.380001
2015-10-14,34.41,34.630001,34.110001,34.169998,642100,34.169998
2015-10-13,34.540001,34.779999,34.27,34.41,472000,34.41
2015-10-12,34.41,34.799999,34.00,34.549999,341200,34.549999
2015-10-09,34.48,34.759998,34.16,34.32,447000,34.32
2015-10-08,34.23,34.509998,34.049999,34.48,476400,34.48
2015-10-07,33.650002,34.240002,33.549999,34.23,609700,34.23
2015-10-06,33.740002,33.990002,33.599998,33.650002,373200,33.650002
2015-10-05,33.349998,33.790001,33.349998,33.720001,581400,33.720001
2015-10-02,33.16,33.209999,32.799999,33.18,943400,33.18
2015-10-01,33.18,33.360001,32.98,33.27,910300,33.27
2015-09-30,33.200001,33.919998,33.00,33.110001,1158400,33.110001
2015-09-29,32.419998,33.099998,31.99,32.990002,1203000,32.990002
2015-09-28,32.650002,32.669998,32.009998,32.349998,844400,32.349998
2015-09-25,32.459999,33.150002,32.189999,32.75,952600,32.75
2015-09-24,32.490002,32.650002,32.080002,32.369999,1061100,32.369999
2015-09-23,32.34,32.799999,32.25,32.630001,656900,32.630001
2015-09-22,32.310001,32.610001,32.139999,32.279999,664700,32.279999
2015-09-21,32.389999,32.869999,32.299999,32.650002,782000,32.650002
2015-09-18,32.02,32.709999,31.870001,32.360001,1212600,32.360001
2015-09-17,32.080002,32.849998,31.799999,32.32,2123700,32.32
2015-09-16,31.780001,32.130001,31.73,32.080002,1207800,32.080002
2015-09-15,31.51,31.879999,31.299999,31.780001,1220700,31.780001
2015-09-14,31.549999,31.65,31.370001,31.42,933400,31.42
2015-09-11,30.780001,31.440001,30.76,31.440001,505800,31.440001
2015-09-10,30.299999,31.280001,30.299999,30.85,1049400,30.85
2015-09-09,31.120001,31.16,30.58,30.610001,924900,30.610001
2015-09-08,31.02,31.040001,30.620001,30.879999,456400,30.879999
2015-09-04,30.719999,30.73,30.209999,30.43,707000,30.43
2015-09-03,30.959999,31.08,30.690001,30.959999,1103500,30.959999
2015-09-02,31.33,31.450001,30.77,30.90,1541300,30.555
2015-09-01,30.76,31.290001,30.709999,30.99,1027600,30.643996
2015-08-31,32.450001,32.490002,31.620001,31.639999,1766300,31.286738
2015-08-28,32.450001,32.610001,32.150002,32.50,904100,32.137137
2015-08-27,32.349998,32.52,31.77,32.509998,1836100,32.147023
2015-08-26,31.879999,32.330002,31.040001,32.09,2088700,31.731715
2015-08-25,33.040001,33.18,31.040001,31.059999,1599500,30.713214
2015-08-24,32.599998,33.00,32.209999,32.240002,3132600,31.880041
2015-08-21,34.650002,34.84,34.130001,34.189999,1020800,33.808267
2015-08-20,34.959999,35.23,34.810001,34.91,722600,34.520229
2015-08-19,35.360001,35.540001,35.02,35.189999,688800,34.797101
2015-08-18,35.27,35.610001,35.150002,35.560001,647200,35.162973
2015-08-17,35.119999,35.369999,34.82,35.360001,1363000,34.965205
2015-08-14,34.759998,35.130001,34.580002,35.119999,641600,34.727883
2015-08-13,34.66,34.98,34.349998,34.799999,758000,34.411456
2015-08-12,34.41,34.77,34.150002,34.720001,1011900,34.332352
2015-08-11,34.32,34.639999,34.290001,34.509998,1196900,34.124693
2015-08-10,34.959999,34.959999,34.25,34.349998,1064200,33.96648
2015-08-07,34.669998,34.849998,34.34,34.799999,1181400,34.411456
2015-08-06,34.869999,34.939999,34.189999,34.700001,1225500,34.312574
2015-08-05,35.23,35.259998,34.650002,34.84,1070500,34.451011
2015-08-04,35.299999,35.66,34.990002,35.110001,917600,34.717997
2015-08-03,35.200001,35.380001,35.16,35.290001,999800,34.895987
2015-07-31,35.52,35.59,35.16,35.18,1297200,34.787215
2015-07-30,35.119999,35.360001,34.880001,34.970001,1002700,34.57956
2015-07-29,34.849998,35.290001,34.630001,35.240002,1230600,34.846546
2015-07-28,34.75,34.919998,34.450001,34.619999,960100,34.233466
2015-07-27,34.619999,35.029999,34.459999,34.740002,713900,34.352129
2015-07-24,34.529999,34.880001,34.509998,34.66,515500,34.27302
2015-07-23,34.880001,34.91,34.34,34.669998,795800,34.282907
2015-07-22,34.740002,35.080002,34.740002,34.919998,375700,34.530116
2015-07-21,35.040001,35.209999,34.75,34.75,575500,34.362015
2015-07-20,34.900002,35.119999,34.66,35.029999,671100,34.638888
2015-07-17,35.02,35.139999,34.619999,34.990002,686600,34.599338
2015-07-16,34.720001,35.02,34.580002,35.02,655500,34.629001
2015-07-15,34.310001,34.57,34.02,34.439999,448500,34.055475
2015-07-14,34.43,34.529999,34.18,34.32,579800,33.936816
2015-07-13,34.50,34.759998,34.169998,34.349998,804500,33.96648
2015-07-10,34.110001,34.610001,34.029999,34.25,839600,33.867598
2015-07-09,34.509998,34.540001,33.93,33.990002,970100,33.610503
2015-07-08,33.889999,34.389999,33.889999,34.369999,1157400,33.986257
2015-07-07,33.790001,34.279999,33.189999,34.150002,4013300,33.768716
2015-07-06,33.169998,33.779999,33.150002,33.630001,1142700,33.254521
2015-07-02,33.849998,33.889999,33.279999,33.400002,815000,33.02709
2015-07-01,32.73,33.049999,32.540001,33.040001,867100,32.671109
2015-06-30,32.799999,32.970001,32.470001,32.689999,1120700,32.325014
2015-06-29,33.040001,33.310001,32.580002,32.599998,929800,32.236019
2015-06-26,32.869999,33.240002,32.790001,33.049999,539600,32.680995
2015-06-25,33.099998,33.150002,32.880001,32.880001,440500,32.512895
2015-06-24,33.299999,33.509998,33.009998,33.060001,460800,32.690886
2015-06-23,33.599998,33.599998,33.220001,33.299999,403700,32.928204
2015-06-22,33.900002,34.150002,33.59,33.599998,938900,33.224854
2015-06-19,33.93,34.16,33.740002,33.849998,978900,33.472062
2015-06-18,33.549999,34.16,33.490002,34.029999,558300,33.650053
2015-06-17,33.240002,33.580002,32.990002,33.48,516100,33.106195
2015-06-16,32.779999,33.27,32.700001,33.25,759700,32.878763
2015-06-15,32.740002,32.919998,32.560001,32.799999,607200,32.433786
2015-06-12,32.950001,33.049999,32.799999,32.849998,280700,32.483227
2015-06-11,32.84,33.139999,32.75,33.049999,1218100,32.680995
2015-06-10,32.32,32.810001,32.23,32.650002,2109100,32.285464
2015-06-09,32.75,32.880001,32.27,32.299999,945800,31.939369
2015-06-08,32.919998,32.919998,32.709999,32.720001,1024900,32.354682
2015-06-05,32.799999,33.200001,32.50,32.880001,786300,32.512895
2015-06-04,33.389999,33.50,33.099998,33.16,1037400,32.789768
2015-06-03,34.330002,34.34,33.68,33.720001,998300,33.002368
2015-06-02,34.419998,34.419998,33.950001,34.360001,1250100,33.628746
2015-06-01,33.860001,34.799999,33.720001,34.509998,3357400,33.775552
2015-05-29,34.119999,34.259998,33.639999,33.73,1013700,33.012153
2015-05-28,34.220001,34.400002,33.919998,34.16,367800,33.433002
2015-05-27,33.740002,34.34,33.73,34.290001,428200,33.560236
2015-05-26,34.16,34.189999,33.700001,33.790001,454700,33.070878
2015-05-22,34.150002,34.490002,34.009998,34.16,332600,33.433002
2015-05-21,34.459999,34.540001,33.990002,34.23,354500,33.501512
2015-05-20,34.509998,34.720001,34.310001,34.48,711100,33.746191
2015-05-19,34.18,34.669998,34.110001,34.43,884200,33.697256
2015-05-18,34.09,34.400002,33.939999,34.310001,843000,33.579811
2015-05-15,34.360001,34.59,34.080002,34.34,768800,33.609172
2015-05-14,33.48,34.50,33.369999,34.279999,732900,33.550447
2015-05-13,33.75,34.169998,33.259998,33.419998,938700,32.708749
2015-05-12,33.25,33.799999,32.84,33.669998,613200,32.953429
2015-05-11,33.849998,34.110001,33.23,33.450001,667100,32.738113
2015-05-08,33.880001,34.380001,33.75,33.970001,737700,33.247047
2015-05-07,32.82,33.450001,32.709999,33.400002,697700,32.689178
2015-05-06,32.849998,32.939999,32.57,32.810001,527500,32.111734
2015-05-05,33.400002,33.560001,32.709999,32.810001,721300,32.111734
2015-05-04,33.490002,33.639999,33.34,33.580002,1096000,32.865348
2015-05-01,32.860001,33.380001,32.700001,33.369999,1189400,32.659814
2015-04-30,33.169998,33.439999,32.419998,32.759998,812300,32.062796
2015-04-29,34.119999,34.450001,33.09,33.279999,625700,32.571729
2015-04-28,33.959999,34.18,33.610001,34.099998,371900,33.374278
2015-04-27,34.41,34.599998,33.950001,34.049999,466600,33.325343
2015-04-24,34.369999,34.610001,33.950001,34.360001,441900,33.628746
2015-04-23,34.369999,34.459999,34.110001,34.310001,399200,33.579811
2015-04-22,34.119999,34.43,33.990002,34.43,657300,33.697256
2015-04-21,34.099998,34.450001,33.990002,34.119999,331300,33.393852
2015-04-20,34.16,34.290001,33.990002,34.07,319600,33.344917
