Date,Open,High,Low,Close,Volume,Adj Close
2015-10-16,75.830002,76.419998,75.080002,76.379997,947200,76.379997
2015-10-15,75.040001,75.519997,73.980003,75.419998,1092500,75.419998
2015-10-14,75.709999,75.849998,73.610001,74.800003,1213500,74.800003
2015-10-13,76.879997,77.50,75.360001,75.629997,1195700,75.629997
2015-10-12,78.129997,78.459999,76.690002,77.040001,772500,77.040001
2015-10-09,78.389999,78.489998,77.599998,78.18,483700,78.18
2015-10-08,78.019997,79.139999,77.980003,78.50,814000,78.50
2015-10-07,78.75,78.989998,77.989998,78.669998,518000,78.669998
2015-10-06,78.93,79.550003,77.699997,78.349998,622900,78.349998
2015-10-05,77.260002,79.089996,77.260002,78.800003,946500,78.800003
2015-10-02,75.480003,76.970001,74.790001,76.959999,640300,76.959999
2015-10-01,76.330002,76.610001,75.459999,76.330002,758200,76.330002
2015-09-30,76.540001,76.900002,76.059998,76.349998,1032800,76.349998
2015-09-29,76.029999,76.629997,75.279999,75.730003,880200,75.730003
2015-09-28,77.559998,77.889999,75.32,75.980003,885000,75.980003
2015-09-25,78.690002,79.199997,77.379997,77.949997,795200,77.949997
2015-09-24,78.989998,79.220001,77.480003,78.220001,1227700,78.220001
2015-09-23,78.25,79.519997,78.190002,79.239998,1063500,79.239998
2015-09-22,76.290001,78.190002,75.00,78.110001,1900500,78.110001
2015-09-21,77.230003,77.989998,76.709999,77.010002,970100,77.010002
2015-09-18,76.43,77.349998,76.260002,76.980003,1685400,76.980003
2015-09-17,76.550003,78.629997,76.279999,77.489998,1041000,77.489998
2015-09-16,75.370003,76.610001,75.010002,76.470001,565400,76.470001
2015-09-15,76.059998,76.080002,75.370003,75.370003,899200,75.370003
2015-09-14,75.970001,76.099998,75.160004,75.730003,615100,75.730003
2015-09-11,75.769997,76.720001,75.540001,75.839996,730100,75.839996
2015-09-10,76.419998,76.730003,75.830002,76.169998,697500,76.169998
2015-09-09,78.839996,79.040001,76.360001,76.529999,927400,76.529999
2015-09-08,76.93,78.970001,76.489998,78.300003,1109600,78.300003
2015-09-04,75.589996,76.980003,75.510002,76.010002,841200,76.010002
2015-09-03,75.730003,76.940002,75.209999,76.290001,1000800,76.290001
2015-09-02,75.190002,75.879997,74.110001,75.690002,1059300,75.690002
2015-09-01,74.610001,75.589996,74.50,74.639999,1101600,74.639999
2015-08-31,75.75,76.540001,75.360001,76.029999,1043300,76.029999
2015-08-28,76.400002,76.510002,74.959999,75.809998,1466600,75.809998
2015-08-27,77.660004,79.209999,75.400002,76.699997,5143800,76.699997
2015-08-26,82.82,83.559998,80.059998,83.120003,1859400,83.120003
2015-08-25,84.32,84.32,80.129997,81.07,1714600,81.07
2015-08-24,76.18,83.339996,74.089996,80.809998,1578700,80.809998
2015-08-21,85.550003,85.730003,83.00,83.309998,1482600,83.309998
2015-08-20,86.730003,87.150002,86.110001,86.220001,638200,86.220001
2015-08-19,88.00,88.129997,87.120003,87.589996,517700,87.589996
2015-08-18,89.07,89.379997,88.480003,88.669998,498600,88.669998
2015-08-17,87.489998,88.580002,86.629997,88.510002,513500,88.510002
2015-08-14,86.870003,87.68,86.379997,87.50,411300,87.50
2015-08-13,86.50,87.50,86.379997,86.800003,563500,86.800003
2015-08-12,85.540001,86.769997,84.410004,86.529999,720500,86.529999
2015-08-11,85.919998,86.790001,85.279999,86.07,786500,86.07
2015-08-10,85.339996,86.860001,85.339996,86.419998,731600,86.419998
2015-08-07,84.660004,85.169998,84.449997,85.019997,477600,85.019997
2015-08-06,85.940002,85.940002,83.980003,84.800003,628500,84.800003
2015-08-05,85.559998,86.440002,85.559998,85.870003,408700,85.870003
2015-08-04,84.580002,86.00,84.199997,85.279999,522100,85.279999
2015-08-03,84.699997,84.940002,84.239998,84.43,376600,84.43
2015-07-31,84.589996,85.059998,84.010002,84.660004,519600,84.660004
2015-07-30,84.25,84.529999,83.440002,84.239998,487900,84.239998
2015-07-29,83.239998,84.720001,82.779999,84.419998,988300,84.419998
2015-07-28,80.919998,81.800003,80.199997,81.769997,449500,81.769997
2015-07-27,80.709999,81.150002,80.339996,80.550003,396600,80.550003
2015-07-24,83.059998,83.160004,80.889999,81.209999,521300,81.209999
2015-07-23,83.160004,83.370003,82.639999,82.830002,459800,82.830002
2015-07-22,82.43,83.190002,82.07,82.769997,507400,82.769997
2015-07-21,83.650002,83.650002,81.93,82.50,642600,82.15
2015-07-20,84.07,84.309998,83.349998,83.559998,462500,83.205501
2015-07-17,85.089996,85.089996,83.790001,84.00,703100,83.643637
2015-07-16,84.620003,85.370003,83.970001,84.900002,472900,84.53982
2015-07-15,83.989998,84.639999,83.660004,84.199997,453000,83.842785
2015-07-14,84.68,84.760002,83.959999,84.209999,440100,83.852745
2015-07-13,84.75,84.980003,84.349998,84.720001,732400,84.360583
2015-07-10,83.349998,84.410004,82.82,84.040001,428500,83.683468
2015-07-09,83.339996,83.690002,82.739998,82.75,364900,82.39894
2015-07-08,83.080002,83.510002,82.510002,82.669998,569700,82.319277
2015-07-07,83.160004,83.82,82.410004,83.510002,886800,83.155718
2015-07-06,82.32,83.699997,82.32,83.059998,406200,82.707622
2015-07-02,83.510002,84.309998,82.690002,82.919998,529800,82.568217
2015-07-01,82.779999,83.370003,82.230003,83.260002,733400,82.906778
2015-06-30,81.699997,82.889999,80.940002,82.269997,838400,81.920973
2015-06-29,82.050003,82.860001,81.019997,81.089996,809100,80.745978
2015-06-26,81.650002,83.029999,81.50,82.980003,727300,82.627967
2015-06-25,81.019997,81.510002,80.639999,81.120003,383500,80.775858
2015-06-24,81.379997,81.379997,80.730003,80.989998,532800,80.646404
2015-06-23,81.110001,81.629997,80.760002,81.190002,1106400,80.84556
2015-06-22,81.290001,81.389999,80.900002,81.080002,654200,80.736026
2015-06-19,82.120003,82.120003,80.949997,81.00,968200,80.656364
2015-06-18,81.769997,82.709999,81.519997,82.07,769100,81.721824
2015-06-17,81.019997,82.089996,80.940002,81.489998,825200,81.144283
2015-06-16,80.089996,81.150002,79.889999,80.830002,470300,80.487087
2015-06-15,80.760002,80.760002,79.529999,80.419998,769300,80.078823
2015-06-12,79.989998,80.949997,79.900002,80.459999,777800,80.118654
2015-06-11,78.839996,79.769997,78.519997,79.230003,581700,78.893876
2015-06-10,78.220001,78.730003,77.75,78.699997,704500,78.366118
2015-06-09,78.50,78.510002,77.68,77.75,631300,77.420152
2015-06-08,78.75,79.25,78.449997,78.489998,585100,78.15701
2015-06-05,78.919998,79.010002,78.50,78.690002,427800,78.356166
2015-06-04,79.129997,79.470001,78.629997,78.919998,485900,78.585186
2015-06-03,79.00,79.739998,78.389999,79.330002,474200,78.993451
2015-06-02,78.760002,79.459999,78.50,79.00,435600,78.664849
2015-06-01,78.650002,79.25,78.059998,79.010002,689300,78.674809
2015-05-29,79.089996,79.300003,78.089996,78.610001,861900,78.276504
2015-05-28,78.910004,79.410004,78.690002,79.00,738000,78.664849
2015-05-27,78.010002,79.25,77.830002,79.00,945900,78.664849
2015-05-26,78.480003,79.07,77.620003,77.779999,693800,77.450023
2015-05-22,78.769997,79.029999,78.00,78.959999,809500,78.625018
2015-05-21,81.00,81.00,78.169998,78.57,2602800,78.236673
2015-05-20,77.900002,78.32,76.550003,77.889999,1955500,77.559557
2015-05-19,78.459999,78.75,77.510002,78.230003,1018300,77.898119
2015-05-18,76.089996,78.489998,75.739998,78.349998,1018500,78.017605
2015-05-15,75.639999,76.139999,75.07,76.139999,885700,75.816982
2015-05-14,76.010002,76.18,74.75,75.720001,689000,75.398765
2015-05-13,76.410004,76.830002,75.610001,75.790001,916000,75.468468
2015-05-12,76.879997,77.059998,76.07,76.68,581000,76.354692
2015-05-11,77.059998,77.93,76.510002,77.440002,580600,77.111469
2015-05-08,76.239998,77.75,76.239998,77.010002,781400,76.683293
2015-05-07,75.379997,76.190002,75.059998,75.870003,570700,75.54813
2015-05-06,75.440002,75.959999,74.790001,75.559998,492800,75.23944
2015-05-05,75.900002,76.260002,75.099998,75.389999,751300,75.070163
2015-05-04,75.360001,76.089996,75.099998,75.889999,472100,75.568042
2015-05-01,73.800003,75.209999,73.519997,75.010002,754600,74.691778
2015-04-30,74.139999,74.730003,73.139999,73.529999,1020500,73.218054
2015-04-29,75.050003,75.50,74.290001,74.489998,989900,74.17398
2015-04-28,75.660004,75.82,74.910004,75.050003,1080600,74.731609
2015-04-27,77.050003,77.239998,75.50,75.720001,518800,75.398765
2015-04-24,76.730003,77.160004,75.989998,76.910004,531700,76.583719
2015-04-23,76.110001,77.360001,76.110001,76.690002,578800,76.364651
2015-04-22,76.459999,76.529999,75.75,76.080002,689700,75.757238
2015-04-21,77.099998,77.580002,76.410004,76.739998,449800,76.065919
2015-04-20,77.019997,77.120003,76.120003,76.790001,465200,76.115482
