Date,Open,High,Low,Close,Volume,Adj Close
2015-10-09,129.320007,130.970001,128.039993,128.619995,200200,128.619995
2015-10-08,126.75,129.149994,126.019997,128.820007,267200,128.820007
2015-10-07,125.290001,127.580002,124.870003,127.169998,171200,127.169998
2015-10-06,122.50,124.910004,122.50,124.610001,230200,124.610001
2015-10-05,120.160004,122.779999,120.160004,122.43,163800,122.43
2015-10-02,117.07,120.059998,116.32,119.739998,167300,119.739998
2015-10-01,118.860001,120.120003,117.169998,118.199997,295400,118.199997
2015-09-30,119.50,120.25,117.059998,118.480003,327200,118.480003
2015-09-29,119.93,120.910004,117.660004,118.260002,202400,118.260002
2015-09-28,123.209999,123.300003,119.400002,120.059998,178400,120.059998
2015-09-25,123.989998,125.629997,123.300003,123.690002,163900,123.690002
2015-09-24,123.330002,123.809998,121.269997,123.309998,142100,123.309998
2015-09-23,124.279999,124.699997,123.449997,124.330002,133300,124.330002
2015-09-22,124.059998,124.839996,122.970001,123.839996,95800,123.839996
2015-09-21,125.139999,127.029999,124.860001,125.720001,137400,125.720001
2015-09-18,124.800003,126.169998,123.50,124.290001,454000,124.290001
2015-09-17,125.849998,128.869995,124.919998,126.360001,169900,126.360001
2015-09-16,123.529999,126.07,123.529999,125.660004,103300,125.660004
2015-09-15,122.389999,123.989998,121.809998,123.760002,124500,123.760002
2015-09-14,123.400002,123.959999,121.830002,121.900002,170300,121.900002
2015-09-11,122.809998,123.300003,121.650002,123.00,215400,123.00
2015-09-10,123.330002,124.620003,122.029999,122.650002,153900,122.650002
2015-09-09,125.889999,126.470001,123.580002,123.82,172900,123.82
2015-09-08,124.150002,125.660004,123.190002,124.970001,129300,124.970001
2015-09-04,121.82,124.00,121.82,122.370003,197600,122.370003
2015-09-03,121.889999,123.910004,121.68,122.93,129000,122.93
2015-09-02,121.209999,121.75,119.919998,121.699997,124500,121.699997
2015-09-01,120.110001,121.50,119.779999,119.889999,129900,119.889999
2015-08-31,122.029999,123.209999,121.529999,122.459999,146000,122.459999
2015-08-28,122.370003,123.169998,121.610001,122.459999,164700,122.459999
2015-08-27,122.610001,123.449997,120.620003,122.599998,197800,122.599998
2015-08-26,120.279999,121.510002,117.889999,121.120003,226000,121.120003
2015-08-25,123.550003,124.449997,118.040001,118.129997,222500,118.129997
2015-08-24,119.900002,124.82,118.010002,119.559998,390200,119.559998
2015-08-21,127.330002,128.220001,125.559998,125.879997,225100,125.879997
2015-08-20,128.570007,129.699997,128.029999,128.309998,165900,128.309998
2015-08-19,129.520004,130.570007,129.029999,129.710007,125100,129.710007
2015-08-18,131.050003,131.699997,130.020004,130.440002,139500,130.440002
2015-08-17,130.039993,132.229996,129.550003,131.809998,176900,131.809998
2015-08-14,129.759995,130.869995,129.110001,130.630005,120500,130.630005
2015-08-13,129.190002,130.889999,128.759995,129.630005,120700,129.630005
2015-08-12,127.730003,129.960007,126.849998,129.50,143600,129.50
2015-08-11,127.739998,128.820007,127.639999,128.470001,135400,128.470001
2015-08-10,128.440002,129.460007,127.849998,128.740005,86200,128.740005
2015-08-07,126.910004,127.610001,126.25,127.459999,72900,127.459999
2015-08-06,128.759995,128.830002,126.339996,127.059998,166000,127.059998
2015-08-05,128.389999,129.809998,128.130005,128.770004,185100,128.770004
2015-08-04,128.279999,129.270004,127.300003,128.080002,124800,128.080002
2015-08-03,128.309998,128.570007,127.410004,128.190002,171800,128.190002
2015-07-31,127.300003,129.139999,126.970001,128.240005,225900,128.240005
2015-07-30,125.129997,127.370003,124.370003,126.449997,227800,126.449997
2015-07-29,123.089996,125.82,122.68,125.510002,171500,125.510002
2015-07-28,123.849998,124.199997,122.93,123.160004,155700,123.160004
2015-07-27,122.870003,123.709999,122.370003,123.389999,153100,123.389999
2015-07-24,124.580002,125.110001,122.970001,123.440002,158700,123.440002
2015-07-23,125.50,126.199997,124.75,125.080002,224100,125.080002
2015-07-22,125.739998,127.010002,124.980003,125.32,232200,125.32
2015-07-21,125.199997,128.179993,124.00,125.760002,489800,125.760002
2015-07-20,124.879997,128.550003,124.349998,127.040001,533300,127.040001
2015-07-17,124.610001,124.610001,123.199997,124.199997,139400,124.199997
2015-07-16,125.010002,125.18,124.110001,124.510002,135900,124.510002
2015-07-15,124.449997,124.779999,123.699997,124.400002,196000,124.400002
2015-07-14,125.260002,125.510002,124.099998,124.519997,97400,124.519997
2015-07-13,124.610001,125.629997,124.089996,125.449997,200600,125.449997
2015-07-10,124.68,124.68,123.760002,124.300003,194800,123.599999
2015-07-09,123.889999,124.779999,123.580002,123.720001,275700,123.023264
2015-07-08,122.330002,123.089996,121.739998,122.290001,168900,121.601317
2015-07-07,123.139999,123.699997,121.830002,123.129997,248000,122.436583
2015-07-06,121.790001,123.379997,120.769997,122.839996,247900,122.148215
2015-07-02,124.150002,124.150002,121.949997,122.480003,274400,121.790249
2015-07-01,124.849998,124.849998,123.07,123.449997,340000,122.75478
2015-06-30,124.349998,124.860001,123.349998,123.739998,226500,123.043148
2015-06-29,123.459999,124.830002,121.919998,123.25,395700,122.555909
2015-06-26,124.449997,125.470001,124.080002,124.190002,2277800,123.490618
2015-06-25,123.610001,124.989998,122.839996,123.830002,275600,123.132645
2015-06-24,123.730003,124.559998,122.699997,123.449997,243000,122.75478
2015-06-23,123.57,124.220001,122.669998,123.720001,148700,123.023264
2015-06-22,124.800003,124.970001,122.610001,123.68,268300,122.983488
2015-06-19,124.199997,124.949997,123.889999,123.919998,247900,123.222135
2015-06-18,123.32,125.00,123.099998,124.760002,132500,124.057408
2015-06-17,123.550003,123.879997,122.099998,122.919998,140200,122.227766
2015-06-16,122.129997,123.480003,121.919998,122.970001,218600,122.277488
2015-06-15,122.339996,123.169998,121.239998,122.580002,179000,121.889684
2015-06-12,123.900002,124.330002,122.910004,123.599998,119100,122.903937
2015-06-11,123.830002,124.57,123.669998,124.150002,158700,123.450843
2015-06-10,123.190002,124.620003,122.699997,124.00,203500,123.301686
2015-06-09,122.75,123.440002,121.980003,122.849998,219500,122.158161
2015-06-08,127.849998,127.849998,122.459999,123.029999,480700,122.337147
2015-06-05,126.379997,127.800003,125.50,127.760002,140600,127.040513
2015-06-04,127.739998,128.410004,126.050003,126.410004,144400,125.698117
2015-06-03,128.759995,128.880005,127.809998,128.490005,159700,127.766406
2015-06-02,127.849998,129.399994,126.93,128.350006,178000,127.627195
2015-06-01,126.669998,128.919998,125.599998,128.460007,279700,127.736576
2015-05-29,127.00,127.870003,125.080002,125.919998,183900,125.210871
2015-05-28,126.620003,127.540001,126.080002,127.230003,129800,126.513499
2015-05-27,125.660004,127.199997,125.129997,127.00,153200,126.284791
2015-05-26,126.589996,126.900002,124.919998,125.669998,167000,124.962279
2015-05-22,127.690002,128.190002,126.459999,126.790001,133800,126.075975
2015-05-21,127.800003,128.50,127.129997,127.50,111000,126.781975
2015-05-20,127.690002,128.820007,126.75,128.00,148900,127.27916
2015-05-19,127.010002,128.199997,126.220001,127.839996,150000,127.120057
2015-05-18,125.580002,127.160004,125.260002,126.93,151700,126.215186
2015-05-15,127.010002,127.50,125.349998,126.309998,126100,125.598674
2015-05-14,124.849998,127.540001,124.00,126.800003,152500,126.08592
2015-05-13,124.330002,125.080002,123.489998,124.360001,160700,123.659659
2015-05-12,123.489998,124.769997,122.559998,124.220001,147500,123.520448
2015-05-11,124.400002,125.82,123.940002,124.260002,105300,123.560224
2015-05-08,124.139999,125.540001,123.040001,124.660004,211400,123.957973
2015-05-07,120.839996,123.50,120.389999,122.900002,195500,122.207882
2015-05-06,120.93,121.279999,119.93,121.080002,224200,120.398132
2015-05-05,121.849998,122.699997,120.150002,120.82,186000,120.139594
2015-05-04,121.379997,122.419998,121.040001,122.230003,171100,121.541657
2015-05-01,120.720001,121.940002,120.160004,121.269997,209200,120.587057
2015-04-30,121.849998,122.940002,120.00,120.290001,278900,119.61258
2015-04-29,122.82,123.980003,121.940002,122.690002,205700,121.999066
2015-04-28,123.50,124.559998,122.43,123.919998,205500,123.222135
2015-04-27,124.589996,125.839996,122.75,123.410004,146900,122.715012
2015-04-24,124.800003,124.970001,123.059998,124.169998,111900,123.470727
2015-04-23,123.779999,124.800003,122.82,124.370003,222400,123.669605
2015-04-22,123.379997,124.150002,121.709999,123.779999,260700,123.082924
2015-04-21,123.300003,124.169998,122.410004,123.440002,219600,122.744842
2015-04-20,120.860001,123.059998,120.790001,122.949997,277100,122.257596
2015-04-17,121.290001,121.379997,119.589996,120.139999,368600,119.463423
2015-04-16,124.110001,124.879997,121.419998,121.910004,596800,121.223459
2015-04-15,129.809998,131.100006,123.120003,124.669998,792600,123.967911
2015-04-14,124.989998,125.760002,123.379997,125.50,255600,124.793238
2015-04-13,124.660004,125.690002,123.910004,124.879997,158300,124.176727
