Date,Open,High,Low,Close,Volume,Adj Close
2015-10-09,27.10,27.200001,26.959999,27.129999,745500,27.129999
2015-10-08,26.690001,27.10,26.620001,27.08,1281100,27.08
2015-10-07,26.889999,26.98,26.67,26.700001,869100,26.700001
2015-10-06,27.040001,27.15,26.799999,26.83,522800,26.83
2015-10-05,26.799999,27.09,26.700001,27.040001,702100,27.040001
2015-10-02,26.57,26.709999,26.23,26.700001,738900,26.700001
2015-10-01,26.41,26.620001,26.200001,26.49,918000,26.49
2015-09-30,26.139999,26.50,25.99,26.469999,890100,26.469999
2015-09-29,26.129999,26.25,25.98,26.120001,597100,26.120001
2015-09-28,26.360001,26.440001,26.07,26.18,733900,26.18
2015-09-25,26.27,26.65,26.25,26.360001,702100,26.360001
2015-09-24,25.82,26.35,25.799999,26.26,926600,26.26
2015-09-23,25.93,26.18,25.870001,26.00,978300,26.00
2015-09-22,25.85,26.09,25.75,25.93,645400,25.93
2015-09-21,26.00,26.27,25.99,26.10,1079800,26.10
2015-09-18,25.52,26.25,25.51,25.98,1852000,25.98
2015-09-17,25.610001,26.01,25.58,25.75,804200,25.75
2015-09-16,25.389999,25.74,25.379999,25.66,642300,25.66
2015-09-15,25.23,25.43,25.16,25.370001,550800,25.370001
2015-09-14,25.049999,25.360001,25.00,25.209999,684200,25.209999
2015-09-11,24.610001,25.02,24.450001,25.02,701400,25.02
2015-09-10,24.74,25.049999,24.65,24.690001,706500,24.690001
2015-09-09,25.17,25.18,24.719999,24.76,830400,24.76
2015-09-08,24.85,25.08,24.76,25.01,630600,25.01
2015-09-04,24.82,24.879999,24.52,24.610001,452800,24.610001
2015-09-03,24.879999,25.190001,24.85,25.07,511900,25.07
2015-09-02,25.040001,25.040001,24.639999,24.860001,615300,24.860001
2015-09-01,25.059999,25.27,24.75,24.809999,1317900,24.809999
2015-08-31,25.559999,25.59,25.059999,25.360001,877600,25.360001
2015-08-28,25.530001,25.68,25.370001,25.639999,619500,25.639999
2015-08-27,25.309999,25.60,25.030001,25.59,762100,25.59
2015-08-26,25.43,25.43,24.60,25.16,991600,25.16
2015-08-25,25.459999,25.540001,24.84,24.860001,1157000,24.860001
2015-08-24,25.40,25.91,25.07,25.190001,1763800,25.190001
2015-08-21,26.370001,26.75,26.299999,26.40,874300,26.40
2015-08-20,26.74,27.10,26.620001,26.639999,710100,26.639999
2015-08-19,26.610001,27.059999,26.440001,26.93,860800,26.93
2015-08-18,26.639999,27.00,26.57,26.82,813900,26.82
2015-08-17,26.469999,26.76,26.370001,26.620001,638900,26.620001
2015-08-14,26.25,26.469999,26.120001,26.459999,435800,26.459999
2015-08-13,26.25,26.50,26.10,26.32,712700,26.32
2015-08-12,25.91,26.389999,25.870001,26.370001,736800,26.370001
2015-08-11,25.83,26.15,25.76,26.10,669000,25.922001
2015-08-10,25.799999,25.99,25.799999,25.879999,684700,25.7035
2015-08-07,25.52,25.84,25.34,25.74,491200,25.564455
2015-08-06,25.60,25.66,25.24,25.610001,661900,25.435343
2015-08-05,25.48,25.84,25.18,25.68,896600,25.504865
2015-08-04,25.66,25.77,25.18,25.24,640500,25.067865
2015-08-03,25.450001,25.790001,25.450001,25.74,693300,25.564455
2015-07-31,25.530001,25.719999,25.41,25.440001,1152500,25.266502
2015-07-30,25.379999,25.540001,25.27,25.27,674700,25.097661
2015-07-29,25.309999,25.52,25.15,25.450001,466900,25.276434
2015-07-28,25.33,25.40,25.08,25.40,660700,25.226774
2015-07-27,24.879999,25.379999,24.860001,25.360001,666500,25.187048
2015-07-24,24.790001,24.98,24.719999,24.90,515400,24.730184
2015-07-23,25.190001,25.219999,24.66,24.799999,734400,24.630866
2015-07-22,25.15,25.389999,25.15,25.25,698500,25.077797
2015-07-21,25.60,25.629999,25.120001,25.15,409600,24.978479
2015-07-20,25.540001,25.540001,25.309999,25.440001,318700,25.266502
2015-07-17,25.780001,25.809999,25.51,25.52,373200,25.345957
2015-07-16,25.65,25.91,25.65,25.82,454100,25.64391
2015-07-15,25.67,25.700001,25.450001,25.58,324000,25.405547
2015-07-14,25.57,25.68,25.49,25.66,418900,25.485001
2015-07-13,25.50,25.629999,25.370001,25.540001,388000,25.365821
2015-07-10,25.18,25.450001,25.110001,25.41,503100,25.236706
2015-07-09,25.66,25.719999,25.10,25.139999,496600,24.968547
2015-07-08,25.65,25.73,25.379999,25.57,677600,25.395615
2015-07-07,25.27,25.68,25.18,25.639999,754900,25.465137
2015-07-06,24.98,25.26,24.959999,25.200001,732700,25.028139
2015-07-02,25.02,25.26,24.889999,25.059999,596800,24.889093
2015-07-01,24.530001,25.10,24.50,24.91,1228000,24.740116
2015-06-30,24.67,24.77,24.40,24.49,1272700,24.32298
2015-06-29,24.629999,24.93,24.51,24.530001,752200,24.362708
2015-06-26,24.799999,24.870001,24.59,24.780001,597900,24.611003
2015-06-25,24.98,25.00,24.719999,24.75,366100,24.581207
2015-06-24,25.17,25.23,24.879999,24.950001,483400,24.779844
2015-06-23,25.26,25.32,25.09,25.23,695100,25.057933
2015-06-22,25.280001,25.32,25.09,25.280001,576500,25.107594
2015-06-19,25.40,25.42,25.07,25.120001,1774400,24.948685
2015-06-18,25.10,25.40,25.10,25.309999,908400,25.137388
2015-06-17,24.85,25.26,24.82,25.07,844200,24.899025
2015-06-16,24.91,25.07,24.76,24.82,1039400,24.65073
2015-06-15,25.34,25.34,24.90,25.00,732200,24.829502
2015-06-12,25.540001,25.620001,25.379999,25.40,343400,25.226774
2015-06-11,25.60,25.65,25.40,25.610001,527100,25.435343
2015-06-10,25.610001,25.74,25.40,25.43,676200,25.25657
2015-06-09,25.59,25.799999,25.42,25.469999,762200,25.296296
2015-06-08,25.860001,25.969999,25.610001,25.610001,654400,25.435343
2015-06-05,25.940001,25.940001,25.620001,25.700001,698600,25.524729
2015-06-04,26.299999,26.450001,26.09,26.10,580100,25.922001
2015-06-03,26.51,26.60,26.26,26.360001,803100,26.180228
2015-06-02,26.60,26.719999,26.34,26.540001,714600,26.359001
2015-06-01,26.370001,26.98,26.23,26.719999,888700,26.537771
2015-05-29,26.50,26.639999,26.24,26.32,594400,26.1405
2015-05-28,26.58,26.73,26.389999,26.549999,516800,26.368931
2015-05-27,26.379999,26.639999,26.370001,26.639999,384000,26.458317
2015-05-26,26.459999,26.51,26.17,26.34,408100,26.160364
2015-05-22,26.67,26.67,26.440001,26.559999,456100,26.378863
2015-05-21,26.77,26.790001,26.559999,26.75,512500,26.567568
2015-05-20,26.700001,26.879999,26.549999,26.780001,495900,26.597364
2015-05-19,26.67,26.76,26.389999,26.76,463400,26.5775
2015-05-18,26.42,26.75,26.34,26.74,587300,26.557636
2015-05-15,26.389999,26.549999,26.280001,26.51,539000,26.329205
2015-05-14,26.02,26.379999,25.959999,26.360001,467700,26.180228
2015-05-13,26.290001,26.41,25.889999,25.91,639700,25.733296
2015-05-12,26.290001,26.43,26.030001,26.41,413000,26.066012
2015-05-11,26.42,26.690001,26.33,26.379999,430300,26.036402
2015-05-08,26.629999,26.68,26.41,26.49,663100,26.144969
2015-05-07,26.370001,26.540001,26.200001,26.379999,620000,26.036402
2015-05-06,26.82,26.85,26.040001,26.34,646700,25.996924
2015-05-05,26.82,26.969999,26.24,26.27,736700,25.927836
2015-05-04,26.76,27.190001,26.709999,26.92,501500,26.569369
2015-05-01,26.83,26.92,26.50,26.709999,520400,26.362103
2015-04-30,26.90,27.030001,26.639999,26.82,979200,26.470671
2015-04-29,26.93,27.09,26.790001,27.08,353100,26.727285
2015-04-28,26.92,27.18,26.76,27.09,377700,26.737155
2015-04-27,27.530001,27.530001,26.719999,26.93,571500,26.579239
2015-04-24,27.09,27.43,27.00,27.34,472200,26.983899
2015-04-23,26.870001,27.09,26.709999,27.09,296500,26.737155
2015-04-22,26.889999,26.940001,26.60,26.85,365000,26.500281
2015-04-21,27.129999,27.299999,26.799999,26.84,334400,26.490411
2015-04-20,26.780001,27.219999,26.700001,27.059999,392500,26.707545
2015-04-17,26.60,26.870001,26.52,26.66,418900,26.312755
2015-04-16,26.75,26.780001,26.370001,26.73,484000,26.381843
2015-04-15,26.879999,27.09,26.75,26.75,525100,26.401583
2015-04-14,26.709999,26.889999,26.620001,26.85,376000,26.500281
2015-04-13,26.860001,26.98,26.610001,26.629999,414600,26.283145
