Date,Open,High,Low,Close,Volume,Adj Close
2015-10-16,43.290001,43.57,43.200001,43.540001,976100,43.540001
2015-10-15,42.900002,43.439999,42.720001,43.279999,1081300,43.279999
2015-10-14,43.099998,43.560001,42.580002,42.700001,1146900,42.700001
2015-10-13,43.169998,43.950001,43.139999,43.27,1235700,43.27
2015-10-12,43.689999,44.049999,43.380001,43.459999,1226400,43.459999
2015-10-09,41.75,43.880001,41.490002,43.82,2587200,43.82
2015-10-08,41.650002,42.02,40.610001,41.709999,3336000,41.709999
2015-10-07,41.860001,42.080002,41.119999,41.759998,1972500,41.759998
2015-10-06,43.240002,43.470001,41.720001,41.959999,1831000,41.959999
2015-10-05,42.00,43.259998,41.990002,42.939999,6462500,42.939999
2015-10-02,39.650002,41.810001,39.349998,41.779999,3279200,41.779999
2015-10-01,40.16,40.59,39.599998,40.110001,2535600,40.110001
2015-09-30,41.00,41.209999,39.560001,40.150002,2514300,40.150002
2015-09-29,42.57,42.57,39.630001,40.23,4268200,40.23
2015-09-28,44.41,44.450001,41.630001,42.389999,3078700,42.389999
2015-09-25,44.889999,45.080002,44.080002,44.380001,1104600,44.380001
2015-09-24,44.540001,44.580002,43.869999,44.389999,1019100,44.389999
2015-09-23,45.23,45.529999,44.610001,44.889999,913100,44.889999
2015-09-22,45.639999,45.93,44.59,45.110001,1129500,45.110001
2015-09-21,46.439999,46.91,46.02,46.200001,1037300,46.200001
2015-09-18,46.119999,46.73,45.869999,46.209999,4031400,46.209999
2015-09-17,46.23,47.41,45.77,46.669998,1077800,46.669998
2015-09-16,45.950001,46.23,45.490002,46.130001,686600,46.130001
2015-09-15,45.93,46.07,45.220001,45.810001,1112100,45.810001
2015-09-14,46.32,46.389999,45.560001,45.82,769200,45.82
2015-09-11,45.900002,46.360001,45.77,46.290001,1171000,46.290001
2015-09-10,45.41,46.16,45.279999,45.549999,777800,45.549999
2015-09-09,46.759998,46.779999,45.529999,45.639999,1113900,45.639999
2015-09-08,46.16,46.52,45.16,46.290001,2016400,46.290001
2015-09-04,45.060001,45.889999,44.889999,45.400002,1223400,45.400002
2015-09-03,45.57,46.360001,45.220001,45.41,1154000,45.41
2015-09-02,45.130001,45.599998,44.689999,45.59,1225700,45.59
2015-09-01,45.130001,45.709999,44.27,44.50,1483000,44.50
2015-08-31,46.50,46.91,45.799999,46.139999,1521300,46.139999
2015-08-28,46.799999,47.41,46.52,46.790001,1808200,46.790001
2015-08-27,45.799999,47.209999,45.549999,46.889999,3721300,46.889999
2015-08-26,43.549999,44.990002,42.689999,44.860001,3457600,44.860001
2015-08-25,44.330002,44.330002,42.09,42.099998,2348500,42.099998
2015-08-24,38.98,44.259998,35.169998,42.73,4856900,42.73
2015-08-21,45.139999,45.23,43.77,44.43,4117400,44.43
2015-08-20,46.240002,46.880001,45.869999,45.93,1879800,45.93
2015-08-19,48.00,48.00,46.369999,46.52,3991500,46.52
2015-08-18,49.849998,49.849998,48.220001,48.240002,2280700,48.240002
2015-08-17,49.66,50.029999,49.389999,49.919998,1316300,49.919998
2015-08-14,49.880001,50.099998,49.220001,49.689999,1042100,49.689999
2015-08-13,49.75,50.439999,49.650002,49.849998,1547000,49.849998
2015-08-12,49.099998,49.990002,48.369999,49.950001,1791400,49.950001
2015-08-11,49.740002,50.299999,49.419998,49.599998,1820200,49.599998
2015-08-10,50.27,50.68,50.00,50.110001,2508600,50.110001
2015-08-07,48.77,50.700001,46.720001,49.509998,4878600,49.509998
2015-08-06,52.299999,52.299999,50.34,50.610001,2552900,50.610001
2015-08-05,52.369999,52.529999,51.950001,52.16,1265600,52.16
2015-08-04,51.25,52.439999,51.240002,52.110001,1095600,52.110001
2015-08-03,51.650002,51.779999,50.880001,51.240002,845500,51.240002
2015-07-31,51.860001,52.150002,51.380001,51.619999,1112900,51.619999
2015-07-30,51.240002,51.709999,51.009998,51.549999,797700,51.549999
2015-07-29,50.880001,51.459999,50.709999,51.330002,954200,51.330002
2015-07-28,50.130001,50.830002,49.630001,50.73,1150500,50.73
2015-07-27,49.00,49.950001,48.91,49.889999,1129200,49.889999
2015-07-24,50.110001,50.330002,49.060001,49.450001,1305800,49.450001
2015-07-23,50.549999,51.060001,50.060001,50.080002,937300,50.080002
2015-07-22,49.84,50.77,49.799999,50.549999,1121700,50.549999
2015-07-21,50.279999,50.470001,49.700001,49.889999,1199500,49.889999
2015-07-20,50.290001,50.34,49.759998,50.189999,1271300,50.189999
2015-07-17,50.59,50.740002,49.959999,50.279999,1236700,50.279999
2015-07-16,50.18,50.75,50.099998,50.580002,1329900,50.580002
2015-07-15,50.16,50.34,49.549999,49.630001,1120000,49.630001
2015-07-14,50.59,50.639999,49.880001,50.220001,1439700,50.220001
2015-07-13,50.119999,50.50,50.009998,50.419998,1150400,50.419998
2015-07-10,49.849998,49.98,49.470001,49.880001,1183200,49.880001
2015-07-09,49.810001,49.880001,49.099998,49.150002,1685100,49.150002
2015-07-08,49.18,49.400002,48.900002,49.09,927200,49.09
2015-07-07,49.099998,49.560001,48.41,49.490002,1192700,49.490002
2015-07-06,48.490002,49.25,48.369999,48.950001,1883200,48.950001
2015-07-02,49.27,49.299999,48.59,49.130001,1018600,49.130001
2015-07-01,49.34,49.41,48.950001,49.240002,1082000,49.240002
2015-06-30,48.810001,49.169998,48.400002,48.880001,1293000,48.880001
2015-06-29,49.290001,49.290001,48.32,48.369999,1737500,48.369999
2015-06-26,49.790001,50.060001,49.470001,49.900002,1953000,49.900002
2015-06-25,49.75,49.880001,49.470001,49.669998,830700,49.669998
2015-06-24,50.200001,50.52,49.330002,49.43,1667400,49.43
2015-06-23,49.970001,50.50,49.73,50.459999,1264300,50.459999
2015-06-22,49.27,49.779999,49.07,49.740002,981600,49.740002
2015-06-19,49.73,49.73,48.84,48.860001,1541500,48.860001
2015-06-18,49.009998,49.77,49.009998,49.57,916200,49.57
2015-06-17,48.66,49.259998,48.619999,48.98,1104600,48.98
2015-06-16,47.869999,48.580002,47.639999,48.450001,1370000,48.450001
2015-06-15,47.709999,48.110001,47.27,48.00,914500,48.00
2015-06-12,47.84,48.080002,47.68,47.959999,869500,47.959999
2015-06-11,48.16,48.419998,47.849998,48.110001,1709000,48.110001
2015-06-10,48.049999,48.549999,47.66,48.110001,2248900,48.110001
2015-06-09,47.389999,47.830002,47.009998,47.639999,1315400,47.639999
2015-06-08,46.720001,48.400002,46.700001,47.529999,2778100,47.529999
2015-06-05,46.50,47.080002,46.119999,46.82,1588400,46.82
2015-06-04,47.439999,47.540001,46.599998,46.709999,2039800,46.709999
2015-06-03,47.419998,47.919998,47.349998,47.599998,1535900,47.599998
2015-06-02,47.18,47.439999,46.889999,47.189999,1928800,47.189999
2015-06-01,48.09,48.450001,46.919998,47.150002,2896600,47.150002
2015-05-29,48.860001,48.880001,47.849998,48.029999,7414500,48.029999
2015-05-28,49.259998,49.73,48.459999,48.630001,3033200,48.630001
2015-05-27,47.790001,49.200001,47.77,49.150002,5365800,49.150002
2015-05-26,47.599998,48.119999,47.439999,47.599998,3014200,47.599998
2015-05-22,47.48,48.09,47.450001,47.799999,1265400,47.799999
2015-05-21,47.619999,48.169998,47.450001,47.50,1319800,47.50
2015-05-20,47.32,47.82,47.310001,47.560001,1918800,47.560001
2015-05-19,47.889999,48.00,47.110001,47.299999,1439200,47.299999
2015-05-18,47.23,48.049999,47.220001,47.630001,1343400,47.630001
2015-05-15,47.389999,47.48,47.02,47.220001,1109200,47.220001
2015-05-14,46.830002,47.380001,46.41,47.279999,1739300,47.279999
2015-05-13,45.880001,46.869999,45.650002,46.610001,2780300,46.610001
2015-05-12,45.490002,45.799999,45.200001,45.549999,1746200,45.549999
2015-05-11,46.099998,46.349998,45.50,45.830002,3079000,45.830002
2015-05-08,46.880001,47.549999,45.959999,46.099998,5479300,46.099998
2015-05-07,43.00,44.040001,42.990002,43.720001,2811900,43.720001
2015-05-06,43.639999,43.720001,42.849998,43.25,1950700,43.25
2015-05-05,43.869999,44.099998,43.25,43.419998,2172100,43.419998
2015-05-04,44.049999,44.139999,43.869999,43.990002,2156400,43.990002
2015-05-01,44.00,44.200001,43.73,43.950001,1602800,43.950001
2015-04-30,44.299999,44.48,43.709999,43.970001,1625400,43.970001
2015-04-29,45.200001,45.470001,44.389999,44.459999,1290300,44.459999
2015-04-28,45.310001,45.68,44.790001,45.209999,1255400,45.209999
2015-04-27,45.810001,45.900002,45.27,45.330002,1517500,45.330002
2015-04-24,45.720001,45.939999,45.52,45.599998,1129800,45.599998
2015-04-23,45.490002,45.950001,45.310001,45.68,1543400,45.68
2015-04-22,46.099998,46.110001,45.369999,45.540001,1373300,45.540001
2015-04-21,46.419998,46.52,45.650002,46.099998,2200100,46.099998
2015-04-20,46.299999,46.59,46.18,46.41,1113600,46.41
