Date,Open,High,Low,Close,Volume,Adj Close
2015-10-15,43.509998,44.099998,42.50,43.740002,210100,43.740002
2015-10-14,44.200001,44.330002,43.189999,43.259998,237400,43.259998
2015-10-13,44.900002,45.169998,44.00,44.27,193700,44.27
2015-10-12,46.290001,46.290001,45.389999,45.540001,209600,45.540001
2015-10-09,46.27,46.689999,45.959999,46.369999,292400,46.369999
2015-10-08,44.57,46.23,44.310001,46.200001,361400,46.200001
2015-10-07,43.259998,44.73,43.259998,44.650002,462700,44.650002
2015-10-06,42.73,43.389999,42.610001,42.900002,217800,42.900002
2015-10-05,40.990002,42.889999,40.990002,42.84,350300,42.84
2015-10-02,39.91,40.869999,39.68,40.84,324800,40.84
2015-10-01,40.709999,40.950001,39.73,40.259998,505200,40.259998
2015-09-30,40.740002,41.25,40.43,40.700001,346200,40.700001
2015-09-29,39.970001,40.529999,39.970001,40.389999,285400,40.389999
2015-09-28,40.119999,40.48,39.82,40.00,283800,40.00
2015-09-25,41.029999,41.220001,40.25,40.360001,302700,40.360001
2015-09-24,41.00,41.00,40.299999,40.580002,378000,40.580002
2015-09-23,42.16,42.259998,41.27,41.299999,192500,41.299999
2015-09-22,42.560001,42.990002,41.830002,42.16,225100,42.16
2015-09-21,43.66,44.18,43.110001,43.259998,427800,43.259998
2015-09-18,43.299999,43.52,43.040001,43.259998,1140300,43.259998
2015-09-17,44.389999,44.389999,43.240002,43.349998,351700,43.349998
2015-09-16,43.810001,44.450001,43.619999,44.389999,244400,44.389999
2015-09-15,43.060001,43.84,42.970001,43.669998,413300,43.669998
2015-09-14,44.00,44.189999,43.060001,43.130001,395000,43.130001
2015-09-11,44.049999,44.490002,43.950001,44.259998,216700,44.259998
2015-09-10,44.720001,45.18,44.220001,44.32,196100,44.32
2015-09-09,45.810001,45.810001,44.68,44.740002,137900,44.740002
2015-09-08,45.080002,45.639999,44.830002,45.400002,201800,45.400002
2015-09-04,44.720001,45.009998,44.310001,44.360001,179200,44.360001
2015-09-03,45.220001,45.84,44.970001,45.43,495700,45.43
2015-09-02,44.77,45.200001,44.560001,45.169998,344700,45.169998
2015-09-01,44.560001,45.310001,44.00,44.060001,302000,44.060001
2015-08-31,44.790001,46.07,44.50,45.599998,350700,45.599998
2015-08-28,44.540001,45.43,44.450001,44.830002,314800,44.830002
2015-08-27,44.240002,45.060001,43.82,44.93,588300,44.93
2015-08-26,44.23,44.720001,43.299999,43.970001,434600,43.970001
2015-08-25,45.220001,45.220001,43.349998,43.400002,771600,43.400002
2015-08-24,42.619999,45.07,42.009998,43.639999,704400,43.639999
2015-08-21,45.860001,46.700001,45.099998,45.169998,894400,45.169998
2015-08-20,47.419998,47.540001,46.540001,46.560001,359200,46.560001
2015-08-19,47.91,48.470001,47.650002,47.75,332000,47.75
2015-08-18,48.50,48.810001,48.259998,48.41,285600,48.41
2015-08-17,48.25,48.889999,47.799999,48.560001,340800,48.560001
2015-08-14,47.830002,48.580002,47.669998,48.259998,279600,48.259998
2015-08-13,48.25,48.470001,47.93,48.009998,157800,48.009998
2015-08-12,47.57,48.459999,47.240002,48.310001,318300,48.210002
2015-08-11,48.599998,48.900002,48.169998,48.27,197900,48.170084
2015-08-10,48.709999,49.580002,48.650002,49.299999,230700,49.197951
2015-08-07,47.830002,48.279999,47.799999,48.220001,469300,48.120188
2015-08-06,48.189999,48.380001,47.84,48.130001,302900,48.030374
2015-08-05,48.049999,48.57,47.970001,47.990002,566500,47.890665
2015-08-04,48.669998,49.529999,47.880001,47.91,427300,47.810829
2015-08-03,49.459999,49.459999,47.98,48.580002,294200,48.479444
2015-07-31,48.82,49.540001,48.709999,49.360001,569400,49.257828
2015-07-30,48.23,48.799999,47.849998,48.68,343100,48.579235
2015-07-29,47.509998,48.759998,47.360001,48.549999,315400,48.449503
2015-07-28,47.040001,47.900002,46.41,47.73,403300,47.631201
2015-07-27,47.060001,47.34,46.619999,46.939999,442800,46.842835
2015-07-24,48.299999,48.34,47.310001,47.369999,414100,47.271945
2015-07-23,49.139999,49.639999,48.549999,48.580002,620300,48.479444
2015-07-22,48.959999,49.75,48.950001,49.25,798600,49.148055
2015-07-21,50.50,51.700001,48.630001,49.049999,1913500,48.948468
2015-07-20,54.060001,54.27,53.240002,53.369999,393100,53.259526
2015-07-17,54.299999,54.360001,53.450001,53.529999,582500,53.419194
2015-07-16,54.200001,54.740002,54.00,54.080002,229600,53.968059
2015-07-15,54.619999,54.619999,53.970001,54.139999,195800,54.027932
2015-07-14,53.299999,54.639999,53.110001,54.52,477400,54.407147
2015-07-13,53.869999,53.91,52.970001,53.189999,434600,53.079898
2015-07-10,53.68,53.880001,53.220001,53.380001,346000,53.269507
2015-07-09,53.860001,54.349998,52.91,52.919998,396200,52.810456
2015-07-08,53.75,54.299999,53.00,53.459999,358400,53.34934
2015-07-07,54.779999,54.779999,53.220001,54.27,386700,54.157664
2015-07-06,54.50,55.310001,54.279999,54.66,399700,54.546856
2015-07-02,55.16,55.220001,54.59,54.799999,359100,54.686566
2015-07-01,55.59,55.59,54.900002,54.990002,419500,54.876175
2015-06-30,55.23,55.369999,54.799999,54.990002,271400,54.876175
2015-06-29,55.580002,56.389999,54.860001,54.939999,373400,54.826276
2015-06-26,56.380001,56.549999,55.950001,56.400002,795800,56.283256
2015-06-25,56.32,56.380001,55.790001,56.099998,321600,55.983874
2015-06-24,55.75,56.380001,55.700001,56.25,473900,56.133565
2015-06-23,55.720001,55.93,55.630001,55.830002,301300,55.714437
2015-06-22,55.689999,55.91,55.32,55.68,253300,55.564745
2015-06-19,55.630001,55.720001,55.209999,55.310001,401100,55.195512
2015-06-18,55.060001,55.959999,54.75,55.560001,389800,55.444995
2015-06-17,54.650002,55.450001,54.560001,54.82,583300,54.706525
2015-06-16,53.91,54.650002,53.599998,54.529999,460300,54.417124
2015-06-15,53.650002,54.099998,53.049999,54.09,371100,53.978037
2015-06-12,53.900002,54.169998,53.639999,53.919998,291100,53.808386
2015-06-11,54.380001,54.380001,53.669998,54.200001,259100,54.087809
2015-06-10,53.330002,54.450001,53.330002,54.029999,542500,53.918159
2015-06-09,53.52,53.549999,53.150002,53.459999,322400,53.34934
2015-06-08,54.189999,54.189999,53.16,53.52,318800,53.409217
2015-06-05,53.07,54.130001,52.810001,54.049999,467500,53.938118
2015-06-04,52.490002,53.150002,51.919998,53.009998,673000,52.90027
2015-06-03,52.049999,52.98,51.919998,52.959999,364500,52.850375
2015-06-02,51.470001,52.470001,51.400002,51.889999,377300,51.78259
2015-06-01,51.169998,51.790001,50.560001,51.759998,350600,51.652858
2015-05-29,51.75,51.93,50.639999,50.939999,316300,50.834555
2015-05-28,52.439999,52.50,51.52,51.810001,331400,51.702757
2015-05-27,52.360001,52.50,51.77,52.41,454300,52.301514
2015-05-26,52.720001,53.57,51.900002,52.139999,370600,52.032072
2015-05-22,53.799999,54.299999,52.900002,53.16,398800,53.049961
2015-05-21,52.610001,54.59,52.450001,53.790001,756900,53.678658
2015-05-20,50.93,51.279999,50.59,51.080002,196100,50.974269
2015-05-19,51.25,51.25,50.299999,50.759998,284400,50.654928
2015-05-18,50.48,51.299999,50.439999,51.25,255900,51.143915
2015-05-15,50.50,50.75,50.439999,50.650002,301500,50.545159
2015-05-14,49.91,50.66,49.68,50.66,306100,50.555136
2015-05-13,49.279999,49.939999,49.009998,49.849998,253300,49.647018
2015-05-12,48.610001,49.220001,48.150002,49.16,252100,48.959829
2015-05-11,48.560001,49.099998,48.419998,49.009998,312700,48.810438
2015-05-08,48.650002,49.049999,48.299999,48.66,448800,48.461865
2015-05-07,47.279999,48.369999,47.07,47.990002,473100,47.794594
2015-05-06,46.880001,47.400002,46.369999,47.389999,285600,47.197035
2015-05-05,47.09,47.630001,46.400002,46.84,437000,46.649276
2015-05-04,47.439999,47.939999,47.25,47.389999,260600,47.197035
2015-05-01,47.099998,47.82,46.84,47.349998,191600,47.157197
2015-04-30,48.060001,48.279999,46.959999,47.049999,372200,46.85842
2015-04-29,48.779999,48.959999,48.27,48.52,151400,48.322435
2015-04-28,48.799999,49.110001,48.48,48.959999,131200,48.760642
2015-04-27,48.540001,49.150002,48.450001,48.790001,261100,48.591336
2015-04-24,49.200001,49.419998,48.330002,48.459999,202200,48.262678
2015-04-23,48.669998,49.139999,48.610001,49.00,164500,48.80048
2015-04-22,48.68,49.16,47.900002,48.93,395900,48.730766
2015-04-21,48.849998,50.669998,48.25,49.130001,460900,48.929952
2015-04-20,48.07,49.049999,48.07,48.580002,330100,48.382192
