Date,Open,High,Low,Close,Volume,Adj Close
2015-10-15,28.879999,29.00,28.530001,28.940001,3144100,28.940001
2015-10-14,28.879999,29.129999,28.73,28.77,2249000,28.77
2015-10-13,28.549999,29.120001,28.540001,28.879999,3013800,28.879999
2015-10-12,28.77,29.040001,28.620001,28.75,2770100,28.75
2015-10-09,28.74,28.879999,28.450001,28.85,3758500,28.85
2015-10-08,28.129999,28.60,28.08,28.549999,2712800,28.549999
2015-10-07,27.92,28.24,27.92,28.15,3132300,28.15
2015-10-06,27.959999,28.01,27.77,27.83,2580200,27.83
2015-10-05,27.530001,27.98,27.50,27.969999,3278900,27.969999
2015-10-02,26.84,27.459999,26.73,27.450001,2840100,27.450001
2015-10-01,27.620001,27.620001,26.75,27.00,3119200,27.00
2015-09-30,27.290001,27.41,27.110001,27.34,2794500,27.34
2015-09-29,26.85,27.219999,26.82,27.059999,3053000,27.059999
2015-09-28,27.110001,27.190001,26.76,26.870001,2988600,26.870001
2015-09-25,27.389999,27.50,27.059999,27.200001,3151100,27.200001
2015-09-24,27.42,27.450001,27.040001,27.25,2765500,27.25
2015-09-23,27.700001,27.74,27.309999,27.59,2622900,27.59
2015-09-22,28.040001,28.09,27.610001,27.700001,2663400,27.700001
2015-09-21,28.309999,28.42,28.00,28.25,3878700,28.25
2015-09-18,28.299999,28.66,28.139999,28.26,5779200,28.26
2015-09-17,28.43,29.15,28.379999,28.620001,5014200,28.620001
2015-09-16,27.370001,28.57,27.370001,28.450001,7162700,28.450001
2015-09-15,27.440001,27.629999,27.01,27.370001,3350400,27.370001
2015-09-14,27.370001,27.389999,27.059999,27.18,3021700,27.18
2015-09-11,27.200001,27.370001,26.879999,27.32,4260500,27.32
2015-09-10,26.959999,27.49,26.91,27.290001,4762000,27.290001
2015-09-09,27.66,27.75,26.879999,26.91,3735600,26.91
2015-09-08,27.77,27.77,27.35,27.65,3443500,27.34
2015-09-04,27.59,27.66,27.200001,27.370001,3076900,27.06314
2015-09-03,27.91,28.09,27.799999,27.90,3450200,27.587197
2015-09-02,27.93,27.950001,27.540001,27.82,3333900,27.508094
2015-09-01,27.49,27.889999,27.309999,27.59,5185800,27.280673
2015-08-31,28.18,28.26,27.870001,27.940001,3873700,27.626749
2015-08-28,28.049999,28.41,27.75,28.24,3658500,27.923385
2015-08-27,27.700001,28.23,27.41,28.00,4386000,27.686076
2015-08-26,27.49,27.57,26.84,27.48,10312500,27.171905
2015-08-25,28.66,29.049999,26.879999,26.90,7857000,26.598408
2015-08-24,29.26,29.42,28.030001,28.17,9553000,27.85417
2015-08-21,30.440001,30.530001,29.959999,29.969999,4436300,29.633988
2015-08-20,30.74,30.83,30.530001,30.58,3013700,30.23715
2015-08-19,31.02,31.190001,30.84,30.91,2576700,30.56345
2015-08-18,31.040001,31.209999,30.860001,31.15,2474500,30.800759
2015-08-17,31.139999,31.219999,30.91,31.08,2881000,30.731544
2015-08-14,31.01,31.209999,30.700001,31.190001,3993900,30.840312
2015-08-13,30.83,31.16,30.690001,30.99,5021300,30.642553
2015-08-12,30.65,30.969999,30.35,30.950001,3431500,30.603003
2015-08-11,30.969999,31.030001,30.76,30.809999,3317100,30.464571
2015-08-10,31.219999,31.34,30.93,31.059999,3509700,30.711768
2015-08-07,30.610001,31.09,30.49,31.059999,2949200,30.711768
2015-08-06,30.780001,30.879999,30.459999,30.66,2754200,30.316253
2015-08-05,31.09,31.299999,30.790001,30.790001,3032600,30.444797
2015-08-04,30.82,31.09,30.799999,31.07,3483500,30.721656
2015-08-03,30.67,30.860001,30.48,30.82,2666600,30.474459
2015-07-31,30.629999,31.370001,30.629999,30.690001,3197200,30.345917
2015-07-30,30.139999,30.52,30.040001,30.459999,3261300,30.118495
2015-07-29,30.030001,30.459999,29.950001,30.299999,2814500,29.960289
2015-07-28,30.10,30.18,29.91,30.049999,4155400,29.713091
2015-07-27,29.709999,30.049999,29.629999,29.99,5260400,29.653765
2015-07-24,29.98,30.049999,29.76,29.77,1680200,29.436232
2015-07-23,30.139999,30.16,29.870001,30.030001,3029400,29.693317
2015-07-22,30.25,30.540001,30.120001,30.18,2011500,29.841635
2015-07-21,30.50,30.620001,30.120001,30.26,2957300,29.920738
2015-07-20,30.440001,30.66,30.35,30.540001,2290300,30.197599
2015-07-17,30.959999,30.959999,30.33,30.48,4894400,30.138271
2015-07-16,30.77,31.26,30.74,30.959999,4294300,30.612889
2015-07-15,31.219999,31.389999,31.030001,31.209999,2484600,30.860086
2015-07-14,31.620001,31.67,31.24,31.26,3056100,30.909526
2015-07-13,31.450001,31.690001,31.290001,31.65,3541400,31.295153
2015-07-10,31.459999,31.60,31.24,31.290001,2355000,30.939191
2015-07-09,31.76,31.860001,31.25,31.26,2457000,30.909526
2015-07-08,31.889999,31.98,31.440001,31.559999,2281200,31.206162
2015-07-07,31.809999,32.16,31.620001,32.060001,2992200,31.700558
2015-07-06,31.60,31.889999,31.60,31.73,2423700,31.374256
2015-07-02,32.150002,32.34,31.780001,31.84,2279300,31.483024
2015-07-01,31.530001,32.029999,31.35,32.00,2618900,31.64123
2015-06-30,31.68,31.83,31.459999,31.50,3079800,31.146835
2015-06-29,31.969999,32.110001,31.50,31.530001,2221700,31.1765
2015-06-26,31.860001,32.290001,31.76,32.07,3134100,31.710445
2015-06-25,32.299999,32.41,31.84,31.860001,2614900,31.5028
2015-06-24,32.310001,32.540001,32.18,32.25,2636800,31.888427
2015-06-23,32.529999,32.57,32.200001,32.310001,2124600,31.947755
2015-06-22,32.68,32.790001,32.439999,32.57,2491500,32.204839
2015-06-19,32.700001,32.73,32.450001,32.57,4804600,32.204839
2015-06-18,32.82,33.049999,32.689999,32.709999,5711300,32.343269
2015-06-17,32.970001,33.049999,32.52,32.669998,6050500,32.303716
2015-06-16,32.099998,33.099998,32.099998,32.959999,6784000,32.590466
2015-06-15,31.950001,32.240002,31.889999,32.040001,3111400,31.680782
2015-06-12,32.130001,32.360001,32.009998,32.060001,1987400,31.700558
2015-06-11,31.92,32.25,31.870001,32.169998,3342300,31.809322
2015-06-10,31.379999,32.009998,31.379999,31.799999,3188900,31.443471
2015-06-09,31.50,31.629999,31.209999,31.24,2477800,30.88975
2015-06-08,31.48,31.83,31.440001,31.51,2341000,31.156724
2015-06-05,31.48,31.889999,31.43,31.459999,3567500,31.107283
2015-06-04,31.790001,31.92,31.639999,31.690001,12328500,31.334706
2015-06-03,32.169998,32.169998,31.85,31.85,3623700,31.492912
2015-06-02,32.52,32.619999,32.27,32.419998,3605300,31.769771
2015-06-01,32.59,32.799999,32.380001,32.50,3383700,31.848168
2015-05-29,32.939999,32.98,32.50,32.560001,3434500,31.906966
2015-05-28,33.009998,33.060001,32.650002,32.959999,3565200,32.298941
2015-05-27,33.02,33.060001,32.740002,33.00,4648600,32.33814
2015-05-26,32.599998,33.029999,32.41,32.959999,5942400,32.298941
2015-05-22,32.48,32.869999,32.360001,32.73,3912600,32.073555
2015-05-21,32.59,32.709999,32.439999,32.580002,2693800,31.926565
2015-05-20,32.740002,32.91,32.59,32.669998,3048800,32.014757
2015-05-19,32.00,32.73,31.969999,32.66,4361300,32.004959
2015-05-18,32.32,32.369999,32.00,32.07,2797300,31.426792
2015-05-15,32.619999,32.639999,32.259998,32.34,2645600,31.691377
2015-05-14,32.200001,32.669998,32.110001,32.529999,3338900,31.877565
2015-05-13,32.139999,32.360001,31.99,32.029999,3405000,31.387593
2015-05-12,32.240002,32.330002,31.83,31.950001,3089500,31.3092
2015-05-11,32.400002,32.529999,32.130001,32.380001,4593500,31.730576
2015-05-08,32.400002,32.810001,32.400002,32.529999,4471000,31.877565
2015-05-07,31.24,32.130001,31.110001,32.040001,4486400,31.397395
2015-05-06,31.129999,31.32,31.059999,31.17,4116100,30.544843
2015-05-05,31.52,31.610001,31.07,31.120001,3103800,30.495847
2015-05-04,31.950001,32.07,31.450001,31.59,5075000,30.95642
2015-05-01,31.389999,32.150002,31.16,32.009998,8361400,31.367994
2015-04-30,31.60,31.67,31.25,31.51,4560300,30.878024
2015-04-29,31.969999,32.119999,31.639999,31.73,2669000,31.093611
2015-04-28,32.07,32.330002,31.940001,32.18,2875000,31.534586
2015-04-27,32.369999,32.450001,32.080002,32.16,3639600,31.514987
2015-04-24,31.85,32.470001,31.85,32.330002,4196500,31.681579
2015-04-23,31.73,32.00,31.559999,31.860001,2148600,31.221005
2015-04-22,31.620001,31.799999,31.51,31.75,2338700,31.11321
2015-04-21,31.82,31.99,31.58,31.610001,2749000,30.976019
2015-04-20,31.65,31.879999,31.65,31.73,8847600,31.093611
