Date,Open,High,Low,Close,Volume,Adj Close
2015-10-15,76.419998,76.93,72.629997,74.139999,4756700,74.139999
2015-10-14,78.620003,78.839996,77.050003,77.190002,905000,77.190002
2015-10-13,78.349998,79.760002,78.129997,78.639999,1180300,78.639999
2015-10-12,78.279999,79.07,77.970001,78.870003,689600,78.870003
2015-10-09,77.93,78.559998,77.660004,78.400002,726100,78.400002
2015-10-08,76.150002,78.589996,76.150002,78.18,1123500,78.18
2015-10-07,75.029999,76.489998,74.510002,76.449997,854300,76.449997
2015-10-06,75.32,76.459999,74.769997,75.050003,1209900,75.050003
2015-10-05,74.43,75.510002,74.339996,75.349998,816400,75.349998
2015-10-02,70.989998,73.849998,70.690002,73.849998,1305900,73.849998
2015-10-01,71.93,73.220001,71.349998,72.059998,1414800,72.059998
2015-09-30,70.949997,72.169998,70.790001,71.900002,1257600,71.900002
2015-09-29,70.900002,71.339996,69.769997,70.18,1268500,70.18
2015-09-28,73.029999,73.360001,70.809998,70.879997,1614400,70.879997
2015-09-25,74.160004,74.639999,73.349998,73.519997,1228000,73.519997
2015-09-24,73.419998,73.959999,72.940002,73.580002,974300,73.580002
2015-09-23,74.650002,74.800003,73.919998,73.940002,834200,73.940002
2015-09-22,75.50,75.540001,74.339996,74.620003,815200,74.620003
2015-09-21,76.470001,77.010002,75.919998,76.43,704900,76.43
2015-09-18,76.980003,77.199997,75.699997,75.910004,2172400,75.910004
2015-09-17,78.449997,79.559998,78.089996,78.370003,942800,78.370003
2015-09-16,78.360001,78.82,78.230003,78.709999,1187700,78.709999
2015-09-15,78.830002,78.830002,77.309998,78.440002,1119300,78.440002
2015-09-14,78.620003,79.269997,78.43,78.620003,581100,78.620003
2015-09-11,77.989998,78.940002,77.699997,78.919998,738500,78.919998
2015-09-10,77.32,78.330002,76.709999,77.980003,889500,77.980003
2015-09-09,78.809998,78.900002,77.330002,77.459999,755600,77.459999
2015-09-08,77.57,78.120003,77.050003,78.029999,853400,78.029999
2015-09-04,76.199997,77.089996,75.959999,76.199997,848000,76.199997
2015-09-03,77.360001,78.120003,76.900002,77.260002,873100,77.260002
2015-09-02,76.230003,77.309998,75.559998,77.099998,1248500,77.099998
2015-09-01,74.699997,75.82,74.650002,75.129997,1649400,75.129997
2015-08-31,76.800003,77.349998,76.260002,76.480003,1054300,76.480003
2015-08-28,77.07,77.470001,76.220001,77.199997,1057500,77.199997
2015-08-27,76.830002,77.440002,75.529999,77.239998,1437100,77.239998
2015-08-26,75.199997,76.150002,73.809998,75.889999,1769100,75.889999
2015-08-25,76.709999,76.709999,74.18,74.230003,1460500,73.810003
2015-08-24,72.029999,76.300003,70.419998,74.220001,2122400,73.800058
2015-08-21,77.25,77.970001,76.580002,76.790001,1572000,76.355516
2015-08-20,79.489998,79.870003,77.989998,78.040001,1270200,77.598444
2015-08-19,79.849998,80.900002,79.529999,80.419998,788600,79.964975
2015-08-18,80.760002,80.760002,79.989998,80.349998,883200,79.895371
2015-08-17,78.809998,80.650002,78.410004,80.599998,1135700,80.143956
2015-08-14,80.150002,80.739998,78.669998,79.029999,2280800,78.58284
2015-08-13,80.089996,81.110001,79.400002,80.400002,1105300,79.945091
2015-08-12,78.980003,80.32,78.559998,80.080002,1613900,79.626902
2015-08-11,79.220001,79.940002,78.879997,79.790001,1626900,79.338542
2015-08-10,79.489998,80.150002,78.919998,79.980003,1199500,79.527469
2015-08-07,79.139999,79.269997,78.209999,78.599998,1327100,78.155273
2015-08-06,79.879997,79.910004,78.230003,79.18,2146300,78.731993
2015-08-05,81.589996,82.080002,79.639999,79.699997,1507100,79.249047
2015-08-04,81.889999,82.220001,80.989998,81.169998,776500,80.710731
2015-08-03,82.68,83.32,81.400002,81.800003,1086100,81.337171
2015-07-31,82.550003,82.949997,81.599998,82.519997,1427400,82.053091
2015-07-30,82.220001,83.120003,81.580002,81.760002,2051000,81.297397
2015-07-29,81.07,82.879997,80.779999,82.339996,2989700,81.874109
2015-07-28,82.459999,84.169998,80.360001,80.610001,3941200,80.153902
2015-07-27,82.660004,82.760002,80.889999,81.599998,2871700,81.138298
2015-07-24,84.510002,84.519997,82.720001,83.059998,1673600,82.590037
2015-07-23,87.309998,87.309998,83.900002,84.449997,1658300,83.972171
2015-07-22,86.580002,87.330002,86.150002,87.290001,721300,86.796106
2015-07-21,86.550003,86.830002,85.879997,86.620003,1389400,86.129899
2015-07-20,86.889999,87.260002,86.510002,86.610001,778000,86.119953
2015-07-17,86.330002,86.879997,86.040001,86.669998,824500,86.179612
2015-07-16,86.160004,86.599998,85.559998,86.550003,640700,86.060295
2015-07-15,86.00,86.300003,85.410004,85.559998,900700,85.075891
2015-07-14,85.559998,86.309998,85.400002,86.160004,949200,85.672503
2015-07-13,85.25,85.769997,84.940002,85.43,982600,84.94663
2015-07-10,83.629997,84.550003,83.43,84.339996,865100,83.862793
2015-07-09,82.900002,83.639999,82.480003,82.50,1115800,82.033208
2015-07-08,82.949997,83.25,81.699997,81.699997,928500,81.237731
2015-07-07,83.239998,83.830002,82.199997,83.660004,789000,83.186648
2015-07-06,82.940002,83.790001,82.510002,83.010002,1146000,82.540324
2015-07-02,83.559998,83.779999,83.110001,83.410004,740000,82.938062
2015-07-01,82.540001,83.400002,82.370003,83.25,915400,82.778964
2015-06-30,82.400002,82.440002,81.610001,81.910004,1299000,81.446549
2015-06-29,82.68,83.330002,81.580002,81.699997,928000,81.237731
2015-06-26,83.50,83.650002,82.900002,83.400002,813600,82.928117
2015-06-25,83.290001,83.300003,82.839996,83.129997,1160300,82.65964
2015-06-24,83.839996,84.080002,82.93,82.93,1150400,82.460775
2015-06-23,84.449997,84.470001,83.32,83.809998,921300,83.335793
2015-06-22,84.50,84.849998,83.919998,84.089996,967000,83.614208
2015-06-19,84.529999,84.769997,83.889999,83.910004,1693400,83.435233
2015-06-18,84.330002,85.120003,84.260002,84.800003,1128600,84.320197
2015-06-17,84.089996,84.25,83.290001,84.040001,813300,83.564495
2015-06-16,84.230003,84.449997,83.68,84.059998,516300,83.584379
2015-06-15,84.019997,84.419998,83.540001,84.300003,540100,83.823026
2015-06-12,85.019997,85.169998,84.449997,84.580002,535600,84.101441
2015-06-11,85.25,85.730003,85.050003,85.519997,639700,85.036117
2015-06-10,84.620003,85.410004,84.480003,85.019997,789800,84.538946
2015-06-09,83.980003,85.120003,83.739998,84.580002,1097000,84.101441
2015-06-08,84.029999,84.400002,83.57,83.75,1116700,83.276135
2015-06-05,84.739998,85.370003,84.169998,84.599998,1272600,84.121324
2015-06-04,85.00,86.120003,84.839996,85.029999,788500,84.548891
2015-06-03,85.00,85.709999,84.919998,85.550003,781000,85.065953
2015-06-02,84.43,85.400002,84.239998,85.07,931600,84.588666
2015-06-01,85.07,85.690002,84.699997,84.870003,782800,84.389801
2015-05-29,85.089996,85.330002,84.650002,84.910004,924700,84.429575
2015-05-28,85.559998,85.849998,84.57,85.300003,717000,84.817368
2015-05-27,85.099998,85.870003,85.050003,85.620003,670600,85.135557
2015-05-26,86.800003,86.809998,84.669998,85.019997,963200,84.121321
2015-05-22,86.690002,87.160004,86.300003,86.889999,607500,85.971557
2015-05-21,86.489998,86.82,86.029999,86.720001,724200,85.803356
2015-05-20,86.800003,87.010002,86.139999,86.489998,520500,85.575784
2015-05-19,87.220001,87.779999,86.610001,86.849998,569100,85.931979
2015-05-18,86.559998,87.510002,86.419998,87.150002,621800,86.228811
2015-05-15,87.459999,88.010002,86.239998,86.599998,839800,85.684622
2015-05-14,86.099998,87.139999,86.00,87.059998,733200,86.139759
2015-05-13,86.599998,87.139999,85.599998,85.699997,839100,84.794134
2015-05-12,86.839996,87.050003,86.239998,86.510002,719200,85.595577
2015-05-11,86.720001,87.860001,86.400002,87.230003,1517400,86.307968
2015-05-08,86.75,88.300003,86.040001,86.709999,1073900,85.79346
2015-05-07,84.68,85.940002,84.68,85.760002,1036800,84.853504
2015-05-06,85.660004,86.370003,84.510002,85.110001,900200,84.210374
2015-05-05,85.660004,85.959999,84.809998,85.50,1238400,84.596251
2015-05-04,86.599998,87.120003,85.480003,85.839996,899200,84.932653
2015-05-01,85.760002,86.75,85.760002,86.50,795000,85.58568
2015-04-30,86.169998,86.349998,84.830002,85.400002,1366700,84.497309
2015-04-29,86.290001,88.68,85.870003,86.110001,2307900,85.199803
2015-04-28,90.00,90.550003,86.050003,86.379997,2572700,85.466946
2015-04-27,91.900002,92.00,90.010002,90.099998,1419800,89.147626
2015-04-24,91.110001,91.43,90.519997,91.330002,649100,90.364628
2015-04-23,90.660004,91.459999,90.360001,90.769997,766400,89.810542
2015-04-22,90.480003,90.910004,89.120003,90.730003,564200,89.770972
2015-04-21,90.099998,90.360001,89.25,90.230003,739200,89.276257
2015-04-20,89.660004,89.769997,88.739998,89.489998,1083500,88.544074
