Date,Open,High,Low,Close,Volume,Adj Close
2015-10-15,12.16,12.56,12.00,12.53,6338300,12.53
2015-10-14,12.07,12.35,11.75,12.18,6778000,12.18
2015-10-13,11.50,12.32,11.50,11.87,7281200,11.87
2015-10-12,12.54,12.60,11.50,11.69,8008000,11.69
2015-10-09,12.95,13.08,12.14,12.38,11590100,12.38
2015-10-08,12.21,12.80,11.91,12.62,8800600,12.62
2015-10-07,12.30,12.90,11.88,12.29,17914200,12.29
2015-10-06,11.55,11.92,11.18,11.80,12138300,11.80
2015-10-05,10.82,11.59,10.71,11.43,16716700,11.43
2015-10-02,9.85,10.62,9.66,10.55,14091200,10.55
2015-10-01,10.33,10.64,9.80,9.91,12937900,9.91
2015-09-30,10.58,10.77,10.21,10.42,10745000,10.42
2015-09-29,10.29,10.75,10.12,10.45,12709200,10.45
2015-09-28,10.48,10.51,10.02,10.20,14076100,10.20
2015-09-25,11.58,11.65,10.75,10.79,14376300,10.79
2015-09-24,11.03,11.70,10.90,11.48,16090700,11.48
2015-09-23,11.91,11.93,11.16,11.23,12542100,11.23
2015-09-22,12.50,12.69,11.81,11.82,15667800,11.82
2015-09-21,13.26,13.29,12.78,12.90,12438200,12.90
2015-09-18,13.63,13.67,13.07,13.22,14533300,13.22
2015-09-17,13.65,14.28,13.53,13.79,11239000,13.79
2015-09-16,13.61,14.07,13.32,13.73,10053800,13.73
2015-09-15,13.55,13.76,13.40,13.54,7697900,13.54
2015-09-14,13.96,14.03,13.38,13.59,9201200,13.59
2015-09-11,14.39,14.55,13.91,14.10,8949000,14.10
2015-09-10,14.67,14.75,14.20,14.46,11813200,14.46
2015-09-09,15.17,15.30,14.12,14.69,15467300,14.69
2015-09-08,15.39,15.49,14.70,14.95,12589000,14.95
2015-09-04,15.64,15.84,15.04,15.06,9981100,15.06
2015-09-03,16.49,16.639999,15.72,15.93,9127000,15.93
2015-09-02,16.530001,16.530001,15.76,16.33,8405500,16.33
2015-09-01,15.83,16.40,15.75,15.89,8595500,15.89
2015-08-31,16.52,16.84,16.139999,16.379999,10044000,16.379999
2015-08-28,16.690001,17.719999,16.360001,16.780001,12785100,16.780001
2015-08-27,15.04,16.950001,14.87,16.889999,18452500,16.889999
2015-08-26,14.59,14.81,14.19,14.60,12223900,14.60
2015-08-25,16.049999,16.059999,14.25,14.33,17439800,14.33
2015-08-24,14.80,16.18,14.54,15.24,13123500,15.24
2015-08-21,16.299999,16.540001,15.85,15.91,13652800,15.91
2015-08-20,17.059999,17.15,16.60,16.91,10415800,16.91
2015-08-19,18.200001,18.299999,17.01,17.030001,12791400,17.030001
2015-08-18,18.639999,18.85,18.42,18.459999,6791000,18.459999
2015-08-17,19.139999,19.450001,18.91,19.00,5381600,19.00
2015-08-14,19.07,19.48,18.91,19.27,4768100,19.27
2015-08-13,18.780001,19.41,18.610001,19.110001,7661300,19.110001
2015-08-12,19.17,19.290001,18.41,19.139999,14294500,19.139999
2015-08-11,20.25,20.629999,19.25,19.48,14282800,19.48
2015-08-10,20.639999,21.49,19.99,21.389999,9861800,21.389999
2015-08-07,20.60,21.15,20.18,20.530001,9686800,20.480001
2015-08-06,19.639999,20.73,19.469999,20.65,10004500,20.599708
2015-08-05,20.17,20.75,19.709999,19.870001,11732200,19.821609
2015-08-04,20.040001,20.33,19.42,19.60,11278900,19.552266
2015-08-03,19.27,19.85,19.02,19.790001,11685100,19.741803
2015-07-31,20.219999,20.459999,19.27,19.469999,14955300,19.422581
2015-07-30,20.26,20.67,19.309999,20.09,23033300,20.041072
2015-07-29,18.290001,20.18,18.27,20.040001,29629100,19.991195
2015-07-28,17.15,17.75,16.83,17.73,14931600,17.686819
2015-07-27,16.25,16.969999,15.68,16.799999,13607700,16.759084
2015-07-24,16.90,16.959999,16.18,16.25,12220800,16.210424
2015-07-23,17.25,17.77,16.90,16.969999,10516300,16.92867
2015-07-22,17.459999,17.459999,16.809999,17.190001,8892600,17.148135
2015-07-21,17.700001,18.389999,17.559999,17.700001,8361100,17.656893
2015-07-20,17.76,17.82,17.18,17.719999,8471700,17.676843
2015-07-17,18.00,18.440001,17.549999,17.799999,11391100,17.756648
2015-07-16,18.65,18.83,17.690001,18.01,13165100,17.966138
2015-07-15,19.870001,19.889999,18.379999,18.52,12366600,18.474896
2015-07-14,19.76,19.99,19.26,19.92,5456000,19.871486
2015-07-13,19.129999,19.99,18.84,19.889999,9203000,19.841558
2015-07-10,19.299999,19.43,18.73,18.93,7382900,18.883897
2015-07-09,19.629999,19.719999,18.91,18.93,9023500,18.883897
2015-07-08,19.66,19.959999,19.059999,19.16,9234600,19.113337
2015-07-07,19.299999,20.440001,18.52,19.99,16184800,19.941315
2015-07-06,19.40,19.92,19.32,19.67,5878100,19.622095
2015-07-02,20.549999,20.549999,19.549999,19.780001,10610800,19.731828
2015-07-01,20.77,21.01,20.379999,20.51,5034700,20.460049
2015-06-30,21.049999,21.129999,20.26,20.620001,8880400,20.569782
2015-06-29,21.33,21.66,20.889999,20.90,7086100,20.849099
2015-06-26,22.049999,22.049999,21.50,21.60,6303400,21.547395
2015-06-25,22.42,22.52,21.91,22.040001,5481900,21.986324
2015-06-24,22.950001,23.15,22.26,22.41,6268300,22.355422
2015-06-23,22.57,23.139999,22.549999,22.91,6964700,22.854204
2015-06-22,23.200001,23.219999,22.58,22.620001,7478500,22.564911
2015-06-19,23.27,23.780001,23.10,23.139999,4959000,23.083643
2015-06-18,23.389999,23.629999,22.93,23.389999,6222900,23.333034
2015-06-17,23.440001,23.60,22.66,23.52,7921000,23.462719
2015-06-16,23.200001,23.50,23.00,23.40,4957500,23.34301
2015-06-15,24.299999,24.299999,23.24,23.309999,9811100,23.253229
2015-06-12,24.190001,24.58,23.90,24.559999,4737000,24.500185
2015-06-11,24.32,24.610001,24.10,24.26,4027000,24.200916
2015-06-10,25.16,25.23,24.120001,24.370001,7739500,24.310649
2015-06-09,24.68,25.16,24.59,24.68,4968900,24.619894
2015-06-08,24.91,25.23,24.540001,24.610001,4322600,24.550064
2015-06-05,25.389999,25.389999,24.77,24.90,5816800,24.839357
2015-06-04,25.469999,26.01,25.299999,25.549999,4349700,25.487774
2015-06-03,25.719999,26.950001,25.40,25.639999,12013100,25.577555
2015-06-02,24.040001,25.860001,24.040001,25.780001,10189500,25.717215
2015-06-01,24.370001,24.41,23.860001,23.889999,6718400,23.831817
2015-05-29,24.43,24.889999,24.379999,24.40,6619200,24.340575
2015-05-28,24.35,24.58,24.110001,24.42,4560600,24.360526
2015-05-27,24.35,24.879999,24.219999,24.639999,4949600,24.57999
2015-05-26,24.790001,25.01,24.24,24.42,5849600,24.360526
2015-05-22,23.799999,25.299999,23.50,25.030001,11726900,24.969041
2015-05-21,24.389999,24.48,23.76,23.91,6613700,23.851768
2015-05-20,24.65,24.65,23.73,24.440001,6709900,24.380478
2015-05-19,25.219999,25.290001,24.16,24.309999,7752100,24.250794
2015-05-18,25.77,26.030001,25.41,25.48,5844000,25.417944
2015-05-15,26.049999,26.190001,25.690001,26.07,5738700,26.006508
2015-05-14,26.799999,27.09,25.84,26.040001,8816800,25.976582
2015-05-13,25.860001,26.629999,25.77,26.33,6616600,26.265875
2015-05-12,25.65,26.58,25.65,25.799999,10605100,25.737165
2015-05-11,24.469999,25.74,24.370001,25.58,8227100,25.517701
2015-05-08,24.09,24.49,23.76,24.32,6364300,24.210891
2015-05-07,23.959999,23.959999,23.200001,23.809999,6351100,23.703179
2015-05-06,24.190001,24.690001,23.870001,24.07,7253900,23.962012
2015-05-05,23.98,24.52,23.93,24.01,7710300,23.902282
2015-05-04,23.469999,24.08,23.41,23.74,8529200,23.633493
2015-05-01,24.299999,24.40,23.190001,23.26,8823600,23.155647
2015-04-30,23.51,24.360001,23.49,24.02,11938900,23.912238
2015-04-29,24.73,25.48,23.459999,23.67,25347600,23.563807
2015-04-28,26.34,27.25,26.120001,26.780001,12567200,26.659855
2015-04-27,26.950001,27.41,26.190001,26.26,7647300,26.142188
2015-04-24,27.27,27.620001,26.59,26.780001,5883000,26.659855
2015-04-23,25.950001,27.25,25.52,26.950001,8066600,26.829093
2015-04-22,26.030001,26.15,25.59,25.780001,5366000,25.664342
2015-04-21,25.40,26.379999,25.16,25.85,7730700,25.734027
2015-04-20,25.49,25.91,25.07,25.549999,5866300,25.435372
