Date,Open,High,Low,Close,Volume,Adj Close
2015-10-15,36.139999,36.490002,35.919998,36.349998,2588200,36.349998
2015-10-14,35.919998,36.310001,35.869999,35.990002,2427600,35.990002
2015-10-13,35.73,36.02,35.700001,35.889999,2919900,35.889999
2015-10-12,35.290001,35.880001,35.23,35.84,2080600,35.84
2015-10-09,35.509998,35.689999,35.07,35.259998,3063600,35.259998
2015-10-08,34.919998,35.560001,34.900002,35.509998,2011500,35.509998
2015-10-07,35.049999,35.099998,34.860001,35.029999,4444600,35.029999
2015-10-06,35.490002,35.50,34.880001,35.040001,3871200,35.040001
2015-10-05,35.549999,35.59,35.080002,35.509998,5369400,35.509998
2015-10-02,35.200001,35.48,34.82,35.330002,3294300,35.330002
2015-10-01,35.419998,35.490002,34.639999,35.009998,2873300,35.009998
2015-09-30,34.880001,35.450001,34.709999,35.41,2709000,35.41
2015-09-29,34.66,34.869999,34.490002,34.700001,3361700,34.700001
2015-09-28,34.849998,35.139999,34.610001,34.639999,3109000,34.639999
2015-09-25,34.459999,35.200001,34.290001,34.91,2832600,34.91
2015-09-24,33.950001,34.490002,33.880001,34.400002,3556800,34.400002
2015-09-23,33.91,34.139999,33.779999,34.110001,3759600,34.110001
2015-09-22,33.849998,34.18,33.73,33.919998,4282300,33.919998
2015-09-21,33.720001,34.220001,33.610001,34.110001,4013300,34.110001
2015-09-18,33.540001,34.040001,33.509998,33.630001,3772600,33.630001
2015-09-17,33.32,34.240002,33.27,33.84,3335300,33.84
2015-09-16,33.099998,33.48,33.040001,33.360001,2625100,33.360001
2015-09-15,32.889999,33.290001,32.73,33.110001,4569200,33.110001
2015-09-14,33.16,33.380001,32.990002,33.16,2842000,32.84
2015-09-11,32.540001,33.169998,32.48,33.16,2791900,32.84
2015-09-10,32.52,32.880001,32.43,32.709999,4989100,32.394342
2015-09-09,33.23,33.23,32.509998,32.560001,4514100,32.245792
2015-09-08,32.959999,33.099998,32.720001,33.080002,3181900,32.760774
2015-09-04,32.950001,33.119999,32.439999,32.630001,3989300,32.315116
2015-09-03,33.130001,33.48,33.040001,33.290001,4302400,32.968747
2015-09-02,33.279999,33.310001,32.799999,33.099998,4570000,32.780578
2015-09-01,33.330002,33.470001,32.82,32.98,5510400,32.661737
2015-08-31,33.82,33.860001,33.220001,33.73,5646200,33.404499
2015-08-28,33.98,34.110001,33.459999,33.950001,2366100,33.622377
2015-08-27,33.75,34.00,33.459999,34.00,4082400,33.671894
2015-08-26,33.470001,33.689999,32.830002,33.540001,4839700,33.216334
2015-08-25,34.529999,34.689999,33.049999,33.080002,5174600,32.760774
2015-08-24,34.650002,35.07,33.91,34.099998,6026600,33.770928
2015-08-21,35.849998,36.049999,35.560001,35.560001,3716700,35.216841
2015-08-20,36.049999,36.349998,35.889999,36.009998,2438800,35.662496
2015-08-19,35.849998,36.48,35.689999,36.32,3832100,35.969505
2015-08-18,35.880001,36.009998,35.77,35.91,2412300,35.563462
2015-08-17,35.82,36.110001,35.720001,35.990002,2788600,35.642692
2015-08-14,35.50,35.849998,35.259998,35.799999,1568900,35.454523
2015-08-13,35.630001,35.689999,35.189999,35.560001,2410700,35.216841
2015-08-12,35.310001,35.900002,35.220001,35.720001,3889000,35.375297
2015-08-11,35.009998,35.450001,34.84,35.369999,3270900,35.028672
2015-08-10,35.23,35.27,34.869999,34.939999,2813700,34.602822
2015-08-07,34.73,35.400002,34.59,35.25,2568300,34.909831
2015-08-06,34.369999,34.849998,34.240002,34.830002,3942200,34.493886
2015-08-05,34.330002,34.450001,34.09,34.419998,3176000,34.087839
2015-08-04,34.509998,34.52,34.07,34.150002,1962700,33.820448
2015-08-03,34.689999,34.869999,34.400002,34.529999,2849400,34.196778
2015-07-31,34.43,35.150002,34.299999,34.669998,5335800,34.335427
2015-07-30,33.700001,34.380001,33.130001,34.209999,4738100,33.879867
2015-07-29,33.540001,33.759998,33.290001,33.73,2424700,33.404499
2015-07-28,33.32,33.610001,33.189999,33.59,2364400,33.265851
2015-07-27,32.889999,33.470001,32.82,33.34,3091800,33.018263
2015-07-24,32.91,33.02,32.790001,32.860001,2329100,32.542896
2015-07-23,33.330002,33.34,32.73,32.91,2959400,32.592413
2015-07-22,33.16,33.490002,33.099998,33.400002,2511900,33.077686
2015-07-21,33.41,33.490002,33.02,33.150002,2352500,32.830098
2015-07-20,33.650002,33.700001,33.209999,33.48,2645100,33.156912
2015-07-17,33.990002,34.009998,33.689999,33.700001,2356000,33.37479
2015-07-16,33.720001,34.18,33.66,34.119999,2154100,33.790735
2015-07-15,33.549999,33.669998,33.32,33.619999,1663600,33.29556
2015-07-14,33.580002,33.73,33.369999,33.540001,1421700,33.216334
2015-07-13,33.68,33.84,33.360001,33.540001,2386600,33.216334
2015-07-10,33.400002,33.779999,33.27,33.549999,2825100,33.226236
2015-07-09,33.75,33.880001,33.169998,33.330002,2072600,33.008362
2015-07-08,33.720001,34.009998,33.610001,33.709999,2893300,33.384692
2015-07-07,33.130001,33.959999,33.060001,33.889999,3592200,33.562955
2015-07-06,32.790001,32.990002,32.639999,32.939999,2641700,32.622122
2015-07-02,32.830002,33.00,32.610001,32.82,2794700,32.503281
2015-07-01,32.23,32.529999,32.119999,32.50,3625600,32.186369
2015-06-30,32.259998,32.380001,32.02,32.18,4141900,31.869458
2015-06-29,32.240002,32.619999,32.139999,32.169998,3643700,31.859552
2015-06-26,31.91,32.279999,31.76,32.240002,2654800,31.92888
2015-06-25,32.09,32.09,31.870001,31.92,3032700,31.611967
2015-06-24,32.240002,32.34,31.959999,31.99,3481800,31.681291
2015-06-23,32.66,32.66,32.139999,32.23,3014300,31.918975
2015-06-22,32.619999,32.860001,32.549999,32.700001,1671300,32.38444
2015-06-19,33.040001,33.130001,32.75,32.77,2887300,32.453764
2015-06-18,32.599998,33.119999,32.490002,33.049999,2501500,32.731061
2015-06-17,32.369999,32.619999,32.18,32.57,2880100,32.255694
2015-06-16,32.200001,32.50,32.009998,32.380001,2370400,32.067529
2015-06-15,32.689999,32.700001,32.41,32.50,2619200,31.869457
2015-06-12,32.630001,32.830002,32.450001,32.700001,4900200,32.065578
2015-06-11,32.599998,32.849998,32.490002,32.810001,3348900,32.173444
2015-06-10,32.549999,32.709999,32.310001,32.360001,3624400,31.732174
2015-06-09,32.310001,32.439999,32.279999,32.360001,2957700,31.732174
2015-06-08,32.389999,32.490002,32.209999,32.330002,2412700,31.702757
2015-06-05,32.450001,32.490002,32.040001,32.349998,4662000,31.722366
2015-06-04,32.700001,33.040001,32.610001,32.77,3200400,32.134219
2015-06-03,33.299999,33.43,32.580002,32.84,5414300,32.202861
2015-06-02,33.880001,33.919998,33.130001,33.400002,4439500,32.751998
2015-06-01,34.139999,34.299999,33.959999,34.07,2274400,33.408997
2015-05-29,34.18,34.25,33.950001,34.049999,2535800,33.389385
2015-05-28,34.110001,34.27,33.959999,34.130001,2491900,33.467834
2015-05-27,33.959999,34.150002,33.93,34.099998,2451800,33.438414
2015-05-26,34.299999,34.310001,33.799999,33.990002,4066300,33.330551
2015-05-22,34.490002,34.549999,34.240002,34.459999,1729700,33.79143
2015-05-21,34.630001,34.669998,34.330002,34.509998,2101000,33.840459
2015-05-20,34.419998,34.849998,34.290001,34.619999,3416100,33.948326
2015-05-19,34.09,34.529999,33.990002,34.369999,4438700,33.703176
2015-05-18,33.650002,34.25,33.610001,34.16,3798900,33.497251
2015-05-15,33.529999,33.84,33.459999,33.75,4337900,33.095206
2015-05-14,32.950001,33.509998,32.950001,33.48,4315800,32.830444
2015-05-13,33.279999,33.450001,32.709999,32.849998,3395800,32.212665
2015-05-12,33.259998,33.330002,32.950001,33.209999,3132400,32.565682
2015-05-11,33.549999,33.98,33.360001,33.419998,2801600,32.771606
2015-05-08,33.860001,34.00,33.41,33.619999,2629300,32.967727
2015-05-07,33.630001,33.849998,33.41,33.48,3473100,32.830444
2015-05-06,33.610001,33.810001,33.119999,33.509998,2701800,32.85986
2015-05-05,34.25,34.369999,33.57,33.650002,3824900,32.997147
2015-05-04,33.959999,34.66,33.950001,34.360001,3386200,33.693372
2015-05-01,33.889999,34.080002,33.560001,33.959999,3403800,33.301131
2015-04-30,34.34,34.34,33.509998,33.91,4739900,33.252101
2015-04-29,34.419998,34.57,34.02,34.52,3585600,33.850267
2015-04-28,34.299999,34.759998,34.18,34.709999,1983000,34.03658
2015-04-27,34.970001,35.009998,34.299999,34.41,2234900,33.742401
2015-04-24,34.52,35.09,34.369999,34.869999,2172600,34.193475
2015-04-23,34.299999,34.720001,34.25,34.52,2029100,33.850267
2015-04-22,34.380001,34.560001,34.119999,34.310001,2132200,33.644342
2015-04-21,34.720001,35.09,34.18,34.279999,2518500,33.614922
2015-04-20,34.450001,35.009998,34.43,34.77,2446700,34.095417
