Date,Open,High,Low,Close,Volume,Adj Close
2015-10-16,36.630001,36.91,36.549999,36.810001,1951800,36.810001
2015-10-15,36.16,36.560001,36.02,36.560001,2096000,36.560001
2015-10-14,36.66,36.73,36.040001,36.09,2168200,36.09
2015-10-13,37.040001,37.119999,36.66,36.709999,1638000,36.709999
2015-10-12,36.830002,37.169998,36.790001,37.139999,1213700,37.139999
2015-10-09,37.00,37.290001,36.919998,36.990002,1421300,36.990002
2015-10-08,36.610001,37.189999,36.200001,37.07,2206700,37.07
2015-10-07,36.240002,36.779999,36.099998,36.610001,4121600,36.610001
2015-10-06,36.23,36.34,35.57,36.060001,4373600,36.060001
2015-10-05,36.509998,36.630001,35.919998,36.330002,4352200,36.330002
2015-10-02,35.529999,36.299999,35.380001,36.290001,1873800,36.290001
2015-10-01,36.380001,36.380001,34.439999,36.00,2737200,36.00
2015-09-30,36.740002,36.740002,36.07,36.32,2284800,36.32
2015-09-29,36.099998,36.290001,35.799999,36.240002,2648100,36.240002
2015-09-28,36.59,36.66,35.93,36.009998,2447200,36.009998
2015-09-25,36.540001,37.110001,35.939999,36.73,2939200,36.73
2015-09-24,36.509998,36.759998,36.470001,36.540001,2916900,36.540001
2015-09-23,36.790001,37.110001,36.639999,36.849998,1895300,36.849998
2015-09-22,37.009998,37.25,36.66,36.810001,3662200,36.810001
2015-09-21,37.25,37.66,37.200001,37.41,2516900,37.41
2015-09-18,36.84,37.509998,36.700001,37.130001,3629800,37.130001
2015-09-17,37.889999,38.360001,37.650002,37.73,2677900,37.73
2015-09-16,37.52,37.919998,37.459999,37.77,1979400,37.77
2015-09-15,37.099998,37.630001,37.00,37.57,1678400,37.57
2015-09-14,36.900002,37.240002,36.799999,37.02,1836100,37.02
2015-09-11,36.549999,37.119999,36.34,36.990002,2298500,36.990002
2015-09-10,36.75,37.220001,36.52,36.810001,2468600,36.610001
2015-09-09,37.610001,37.610001,36.759998,36.82,1596100,36.619945
2015-09-08,37.259998,37.259998,36.82,37.18,1950200,36.977989
2015-09-04,36.509998,36.970001,36.259998,36.549999,3747700,36.351411
2015-09-03,37.330002,37.610001,37.00,37.299999,2796900,37.097336
2015-09-02,36.880001,37.169998,36.529999,37.09,3179900,36.888478
2015-09-01,36.41,36.759998,36.150002,36.299999,3837600,36.10277
2015-08-31,36.419998,37.540001,36.419998,37.290001,3210400,37.087392
2015-08-28,38.009998,38.02,37.439999,37.66,2327800,37.455381
2015-08-27,38.049999,38.259998,37.139999,38.18,3835200,37.972556
2015-08-26,38.290001,38.290001,36.59,37.209999,3926900,37.007825
2015-08-25,37.970001,37.970001,36.459999,36.639999,4017100,36.440923
2015-08-24,35.240002,37.619999,25.559999,36.790001,4215300,36.590109
2015-08-21,38.639999,38.919998,38.16,38.16,2789600,37.952664
2015-08-20,39.400002,39.48,39.09,39.099998,1624400,38.887556
2015-08-19,40.110001,40.139999,39.560001,39.720001,2263900,39.50419
2015-08-18,40.299999,40.360001,40.150002,40.279999,1222000,40.061145
2015-08-17,40.07,40.41,39.91,40.330002,1945500,40.110876
2015-08-14,39.709999,40.189999,39.57,40.18,1137100,39.961689
2015-08-13,39.970001,40.290001,39.310001,39.709999,2106400,39.494242
2015-08-12,39.48,39.610001,39.189999,39.610001,2723300,39.394787
2015-08-11,39.560001,39.759998,39.290001,39.700001,3044900,39.484298
2015-08-10,39.00,39.34,38.990002,39.330002,2262000,39.116309
2015-08-07,38.759998,39.240002,38.669998,38.970001,2869300,38.758265
2015-08-06,38.889999,39.099998,38.580002,38.849998,2929900,38.638914
2015-08-05,38.810001,39.040001,38.73,38.860001,2789700,38.648862
2015-08-04,38.990002,39.560001,38.639999,38.669998,4634700,38.459892
2015-08-03,38.189999,38.240002,37.77,38.189999,3880500,37.9825
2015-07-31,38.470001,38.66,38.009998,38.02,2647500,37.813426
2015-07-30,37.959999,38.50,37.91,38.400002,2905200,38.191362
2015-07-29,37.490002,38.040001,37.400002,37.959999,3350600,37.75375
2015-07-28,37.669998,38.25,37.669998,37.869999,2138000,37.664239
2015-07-27,37.560001,38.029999,37.529999,37.880001,3369200,37.674187
2015-07-24,37.799999,37.959999,37.59,37.779999,1863000,37.574728
2015-07-23,37.66,37.880001,37.66,37.77,2051600,37.564784
2015-07-22,37.560001,38.009998,37.549999,37.790001,2119800,37.584676
2015-07-21,37.959999,38.09,37.639999,37.759998,1726300,37.554836
2015-07-20,38.07,38.200001,37.830002,37.939999,1460700,37.733858
2015-07-17,38.099998,38.240002,37.950001,38.060001,1932000,37.853209
2015-07-16,38.389999,38.57,38.139999,38.240002,1384900,38.032231
2015-07-15,38.279999,38.450001,38.189999,38.299999,1664600,38.091903
2015-07-14,38.009998,38.41,38.009998,38.380001,2228500,38.17147
2015-07-13,38.080002,38.369999,37.990002,38.139999,2485400,37.932773
2015-07-10,37.740002,38.290001,37.650002,37.959999,1893800,37.75375
2015-07-09,37.889999,38.360001,37.130001,37.380001,3933600,37.176904
2015-07-08,37.880001,37.880001,37.279999,37.360001,2586800,37.157012
2015-07-07,37.669998,37.889999,37.400002,37.849998,2602300,37.644347
2015-07-06,37.43,37.900002,37.380001,37.700001,2654300,37.495165
2015-07-02,38.209999,38.23,37.66,37.75,2879600,37.544892
2015-07-01,38.259998,38.470001,37.799999,37.970001,4741800,37.763698
2015-06-30,37.43,37.529999,37.040001,37.200001,2586200,36.997881
2015-06-29,36.869999,37.540001,36.869999,37.060001,2834300,36.858642
2015-06-26,37.77,37.830002,37.549999,37.68,3162100,37.475273
2015-06-25,37.970001,38.029999,37.549999,37.59,2965700,37.385762
2015-06-24,38.27,38.349998,37.810001,37.880001,2180800,37.674187
2015-06-23,38.130001,38.580002,38.130001,38.25,3252100,38.042175
2015-06-22,38.549999,38.779999,38.369999,38.509998,1787300,38.300761
2015-06-19,38.439999,38.709999,38.310001,38.349998,6785400,38.141631
2015-06-18,38.099998,38.639999,38.099998,38.57,2689700,38.360437
2015-06-17,37.900002,38.119999,37.810001,37.959999,2481500,37.75375
2015-06-16,37.41,37.889999,37.32,37.869999,1878100,37.664239
2015-06-15,37.34,37.599998,37.27,37.360001,2119900,37.157012
2015-06-12,37.599998,37.75,37.529999,37.57,2244400,37.36587
2015-06-11,37.650002,38.119999,37.639999,37.84,2643600,37.634403
2015-06-10,37.060001,37.740002,37.049999,37.669998,2912600,37.306196
2015-06-09,36.759998,37.040001,36.73,36.889999,3009500,36.53373
2015-06-08,37.110001,37.360001,36.779999,36.799999,3337100,36.444599
2015-06-05,37.490002,37.650002,36.98,37.040001,2009700,36.682283
2015-06-04,37.310001,37.75,37.299999,37.330002,1973400,36.969483
2015-06-03,37.509998,37.779999,37.369999,37.689999,2515700,37.326003
2015-06-02,37.540001,37.540001,37.279999,37.389999,2072900,37.028901
2015-06-01,37.790001,37.900002,37.48,37.619999,2442500,37.256679
2015-05-29,37.57,38.02,37.549999,37.68,6861200,37.316101
2015-05-28,37.73,37.869999,37.43,37.619999,3080500,37.256679
2015-05-27,38.02,38.02,37.720001,37.799999,2891200,37.434941
2015-05-26,37.639999,37.970001,37.610001,37.900002,3166100,37.533978
2015-05-22,37.439999,37.889999,37.419998,37.759998,2723400,37.395327
2015-05-21,37.650002,37.720001,37.380001,37.439999,2123000,37.078417
2015-05-20,37.630001,37.889999,37.580002,37.77,2654500,37.405232
2015-05-19,37.59,37.700001,37.41,37.619999,3112300,37.256679
2015-05-18,37.369999,37.66,37.060001,37.560001,2686700,37.197261
2015-05-15,37.34,37.529999,37.23,37.43,2276800,37.068516
2015-05-14,37.040001,37.299999,37.02,37.279999,2378500,36.919963
2015-05-13,36.82,37.009998,36.759998,36.919998,3489600,36.563439
2015-05-12,36.75,36.889999,36.330002,36.84,4618000,36.484213
2015-05-11,36.939999,37.00,36.709999,36.790001,3092800,36.434697
2015-05-08,36.939999,37.119999,36.75,36.98,2586000,36.622861
2015-05-07,36.650002,36.830002,36.459999,36.700001,3006200,36.345566
2015-05-06,36.869999,36.91,36.349998,36.57,4031700,36.21682
2015-05-05,37.130001,37.200001,36.799999,36.84,2536200,36.484213
2015-05-04,37.060001,37.27,36.91,37.25,3162000,36.890254
2015-05-01,37.189999,37.349998,36.869999,36.990002,3010800,36.632766
2015-04-30,37.52,37.580002,36.529999,37.080002,5840400,36.721897
2015-04-29,37.310001,37.48,36.790001,37.009998,4125200,36.65257
2015-04-28,37.759998,38.209999,37.41,37.41,15583000,37.048708
2015-04-27,37.889999,38.119999,37.799999,37.810001,4712700,37.444847
2015-04-24,37.91,37.959999,37.619999,37.790001,2596200,37.425039
2015-04-23,36.900002,37.790001,36.900002,37.720001,4363900,37.355716
2015-04-22,36.950001,37.299999,36.830002,37.110001,4427300,36.751606
2015-04-21,37.43,37.509998,37.02,37.279999,2474800,36.919963
2015-04-20,37.209999,37.66,37.209999,37.540001,1805900,37.177454
