Date,Open,High,Low,Close,Volume,Adj Close
2015-10-15,47.43,48.439999,46.040001,46.27,7234900,46.27
2015-10-14,44.580002,45.790001,44.32,45.380001,4379900,45.380001
2015-10-13,44.400002,44.869999,44.259998,44.48,1769300,44.48
2015-10-12,44.900002,44.970001,44.580002,44.689999,2462100,44.689999
2015-10-09,44.959999,45.169998,44.720001,44.900002,2161100,44.900002
2015-10-08,44.360001,45.150002,44.009998,45.139999,2832600,45.139999
2015-10-07,44.330002,44.610001,43.790001,44.470001,1712700,44.470001
2015-10-06,43.380001,44.080002,43.310001,44.040001,2482200,44.040001
2015-10-05,42.560001,43.93,42.560001,43.639999,2627600,43.639999
2015-10-02,41.25,42.360001,41.110001,42.360001,2017500,42.360001
2015-10-01,42.549999,42.689999,41.119999,41.860001,2060900,41.860001
2015-09-30,41.389999,42.439999,41.060001,42.400002,2632000,42.400002
2015-09-29,40.66,41.07,40.450001,40.959999,2588400,40.959999
2015-09-28,41.77,42.27,40.599998,40.66,2729800,40.66
2015-09-25,42.32,42.540001,41.619999,41.93,1718300,41.93
2015-09-24,41.240002,42.189999,40.889999,42.00,2686400,42.00
2015-09-23,41.919998,42.060001,41.369999,41.509998,1813400,41.509998
2015-09-22,41.73,41.950001,41.470001,41.77,2228500,41.77
2015-09-21,42.779999,43.310001,42.189999,42.360001,3171700,42.360001
2015-09-18,42.57,43.169998,42.150002,42.630001,3498900,42.630001
2015-09-17,43.299999,43.810001,43.02,43.09,1819800,43.09
2015-09-16,43.09,43.48,42.799999,43.369999,1703300,43.369999
2015-09-15,42.970001,43.400002,42.959999,43.150002,2201000,43.150002
2015-09-14,42.900002,43.380001,42.540001,42.830002,3438400,42.830002
2015-09-11,41.57,41.950001,41.330002,41.93,2016300,41.93
2015-09-10,41.560001,42.27,41.349998,41.77,2220900,41.77
2015-09-09,43.32,43.419998,41.549999,41.59,3527300,41.59
2015-09-08,41.119999,42.84,41.00,42.759998,3578400,42.759998
2015-09-04,40.52,40.779999,39.950001,40.07,3185200,40.07
2015-09-03,41.099998,41.540001,40.439999,41.189999,2419100,41.189999
2015-09-02,40.990002,41.560001,40.240002,40.84,2777800,40.84
2015-09-01,40.709999,41.09,40.02,40.310001,4233400,40.310001
2015-08-31,42.119999,42.380001,41.720001,41.889999,2458400,41.889999
2015-08-28,41.860001,42.450001,41.82,42.27,2370700,42.27
2015-08-27,41.689999,42.619999,41.369999,42.259998,6171700,42.259998
2015-08-26,39.689999,41.310001,39.110001,41.240002,5501600,41.240002
2015-08-25,40.099998,40.369999,38.73,38.779999,4503400,38.779999
2015-08-24,39.110001,40.919998,38.810001,39.450001,5722800,39.450001
2015-08-21,40.91,41.549999,40.400002,40.400002,4750300,40.400002
2015-08-20,41.970001,42.119999,41.259998,41.259998,2494800,41.259998
2015-08-19,43.389999,43.389999,42.029999,42.50,2655400,42.50
2015-08-18,43.790001,43.830002,42.91,42.959999,2112300,42.959999
2015-08-17,43.259998,44.099998,43.07,43.93,1845800,43.93
2015-08-14,43.07,43.630001,42.779999,43.450001,3702500,43.450001
2015-08-13,43.700001,43.759998,43.00,43.150002,2749600,43.150002
2015-08-12,42.700001,43.82,42.619999,43.57,3402500,43.57
2015-08-11,43.849998,43.93,42.91,43.18,4448500,43.18
2015-08-10,43.59,44.360001,43.41,44.130001,3951300,44.130001
2015-08-07,42.450001,43.43,42.310001,43.200001,4184400,43.200001
2015-08-06,42.509998,43.07,42.290001,42.880001,4788500,42.880001
2015-08-05,42.029999,42.849998,41.869999,42.709999,3281000,42.709999
2015-08-04,41.599998,42.110001,41.490002,41.669998,4157900,41.669998
2015-08-03,41.540001,41.939999,41.310001,41.900002,3349400,41.590002
2015-07-31,41.790001,41.959999,41.50,41.75,2711800,41.441111
2015-07-30,41.450001,41.880001,41.27,41.669998,2273700,41.361701
2015-07-29,41.049999,41.669998,40.41,41.540001,2869500,41.232665
2015-07-28,40.279999,41.41,40.009998,41.189999,3797100,40.885253
2015-07-27,39.900002,40.299999,39.419998,40.060001,3383800,39.763616
2015-07-24,41.25,41.310001,40.119999,40.240002,4854600,39.942284
2015-07-23,41.040001,42.299999,40.709999,41.279999,5440100,40.974587
2015-07-22,40.959999,41.389999,40.619999,41.07,3861900,40.766141
2015-07-21,42.25,42.439999,41.529999,41.650002,3010800,41.341852
2015-07-20,42.66,42.66,42.25,42.25,2431900,41.937411
2015-07-17,42.349998,42.689999,42.02,42.66,2814700,42.344378
2015-07-16,42.799999,42.889999,42.169998,42.279999,2591700,41.967188
2015-07-15,42.779999,42.900002,42.360001,42.639999,1732800,42.324525
2015-07-14,42.560001,42.919998,42.32,42.880001,2164700,42.562751
2015-07-13,42.349998,42.59,41.84,42.52,2201000,42.205414
2015-07-10,41.869999,42.529999,41.77,41.939999,2507000,41.629704
2015-07-09,43.25,43.360001,41.830002,41.849998,3417000,41.540369
2015-07-08,43.139999,43.330002,42.52,42.66,3632300,42.344378
2015-07-07,43.450001,43.68,42.580002,43.619999,3373800,43.297274
2015-07-06,43.41,43.790001,43.099998,43.439999,3612900,43.118606
2015-07-02,44.110001,44.139999,43.549999,43.84,2561800,43.515648
2015-07-01,44.580002,44.91,43.950001,44.099998,2497100,43.773723
2015-06-30,44.43,44.560001,43.869999,44.16,3162100,43.83328
2015-06-29,44.310001,44.990002,43.950001,43.970001,5104800,43.644687
2015-06-26,45.57,45.610001,44.650002,44.799999,7747500,44.468544
2015-06-25,45.830002,45.959999,45.52,45.68,2567300,45.342035
2015-06-24,46.099998,46.16,45.619999,45.75,2323700,45.411517
2015-06-23,46.669998,46.75,45.880001,46.110001,3131000,45.768854
2015-06-22,46.68,46.779999,46.07,46.549999,3355100,46.205597
2015-06-19,47.150002,47.150002,46.060001,46.299999,5513600,45.957447
2015-06-18,46.700001,47.220001,46.68,47.16,2108800,46.811084
2015-06-17,46.75,46.990002,46.439999,46.630001,2329300,46.285007
2015-06-16,46.16,46.880001,46.16,46.799999,1657200,46.453747
2015-06-15,46.360001,46.560001,46.040001,46.310001,3418200,45.967375
2015-06-12,47.029999,47.029999,46.529999,46.650002,1410500,46.304859
2015-06-11,47.240002,47.299999,46.950001,47.220001,1618500,46.870642
2015-06-10,46.599998,47.139999,46.41,47.00,1915800,46.652268
2015-06-09,46.119999,46.759998,46.119999,46.450001,3357300,46.106338
2015-06-08,47.23,47.490002,46.290001,46.330002,3102900,45.987227
2015-06-05,47.029999,47.41,46.799999,47.290001,2549400,46.940124
2015-06-04,46.700001,47.23,46.59,47.209999,4442600,46.860714
2015-06-03,48.00,48.119999,47.290001,47.369999,3009000,47.01953
2015-06-02,48.060001,48.279999,47.57,47.779999,3710200,47.426496
2015-06-01,48.080002,48.529999,47.919998,48.330002,6440100,47.97243
2015-05-29,48.02,48.439999,47.32,47.419998,5359700,47.069159
2015-05-28,47.68,48.73,47.509998,47.799999,4016300,47.446349
2015-05-27,46.509998,47.950001,46.50,47.669998,4155800,47.31731
2015-05-26,46.84,46.84,46.27,46.549999,2690100,46.205597
2015-05-22,46.689999,47.130001,46.639999,46.939999,1887400,46.592711
2015-05-21,46.880001,47.25,46.529999,46.830002,4066400,46.483528
2015-05-20,46.630001,47.450001,46.59,46.970001,2530100,46.622492
2015-05-19,47.27,47.299999,46.580002,46.68,3241500,46.334636
2015-05-18,45.779999,46.689999,45.700001,46.610001,4269800,46.265154
2015-05-15,45.040001,45.740002,44.98,45.700001,5298900,45.361887
2015-05-14,44.060001,46.830002,44.040001,44.990002,6319500,44.657141
2015-05-13,43.599998,44.150002,43.43,43.73,1526900,43.406461
2015-05-12,43.639999,43.939999,43.200001,43.619999,1790100,43.297274
2015-05-11,44.00,44.080002,43.689999,43.880001,1345900,43.555353
2015-05-08,43.82,44.299999,43.639999,44.200001,2965600,43.565278
2015-05-07,43.220001,43.900002,43.07,43.43,2220500,42.806335
2015-05-06,43.52,43.98,42.82,43.169998,1920100,42.550066
2015-05-05,43.830002,43.970001,43.470001,43.549999,2132100,42.92461
2015-05-04,44.029999,44.41,43.970001,44.259998,2003300,43.624414
2015-05-01,43.740002,44.110001,43.66,43.98,3441600,43.348436
2015-04-30,43.200001,43.810001,42.990002,43.360001,2629200,42.73734
2015-04-29,43.009998,43.630001,42.830002,43.34,1999400,42.717627
2015-04-28,43.220001,43.580002,42.700001,43.330002,2336400,42.707772
2015-04-27,43.029999,43.66,42.869999,43.25,2776000,42.628919
2015-04-24,43.889999,43.889999,42.59,42.889999,3310100,42.274088
2015-04-23,43.82,44.18,43.049999,43.759998,4848300,43.131594
2015-04-22,44.25,44.599998,43.740002,44.369999,3927600,43.732835
2015-04-21,44.279999,44.73,43.990002,44.23,3140000,43.594846
2015-04-20,43.880001,44.119999,43.599998,43.759998,1925000,43.131594
