Date,Open,High,Low,Close,Volume,Adj Close
2015-10-09,10.53,10.64,10.49,10.55,11020800,10.55
2015-10-08,10.36,10.59,10.34,10.53,10197500,10.53
2015-10-07,10.06,10.36,9.99,10.35,19453200,10.35
2015-10-06,9.98,10.06,9.90,9.98,10671200,9.98
2015-10-05,9.93,10.00,9.77,9.97,12539800,9.97
2015-10-02,9.50,9.86,9.45,9.85,9226000,9.85
2015-10-01,9.71,9.78,9.50,9.64,11137900,9.64
2015-09-30,9.62,9.75,9.52,9.73,11063800,9.73
2015-09-29,9.65,9.72,9.46,9.49,12343100,9.49
2015-09-28,9.97,10.03,9.60,9.64,11139700,9.64
2015-09-25,10.22,10.25,9.97,10.08,10012400,10.01
2015-09-24,10.09,10.18,9.96,10.10,8283900,10.029862
2015-09-23,10.33,10.34,10.16,10.18,8210500,10.109306
2015-09-22,10.36,10.40,10.28,10.33,9090600,10.258264
2015-09-21,10.40,10.51,10.29,10.51,12606700,10.437014
2015-09-18,10.39,10.52,10.25,10.35,23703300,10.278126
2015-09-17,10.59,10.78,10.55,10.58,9012500,10.506528
2015-09-16,10.58,10.73,10.55,10.62,10288100,10.54625
2015-09-15,10.37,10.63,10.33,10.58,9782300,10.506528
2015-09-14,10.44,10.45,10.27,10.32,8397500,10.248333
2015-09-11,10.24,10.44,10.22,10.43,9059300,10.35757
2015-09-10,10.24,10.38,10.19,10.31,10448900,10.238403
2015-09-09,10.55,10.59,10.22,10.23,13464200,10.158958
2015-09-08,10.09,10.45,10.05,10.42,13545700,10.347639
2015-09-04,9.91,10.00,9.86,9.91,10229000,9.841181
2015-09-03,9.98,10.17,9.98,10.02,19731700,9.950417
2015-09-02,9.96,9.97,9.78,9.97,12796600,9.900764
2015-09-01,9.92,10.05,9.73,9.78,15445300,9.712083
2015-08-31,10.26,10.40,10.13,10.17,17311400,10.099375
2015-08-28,10.16,10.37,10.13,10.31,10831000,10.238403
2015-08-27,10.05,10.26,9.99,10.23,15458600,10.158958
2015-08-26,9.90,9.99,9.62,9.96,14709500,9.890834
2015-08-25,10.28,10.29,9.66,9.66,16869200,9.592917
2015-08-24,10.04,10.38,9.76,9.93,31964100,9.861042
2015-08-21,10.94,11.13,10.66,10.69,19650300,10.615764
2015-08-20,11.14,11.23,11.01,11.03,11430700,10.953403
2015-08-19,11.28,11.33,11.18,11.24,9710800,11.161945
2015-08-18,11.42,11.46,11.25,11.32,7670100,11.241389
2015-08-17,11.04,11.45,10.99,11.37,12601400,11.291042
2015-08-14,10.93,11.08,10.89,11.05,8236800,10.973264
2015-08-13,11.01,11.07,10.89,10.95,6575900,10.873958
2015-08-12,11.00,11.07,10.84,11.01,9337900,10.933542
2015-08-11,11.18,11.25,11.00,11.08,10928900,11.003056
2015-08-10,10.96,11.32,10.94,11.27,9442800,11.191737
2015-08-07,10.93,10.99,10.79,10.88,10532900,10.804445
2015-08-06,11.00,11.13,10.97,10.97,9568900,10.89382
2015-08-05,11.08,11.16,10.99,10.99,10960400,10.913681
2015-08-04,10.95,11.10,10.91,11.00,10935700,10.923611
2015-08-03,11.04,11.05,10.90,10.94,15481000,10.864028
2015-07-31,10.85,11.05,10.72,11.02,15671600,10.943473
2015-07-30,10.73,10.78,10.65,10.77,9697000,10.695209
2015-07-29,10.70,10.80,10.63,10.76,9614200,10.685278
2015-07-28,10.66,10.72,10.49,10.66,11990800,10.585972
2015-07-27,10.87,10.91,10.58,10.62,22540200,10.54625
2015-07-24,10.68,11.20,10.50,10.94,27875300,10.864028
2015-07-23,10.70,10.92,10.66,10.81,15827400,10.734931
2015-07-22,10.58,10.74,10.56,10.70,11289100,10.625695
2015-07-21,10.89,10.99,10.47,10.59,21504300,10.516459
2015-07-20,10.88,11.00,10.80,10.91,18915700,10.834236
2015-07-17,10.55,10.85,10.52,10.83,19186700,10.754792
2015-07-16,10.50,10.66,10.49,10.61,13077800,10.536319
2015-07-15,10.54,10.58,10.42,10.44,7082000,10.3675
2015-07-14,10.49,10.55,10.47,10.53,8350800,10.456875
2015-07-13,10.43,10.51,10.39,10.49,9801100,10.417153
2015-07-10,10.41,10.42,10.29,10.38,12361000,10.307917
2015-07-09,10.41,10.48,10.24,10.24,18164800,10.168889
2015-07-08,10.50,10.58,10.25,10.27,13042000,10.198681
2015-07-07,10.41,10.61,10.37,10.58,11375500,10.506528
2015-07-06,10.45,10.58,10.40,10.53,8797700,10.456875
2015-07-02,10.74,10.74,10.44,10.56,12758500,10.486667
2015-07-01,10.71,10.74,10.65,10.68,8394600,10.605834
2015-06-30,10.84,10.90,10.64,10.64,10112400,10.566112
2015-06-29,10.88,10.96,10.76,10.78,9467300,10.705139
2015-06-26,10.96,11.02,10.92,10.98,8720000,10.90375
2015-06-25,11.02,11.09,10.99,11.01,10315400,10.864028
2015-06-24,11.23,11.24,10.99,10.99,8255900,10.844293
2015-06-23,11.18,11.27,11.13,11.25,6361300,11.100846
2015-06-22,11.15,11.19,11.09,11.13,7212100,10.982437
2015-06-19,11.12,11.20,11.03,11.09,13939800,10.942967
2015-06-18,11.14,11.24,11.10,11.14,6554200,10.992304
2015-06-17,11.07,11.18,11.05,11.11,6249100,10.962702
2015-06-16,11.05,11.10,10.99,11.04,9121200,10.89363
2015-06-15,11.05,11.15,10.99,11.05,5548100,10.903498
2015-06-12,11.31,11.36,11.14,11.17,6487400,11.021906
2015-06-11,11.33,11.48,11.31,11.37,7137300,11.219255
2015-06-10,11.09,11.33,11.06,11.26,7024400,11.110713
2015-06-09,11.08,11.11,10.93,11.03,8397300,10.883762
2015-06-08,11.25,11.30,11.04,11.05,8096000,10.903498
2015-06-05,11.30,11.34,11.15,11.26,6087800,11.110713
2015-06-04,11.48,11.54,11.26,11.31,8161400,11.160051
2015-06-03,11.50,11.62,11.48,11.53,6438300,11.377133
2015-06-02,11.47,11.55,11.42,11.48,6606800,11.327796
2015-06-01,11.44,11.54,11.36,11.46,6830600,11.308062
2015-05-29,11.48,11.50,11.33,11.42,9709400,11.268592
2015-05-28,11.39,11.56,11.37,11.50,6390200,11.347531
2015-05-27,11.28,11.45,11.25,11.43,9913900,11.27846
2015-05-26,11.39,11.43,11.20,11.21,6849100,11.061376
2015-05-22,11.48,11.51,11.41,11.44,6876900,11.288326
2015-05-21,11.42,11.58,11.41,11.51,6754600,11.357399
2015-05-20,11.37,11.54,11.33,11.46,7034900,11.308062
2015-05-19,11.48,11.54,11.26,11.32,12334200,11.169917
2015-05-18,11.32,11.55,11.32,11.48,6450700,11.327796
2015-05-15,11.33,11.40,11.26,11.37,6693400,11.219255
2015-05-14,11.25,11.37,11.24,11.30,7620200,11.150183
2015-05-13,11.18,11.30,11.17,11.24,9250100,11.090978
2015-05-12,11.20,11.26,11.12,11.16,16800900,11.012039
2015-05-11,11.36,11.42,11.18,11.24,19481900,11.090978
2015-05-08,11.48,11.48,11.32,11.37,12349600,11.219255
2015-05-07,11.44,11.53,11.29,11.32,14200300,11.169917
2015-05-06,11.66,11.72,11.30,11.38,12349200,11.229122
2015-05-05,11.76,11.86,11.48,11.55,12788600,11.396868
2015-05-04,11.55,11.83,11.52,11.77,10643700,11.613952
2015-05-01,11.55,11.64,11.50,11.52,15623100,11.367266
2015-04-30,11.56,11.56,11.28,11.50,20573300,11.347531
2015-04-29,11.64,11.78,11.51,11.53,18267400,11.377133
2015-04-28,11.56,11.75,11.38,11.73,15738700,11.574481
2015-04-27,11.88,11.88,11.45,11.62,26759600,11.46594
2015-04-24,12.06,12.23,11.32,11.99,41040500,11.831034
2015-04-23,12.87,13.21,12.87,13.14,10805600,12.965788
2015-04-22,12.82,12.95,12.73,12.92,5280800,12.748705
2015-04-21,13.04,13.08,12.79,12.79,6535000,12.620428
2015-04-20,12.97,13.15,12.95,13.01,5626200,12.837512
2015-04-17,12.82,12.93,12.68,12.89,7895700,12.719103
2015-04-16,13.00,13.07,12.85,12.92,7398800,12.748705
2015-04-15,13.15,13.23,13.09,13.11,6058600,12.936185
2015-04-14,13.22,13.29,13.01,13.09,6828100,12.916451
2015-04-13,13.23,13.32,13.16,13.16,3972900,12.985522
