Date,Open,High,Low,Close,Volume,Adj Close
2015-10-16,34.689999,34.77,34.009998,34.740002,2124400,34.740002
2015-10-15,33.939999,34.82,33.669998,34.740002,1909200,34.740002
2015-10-14,34.290001,34.50,33.82,33.869999,1424500,33.869999
2015-10-13,34.330002,34.849998,34.220001,34.330002,1806700,34.330002
2015-10-12,34.849998,34.959999,34.610001,34.639999,1001400,34.639999
2015-10-09,35.080002,35.349998,34.709999,34.889999,1944600,34.889999
2015-10-08,33.939999,35.240002,33.880001,34.990002,1770100,34.990002
2015-10-07,33.59,34.189999,33.380001,34.040001,1669800,34.040001
2015-10-06,33.509998,33.84,33.360001,33.389999,1675700,33.389999
2015-10-05,33.580002,33.84,33.360001,33.560001,2376800,33.560001
2015-10-02,32.25,33.540001,32.16,33.509998,1406700,33.509998
2015-10-01,32.880001,33.200001,32.419998,32.689999,1490600,32.689999
2015-09-30,32.220001,32.950001,32.029999,32.849998,1705900,32.849998
2015-09-29,32.209999,32.439999,31.90,31.99,1344100,31.99
2015-09-28,32.060001,32.27,31.950001,32.07,2123200,32.07
2015-09-25,32.650002,32.779999,32.32,32.470001,2088300,32.470001
2015-09-24,31.60,32.73,31.27,32.52,2293700,32.52
2015-09-23,32.470001,32.66,31.76,31.780001,1046900,31.780001
2015-09-22,32.16,32.50,32.009998,32.400002,1333500,32.400002
2015-09-21,32.450001,33.00,32.130001,32.630001,1905700,32.630001
2015-09-18,32.560001,32.68,32.169998,32.25,1505300,32.25
2015-09-17,33.32,33.560001,32.98,33.080002,1452200,33.080002
2015-09-16,33.00,33.439999,32.959999,33.369999,1087700,33.369999
2015-09-15,32.389999,33.130001,32.23,33.029999,1870300,33.029999
2015-09-14,32.450001,32.48,32.02,32.220001,1258400,32.220001
2015-09-11,32.040001,32.490002,31.889999,32.490002,1463900,32.490002
2015-09-10,31.99,32.419998,31.83,32.130001,1397000,32.130001
2015-09-09,32.82,32.889999,32.049999,32.110001,1334700,32.110001
2015-09-08,32.259998,32.540001,32.119999,32.439999,1395000,32.439999
2015-09-04,31.889999,32.240002,31.66,31.68,1702200,31.68
2015-09-03,31.82,32.610001,31.82,32.349998,1931300,32.349998
2015-09-02,31.60,31.82,31.200001,31.379999,1913200,31.379999
2015-09-01,31.76,32.029999,30.98,31.129999,973000,31.129999
2015-08-31,32.43,32.68,32.049999,32.450001,1032800,32.450001
2015-08-28,32.240002,32.790001,32.16,32.700001,1874000,32.559001
2015-08-27,31.77,32.400002,31.610001,32.369999,1697100,32.230422
2015-08-26,31.00,31.440001,30.780001,31.379999,2430400,31.244691
2015-08-25,31.93,31.98,30.43,30.459999,2221500,30.328658
2015-08-24,30.49,31.92,29.90,30.91,2479100,30.776718
2015-08-21,32.48,32.580002,32.049999,32.07,1535200,31.931716
2015-08-20,32.84,33.119999,32.650002,32.66,1047000,32.519173
2015-08-19,33.23,33.360001,32.93,33.150002,692600,33.007061
2015-08-18,33.779999,33.799999,33.380001,33.41,995700,33.265939
2015-08-17,33.549999,33.790001,33.330002,33.77,1057500,33.624387
2015-08-14,33.619999,33.77,33.279999,33.700001,1194900,33.554689
2015-08-13,33.619999,33.720001,33.419998,33.490002,1368500,33.345595
2015-08-12,33.32,33.740002,33.18,33.66,975800,33.514861
2015-08-11,33.720001,33.82,33.48,33.580002,1099300,33.435208
2015-08-10,33.82,34.16,33.720001,34.09,1165600,33.943007
2015-08-07,33.639999,33.860001,33.380001,33.50,887700,33.355551
2015-08-06,33.950001,34.130001,33.57,33.68,1507800,33.534775
2015-08-05,33.98,34.299999,33.650002,33.889999,1276700,33.743868
2015-08-04,33.880001,34.18,33.66,33.740002,1043200,33.594518
2015-08-03,34.50,34.50,33.599998,33.849998,1104500,33.70404
2015-07-31,35.259998,35.459999,34.34,34.529999,1142500,34.381108
2015-07-30,34.91,35.66,34.73,35.220001,1029300,35.068135
2015-07-29,34.759998,35.32,34.639999,35.23,886300,35.078091
2015-07-28,34.560001,34.939999,34.50,34.779999,1400100,34.63003
2015-07-27,34.32,34.490002,34.25,34.400002,1366600,34.251671
2015-07-24,34.610001,34.68,34.490002,34.630001,1121900,34.480679
2015-07-23,34.970001,35.130001,34.57,34.669998,1125100,34.520504
2015-07-22,35.00,35.200001,34.860001,34.98,968700,34.829169
2015-07-21,35.700001,35.709999,35.09,35.189999,951200,35.038262
2015-07-20,35.82,35.93,35.709999,35.77,556300,35.615763
2015-07-17,35.919998,36.029999,35.689999,35.810001,514800,35.655592
2015-07-16,36.220001,36.380001,35.799999,36.02,562000,35.864685
2015-07-15,36.459999,36.580002,35.900002,35.950001,611400,35.794987
2015-07-14,36.040001,36.709999,35.75,36.490002,1899000,36.33266
2015-07-13,35.700001,36.09,35.52,36.060001,920400,35.904514
2015-07-10,35.91,35.950001,35.349998,35.389999,1670300,35.237401
2015-07-09,36.009998,36.25,35.540001,35.540001,668600,35.386755
2015-07-08,36.099998,36.27,35.459999,35.57,657400,35.416625
2015-07-07,36.240002,36.41,35.619999,36.380001,863100,36.223133
2015-07-06,36.330002,36.490002,36.040001,36.25,938100,36.093693
2015-07-02,36.889999,37.009998,36.52,36.73,698300,36.571623
2015-07-01,37.32,37.32,36.689999,36.810001,1183300,36.65128
2015-06-30,36.77,37.349998,36.529999,37.07,2068400,36.910157
2015-06-29,36.700001,36.75,36.25,36.259998,987600,36.103648
2015-06-26,37.029999,37.18,36.880001,36.939999,3002800,36.780716
2015-06-25,37.240002,37.34,36.889999,36.959999,863100,36.800631
2015-06-24,37.200001,37.34,37.07,37.25,1060600,37.089381
2015-06-23,36.970001,37.700001,36.959999,37.299999,1732500,37.139165
2015-06-22,36.950001,37.07,36.57,37.00,981600,36.840459
2015-06-19,36.830002,36.830002,36.400002,36.439999,1299100,36.282872
2015-06-18,36.509998,37.119999,36.389999,36.900002,841100,36.740892
2015-06-17,36.580002,36.84,36.23,36.380001,814500,36.223133
2015-06-16,36.240002,36.560001,36.00,36.450001,750000,36.292831
2015-06-15,36.360001,36.43,36.049999,36.119999,575600,35.964252
2015-06-12,36.810001,36.900002,36.43,36.540001,443700,36.382443
2015-06-11,36.549999,36.990002,36.439999,36.91,725500,36.750847
2015-06-10,36.310001,36.639999,36.23,36.52,648300,36.362529
2015-06-09,36.209999,36.389999,36.040001,36.099998,292700,35.944338
2015-06-08,36.360001,36.509998,36.07,36.139999,453100,35.984167
2015-06-05,36.209999,36.41,36.080002,36.380001,723900,36.223133
2015-06-04,36.75,36.75,36.32,36.419998,612400,36.262958
2015-06-03,36.689999,37.040001,36.57,36.959999,455100,36.800631
2015-06-02,36.52,37.07,36.43,36.689999,1009200,36.531794
2015-06-01,36.73,36.759998,36.310001,36.599998,762000,36.442182
2015-05-29,36.700001,36.869999,36.419998,36.57,1275800,36.412313
2015-05-28,36.360001,36.810001,36.16,36.700001,1088700,36.541753
2015-05-27,36.41,36.57,36.189999,36.50,589600,36.342615
2015-05-26,36.779999,36.849998,36.27,36.34,482000,36.183305
2015-05-22,37.119999,37.150002,36.799999,36.990002,576400,36.690112
2015-05-21,36.75,37.200001,36.720001,37.139999,1343000,36.838894
2015-05-20,36.779999,36.950001,36.639999,36.810001,533100,36.511571
2015-05-19,37.049999,37.139999,36.669998,36.779999,630600,36.481812
2015-05-18,36.830002,37.049999,36.75,37.009998,618200,36.709947
2015-05-15,37.080002,37.150002,36.68,36.830002,918000,36.53141
2015-05-14,36.959999,37.099998,36.779999,37.09,834800,36.7893
2015-05-13,36.66,36.970001,36.650002,36.790001,942200,36.491733
2015-05-12,36.549999,36.73,36.259998,36.490002,821600,36.194166
2015-05-11,36.849998,37.119999,36.740002,36.810001,976000,36.511571
2015-05-08,37.110001,37.16,36.849998,36.900002,1238200,36.600842
2015-05-07,36.52,36.709999,36.240002,36.689999,636400,36.392542
2015-05-06,36.77,36.900002,36.27,36.529999,774600,36.233839
2015-05-05,36.990002,37.48,36.57,36.639999,946900,36.342948
2015-05-04,37.16,37.25,36.73,36.900002,920200,36.600842
2015-05-01,37.290001,37.32,36.23,37.139999,1650300,36.838894
2015-04-30,36.650002,37.48,36.130001,37.02,1920800,36.719868
2015-04-29,36.16,36.77,36.150002,36.630001,1706100,36.33303
2015-04-28,36.130001,36.380001,35.919998,36.369999,913100,36.075136
2015-04-27,35.73,36.310001,35.700001,36.299999,798400,36.005704
2015-04-24,35.880001,35.970001,35.400002,35.630001,673900,35.341138
2015-04-23,35.490002,36.189999,35.369999,35.900002,816000,35.608949
2015-04-22,35.400002,35.470001,35.09,35.459999,513100,35.172514
2015-04-21,35.52,35.68,35.09,35.360001,521300,35.073326
2015-04-20,35.360001,35.57,35.259998,35.459999,661100,35.172514
