Date,Open,High,Low,Close,Volume,Adj Close
2015-10-09,481.730011,484.98999,477.440002,479.920013,34800,479.920013
2015-10-08,476.029999,484.100006,475.149994,481.329987,45200,481.329987
2015-10-07,477.970001,481.00,474.940002,476.029999,53200,476.029999
2015-10-06,473.720001,480.51001,471.309998,476.279999,40400,476.279999
2015-10-05,477.790009,480.75,473.059998,474.720001,84400,474.720001
2015-10-02,463.089996,475.709991,460.100006,474.75,44500,474.75
2015-10-01,469.109985,469.51001,461.690002,468.01001,62500,468.01001
2015-09-30,467.880005,469.850006,462.160004,468.109985,77000,468.109985
2015-09-29,461.570007,464.940002,457.50,463.630005,58600,463.630005
2015-09-28,466.440002,470.200012,457.040009,460.649994,72800,460.649994
2015-09-25,471.51001,473.899994,465.549988,468.160004,78900,468.160004
2015-09-24,469.649994,476.350006,465.00,467.049988,95500,467.049988
2015-09-23,471.350006,475.00,470.00,471.899994,47700,471.899994
2015-09-22,473.549988,476.100006,469.980011,472.549988,64400,472.549988
2015-09-21,471.299988,479.160004,467.200012,476.959991,60500,476.959991
2015-09-18,469.570007,480.25,467.190002,468.920013,145400,468.920013
2015-09-17,477.149994,484.130005,474.540009,474.549988,38500,474.549988
2015-09-16,472.50,478.320007,469.200012,477.089996,72400,477.089996
2015-09-15,470.75,472.779999,467.950012,471.649994,62200,471.649994
2015-09-14,469.720001,472.869995,468.329987,469.450012,45600,469.450012
2015-09-11,463.51001,474.059998,462.01001,469.940002,50000,469.940002
2015-09-10,466.01001,473.640015,466.01001,467.160004,58200,467.160004
2015-09-09,467.950012,472.950012,464.410004,465.01001,68000,465.01001
2015-09-08,464.640015,468.390015,460.450012,464.459991,109000,464.459991
2015-09-04,461.00,465.700012,440.23999,459.700012,61900,459.700012
2015-09-03,466.769989,476.450012,462.380005,465.450012,95300,465.450012
2015-09-02,466.390015,468.730011,460.640015,466.450012,66300,466.450012
2015-09-01,465.929993,471.50,457.019989,459.540009,67800,459.540009
2015-08-31,471.029999,472.850006,468.51001,469.790009,56300,469.790009
2015-08-28,469.309998,472.899994,467.019989,471.660004,45700,471.660004
2015-08-27,462.299988,474.149994,459.950012,470.619995,54600,470.619995
2015-08-26,459.700012,465.26001,450.049988,461.929993,80000,461.929993
2015-08-25,460.299988,467.600006,451.970001,453.130005,79300,453.130005
2015-08-24,459.00,462.23999,455.00,462.23999,102000,462.23999
2015-08-21,477.00,479.899994,474.00,475.350006,62300,475.350006
2015-08-20,492.700012,494.549988,481.230011,481.570007,48100,481.570007
2015-08-19,497.809998,500.869995,492.25,496.700012,28900,496.700012
2015-08-18,496.00,501.769989,493.23999,500.470001,42100,500.470001
2015-08-17,494.00,498.00,491.269989,497.00,49900,497.00
2015-08-14,491.480011,497.540009,490.160004,496.190002,25100,496.190002
2015-08-13,492.450012,496.48999,490.649994,492.779999,23600,492.779999
2015-08-12,494.450012,496.429993,487.50,491.450012,34600,491.450012
2015-08-11,494.589996,497.459991,494.00,496.980011,36300,496.980011
2015-08-10,495.019989,500.299988,494.140015,498.230011,48900,498.230011
2015-08-07,494.00,498.679993,490.549988,494.109985,83500,494.109985
2015-08-06,498.299988,500.00,491.76001,494.470001,37200,494.470001
2015-08-05,484.600006,499.850006,484.600006,497.950012,58800,497.950012
2015-08-04,487.200012,488.00,481.549988,484.51001,55000,484.51001
2015-08-03,487.570007,489.359985,483.839996,488.230011,60300,488.230011
2015-07-31,490.850006,492.25,484.720001,486.130005,40300,486.130005
2015-07-30,488.670013,493.50,487.390015,489.380005,58200,489.380005
2015-07-29,486.359985,491.75,486.359985,489.619995,26700,489.619995
2015-07-28,487.26001,488.880005,483.299988,486.75,39700,486.75
2015-07-27,487.799988,492.290009,482.829987,485.880005,55100,485.880005
2015-07-24,489.00,491.940002,480.339996,488.73999,45700,488.73999
2015-07-23,492.799988,493.290009,486.420013,488.230011,49900,488.230011
2015-07-22,438.130005,493.589996,438.130005,491.480011,52300,491.480011
2015-07-21,496.579987,496.579987,489.48999,491.619995,54200,491.619995
2015-07-20,498.170013,500.329987,494.820007,497.269989,43700,497.269989
2015-07-17,500.079987,501.720001,495.829987,497.540009,71800,497.540009
2015-07-16,504.660004,504.720001,493.700012,501.98999,63500,501.98999
2015-07-15,498.950012,500.519989,495.01001,496.519989,47800,496.519989
2015-07-14,493.480011,499.970001,492.980011,497.570007,69600,497.570007
2015-07-13,497.50,497.940002,490.23999,492.640015,67000,492.640015
2015-07-10,486.940002,495.559998,484.170013,495.209991,60200,495.209991
2015-07-09,486.350006,487.600006,482.779999,484.230011,40700,484.230011
2015-07-08,488.00,488.170013,482.48999,484.130005,71000,484.130005
2015-07-07,487.850006,493.01001,484.130005,489.390015,96600,489.390015
2015-07-06,482.940002,487.190002,481.130005,486.850006,52600,486.850006
2015-07-02,482.25,486.00,481.00,484.149994,62600,484.149994
2015-07-01,471.899994,482.380005,471.899994,482.01001,116800,482.01001
2015-06-30,467.25,472.380005,465.75,468.76001,99900,468.76001
2015-06-29,471.950012,472.859985,464.579987,464.579987,39900,464.579987
2015-06-26,473.50,477.579987,471.380005,474.670013,63200,474.670013
2015-06-25,479.00,479.00,472.459991,473.029999,42900,473.029999
2015-06-24,484.420013,485.269989,477.390015,477.390015,69800,477.390015
2015-06-23,486.790009,486.940002,484.660004,486.410004,70500,486.410004
2015-06-22,483.940002,484.779999,482.00,484.779999,55900,484.779999
2015-06-19,485.00,486.649994,481.019989,481.190002,72300,481.190002
2015-06-18,484.76001,486.209991,482.429993,485.450012,68800,485.450012
2015-06-17,484.450012,485.00,481.279999,482.940002,60800,482.940002
2015-06-16,481.230011,485.00,481.140015,482.76001,69900,482.76001
2015-06-15,481.799988,482.899994,477.809998,480.040009,59800,480.040009
2015-06-12,477.470001,481.980011,477.109985,480.529999,47000,480.529999
2015-06-11,476.850006,483.209991,476.390015,482.00,51100,482.00
2015-06-10,475.149994,479.75,475.029999,476.869995,59800,476.869995
2015-06-09,472.160004,473.649994,469.730011,473.309998,70200,473.309998
2015-06-08,476.970001,477.519989,471.73999,471.73999,45400,471.73999
2015-06-05,475.579987,478.540009,473.920013,478.50,46700,478.50
2015-06-04,478.279999,485.600006,474.130005,474.75,60100,474.75
2015-06-03,480.570007,482.600006,477.850006,481.869995,86100,481.869995
2015-06-02,478.609985,481.579987,473.01001,479.570007,74900,479.570007
2015-06-01,476.839996,479.929993,473.350006,479.019989,103000,479.019989
2015-05-29,480.899994,481.660004,475.130005,475.350006,238600,475.350006
2015-05-28,480.920013,484.019989,477.420013,480.410004,106800,480.410004
2015-05-27,481.25,486.600006,480.549988,483.529999,75200,483.529999
2015-05-26,486.799988,490.299988,479.059998,480.640015,86300,480.640015
2015-05-22,490.149994,491.559998,482.920013,486.730011,87700,486.730011
2015-05-21,498.01001,499.350006,490.529999,490.529999,79200,490.529999
2015-05-20,487.790009,506.950012,485.910004,497.619995,316100,497.619995
2015-05-19,487.50,489.570007,485.839996,488.049988,72800,488.049988
2015-05-18,479.290009,487.170013,478.459991,487.130005,60000,487.130005
2015-05-15,486.410004,486.859985,480.130005,481.00,41600,481.00
2015-05-14,482.019989,487.730011,480.019989,487.709991,122100,487.709991
2015-05-13,481.899994,484.350006,479.290009,480.25,43200,480.25
2015-05-12,482.130005,485.019989,479.00,481.809998,54400,481.809998
2015-05-11,479.00,485.040009,477.059998,483.980011,125800,483.980011
2015-05-08,484.00,484.950012,478.799988,480.50,56300,480.50
2015-05-07,475.640015,481.929993,474.75,481.899994,56800,481.899994
2015-05-06,473.519989,477.970001,470.019989,477.970001,42500,477.970001
2015-05-05,480.779999,483.140015,472.549988,474.660004,55500,474.660004
2015-05-04,476.440002,481.570007,476.209991,481.450012,114200,481.450012
2015-05-01,477.309998,477.50,475.329987,475.850006,27000,475.850006
2015-04-30,475.48999,479.440002,471.75,473.519989,58900,473.519989
2015-04-29,476.399994,478.98999,474.00,477.690002,48800,477.690002
2015-04-28,476.320007,479.950012,475.079987,478.429993,61000,478.429993
2015-04-27,477.119995,479.950012,475.049988,476.00,49500,476.00
2015-04-24,477.410004,478.589996,475.00,477.00,30800,477.00
2015-04-23,471.51001,478.690002,468.440002,475.269989,47600,475.269989
2015-04-22,473.00,473.390015,467.23999,471.130005,58000,471.130005
2015-04-21,480.660004,480.660004,471.98999,472.970001,50200,472.970001
2015-04-20,479.709991,479.709991,474.910004,476.950012,39000,476.950012
2015-04-17,479.200012,479.200012,471.450012,476.910004,34600,476.910004
2015-04-16,486.51001,488.209991,480.369995,482.529999,73400,482.529999
2015-04-15,488.720001,491.890015,485.519989,485.529999,76500,485.529999
2015-04-14,487.700012,489.200012,480.440002,487.640015,74700,487.640015
2015-04-13,484.209991,491.230011,483.519989,484.429993,53900,484.429993
