Date,Open,High,Low,Close,Volume,Adj Close
2015-10-09,32.349998,32.689999,31.99,32.52,11822100,32.52
2015-10-08,31.790001,32.50,31.73,32.369999,14239400,32.369999
2015-10-07,31.309999,31.99,31.209999,31.870001,11991000,31.870001
2015-10-06,30.790001,31.190001,30.66,30.959999,10572800,30.959999
2015-10-05,30.799999,31.200001,30.35,30.85,12655000,30.85
2015-10-02,28.620001,30.709999,28.43,30.709999,29098500,30.709999
2015-10-01,28.950001,29.00,28.440001,28.91,14459100,28.91
2015-09-30,28.65,29.110001,28.49,28.91,17861800,28.91
2015-09-29,28.58,29.23,27.85,28.26,41761600,28.26
2015-09-28,29.030001,29.219999,27.200001,27.60,49088700,27.60
2015-09-25,29.66,29.709999,28.91,29.129999,11525300,29.129999
2015-09-24,29.469999,29.57,28.85,29.34,18723200,29.34
2015-09-23,30.559999,30.57,29.629999,29.74,12674700,29.74
2015-09-22,30.780001,30.92,30.17,30.40,15257000,30.40
2015-09-21,31.200001,31.74,30.879999,31.17,18413400,31.17
2015-09-18,30.51,30.799999,30.41,30.74,20144700,30.74
2015-09-17,31.309999,31.33,30.809999,30.93,16546900,30.93
2015-09-16,31.139999,31.77,30.99,31.40,22171700,31.40
2015-09-15,29.719999,31.23,29.41,31.040001,25637600,31.040001
2015-09-14,30.68,30.92,30.00,30.32,21951500,30.32
2015-09-11,31.09,31.43,30.629999,31.43,14312100,31.43
2015-09-10,31.35,31.59,31.030001,31.15,14287600,31.15
2015-09-09,30.40,31.799999,30.35,31.52,46957000,31.52
2015-09-08,32.200001,32.830002,30.860001,30.90,25238500,30.90
2015-09-04,32.00,32.290001,31.440001,31.58,13829900,31.58
2015-09-03,31.860001,32.740002,31.799999,32.540001,13710700,32.540001
2015-09-02,32.009998,32.029999,31.379999,31.77,15551500,31.77
2015-09-01,31.49,32.099998,31.23,31.60,19828300,31.60
2015-08-31,32.91,32.990002,32.23,32.240002,13575100,32.240002
2015-08-28,33.32,33.57,32.93,33.139999,9359500,33.139999
2015-08-27,33.360001,33.77,32.950001,33.689999,18949200,33.689999
2015-08-26,32.459999,32.619999,31.110001,32.52,25375600,32.52
2015-08-25,32.98,33.029999,31.540001,31.74,15626100,31.74
2015-08-24,29.02,32.279999,29.00,31.309999,22876900,31.309999
2015-08-21,33.580002,34.02,32.91,32.93,18271700,32.93
2015-08-20,34.77,34.950001,33.869999,34.099998,15525800,34.099998
2015-08-19,35.669998,35.669998,35.029999,35.189999,8974100,35.189999
2015-08-18,35.779999,36.189999,35.599998,35.689999,11422700,35.689999
2015-08-17,36.240002,36.240002,35.77,36.099998,7923100,36.099998
2015-08-14,35.82,36.349998,35.720001,36.240002,12238300,36.240002
2015-08-13,35.080002,36.610001,34.82,35.93,28981100,35.93
2015-08-12,34.290001,34.77,33.849998,34.490002,31405700,34.490002
2015-08-11,36.740002,36.77,35.73,36.029999,13677300,36.029999
2015-08-10,36.869999,37.689999,36.869999,37.150002,11266600,37.150002
2015-08-07,36.52,36.759998,36.150002,36.669998,11825800,36.669998
2015-08-06,37.34,37.52,36.299999,36.459999,12045400,36.459999
2015-08-05,37.32,37.709999,37.23,37.25,6837900,37.25
2015-08-04,36.610001,37.209999,36.599998,37.119999,8999000,37.119999
2015-08-03,36.669998,36.98,36.369999,36.689999,9853500,36.689999
2015-07-31,37.560001,37.57,36.619999,36.669998,15478000,36.669998
2015-07-30,37.50,37.689999,37.299999,37.419998,9513200,37.419998
2015-07-29,37.919998,37.919998,37.380001,37.669998,9739400,37.669998
2015-07-28,37.639999,37.919998,37.27,37.720001,10315100,37.720001
2015-07-27,38.310001,38.310001,37.650002,37.84,12872800,37.84
2015-07-24,39.580002,39.580002,38.669998,38.849998,8557000,38.849998
2015-07-23,39.299999,39.779999,39.060001,39.209999,9241700,39.209999
2015-07-22,38.57,39.630001,38.259998,39.240002,17115400,39.240002
2015-07-21,39.610001,39.849998,39.349998,39.73,14513300,39.73
2015-07-20,39.98,39.98,39.259998,39.540001,13909400,39.540001
2015-07-17,39.189999,39.790001,38.93,39.68,14421500,39.68
2015-07-16,38.700001,38.959999,38.599998,38.91,8406900,38.91
2015-07-15,38.509998,38.799999,38.150002,38.380001,9123300,38.380001
2015-07-14,38.650002,39.029999,38.439999,38.630001,9464500,38.630001
2015-07-13,38.25,38.799999,38.099998,38.759998,8665000,38.759998
2015-07-10,38.349998,38.419998,37.779999,37.919998,9559100,37.919998
2015-07-09,38.23,38.68,37.52,37.610001,16871200,37.610001
2015-07-08,37.200001,37.490002,36.939999,37.23,20430200,37.23
2015-07-07,38.240002,38.380001,36.580002,38.23,19424200,38.23
2015-07-06,38.759998,39.119999,38.459999,38.610001,11761500,38.610001
2015-07-02,39.259998,39.639999,39.189999,39.380001,7708100,39.380001
2015-07-01,39.459999,39.779999,39.150002,39.330002,6385000,39.330002
2015-06-30,39.389999,39.650002,39.189999,39.290001,11170200,39.290001
2015-06-29,39.490002,39.779999,38.849998,38.91,12452700,38.91
2015-06-26,40.830002,40.869999,39.93,40.060001,16011600,40.060001
2015-06-25,41.099998,41.389999,40.900002,41.07,10764100,41.07
2015-06-24,40.68,41.23,40.580002,40.939999,11444300,40.939999
2015-06-23,40.740002,40.799999,40.509998,40.650002,6846300,40.650002
2015-06-22,40.66,40.889999,40.540001,40.73,6127200,40.73
2015-06-19,40.900002,40.93,40.369999,40.509998,11586600,40.509998
2015-06-18,41.040001,41.27,40.790001,40.91,10003000,40.91
2015-06-17,40.799999,41.52,40.779999,40.959999,11936400,40.959999
2015-06-16,40.349998,41.400002,40.02,40.639999,20439700,40.639999
2015-06-15,40.240002,40.669998,40.209999,40.470001,10869500,40.470001
2015-06-12,40.77,41.110001,40.459999,40.529999,9220600,40.529999
2015-06-11,42.09,42.209999,40.549999,40.939999,23654400,40.939999
2015-06-10,41.700001,42.310001,41.689999,42.060001,7930000,42.060001
2015-06-09,41.919998,41.950001,41.02,41.630001,11943500,41.630001
2015-06-08,42.720001,42.889999,42.00,42.009998,7596300,42.009998
2015-06-05,42.830002,43.259998,42.700001,42.810001,8307600,42.810001
2015-06-04,43.09,43.439999,42.759998,42.880001,8055400,42.880001
2015-06-03,43.299999,43.779999,42.98,43.209999,11884100,43.209999
2015-06-02,43.18,43.619999,42.919998,43.150002,8863900,43.150002
2015-06-01,43.049999,43.630001,42.91,43.349998,11150700,43.349998
2015-05-29,43.450001,43.59,42.810001,42.939999,10901500,42.939999
2015-05-28,43.060001,43.419998,42.93,43.07,10988400,43.07
2015-05-27,42.599998,43.439999,42.279999,43.380001,13671900,43.380001
2015-05-26,43.41,43.50,42.580002,42.849998,12776200,42.849998
2015-05-22,43.580002,44.00,43.470001,43.490002,10271700,43.490002
2015-05-21,43.060001,43.869999,43.049999,43.68,30372300,43.68
2015-05-20,42.279999,43.040001,42.16,42.790001,54383700,42.790001
2015-05-19,44.380001,44.66,39.119999,40.98,41283000,40.98
2015-05-18,44.52,44.57,44.040001,44.360001,8278800,44.360001
2015-05-15,45.00,45.07,44.689999,44.75,7751900,44.75
2015-05-14,44.529999,44.990002,44.450001,44.950001,10098100,44.950001
2015-05-13,44.029999,44.669998,43.98,44.400002,10982100,44.400002
2015-05-12,44.299999,44.310001,43.689999,43.84,14226300,43.84
2015-05-11,43.82,44.139999,43.59,43.599998,11502600,43.599998
2015-05-08,44.34,44.549999,44.00,44.09,15699400,44.09
2015-05-07,44.93,44.98,43.549999,43.869999,28194200,43.869999
2015-05-06,41.310001,41.73,41.209999,41.66,13921000,41.66
2015-05-05,41.860001,42.00,40.810001,41.299999,19278500,41.299999
2015-05-04,42.50,42.549999,41.830002,42.040001,14455200,42.040001
2015-05-01,42.549999,42.68,42.09,42.509998,10457300,42.509998
2015-04-30,43.119999,43.310001,42.259998,42.57,14218600,42.57
2015-04-29,43.880001,44.049999,43.09,43.279999,12680000,43.279999
2015-04-28,44.34,44.57,43.939999,44.34,7188300,44.34
2015-04-27,44.650002,45.099998,44.25,44.360001,10840900,44.360001
2015-04-24,43.73,44.709999,43.689999,44.52,11267500,44.52
2015-04-23,43.919998,44.060001,43.580002,43.700001,14274900,43.700001
2015-04-22,44.580002,44.849998,43.669998,43.98,32241200,43.98
2015-04-21,45.150002,45.18,44.450001,44.490002,16103700,44.490002
2015-04-20,44.73,44.91,44.41,44.66,10052900,44.66
2015-04-17,45.299999,45.439999,44.25,44.450001,13305700,44.450001
2015-04-16,45.82,46.130001,45.529999,45.779999,13800300,45.779999
2015-04-15,45.459999,45.830002,45.23,45.73,15033500,45.73
2015-04-14,44.82,45.639999,44.790001,45.529999,12365800,45.529999
2015-04-13,45.25,45.59,44.720001,44.77,8837300,44.77
