Date,Open,High,Low,Close,Volume,Adj Close
2015-10-09,67.50,70.419998,67.400002,70.25,9765700,70.25
2015-10-08,67.110001,68.300003,66.349998,67.459999,13047900,67.459999
2015-10-07,69.809998,70.900002,67.199997,67.709999,36740700,67.709999
2015-10-06,82.82,83.540001,82.029999,83.419998,6260500,83.419998
2015-10-05,82.610001,83.300003,81.400002,83.050003,4122100,83.050003
2015-10-02,78.339996,81.900002,78.339996,81.599998,5541300,81.599998
2015-10-01,80.010002,80.529999,79.00,79.870003,3173700,79.870003
2015-09-30,77.519997,80.25,76.690002,79.949997,5294400,79.949997
2015-09-29,76.18,76.410004,75.239998,76.150002,4325500,76.150002
2015-09-28,78.00,78.209999,75.919998,76.00,4063200,76.00
2015-09-25,79.25,79.699997,78.220001,78.599998,3366300,78.599998
2015-09-24,78.550003,78.550003,77.290001,78.32,3015900,78.32
2015-09-23,79.32,79.629997,78.43,78.919998,2658200,78.919998
2015-09-22,79.50,80.029999,78.93,79.300003,3655500,79.300003
2015-09-21,80.50,80.720001,79.290001,80.43,3638600,80.43
2015-09-18,81.230003,82.160004,79.849998,80.150002,5445000,80.150002
2015-09-17,82.93,83.900002,82.410004,82.970001,3713800,82.970001
2015-09-16,82.300003,83.199997,81.610001,83.07,2660300,83.07
2015-09-15,81.309998,82.699997,80.449997,82.419998,2296100,82.419998
2015-09-14,81.18,81.400002,80.559998,80.949997,1830700,80.949997
2015-09-11,80.00,81.470001,79.620003,81.43,2715100,81.43
2015-09-10,80.790001,81.220001,79.480003,79.900002,3151500,79.900002
2015-09-09,82.800003,83.489998,80.849998,81.019997,3245400,81.019997
2015-09-08,80.82,81.949997,80.480003,81.760002,3110000,81.760002
2015-09-04,79.029999,79.540001,78.18,78.889999,2115000,78.889999
2015-09-03,80.660004,80.949997,79.760002,80.220001,1811600,80.220001
2015-09-02,80.040001,80.269997,78.720001,80.269997,3334000,80.269997
2015-09-01,77.599998,79.550003,77.50,79.099998,4471900,79.099998
2015-08-31,80.989998,81.32,79.699997,79.769997,2937400,79.769997
2015-08-28,82.129997,82.75,81.269997,81.82,2914200,81.82
2015-08-27,80.099998,82.949997,80.099998,82.269997,4260900,82.269997
2015-08-26,77.959999,79.870003,76.57,79.68,4533100,79.68
2015-08-25,79.290001,79.43,76.029999,76.099998,6217600,76.099998
2015-08-24,73.889999,78.989998,71.389999,77.190002,10145600,77.190002
2015-08-21,81.040001,81.57,79.199997,79.699997,8732900,79.699997
2015-08-20,85.199997,85.580002,81.709999,81.82,7715700,81.82
2015-08-19,85.510002,86.730003,84.82,86.089996,9430400,86.089996
2015-08-18,84.699997,85.099998,83.900002,84.199997,4396100,84.199997
2015-08-17,82.860001,85.690002,82.519997,85.029999,6024400,85.029999
2015-08-14,83.550003,84.150002,83.010002,83.589996,3746200,83.589996
2015-08-13,81.50,85.089996,81.309998,83.800003,7821700,83.800003
2015-08-12,81.980003,82.00,78.720001,80.68,11888200,80.68
2015-08-11,86.459999,86.459999,83.00,83.540001,9646700,83.540001
2015-08-10,88.269997,88.849998,87.709999,87.82,1205300,87.82
2015-08-07,87.449997,87.650002,86.620003,87.610001,1441600,87.610001
2015-08-06,89.269997,89.669998,87.489998,87.769997,2023100,87.769997
2015-08-05,88.959999,89.629997,88.449997,89.040001,1379900,89.040001
2015-08-04,88.00,88.699997,87.779999,88.190002,1401800,88.190002
2015-08-03,88.040001,88.239998,87.120003,87.82,1484300,87.82
2015-07-31,88.519997,88.68,87.669998,87.760002,1428600,87.760002
2015-07-30,87.82,88.360001,87.019997,88.019997,1389400,88.019997
2015-07-29,87.150002,88.260002,86.870003,87.769997,2102500,87.769997
2015-07-28,86.559998,87.139999,85.739998,86.949997,1995400,86.949997
2015-07-27,85.93,86.370003,85.330002,85.980003,3746100,85.980003
2015-07-24,88.220001,88.449997,86.379997,86.709999,2658400,86.709999
2015-07-23,89.040001,89.230003,87.589996,87.82,3497500,87.82
2015-07-22,88.150002,89.919998,88.019997,89.309998,3214600,89.309998
2015-07-21,88.230003,88.800003,87.849998,88.620003,2256700,88.620003
2015-07-20,88.00,88.68,87.43,88.129997,2241600,88.129997
2015-07-17,88.019997,88.260002,87.370003,87.879997,3749500,87.879997
2015-07-16,89.50,89.839996,87.790001,88.25,3755500,88.25
2015-07-15,91.059998,91.059998,87.510002,88.879997,9871200,88.879997
2015-07-14,90.93,92.160004,90.57,91.989998,5834100,91.579999
2015-07-13,91.400002,92.330002,90.580002,91.110001,4241400,90.703924
2015-07-10,89.18,91.040001,88.690002,90.860001,5003700,90.455038
2015-07-09,88.510002,89.849998,87.860001,87.989998,5237800,87.597827
2015-07-08,88.00,88.440002,85.18,87.120003,7799900,86.731709
2015-07-07,90.989998,90.989998,88.510002,89.889999,6463500,89.48936
2015-07-06,90.610001,91.099998,90.239998,90.669998,2348300,90.265882
2015-07-02,91.900002,92.419998,90.739998,91.550003,2018000,91.141965
2015-07-01,91.110001,92.400002,91.019997,91.690002,3079200,91.28134
2015-06-30,90.389999,90.480003,89.260002,90.080002,2865300,89.678516
2015-06-29,91.800003,92.169998,89.440002,89.610001,3340500,89.210609
2015-06-26,91.720001,93.059998,91.57,92.75,2159900,92.336614
2015-06-25,91.839996,91.989998,91.199997,91.379997,2404400,90.972717
2015-06-24,92.059998,92.099998,91.470001,91.510002,2498500,91.102142
2015-06-23,92.800003,92.879997,91.879997,92.029999,1675200,91.619821
2015-06-22,92.620003,93.279999,92.129997,92.419998,2489900,92.008083
2015-06-19,92.379997,92.690002,92.230003,92.269997,2045500,91.85875
2015-06-18,91.440002,93.330002,91.32,92.68,2010900,92.266926
2015-06-17,91.589996,91.790001,90.730003,91.300003,1868000,90.893079
2015-06-16,90.769997,91.860001,90.769997,91.82,2143800,91.410758
2015-06-15,90.440002,91.040001,90.080002,90.879997,1214300,90.474945
2015-06-12,91.059998,91.440002,90.860001,91.110001,2216300,90.703924
2015-06-11,91.889999,92.089996,91.199997,91.330002,1187100,90.922944
2015-06-10,90.480003,91.760002,90.480003,91.599998,1818100,91.191738
2015-06-09,90.370003,90.800003,90.169998,90.589996,1713600,90.186237
2015-06-08,90.550003,91.410004,90.440002,90.50,2664400,90.096642
2015-06-05,90.370003,91.150002,90.169998,90.790001,1605800,90.38535
2015-06-04,90.75,91.099998,90.199997,90.519997,2369400,90.116549
2015-06-03,90.57,92.260002,90.00,91.550003,4970800,91.141965
2015-06-02,90.220001,90.769997,89.769997,89.870003,2161300,89.469452
2015-06-01,89.860001,90.830002,89.540001,90.269997,2479000,89.867664
2015-05-29,91.57,91.790001,89.790001,90.110001,3709200,89.708381
2015-05-28,91.949997,92.190002,91.139999,91.800003,2830400,91.390851
2015-05-27,92.529999,92.860001,91.639999,91.980003,3435600,91.570049
2015-05-26,91.480003,92.209999,90.699997,91.540001,3007200,91.132007
2015-05-22,93.370003,93.419998,91.230003,91.540001,5633800,91.132007
2015-05-21,94.529999,94.620003,93.139999,93.440002,3386300,93.023541
2015-05-20,94.949997,95.900002,94.150002,94.879997,3546000,94.457117
2015-05-19,93.860001,94.949997,93.349998,94.309998,4775300,93.889658
2015-05-18,93.800003,94.879997,92.949997,93.589996,3682800,93.172866
2015-05-15,91.730003,94.099998,91.099998,93.959999,6214000,93.54122
2015-05-14,90.370003,90.739998,89.760002,90.019997,2004100,89.618778
2015-05-13,90.129997,90.870003,89.690002,89.900002,1686200,89.499317
2015-05-12,89.220001,90.879997,89.080002,90.389999,2885200,89.987131
2015-05-11,89.959999,90.519997,89.639999,89.739998,4358600,89.340027
2015-05-08,91.00,91.760002,89.870003,89.879997,4865300,89.479402
2015-05-07,89.419998,90.529999,88.940002,90.129997,3362700,89.728288
2015-05-06,90.25,90.419998,88.870003,89.209999,2945200,88.81239
2015-05-05,90.309998,90.599998,89.830002,89.989998,4903400,89.588913
2015-05-04,91.949997,94.129997,90.980003,91.010002,10154500,90.604371
2015-05-01,86.50,91.989998,86.459999,91.900002,17140700,91.490404
2015-04-30,86.059998,86.809998,85.610001,85.959999,2579700,85.576876
2015-04-29,86.279999,86.769997,86.050003,86.25,2875600,85.865584
2015-04-28,86.290001,87.239998,85.889999,86.839996,3022400,86.452951
2015-04-27,87.099998,87.419998,86.389999,86.610001,3896300,86.22398
2015-04-24,84.25,87.150002,84.080002,87.099998,7617700,86.711794
2015-04-23,83.839996,84.440002,83.349998,84.07,4539000,83.6953
2015-04-22,83.510002,85.300003,82.459999,84.040001,12845800,83.665435
2015-04-21,80.989998,81.139999,80.290001,80.849998,4716600,80.48965
2015-04-20,80.470001,81.330002,80.07,81.089996,2938400,80.728578
2015-04-17,78.959999,80.019997,78.739998,79.75,4114600,79.394554
2015-04-16,79.589996,80.75,79.370003,79.489998,3001200,79.135711
2015-04-15,79.970001,80.440002,79.580002,79.599998,2674600,79.245222
2015-04-14,80.25,80.349998,79.309998,79.620003,2830000,79.265137
2015-04-13,79.75,81.199997,79.349998,80.720001,4330900,80.360232
