Date,Open,High,Low,Close,Volume,Adj Close
2015-10-09,95.580002,96.660004,95.309998,96.449997,966500,96.449997
2015-10-08,94.650002,95.550003,93.650002,95.440002,950100,95.440002
2015-10-07,94.610001,95.059998,94.099998,94.889999,597400,94.889999
2015-10-06,95.440002,96.099998,93.139999,93.989998,2329200,93.989998
2015-10-05,95.849998,96.309998,94.889999,95.50,1312700,95.50
2015-10-02,88.769997,95.279999,88.769997,95.269997,1312300,95.269997
2015-10-01,93.82,94.120003,92.00,93.959999,1557300,93.959999
2015-09-30,94.550003,94.910004,93.129997,93.93,1951000,93.93
2015-09-29,92.230003,94.239998,92.110001,93.790001,2290200,93.790001
2015-09-28,93.989998,94.059998,90.919998,92.410004,2275000,92.410004
2015-09-25,96.089996,96.940002,93.610001,94.440002,1577500,94.220002
2015-09-24,96.510002,97.589996,95.190002,95.620003,1327800,95.397253
2015-09-23,97.370003,99.82,96.989998,97.349998,862900,97.123219
2015-09-22,97.769997,97.900002,96.849998,97.580002,2274500,97.352686
2015-09-21,99.32,100.620003,98.080002,98.190002,1711900,97.961266
2015-09-18,99.980003,100.07,98.949997,99.199997,1622000,98.968908
2015-09-17,101.32,102.199997,100.370003,100.889999,780800,100.654973
2015-09-16,100.220001,101.019997,99.019997,100.739998,1146300,100.505321
2015-09-15,100.050003,102.949997,99.110001,99.970001,1015400,99.737118
2015-09-14,95.129997,100.339996,95.129997,99.040001,1473300,98.809284
2015-09-11,100.440002,100.519997,99.68,100.199997,1343600,99.966578
2015-09-10,98.889999,100.989998,98.400002,100.099998,1614900,99.866813
2015-09-09,103.349998,104.00,100.889999,101.230003,1501100,100.994185
2015-09-08,101.980003,102.739998,101.370003,102.690002,1233300,102.450783
2015-09-04,100.559998,101.389999,100.040001,100.459999,1669500,100.225975
2015-09-03,101.790001,103.529999,101.110001,102.089996,1280200,101.852175
2015-09-02,100.989998,101.660004,100.32,101.629997,1293500,101.393247
2015-09-01,102.75,102.75,100.089996,100.650002,1598700,100.415534
2015-08-31,103.599998,104.889999,103.449997,103.559998,1626600,103.318752
2015-08-28,103.00,104.480003,101.669998,104.370003,1493600,104.12687
2015-08-27,100.959999,103.449997,100.919998,103.410004,1474700,103.169107
2015-08-26,99.169998,101.160004,98.029999,101.019997,1301300,100.784668
2015-08-25,104.43,104.529999,98.029999,98.029999,1495600,97.801635
2015-08-24,101.110001,101.110001,94.730003,99.57,2782100,99.338049
2015-08-21,104.559998,105.709999,103.989998,104.360001,2229300,104.116891
2015-08-20,104.879997,105.660004,104.589996,104.879997,1457600,104.635676
2015-08-19,105.32,106.900002,104.50,106.139999,1251800,105.892743
2015-08-18,105.970001,106.379997,105.489998,105.970001,910600,105.723141
2015-08-17,104.699997,106.440002,104.239998,106.389999,1058500,106.142161
2015-08-14,104.400002,105.650002,102.879997,105.529999,1478600,105.284164
2015-08-13,105.699997,110.809998,103.400002,104.360001,1279300,104.116891
2015-08-12,103.18,103.68,101.699997,103.68,1137500,103.438475
2015-08-11,103.07,104.339996,102.699997,104.169998,1688800,103.927331
2015-08-10,102.730003,103.599998,101.959999,103.43,1206800,103.189057
2015-08-07,101.790001,101.900002,100.360001,101.730003,1423300,101.49302
2015-08-06,103.660004,103.760002,101.290001,101.690002,1458300,101.453113
2015-08-05,104.010002,104.449997,103.440002,103.879997,1058900,103.638006
2015-08-04,104.459999,105.32,102.900002,103.129997,1043900,102.889753
2015-08-03,104.470001,105.089996,103.75,104.330002,1520000,104.086962
2015-07-31,104.849998,105.449997,103.690002,104.07,1546800,103.827566
2015-07-30,107.00,107.559998,104.43,104.849998,2252400,104.605747
2015-07-29,106.82,107.470001,106.220001,107.00,1188200,106.75074
2015-07-28,105.330002,106.660004,105.160004,106.50,975600,106.251905
2015-07-27,106.400002,106.50,105.559998,105.779999,739400,105.533581
2015-07-24,107.529999,108.010002,106.599998,106.660004,693900,106.411536
2015-07-23,108.129997,108.900002,107.589996,107.849998,916600,107.598759
2015-07-22,108.190002,109.040001,107.82,108.540001,1453900,108.287154
2015-07-21,108.059998,108.68,107.220001,108.260002,1006500,108.007807
2015-07-20,107.639999,108.330002,107.459999,108.029999,1042500,107.77834
2015-07-17,107.080002,108.050003,106.900002,107.50,890000,107.249576
2015-07-16,107.860001,108.199997,107.379997,107.769997,1038300,107.518943
2015-07-15,107.860001,108.00,107.019997,107.129997,950800,106.880435
2015-07-14,108.120003,108.239998,107.129997,107.400002,797600,107.14981
2015-07-13,107.269997,108.449997,107.110001,107.629997,959600,107.37927
2015-07-10,107.849998,108.93,106.669998,106.809998,1893200,106.561181
2015-07-09,109.00,109.489998,106.769997,106.839996,1244400,106.59111
2015-07-08,108.580002,109.290001,107.709999,107.940002,1127300,107.688553
2015-07-07,108.900002,109.82,107.989998,109.769997,795800,109.514284
2015-07-06,108.190002,109.540001,107.610001,108.790001,1523400,108.536572
2015-07-02,110.00,110.980003,107.00,108.190002,1402400,107.937971
2015-07-01,110.00,111.349998,109.010002,109.209999,1239900,108.955591
2015-06-30,110.50,110.900002,108.75,109.230003,2225300,108.975549
2015-06-29,107.00,114.410004,97.480003,109.290001,1561000,109.035407
2015-06-26,113.699997,114.089996,113.110001,113.559998,1802600,113.295456
2015-06-25,113.529999,114.209999,112.919998,113.269997,1580400,113.006131
2015-06-24,112.50,115.50,112.160004,113.519997,3486800,113.255549
2015-06-23,113.699997,113.769997,112.199997,112.68,825700,112.417509
2015-06-22,113.279999,113.919998,112.980003,113.400002,824600,113.135833
2015-06-19,113.400002,113.769997,112.57,112.660004,1616600,112.397559
2015-06-18,113.040001,113.769997,112.959999,113.300003,1012900,113.036067
2015-06-17,113.019997,113.279999,111.739998,112.50,656400,112.237928
2015-06-16,111.639999,112.839996,111.279999,112.550003,755400,112.287815
2015-06-15,111.519997,112.019997,110.949997,111.669998,1100100,111.40986
2015-06-12,113.330002,113.709999,112.050003,112.199997,1243000,111.938624
2015-06-11,113.889999,114.360001,113.610001,114.110001,1405700,113.844178
2015-06-10,113.260002,114.010002,112.589996,113.660004,1300200,113.395229
2015-06-09,113.07,113.889999,112.57,112.639999,855400,112.377601
2015-06-08,113.540001,114.470001,113.089996,113.139999,876100,112.876437
2015-06-05,113.00,113.400002,112.339996,113.25,952000,112.986181
2015-06-04,112.93,114.190002,112.82,113.07,895700,112.8066
2015-06-03,114.269997,114.68,113.660004,113.900002,720000,113.634668
2015-06-02,114.139999,114.830002,113.989998,114.160004,684400,113.894065
2015-06-01,114.580002,115.220001,113.940002,114.769997,887100,114.502637
2015-05-29,112.989998,114.870003,112.559998,114.089996,1796700,113.82422
2015-05-28,113.949997,114.349998,112.75,113.389999,1830900,113.125854
2015-05-27,113.690002,114.43,112.709999,114.269997,869300,114.003801
2015-05-26,113.790001,113.790001,112.709999,113.089996,1136600,112.82655
2015-05-22,114.080002,114.470001,113.230003,113.769997,1013300,113.504966
2015-05-21,114.019997,114.529999,113.900002,114.459999,584000,114.193361
2015-05-20,114.379997,114.910004,113.919998,114.339996,441200,114.073638
2015-05-19,114.209999,114.760002,113.730003,114.339996,706900,114.073638
2015-05-18,113.360001,114.559998,113.120003,114.279999,598000,114.01378
2015-05-15,113.529999,113.760002,112.809998,113.18,783300,112.916344
2015-05-14,112.739998,113.650002,112.139999,113.57,1270500,113.305435
2015-05-13,112.639999,112.709999,111.730003,111.839996,953100,111.579462
2015-05-12,112.510002,112.940002,111.629997,112.239998,2028800,111.759045
2015-05-11,112.57,113.75,112.379997,113.18,1409600,112.69502
2015-05-08,112.199997,113.099998,111.709999,112.949997,1244700,112.466002
2015-05-07,110.379997,111.330002,110.07,111.040001,1668300,110.56419
2015-05-06,110.860001,111.330002,109.230003,110.099998,1919400,109.628216
2015-05-05,110.690002,110.870003,109.550003,110.510002,2116200,110.036463
2015-05-04,110.720001,111.650002,110.410004,110.68,1297700,110.205732
2015-05-01,110.169998,111.129997,109.480003,110.43,1413500,109.956804
2015-04-30,111.589996,112.010002,108.540001,109.839996,3317600,109.369328
2015-04-29,116.43,116.790001,114.830002,115.339996,1305100,114.84576
2015-04-28,116.040001,117.160004,114.519997,116.730003,1130200,116.229811
2015-04-27,119.00,119.00,116.349998,116.610001,820400,116.110322
2015-04-24,118.089996,118.919998,117.730003,118.760002,737600,118.251111
2015-04-23,117.360001,119.099998,116.709999,118.57,740500,118.061923
2015-04-22,117.120003,118.269997,116.57,117.489998,731600,116.986549
2015-04-21,116.389999,117.790001,116.339996,117.370003,824400,116.867068
2015-04-20,115.080002,116.449997,114.879997,115.919998,583300,115.423277
2015-04-17,114.989998,115.099998,113.709999,114.610001,1092600,114.118892
2015-04-16,115.43,115.839996,114.980003,115.360001,1002600,114.865679
2015-04-15,116.18,116.620003,115.550003,115.620003,986800,115.124567
2015-04-14,116.400002,117.110001,115.230003,115.959999,1240800,115.463106
2015-04-13,117.739998,118.339996,115.970001,116.209999,1176700,115.712035
