Date,Open,High,Low,Close,Volume,Adj Close
2015-10-09,43.110001,43.310001,42.77,42.799999,2792600,42.799999
2015-10-08,42.560001,43.400002,41.98,43.220001,4399400,43.220001
2015-10-07,41.59,42.709999,41.23,42.669998,4157200,42.669998
2015-10-06,42.779999,43.099998,41.189999,41.389999,4598500,41.389999
2015-10-05,43.150002,43.389999,42.349998,42.849998,5350500,42.849998
2015-10-02,40.630001,43.040001,40.490002,43.02,3926900,43.02
2015-10-01,41.07,41.34,40.369999,41.290001,4076400,41.290001
2015-09-30,40.630001,41.220001,40.349998,41.18,4908500,41.18
2015-09-29,40.299999,40.77,38.98,39.650002,7143700,39.650002
2015-09-28,42.27,42.299999,39.380001,39.959999,8908000,39.959999
2015-09-25,44.110001,44.139999,41.880001,42.509998,3436700,42.509998
2015-09-24,44.130001,44.200001,43.009998,43.59,2945400,43.59
2015-09-23,44.200001,44.66,43.990002,44.32,1794000,44.32
2015-09-22,44.009998,44.52,43.740002,44.23,2325100,44.23
2015-09-21,45.279999,45.57,44.110001,44.50,2418400,44.50
2015-09-18,45.310001,45.700001,44.900002,45.119999,7969300,45.119999
2015-09-17,44.75,46.630001,44.75,46.009998,5403400,46.009998
2015-09-16,44.790001,44.849998,43.700001,44.509998,4127400,44.509998
2015-09-15,44.700001,45.130001,44.48,45.060001,1949000,45.060001
2015-09-14,44.869999,45.00,44.189999,44.470001,2149500,44.470001
2015-09-11,44.599998,45.130001,44.119999,45.00,2454200,45.00
2015-09-10,43.93,44.93,43.799999,44.34,2841400,44.34
2015-09-09,45.18,45.259998,43.849998,43.950001,2905300,43.950001
2015-09-08,44.720001,44.939999,43.82,44.889999,4063500,44.889999
2015-09-04,43.970001,44.73,43.529999,44.009998,4195500,44.009998
2015-09-03,45.32,45.619999,44.32,44.529999,2858100,44.529999
2015-09-02,44.52,45.16,43.900002,45.119999,2601000,45.119999
2015-09-01,43.950001,44.889999,43.779999,43.98,4270300,43.98
2015-08-31,45.740002,45.91,44.77,44.869999,2557600,44.869999
2015-08-28,46.009998,46.130001,45.060001,45.779999,2695800,45.779999
2015-08-27,44.709999,46.150002,44.110001,45.860001,4539300,45.860001
2015-08-26,43.549999,44.330002,41.990002,44.25,5742400,44.25
2015-08-25,44.59,44.84,42.560001,42.560001,3782200,42.560001
2015-08-24,42.509998,44.970001,37.73,43.529999,5352000,43.529999
2015-08-21,45.849998,46.32,45.009998,45.02,3688800,45.02
2015-08-20,47.360001,47.68,46.279999,46.380001,2515600,46.380001
2015-08-19,47.450001,48.18,47.220001,47.91,2130700,47.91
2015-08-18,48.59,48.779999,47.689999,47.73,2847800,47.73
2015-08-17,47.299999,48.709999,47.259998,48.689999,1849600,48.689999
2015-08-14,47.650002,47.650002,46.939999,47.470001,2594500,47.470001
2015-08-13,47.82,48.380001,47.599998,47.66,2574800,47.66
2015-08-12,47.900002,48.080002,46.880001,47.860001,3520300,47.860001
2015-08-11,48.07,48.540001,47.84,48.209999,1946700,48.209999
2015-08-10,48.50,49.09,48.279999,48.389999,3064500,48.306999
2015-08-07,48.119999,48.470001,47.439999,48.310001,3466000,48.227138
2015-08-06,49.560001,50.25,47.970001,48.279999,3223400,48.197187
2015-08-05,48.950001,49.119999,48.52,48.610001,4118200,48.526623
2015-08-04,49.110001,50.00,48.279999,48.849998,4867300,48.766209
2015-08-03,49.16,49.490002,47.990002,48.48,3559500,48.396845
2015-07-31,48.82,49.450001,48.740002,48.98,2539800,48.895987
2015-07-30,47.959999,48.720001,47.959999,48.549999,1576800,48.466724
2015-07-29,49.099998,49.16,47.869999,48.400002,3629900,48.316984
2015-07-28,49.52,49.57,48.169998,48.849998,4846300,48.766209
2015-07-27,49.389999,49.57,48.77,49.48,1683500,49.395129
2015-07-24,49.900002,50.299999,49.330002,49.490002,2081000,49.405114
2015-07-23,49.959999,50.389999,49.509998,49.849998,2457900,49.764494
2015-07-22,49.049999,50.060001,49.02,50.02,2937300,49.934204
2015-07-21,49.700001,49.75,48.93,49.119999,4412700,49.035746
2015-07-20,48.099998,49.029999,48.02,48.98,3364200,48.895987
2015-07-17,48.00,48.299999,47.720001,47.799999,2324000,47.718011
2015-07-16,47.389999,48.220001,47.389999,48.00,3423500,47.917668
2015-07-15,47.50,47.630001,47.009998,47.110001,2099400,47.029196
2015-07-14,47.040001,47.560001,46.279999,47.459999,5636300,47.378594
2015-07-13,47.099998,47.439999,46.84,47.040001,3050000,46.959316
2015-07-10,47.00,47.189999,46.82,46.959999,2917500,46.879451
2015-07-09,47.110001,47.369999,46.560001,46.57,3417400,46.490121
2015-07-08,47.349998,47.43,46.459999,46.48,3452800,46.400275
2015-07-07,48.540001,48.779999,47.099998,47.880001,5656200,47.797875
2015-07-06,48.040001,48.400002,47.77,48.400002,3088100,48.316984
2015-07-02,48.599998,48.66,47.889999,48.310001,2070900,48.227138
2015-07-01,48.75,49.040001,47.830002,48.43,5532100,48.346931
2015-06-30,47.669998,48.610001,47.209999,48.220001,4372800,48.137292
2015-06-29,48.509998,48.689999,47.040001,47.07,5149400,46.989263
2015-06-26,53.93,54.00,48.259998,48.619999,20823300,48.536604
2015-06-25,49.84,55.380001,49.57,55.380001,3228100,55.285011
2015-06-24,50.25,50.299999,49.709999,49.709999,2561900,49.624734
2015-06-23,50.41,50.849998,50.240002,50.470001,2104100,50.383433
2015-06-22,50.599998,50.700001,50.07,50.220001,2040400,50.133862
2015-06-19,50.360001,50.619999,50.200001,50.240002,2906800,50.153828
2015-06-18,50.290001,50.599998,50.16,50.50,3696100,50.41338
2015-06-17,49.75,50.369999,49.709999,50.169998,2804400,50.083944
2015-06-16,49.299999,49.73,48.900002,49.709999,1817900,49.624734
2015-06-15,48.84,49.349998,48.709999,49.27,3015000,49.18549
2015-06-12,49.630001,49.860001,49.009998,49.080002,2033300,48.995818
2015-06-11,49.799999,50.040001,49.599998,49.869999,2055700,49.78446
2015-06-10,49.41,49.900002,49.00,49.689999,2012100,49.604768
2015-06-09,48.669998,49.369999,48.52,49.240002,2675500,49.155543
2015-06-08,48.75,49.220001,48.740002,48.799999,1906400,48.716295
2015-06-05,48.700001,49.169998,48.41,49.009998,2412000,48.925934
2015-06-04,49.049999,49.59,48.849998,48.900002,2080700,48.816126
2015-06-03,49.880001,49.900002,49.34,49.549999,1976000,49.465009
2015-06-02,49.720001,49.970001,48.900002,49.580002,2680500,49.49496
2015-06-01,49.919998,50.369999,49.369999,49.779999,4496100,49.694614
2015-05-29,49.439999,49.959999,49.130001,49.77,5617100,49.684633
2015-05-28,49.290001,49.549999,48.400002,49.110001,4934000,49.025765
2015-05-27,47.98,49.48,47.669998,49.450001,5447800,49.365182
2015-05-26,47.52,48.049999,47.509998,47.950001,3999500,47.867755
2015-05-22,47.709999,47.84,47.50,47.630001,1832300,47.548304
2015-05-21,47.330002,47.889999,47.049999,47.799999,3599300,47.718011
2015-05-20,47.470001,47.810001,46.990002,47.279999,2206600,47.198902
2015-05-19,46.880001,47.689999,46.740002,47.450001,3845700,47.368612
2015-05-18,46.450001,46.77,46.32,46.73,2890600,46.649846
2015-05-15,46.52,46.91,46.43,46.490002,2831500,46.41026
2015-05-14,45.869999,46.32,45.48,46.279999,1959600,46.200617
2015-05-13,45.619999,46.00,45.419998,45.619999,2159800,45.54175
2015-05-12,45.720001,45.860001,45.34,45.580002,2230400,45.501821
2015-05-11,45.91,46.349998,45.669998,46.09,3405100,46.010945
2015-05-08,45.990002,46.09,45.57,45.900002,2548200,45.821272
2015-05-07,45.330002,45.75,45.029999,45.560001,2427000,45.481855
2015-05-06,45.93,45.939999,45.189999,45.290001,4441400,45.212318
2015-05-05,47.130001,47.439999,45.130001,45.68,7681200,45.601648
2015-05-04,44.75,45.560001,44.709999,45.400002,4782900,45.322129
2015-05-01,44.73,44.91,44.389999,44.610001,5835100,44.533484
2015-04-30,45.080002,45.450001,44.310001,44.419998,4330200,44.343807
2015-04-29,45.50,45.939999,45.099998,45.220001,3997600,45.142438
2015-04-28,46.720001,46.82,45.639999,45.73,4492400,45.651561
2015-04-27,47.98,47.990002,46.740002,46.830002,2684100,46.749677
2015-04-24,46.889999,47.990002,46.73,47.91,3449500,47.827823
2015-04-23,46.939999,47.099998,46.57,47.049999,2113300,46.969297
2015-04-22,47.450001,47.52,46.93,47.029999,2075700,46.949331
2015-04-21,47.279999,47.580002,47.099998,47.540001,3139000,47.458458
2015-04-20,46.889999,47.130001,46.709999,47.040001,2890200,46.959316
2015-04-17,46.900002,47.029999,46.459999,46.77,2882000,46.689779
2015-04-16,46.799999,47.169998,46.639999,47.139999,1585500,47.059143
2015-04-15,47.049999,47.220001,46.91,47.00,1578500,46.919384
2015-04-14,46.66,46.990002,46.02,46.900002,2672500,46.819557
2015-04-13,47.25,47.439999,46.639999,46.66,2009300,46.579967
